124 25 
Cell 0 100 -123.94515 -141.24394 
    -133.94527 -141.24394 
    -133.92552 -141.87186 
    -133.86638 -142.49728 
    -133.76810 -143.11777 
    -133.63103 -143.73085 
    -133.45575 -144.33412 
    -133.24294 -144.92520 
    -132.99342 -145.50174 
    -132.71870 -146.06725 
    -132.41754 -146.62068 
    -132.08128 -147.15520 
    -131.71111 -147.66850 
    -131.30827 -148.15837 
    -130.87422 -148.62267 
    -130.41057 -149.05928 
    -129.91902 -149.46628 
    -129.40150 -149.84178 
    -128.86002 -150.18404 
    -128.29669 -150.49144 
    -127.71382 -150.76251 
    -127.11376 -150.99593 
    -126.49900 -151.19054 
    -125.87209 -151.34532 
    -125.23568 -151.45949 
    -124.59245 -151.53238 
    -123.94515 -151.56355 
    -123.29658 -151.55276 
    -122.64952 -151.49994 
    -122.00678 -151.40523 
    -121.37117 -151.26894 
    -120.74545 -151.09161 
    -120.13235 -150.87398 
    -119.53456 -150.61693 
    -118.95467 -150.32159 
    -118.39521 -149.98926 
    -117.85861 -149.62135 
    -117.34718 -149.21953 
    -116.86311 -148.78555 
    -116.40847 -148.32135 
    -115.98518 -147.82901 
    -115.59499 -147.31070 
    -115.23950 -146.76872 
    -114.92015 -146.20547 
    -114.63820 -145.62346 
    -114.39470 -145.02524 
    -114.17223 -144.41936 
    -113.97273 -143.80443 
    -113.80739 -143.17783 
    -113.67632 -142.54120 
    -113.57961 -141.89609 
    -113.76060 -141.24394 
    -114.17360 -140.62917 
    -114.50402 -140.05124 
    -114.78320 -139.49622 
    -115.03128 -138.95526 
    -115.26209 -138.42265 
    -115.48611 -137.89476 
    -115.71015 -137.36885 
    -115.93842 -136.84221 
    -116.17980 -136.31590 
    -116.43851 -135.79004 
    -116.70977 -135.25830 
    -117.00046 -134.72244 
    -117.32108 -134.19002 
    -117.68940 -133.68204 
    -118.07575 -133.16541 
    -118.44364 -132.57495 
    -118.68497 -131.67572 
    -119.04512 -130.83084 
    -119.81243 -130.80588 
    -120.53197 -130.73924 
    -121.22034 -130.63150 
    -121.89670 -130.50555 
    -122.57034 -130.36115 
    -123.24777 -130.15941 
    -123.94515 -129.86441 
    -124.68185 -129.53452 
    -125.45234 -129.31331 
    -126.20508 -129.39700 
    -126.91998 -129.65776 
    -127.56642 -130.09882 
    -128.16632 -130.58250 
    -128.68774 -131.16542 
    -129.12823 -131.81595 
    -129.64262 -132.26617 
    -130.14015 -132.71725 
    -130.73882 -133.03183 
    -131.53242 -133.16432 
    -131.53137 -134.12001 
    -131.82947 -134.72147 
    -132.17662 -135.26344 
    -132.49348 -135.81902 
    -132.77974 -136.38708 
    -133.03494 -136.96661 
    -133.25851 -137.55652 
    -133.45589 -138.15372 
    -133.63113 -138.75700 
    -133.76817 -139.37010 
    -133.86644 -139.99060 
    -133.92554 -140.61603 
Cell 1 100 -106.97768 -133.94580 
    -117.49815 -133.94580 
    -117.08521 -134.58171 
    -116.75194 -135.18057 
    -116.45686 -135.75406 
    -116.18304 -136.30933 
    -115.93267 -136.85545 
    -115.69762 -137.39827 
    -115.46673 -137.94044 
    -115.23495 -138.48528 
    -114.99522 -139.03387 
    -114.73877 -139.58455 
    -114.45710 -140.13330 
    -114.14310 -140.67458 
    -113.79000 -141.20018 
    -113.36918 -141.67178 
    -112.86648 -142.05103 
    -112.34726 -142.40689 
    -111.80654 -142.72946 
    -111.24647 -143.01743 
    -110.66924 -143.26962 
    -110.07716 -143.48502 
    -109.47256 -143.66273 
    -108.85786 -143.80203 
    -108.23549 -143.90234 
    -107.60793 -143.96326 
    -106.97768 -143.98450 
    -106.34727 -143.96597 
    -105.71920 -143.90773 
    -105.09599 -143.81001 
    -104.48012 -143.67317 
    -103.87406 -143.49776 
    -103.28024 -143.28447 
    -102.70103 -143.03415 
    -102.13876 -142.74779 
    -101.59565 -142.42653 
    -101.07389 -142.07169 
    -100.57556 -141.68463 
    -100.10265 -141.26697 
    -99.65706 -140.82033 
    -99.24054 -140.34653 
    -98.85081 -139.85031 
    -98.48711 -139.33408 
    -98.15240 -138.79755 
    -97.84660 -138.24255 
    -97.85092 -137.55934 
    -97.83791 -136.91550 
    -97.81722 -136.29781 
    -97.80646 -135.69531 
    -97.80858 -135.10413 
    -97.82335 -134.52174 
    -97.85416 -133.94580 
    -97.90203 -133.37482 
    -97.93555 -132.80351 
    -97.96623 -132.22678 
    -98.01124 -131.64362 
    -98.07076 -131.05177 
    -98.14214 -130.44756 
    -98.22871 -129.82884 
    -98.32608 -129.18954 
    -98.42500 -128.51810 
    -98.50354 -127.78898 
    -98.48737 -126.92201 
    -98.92284 -126.38180 
    -99.46389 -125.94442 
    -100.03700 -125.55595 
    -100.63465 -125.21537 
    -101.25001 -124.92042 
    -101.87724 -124.66811 
    -102.51173 -124.45518 
    -103.15013 -124.27852 
    -103.79013 -124.13553 
    -104.38460 -123.84640 
    -104.99757 -123.56570 
    -105.63722 -123.33493 
    -106.30033 -123.17964 
    -106.97768 -123.12074 
    -107.65505 -123.17933 
    -108.31313 -123.37470 
    -108.94868 -123.61348 
    -109.55356 -123.91345 
    -110.12228 -124.26772 
    -110.64816 -124.67522 
    -111.11625 -125.15091 
    -111.58661 -125.56221 
    -112.05984 -125.93761 
    -112.53615 -126.29523 
    -113.01529 -126.64759 
    -113.49664 -127.00381 
    -113.97919 -127.37094 
    -114.46540 -127.75142 
    -114.95190 -128.15221 
    -115.43807 -128.57668 
    -115.92758 -129.02556 
    -116.43127 -129.49728 
    -116.97562 -129.98735 
    -117.63978 -130.48148 
    -118.41113 -131.01019 
    -118.67457 -131.71451 
    -118.46521 -132.49460 
    -118.01127 -133.25163 
Cell 2 100 -88.09129 -134.29721 
    -97.83537 -134.29721 
    -97.81353 -134.90889 
    -97.80707 -135.52460 
    -97.81462 -136.15204 
    -97.83400 -136.79872 
    -97.84907 -137.46770 
    -97.81058 -138.14534 
    -97.46757 -138.70935 
    -97.10641 -139.25331 
    -96.72638 -139.77721 
    -96.32656 -140.28049 
    -95.93388 -140.78517 
    -95.53703 -141.28922 
    -95.10713 -141.76833 
    -94.64573 -142.22017 
    -94.15453 -142.64255 
    -93.63541 -143.03334 
    -93.09042 -143.39058 
    -92.52176 -143.71242 
    -91.93177 -143.99715 
    -91.32295 -144.24324 
    -90.69791 -144.44933 
    -90.05937 -144.61423 
    -89.41015 -144.73698 
    -88.75313 -144.81682 
    -88.09129 -144.85316 
    -87.42764 -144.84570 
    -86.76521 -144.79431 
    -86.10703 -144.69910 
    -85.45615 -144.56039 
    -84.81559 -144.37880 
    -84.18829 -144.15508 
    -83.57716 -143.89024 
    -82.98500 -143.58553 
    -82.41454 -143.24234 
    -81.86837 -142.86234 
    -81.34895 -142.44730 
    -80.85861 -141.99924 
    -80.39949 -141.52029 
    -79.97359 -141.01276 
    -79.58271 -140.47905 
    -79.22846 -139.92174 
    -78.91224 -139.34343 
    -78.62805 -138.75027 
    -78.34077 -138.15771 
    -78.08637 -137.54800 
    -77.86646 -136.92250 
    -77.68305 -136.28268 
    -77.53851 -135.63034 
    -77.43555 -134.96762 
    -77.37703 -134.29721 
    -77.36576 -133.62242 
    -77.40431 -132.94713 
    -77.49467 -132.27580 
    -77.63802 -131.61327 
    -77.83464 -130.96461 
    -78.08365 -130.33490 
    -78.38309 -129.72888 
    -78.72996 -129.15077 
    -79.12038 -128.60410 
    -79.54990 -128.09152 
    -80.01366 -127.61481 
    -80.50678 -127.17488 
    -81.02458 -126.77193 
    -81.56276 -126.40557 
    -82.11755 -126.07505 
    -82.68577 -125.77946 
    -83.25957 -125.50835 
    -83.81097 -125.20106 
    -84.37889 -124.92075 
    -84.96210 -124.66655 
    -85.55972 -124.43739 
    -86.17130 -124.23221 
    -86.79678 -124.05007 
    -87.43655 -123.89042 
    -88.09129 -123.75330 
    -88.76384 -123.60741 
    -89.46142 -123.45155 
    -90.17297 -123.38468 
    -90.88112 -123.43156 
    -91.62208 -123.43058 
    -92.38592 -123.45022 
    -93.14093 -123.56618 
    -93.87166 -123.78278 
    -94.62445 -124.00261 
    -95.36245 -124.28932 
    -96.07531 -124.64619 
    -96.75204 -125.07446 
    -97.38161 -125.57301 
    -97.95368 -126.13833 
    -98.45822 -126.76520 
    -98.50170 -127.69056 
    -98.40928 -128.62485 
    -98.27824 -129.50359 
    -98.16135 -130.31020 
    -98.07045 -131.05479 
    -98.00285 -131.75235 
    -97.95620 -132.41539 
    -97.92077 -133.05547 
    -97.87631 -133.68158 
Cell 3 100 -52.11910 -153.28142 
    -62.25016 -153.28142 
    -62.20482 -153.91595 
    -62.12250 -154.54514 
    -62.00389 -155.16704 
    -61.84958 -155.77979 
    -61.66008 -156.38147 
    -61.43591 -156.97020 
    -61.17763 -157.54404 
    -60.88588 -158.10100 
    -60.56238 -158.63968 
    -60.20927 -159.15927 
    -59.82423 -159.65565 
    -59.40878 -160.12689 
    -58.96457 -160.57111 
    -58.49334 -160.98656 
    -57.99695 -161.37158 
    -57.47737 -161.72470 
    -56.93664 -162.04448 
    -56.37689 -162.32968 
    -55.80035 -162.57918 
    -55.20927 -162.79198 
    -54.60600 -162.96725 
    -53.99291 -163.10429 
    -53.37243 -163.20256 
    -52.74701 -163.26169 
    -52.11910 -163.28142 
    -51.49119 -163.26169 
    -50.86576 -163.20256 
    -50.24529 -163.10429 
    -49.63220 -162.96725 
    -49.02893 -162.79198 
    -48.43636 -162.58295 
    -47.85680 -162.33926 
    -47.29237 -162.06122 
    -46.74463 -161.75023 
    -46.21494 -161.40781 
    -45.70434 -161.03552 
    -45.21366 -160.63496 
    -44.74345 -160.20761 
    -44.29415 -159.75478 
    -43.86611 -159.27756 
    -43.45981 -158.77676 
    -43.07597 -158.25293 
    -42.71576 -157.70628 
    -42.38100 -157.13701 
    -42.07423 -156.54520 
    -41.79882 -155.93121 
    -41.55891 -155.29588 
    -41.35928 -154.64070 
    -41.20509 -153.96806 
    -41.10153 -153.28142 
    -41.05342 -152.58522 
    -41.06477 -151.88493 
    -41.13835 -151.18672 
    -41.27544 -150.49724 
    -41.47561 -149.82314 
    -41.73672 -149.17075 
    -42.05507 -148.54564 
    -42.42564 -147.95239 
    -42.84253 -147.39433 
    -43.29940 -146.87354 
    -43.78986 -146.39087 
    -44.30792 -145.94623 
    -44.84826 -145.53876 
    -45.40639 -145.16714 
    -45.97877 -144.82997 
    -46.56268 -144.52591 
    -47.15620 -144.25394 
    -47.75792 -144.01344 
    -48.36684 -143.80431 
    -48.98211 -143.62677 
    -49.60290 -143.48146 
    -50.22825 -143.36923 
    -50.85702 -143.29105 
    -51.48784 -143.24789 
    -52.11910 -143.22226 
    -52.75161 -143.22797 
    -53.38375 -143.27069 
    -54.01354 -143.35039 
    -54.63899 -143.46710 
    -55.25996 -143.61484 
    -55.87647 -143.79138 
    -56.47408 -144.02661 
    -57.05279 -144.30707 
    -57.62138 -144.61122 
    -58.17006 -144.95299 
    -58.69549 -145.33192 
    -59.19429 -145.74712 
    -59.66308 -146.19714 
    -60.09871 -146.68011 
    -60.49833 -147.19354 
    -60.85955 -147.73456 
    -61.18050 -148.29988 
    -61.45991 -148.88597 
    -61.69709 -149.48923 
    -61.89191 -150.10605 
    -62.04464 -150.73297 
    -62.15593 -151.36679 
    -62.22665 -152.00453 
    -62.25774 -152.64355 
Cell 4 100 -62.54128 -131.10739 
    -74.59576 -131.10739 
    -74.43439 -131.85564 
    -74.22321 -132.58316 
    -73.96645 -133.28687 
    -73.66838 -133.96434 
    -73.33307 -134.61386 
    -72.96438 -135.23419 
    -72.56583 -135.82458 
    -72.14057 -136.38464 
    -71.69135 -136.91420 
    -71.22053 -137.41324 
    -70.73011 -137.88177 
    -70.22179 -138.31987 
    -69.69699 -138.72745 
    -69.15696 -139.10437 
    -68.60281 -139.45038 
    -68.03558 -139.76503 
    -67.45634 -140.04785 
    -66.88663 -140.34174 
    -66.32005 -140.65146 
    -65.73135 -140.92543 
    -65.12276 -141.16162 
    -64.49676 -141.35837 
    -63.85596 -141.51414 
    -63.20316 -141.62769 
    -62.54128 -141.69795 
    -61.87333 -141.72417 
    -61.20240 -141.70572 
    -60.53164 -141.64232 
    -59.86418 -141.53400 
    -59.20323 -141.38084 
    -58.55209 -141.18292 
    -57.91434 -140.94012 
    -57.29300 -140.65398 
    -56.69118 -140.32567 
    -56.11194 -139.95662 
    -55.55822 -139.54846 
    -55.03283 -139.10307 
    -54.53841 -138.62257 
    -54.07743 -138.10930 
    -53.65217 -137.56570 
    -53.26466 -136.99452 
    -52.91674 -136.39853 
    -52.60999 -135.78070 
    -52.34573 -135.14409 
    -52.12506 -134.49182 
    -51.94878 -133.82709 
    -51.81746 -133.15308 
    -51.73138 -132.47299 
    -51.69063 -131.79005 
    -51.69501 -131.10739 
    -51.74413 -130.42809 
    -51.83737 -129.75517 
    -51.97395 -129.09157 
    -52.15287 -128.44009 
    -52.37299 -127.80351 
    -52.63303 -127.18444 
    -52.93155 -126.58540 
    -53.26699 -126.00881 
    -53.63768 -125.45699 
    -54.04179 -124.93215 
    -54.47742 -124.43639 
    -54.94252 -123.97168 
    -55.43492 -123.53989 
    -55.95234 -123.14273 
    -56.47094 -122.75229 
    -56.97182 -122.33132 
    -57.49830 -121.93424 
    -58.04983 -121.56258 
    -58.62585 -121.21815 
    -59.22569 -120.90306 
    -59.84852 -120.61980 
    -60.49323 -120.37115 
    -61.15833 -120.16021 
    -61.84185 -119.99025 
    -62.54128 -119.86470 
    -63.25350 -119.78693 
    -63.97477 -119.76017 
    -64.70071 -119.78727 
    -65.42960 -119.85814 
    -66.17443 -119.92571 
    -66.92150 -120.04422 
    -67.66629 -120.21619 
    -68.40369 -120.44371 
    -69.12805 -120.72830 
    -69.83330 -121.07079 
    -70.51308 -121.47113 
    -71.16094 -121.92838 
    -71.77046 -122.44061 
    -72.33550 -123.00491 
    -72.85039 -123.61739 
    -73.31009 -124.27330 
    -73.71037 -124.96713 
    -74.04795 -125.69276 
    -74.32056 -126.44364 
    -74.52701 -127.21300 
    -74.66715 -127.99400 
    -74.74189 -128.78000 
    -74.75304 -129.56468 
    -74.70324 -130.34222 
Cell 5 100 -4.93592 -140.77623 
    -15.37012 -140.77623 
    -15.38805 -141.43382 
    -15.36259 -142.09343 
    -15.29344 -142.75203 
    -15.18052 -143.40660 
    -15.02401 -144.05405 
    -14.82430 -144.69131 
    -14.58202 -145.31534 
    -14.29805 -145.92310 
    -13.97351 -146.51166 
    -13.60969 -147.07809 
    -13.20820 -147.61966 
    -12.77080 -148.13367 
    -12.29946 -148.61760 
    -11.79637 -149.06909 
    -11.26388 -149.48592 
    -10.70453 -149.86610 
    -10.12096 -150.20778 
    -9.51599 -150.50937 
    -8.89254 -150.76950 
    -8.25361 -150.98701 
    -7.60227 -151.16098 
    -6.94168 -151.29076 
    -6.27498 -151.37592 
    -5.60534 -151.41626 
    -4.93592 -151.41183 
    -4.26986 -151.36295 
    -3.61023 -151.27016 
    -2.96003 -151.13423 
    -2.32218 -150.95607 
    -1.69948 -150.73697 
    -1.09463 -150.47821 
    -0.51017 -150.18143 
    0.05149 -149.84830 
    0.58811 -149.48071 
    1.09763 -149.08070 
    1.57815 -148.65039 
    2.02377 -148.18755 
    2.38446 -147.65054 
    2.70050 -147.09363 
    3.00666 -146.54686 
    3.30112 -146.00362 
    3.58255 -145.45930 
    3.84978 -144.91046 
    4.10507 -144.35582 
    4.34764 -143.79263 
    4.57873 -143.21918 
    4.80112 -142.63368 
    5.02021 -142.03398 
    5.24639 -141.41684 
    5.51328 -140.77623 
    6.13329 -140.07982 
    6.42838 -139.34059 
    6.64440 -138.56717 
    6.79101 -137.76526 
    6.83774 -136.95073 
    6.75817 -136.14621 
    6.53561 -135.37814 
    6.16668 -134.67252 
    5.66239 -134.05034 
    5.04618 -133.52380 
    4.34957 -133.09460 
    3.60653 -132.75433 
    2.84811 -132.48708 
    2.09834 -132.27327 
    1.37235 -132.09363 
    0.67652 -131.93243 
    0.03671 -131.73103 
    -0.55482 -131.46591 
    -1.15943 -131.23792 
    -1.77479 -131.04727 
    -2.39864 -130.89415 
    -3.01574 -130.71025 
    -3.63878 -130.50832 
    -4.27822 -130.32228 
    -4.93592 -130.02304 
    -5.66752 -129.14789 
    -6.33207 -129.72459 
    -7.00986 -129.90425 
    -7.69924 -130.01381 
    -8.36568 -130.22050 
    -8.99271 -130.52997 
    -9.59778 -130.86928 
    -10.18730 -131.22401 
    -10.76529 -131.59062 
    -11.29925 -132.01785 
    -11.76175 -132.52522 
    -12.16170 -133.08156 
    -12.52988 -133.64503 
    -12.87251 -134.21051 
    -13.19355 -134.77672 
    -13.49439 -135.34486 
    -13.77420 -135.91734 
    -14.09746 -136.46513 
    -14.39388 -137.03156 
    -14.65450 -137.61847 
    -14.87771 -138.22362 
    -15.06207 -138.84456 
    -15.20631 -139.47878 
    -15.30930 -140.12360 
Cell 6 100 12.20863 -149.57571 
    1.45921 -149.57571 
    1.34940 -150.25891 
    1.32325 -150.95085 
    1.37014 -151.64326 
    1.47894 -152.33063 
    1.64243 -153.00888 
    1.85781 -153.67389 
    2.11964 -154.32323 
    2.42619 -154.95366 
    2.77600 -155.56184 
    3.16734 -156.14459 
    3.59817 -156.69890 
    4.06632 -157.22186 
    4.56927 -157.71080 
    5.10437 -158.16330 
    5.66876 -158.57707 
    6.25939 -158.95023 
    6.87311 -159.28099 
    7.50663 -159.56798 
    8.15658 -159.81003 
    8.81955 -160.00623 
    9.49206 -160.15607 
    10.17066 -160.25917 
    10.85186 -160.31563 
    11.53231 -160.32561 
    12.20863 -160.28976 
    12.87761 -160.20882 
    13.53611 -160.08380 
    14.18115 -159.91602 
    14.80989 -159.70695 
    15.41967 -159.45828 
    16.00800 -159.17181 
    16.59316 -158.89331 
    17.19022 -158.63718 
    17.77437 -158.34592 
    18.34365 -158.01985 
    18.89596 -157.65930 
    19.42907 -157.26469 
    19.94059 -156.83652 
    20.42801 -156.37538 
    20.88865 -155.88211 
    21.31969 -155.35777 
    21.71822 -154.80365 
    22.08128 -154.22144 
    22.40592 -153.61311 
    22.68926 -152.98108 
    22.92858 -152.32813 
    23.12138 -151.65742 
    23.26548 -150.97252 
    23.35912 -150.27724 
    23.40098 -149.57571 
    23.39024 -148.87222 
    23.32665 -148.17119 
    23.21054 -147.47699 
    23.04277 -146.79398 
    22.82478 -146.12631 
    22.55848 -145.47792 
    22.24624 -144.85237 
    21.89078 -144.25290 
    21.49512 -143.68233 
    21.06248 -143.14302 
    20.59618 -142.63693 
    20.09960 -142.16560 
    19.57608 -141.73018 
    19.02885 -141.33148 
    18.46102 -140.97005 
    17.87552 -140.64613 
    17.27509 -140.35985 
    16.66230 -140.11119 
    16.03951 -139.90002 
    15.40893 -139.72620 
    14.77265 -139.58954 
    14.13261 -139.48987 
    13.52046 -139.19150 
    12.88411 -138.83925 
    12.20863 -138.44701 
    11.48344 -138.04910 
    10.70919 -137.70639 
    9.90387 -137.49374 
    9.10241 -137.47778 
    8.34784 -137.69341 
    7.67710 -138.13036 
    7.10824 -138.73683 
    6.63545 -139.43814 
    6.18968 -140.09137 
    5.67966 -140.58936 
    5.31761 -141.24590 
    5.05004 -141.95259 
    4.80495 -142.62318 
    4.56527 -143.25258 
    4.32411 -143.84727 
    4.07756 -144.41559 
    3.82292 -144.96562 
    3.55872 -145.50539 
    3.28087 -146.04097 
    2.98821 -146.57982 
    2.68028 -147.12926 
    2.35403 -147.69586 
    1.96673 -148.28186 
    1.66231 -148.91220 
Cell 7 100 35.56822 -128.27368 
    25.15026 -128.27368 
    25.12995 -128.93040 
    25.15295 -129.58943 
    25.21958 -130.24779 
    25.32995 -130.90242 
    25.48394 -131.55026 
    25.68119 -132.18823 
    25.92110 -132.81326 
    26.20285 -133.42233 
    26.52535 -134.01247 
    26.88730 -134.58075 
    27.28717 -135.12436 
    27.72322 -135.64064 
    28.19347 -136.12700 
    28.69577 -136.58104 
    29.22780 -137.00052 
    29.78702 -137.38339 
    30.37077 -137.72781 
    30.97626 -138.03210 
    31.60056 -138.29486 
    32.24065 -138.51489 
    32.89345 -138.69124 
    33.55579 -138.82321 
    34.22450 -138.91034 
    34.89637 -138.95242 
    35.56822 -138.94943 
    36.23688 -138.90173 
    36.89924 -138.80977 
    37.55225 -138.67433 
    38.19296 -138.49635 
    38.81851 -138.27704 
    39.42617 -138.01776 
    40.01336 -137.72008 
    40.57762 -137.38574 
    41.11668 -137.01665 
    41.62843 -136.61484 
    42.11094 -136.18246 
    42.56250 -135.72183 
    43.03303 -135.28360 
    43.48602 -134.82385 
    43.91413 -134.33734 
    44.31601 -133.82520 
    44.69023 -133.28854 
    45.03534 -132.72856 
    45.34976 -132.14647 
    45.63187 -131.54356 
    45.87989 -130.92126 
    46.09199 -130.28120 
    46.26624 -129.62515 
    46.40068 -128.95520 
    46.49334 -128.27368 
    46.54229 -127.58325 
    46.54575 -126.88689 
    46.50211 -126.18793 
    46.41001 -125.48998 
    46.26845 -124.79697 
    46.07683 -124.11303 
    45.83504 -123.44249 
    45.54345 -122.78975 
    45.20304 -122.15924 
    44.81529 -121.55529 
    44.38230 -120.98204 
    43.90667 -120.44336 
    43.39149 -119.94275 
    42.84027 -119.48328 
    42.32162 -118.97843 
    41.76621 -118.50721 
    41.15694 -118.10784 
    40.50233 -117.78817 
    39.81309 -117.55238 
    39.10108 -117.40065 
    38.37826 -117.32930 
    37.65559 -117.33129 
    36.94225 -117.39718 
    36.24882 -117.45584 
    35.56822 -117.28582 
    34.86813 -117.14601 
    34.15046 -117.05096 
    33.41941 -117.00924 
    32.68116 -117.02934 
    31.94378 -117.11880 
    31.21683 -117.28333 
    30.51076 -117.52602 
    29.83606 -117.84692 
    29.25332 -118.32299 
    28.83930 -119.01212 
    28.45402 -119.67409 
    28.10978 -120.33125 
    27.82090 -120.99846 
    27.58391 -121.66848 
    27.35951 -122.30971 
    27.14830 -122.93024 
    26.94586 -123.53350 
    26.75200 -124.12508 
    26.56311 -124.70831 
    26.37497 -125.28662 
    26.18243 -125.86382 
    25.97873 -126.44439 
    25.75422 -127.03388 
    25.50351 -127.64046 
Cell 8 100 46.46692 -147.65308 
    36.43515 -147.65308 
    36.45722 -148.28284 
    36.51036 -148.91089 
    36.60113 -149.53508 
    36.73095 -150.15285 
    36.89962 -150.76167 
    37.10658 -151.35910 
    37.35107 -151.94266 
    37.63219 -152.51001 
    37.94888 -153.05878 
    38.29992 -153.58675 
    38.68396 -154.09169 
    39.09949 -154.57155 
    39.54486 -155.02431 
    40.01831 -155.44809 
    40.51795 -155.84113 
    41.04176 -156.20175 
    41.58761 -156.52849 
    42.15332 -156.81993 
    42.73656 -157.07487 
    43.33496 -157.29225 
    43.94606 -157.47115 
    44.56738 -157.61079 
    45.19635 -157.71063 
    45.83039 -157.77025 
    46.46692 -157.78938 
    47.10329 -157.76799 
    47.73692 -157.70618 
    48.36519 -157.60420 
    48.98555 -157.46249 
    49.59545 -157.28171 
    50.19241 -157.06259 
    50.77400 -156.80611 
    51.33788 -156.51334 
    51.88176 -156.18552 
    52.40347 -155.82404 
    52.90091 -155.43045 
    53.37212 -155.00638 
    53.81523 -154.55360 
    54.22850 -154.07402 
    54.61035 -153.56963 
    54.95928 -153.04250 
    55.27398 -152.49480 
    55.55326 -151.92879 
    55.79609 -151.34676 
    56.00159 -150.75108 
    56.16904 -150.14417 
    56.29786 -149.52843 
    56.38811 -148.90642 
    56.44836 -148.28105 
    56.46921 -147.65308 
    56.45057 -147.02496 
    56.39252 -146.39919 
    56.29526 -145.77821 
    56.15916 -145.16454 
    55.98476 -144.56055 
    55.77272 -143.96864 
    55.52389 -143.39119 
    55.23922 -142.83046 
    54.92206 -142.28728 
    54.57562 -141.76176 
    54.20065 -141.25517 
    53.79950 -140.76732 
    53.37430 -140.29745 
    52.92653 -139.84474 
    52.45674 -139.40878 
    51.96432 -138.99055 
    51.44768 -138.59309 
    50.90478 -138.22212 
    50.43485 -137.63123 
    49.94090 -136.96124 
    49.23849 -136.85851 
    48.46338 -137.18724 
    47.80196 -137.08513 
    47.13379 -137.05348 
    46.46692 -136.91148 
    45.78933 -136.88315 
    45.13611 -137.11865 
    44.52733 -137.48543 
    43.91867 -137.72830 
    43.32123 -137.97165 
    42.73949 -138.23866 
    42.17327 -138.52861 
    41.62310 -138.84222 
    41.09025 -139.18082 
    40.57658 -139.54573 
    40.08430 -139.93782 
    39.61374 -140.35518 
    39.16967 -140.80051 
    38.75451 -141.27283 
    38.36990 -141.77025 
    38.01734 -142.29082 
    37.69822 -142.83244 
    37.41379 -143.39301 
    37.16517 -143.97026 
    36.94218 -144.55830 
    36.71543 -145.14932 
    36.54371 -145.76013 
    36.45711 -146.38855 
    36.43325 -147.02180 
Cell 9 100 68.58998 -150.20743 
    57.75692 -150.20743 
    57.73463 -150.89038 
    57.74388 -151.57761 
    57.79523 -152.26663 
    57.89289 -152.95398 
    58.04679 -153.63312 
    58.24755 -154.30228 
    58.49466 -154.95793 
    58.78723 -155.59654 
    59.12409 -156.21466 
    59.50377 -156.80894 
    59.92452 -157.37611 
    60.38420 -157.91316 
    60.88053 -158.41716 
    61.41090 -158.88545 
    61.97254 -159.31555 
    62.56244 -159.70531 
    63.17746 -160.05276 
    63.81428 -160.35631 
    64.46948 -160.61462 
    65.13953 -160.82680 
    65.82095 -160.99208 
    66.51015 -161.11029 
    67.20364 -161.18141 
    67.89801 -161.20604 
    68.58998 -161.18488 
    69.27649 -161.11911 
    69.95470 -161.01028 
    70.62209 -160.86012 
    71.27650 -160.67072 
    71.91611 -160.44421 
    72.53954 -160.18289 
    73.14581 -159.88905 
    73.73423 -159.56479 
    74.30444 -159.21198 
    74.85635 -158.83235 
    75.38976 -158.42696 
    75.90455 -157.99664 
    76.40010 -157.54161 
    76.87547 -157.06178 
    77.32906 -156.55675 
    77.75851 -156.02596 
    78.16058 -155.46892 
    78.52906 -154.88440 
    78.84974 -154.26956 
    79.13249 -153.63290 
    79.37422 -152.97635 
    79.56541 -152.30110 
    79.69928 -151.61086 
    79.77240 -150.91096 
    79.78207 -150.20743 
    79.72653 -149.50677 
    79.60646 -148.81572 
    79.42390 -148.14075 
    79.18221 -147.48781 
    78.88737 -146.86160 
    78.74646 -146.18619 
    78.56476 -145.51366 
    78.33819 -144.84830 
    78.06519 -144.19427 
    77.74461 -143.55620 
    77.37584 -142.93913 
    76.95895 -142.34845 
    76.49481 -141.78964 
    75.98517 -141.26819 
    75.43266 -140.78929 
    74.84078 -140.35774 
    74.21385 -139.97765 
    73.55682 -139.65236 
    72.87518 -139.38426 
    72.17471 -139.17477 
    71.46132 -139.02429 
    70.74084 -138.93224 
    70.01881 -138.89714 
    69.30033 -138.91678 
    68.58998 -138.98833 
    67.89170 -139.10858 
    67.20877 -139.27405 
    66.54385 -139.48122 
    65.89897 -139.72665 
    65.27570 -140.00713 
    64.67516 -140.31972 
    64.09818 -140.66187 
    63.54539 -141.03136 
    63.01733 -141.42635 
    62.51453 -141.84529 
    62.03756 -142.28691 
    61.58708 -142.75009 
    61.05476 -143.13139 
    60.50881 -143.52209 
    59.95884 -143.93654 
    59.41484 -144.38470 
    58.89516 -144.87766 
    58.42478 -145.42404 
    58.03103 -146.02684 
    57.73759 -146.68127 
    57.55862 -147.37506 
    57.49515 -148.09097 
    57.53501 -148.81087 
    57.65638 -149.51955 
Cell 10 100 83.16153 -130.94147 
    72.00652 -130.94147 
    71.75606 -131.65904 
    71.39282 -132.42821 
    71.46558 -133.17259 
    71.89364 -133.83456 
    72.35027 -134.45425 
    72.82202 -135.03517 
    73.29942 -135.58223 
    73.77711 -136.10059 
    74.25330 -136.59480 
    74.72887 -137.06815 
    75.20654 -137.52240 
    75.68980 -137.95789 
    76.18226 -138.37364 
    76.68703 -138.76779 
    77.20644 -139.13795 
    77.74189 -139.48145 
    78.29388 -139.79568 
    78.86210 -140.07822 
    79.44556 -140.32693 
    80.04276 -140.54007 
    80.65182 -140.71614 
    81.27061 -140.85405 
    81.89678 -140.95294 
    82.52793 -141.01225 
    83.16153 -141.03435 
    83.79543 -141.01706 
    84.42723 -140.96054 
    85.05457 -140.86514 
    85.67517 -140.73145 
    86.28682 -140.56013 
    86.88743 -140.35201 
    87.47501 -140.10806 
    88.04769 -139.82936 
    88.60374 -139.51703 
    89.14159 -139.17230 
    89.65973 -138.79645 
    90.15683 -138.39070 
    90.63165 -137.95638 
    91.08302 -137.49469 
    91.50984 -137.00687 
    91.91103 -136.49406 
    92.28552 -135.95743 
    92.63216 -135.39801 
    92.94975 -134.81689 
    93.23695 -134.21516 
    93.49229 -133.59395 
    93.71415 -132.95448 
    93.90076 -132.29814 
    94.05016 -131.62653 
    94.16030 -130.94147 
    94.22904 -130.24516 
    94.25422 -129.54013 
    94.23372 -128.82933 
    94.16557 -128.11610 
    94.04805 -127.40422 
    93.87974 -126.69783 
    93.65968 -126.00142 
    93.38741 -125.31975 
    93.06307 -124.65776 
    92.68747 -124.02047 
    92.26203 -123.41287 
    91.76502 -122.86225 
    91.08089 -122.50821 
    90.40057 -122.19097 
    89.61160 -122.06371 
    88.87492 -121.93861 
    88.18812 -121.79813 
    87.53255 -121.65260 
    86.89668 -121.50757 
    86.27306 -121.36515 
    85.65611 -121.22569 
    85.04129 -121.08740 
    84.42420 -120.94639 
    83.79982 -120.79618 
    83.16153 -120.62659 
    82.49968 -120.42168 
    81.80489 -120.20255 
    81.12684 -120.27526 
    80.48350 -120.51123 
    79.86044 -120.78175 
    79.25891 -121.08459 
    78.68000 -121.41774 
    78.12461 -121.77936 
    77.59359 -122.16780 
    77.04010 -122.51604 
    76.41859 -122.79066 
    75.78559 -123.08689 
    75.14092 -123.40961 
    74.49322 -123.77042 
    74.22062 -124.44552 
    73.93825 -125.08820 
    73.69598 -125.73774 
    73.46932 -126.38066 
    73.23578 -127.01159 
    73.00553 -127.64159 
    72.78709 -128.27777 
    72.58380 -128.92366 
    72.39361 -129.58116 
    72.20737 -130.25229 
Cell 11 100 120.91837 -139.87209 
    110.75333 -139.87209 
    110.76390 -140.51096 
    110.81530 -141.14841 
    110.90741 -141.78178 
    111.03994 -142.40843 
    111.21243 -143.02574 
    111.42421 -143.63109 
    111.67448 -144.22192 
    111.96223 -144.79576 
    112.28631 -145.35016 
    112.64536 -145.88277 
    113.03793 -146.39136 
    113.46236 -146.87375 
    113.91687 -147.32793 
    114.39956 -147.75197 
    114.90839 -148.14412 
    115.44119 -148.50273 
    115.99572 -148.82634 
    116.56963 -149.11362 
    117.16048 -149.36340 
    117.76579 -149.57471 
    118.38299 -149.74673 
    119.00948 -149.87881 
    119.64264 -149.97050 
    120.27982 -150.02153 
    120.91837 -150.03178 
    121.55565 -150.00139 
    122.18906 -149.93062 
    122.81602 -149.81995 
    123.43407 -149.67009 
    124.04080 -149.48196 
    124.63401 -149.25673 
    125.21164 -148.99576 
    125.77195 -148.70073 
    126.31352 -148.37349 
    126.83538 -148.01616 
    127.33704 -147.63094 
    127.81859 -147.22008 
    128.28062 -146.78571 
    128.72421 -146.32965 
    129.15065 -145.85320 
    129.56117 -145.35698 
    129.95647 -144.84082 
    130.33627 -144.30382 
    130.69881 -143.74443 
    131.04041 -143.16093 
    131.35530 -142.55183 
    131.63573 -141.91653 
    131.87233 -141.25589 
    132.05501 -140.57274 
    132.17389 -139.87209 
    132.22046 -139.16103 
    132.18872 -138.44830 
    132.07602 -137.74365 
    132.20488 -136.97420 
    132.39159 -136.14421 
    132.03331 -135.47137 
    131.23920 -135.01547 
    130.44896 -134.63260 
    129.97488 -134.12465 
    129.47543 -133.65501 
    128.95865 -133.22058 
    128.43042 -132.81779 
    127.89445 -132.44331 
    127.35256 -132.09448 
    126.82975 -131.73576 
    126.31329 -131.37105 
    125.77795 -131.03253 
    125.22564 -130.71867 
    124.65737 -130.42842 
    124.07320 -130.16251 
    123.47247 -129.92447 
    122.85471 -129.72137 
    122.22070 -129.56306 
    121.57343 -129.46022 
    120.91837 -129.42163 
    120.26276 -129.45151 
    119.59185 -129.37164 
    118.87150 -129.14204 
    118.11101 -128.93816 
    117.33862 -128.85475 
    116.60555 -128.97916 
    115.96399 -129.34351 
    115.43907 -129.90529 
    115.01599 -130.57144 
    114.65206 -131.24727 
    114.30283 -131.87527 
    113.94238 -132.44342 
    113.56738 -132.96904 
    113.18859 -133.47746 
    112.79463 -133.96985 
    112.42826 -134.48410 
    112.09465 -135.02121 
    111.79527 -135.57909 
    111.53149 -136.15556 
    111.30452 -136.74835 
    111.11541 -137.35512 
    110.96507 -137.97339 
    110.85425 -138.60069 
    110.78353 -139.23445 
Cell 12 100 -119.75782 -121.00497 
    -129.76871 -121.00497 
    -129.74680 -121.63342 
    -130.12515 -122.31467 
    -130.49364 -123.05294 
    -130.80101 -123.84039 
    -131.04166 -124.67131 
    -131.21048 -125.53941 
    -131.30342 -126.43792 
    -131.31696 -127.35966 
    -131.24867 -128.29729 
    -131.09647 -129.24298 
    -130.85934 -130.18896 
    -130.53699 -131.12729 
    -130.12976 -132.04997 
    -126.91432 -129.65570 
    -125.82422 -129.35466 
    -125.09547 -129.41577 
    -124.49338 -129.61891 
    -123.92980 -129.87090 
    -123.36301 -130.11066 
    -122.77776 -130.29938 
    -122.18148 -130.44450 
    -121.58135 -130.56427 
    -120.97871 -130.66931 
    -120.37119 -130.75414 
    -119.75782 -130.80765 
    -119.13982 -130.82776 
    -118.48053 -131.11578 
    -117.91420 -130.66957 
    -117.37521 -130.28464 
    -116.87012 -129.89238 
    -116.40516 -129.47282 
    -115.96648 -129.06198 
    -115.54256 -128.67249 
    -115.12573 -128.30399 
    -114.70990 -127.95284 
    -114.29014 -127.61427 
    -113.86288 -127.28245 
    -113.42564 -126.95128 
    -112.97388 -126.61714 
    -112.50677 -126.27318 
    -112.02667 -125.91131 
    -111.54092 -125.52225 
    -111.06277 -125.09656 
    -110.59395 -124.63321 
    -109.98305 -124.18099 
    -109.17030 -123.72339 
    -107.93060 -123.26114 
    -106.12401 -122.72733 
    -106.49657 -121.83930 
    -106.92853 -121.00497 
    -107.31163 -120.22192 
    -107.65115 -119.47555 
    -108.01026 -118.76401 
    -108.00128 -117.98641 
    -108.26257 -117.26994 
    -108.83208 -116.67917 
    -109.56609 -116.20911 
    -110.30605 -115.80882 
    -110.91301 -115.39188 
    -111.17599 -114.76991 
    -111.47228 -114.15058 
    -111.80786 -113.53947 
    -112.18905 -112.94505 
    -112.62132 -112.37842 
    -113.10812 -111.85246 
    -113.64993 -111.38047 
    -114.24358 -110.97461 
    -114.88242 -110.64421 
    -115.55687 -110.39458 
    -116.25561 -110.22627 
    -116.96696 -110.13529 
    -117.68023 -110.11386 
    -118.38674 -110.15178 
    -119.08042 -110.23805 
    -119.75782 -110.36237 
    -120.41772 -110.51624 
    -121.06044 -110.69366 
    -121.68711 -110.89127 
    -122.29893 -111.10798 
    -122.89671 -111.34445 
    -123.48056 -111.60242 
    -124.04983 -111.88399 
    -124.60323 -112.19121 
    -125.13895 -112.52567 
    -125.65565 -112.88731 
    -126.15324 -113.27424 
    -126.62542 -113.69173 
    -127.07032 -114.13808 
    -127.48618 -114.61152 
    -127.87135 -115.11015 
    -128.22430 -115.63198 
    -128.54366 -116.17492 
    -128.82816 -116.73680 
    -129.07668 -117.31538 
    -129.28827 -117.90835 
    -129.46208 -118.51334 
    -129.59747 -119.12796 
    -129.69392 -119.74976 
    -129.75107 -120.37625 
Cell 13 100 -74.46429 -105.77671 
    -84.19041 -105.77671 
    -84.26054 -106.39304 
    -84.41327 -107.03355 
    -84.50413 -107.69191 
    -84.37446 -108.32121 
    -84.20453 -108.94151 
    -83.99492 -109.55016 
    -83.74643 -110.14455 
    -83.46001 -110.72215 
    -83.13681 -111.28046 
    -82.77814 -111.81707 
    -82.38547 -112.32968 
    -81.96044 -112.81607 
    -81.50484 -113.27414 
    -81.02061 -113.70193 
    -80.50978 -114.09763 
    -79.97456 -114.45952 
    -79.41724 -114.78608 
    -78.84019 -115.07597 
    -78.24590 -115.32795 
    -77.63691 -115.54104 
    -77.01585 -115.71436 
    -76.38535 -115.84728 
    -75.74812 -115.93931 
    -75.10686 -115.99016 
    -74.46429 -115.99973 
    -73.82310 -115.96811 
    -73.18597 -115.89558 
    -72.55556 -115.78257 
    -71.93446 -115.62974 
    -71.32519 -115.43787 
    -70.73019 -115.20796 
    -70.15182 -114.94115 
    -69.59235 -114.63873 
    -69.04272 -114.31974 
    -68.49869 -113.98765 
    -67.97318 -113.62311 
    -67.46806 -113.22694 
    -66.98527 -112.79998 
    -66.52679 -112.34319 
    -66.09472 -111.85756 
    -65.69125 -111.34425 
    -65.31863 -110.80457 
    -64.97921 -110.24005 
    -64.67534 -109.65243 
    -64.40939 -109.04375 
    -64.18362 -108.41634 
    -64.00021 -107.77284 
    -63.86112 -107.11620 
    -63.76802 -106.44966 
    -63.72227 -105.77671 
    -63.72480 -105.10104 
    -63.77612 -104.42648 
    -63.87626 -103.75694 
    -64.02472 -103.09628 
    -64.22057 -102.44833 
    -64.46239 -101.81668 
    -64.74834 -101.20473 
    -65.01125 -100.57986 
    -65.27583 -99.94554 
    -65.58124 -99.32280 
    -65.92848 -98.71528 
    -66.31831 -98.12713 
    -66.75102 -97.56291 
    -67.22636 -97.02756 
    -67.74339 -96.52618 
    -68.30038 -96.06395 
    -68.89481 -95.64587 
    -69.52332 -95.27663 
    -70.18178 -94.96033 
    -70.86536 -94.70037 
    -71.56874 -94.49929 
    -72.28617 -94.35864 
    -73.01178 -94.27895 
    -73.73970 -94.25973 
    -74.46429 -94.29955 
    -75.18030 -94.39610 
    -75.88300 -94.54640 
    -76.56833 -94.74693 
    -77.23286 -94.99383 
    -77.87388 -95.28307 
    -78.48931 -95.61066 
    -79.07767 -95.97279 
    -79.63795 -96.36587 
    -80.16951 -96.78672 
    -80.67200 -97.23253 
    -81.14519 -97.70088 
    -81.58893 -98.18974 
    -81.83817 -98.85217 
    -82.06990 -99.48480 
    -82.37598 -100.02853 
    -82.70240 -100.54865 
    -83.01020 -101.07855 
    -83.28997 -101.62366 
    -83.53753 -102.18436 
    -83.72668 -102.76718 
    -83.86055 -103.36416 
    -83.95900 -103.96550 
    -84.04523 -104.56636 
    -84.12256 -105.16906 
Cell 14 100 -49.33627 -112.93942 
    -59.87648 -112.93942 
    -59.86551 -113.60187 
    -59.81494 -114.26318 
    -59.72397 -114.92098 
    -59.59199 -115.57265 
    -59.41872 -116.21541 
    -59.20420 -116.84641 
    -58.94884 -117.46275 
    -58.65339 -118.06155 
    -58.31889 -118.63997 
    -57.94668 -119.19526 
    -57.53838 -119.72480 
    -57.09579 -120.22610 
    -56.61554 -120.69106 
    -56.10463 -121.12097 
    -55.56818 -121.51691 
    -55.00967 -121.87928 
    -54.43109 -122.20687 
    -53.83403 -122.49766 
    -53.22034 -122.74947 
    -52.59224 -122.96027 
    -51.95253 -123.12908 
    -51.30389 -123.25407 
    -50.64954 -123.33501 
    -49.99262 -123.37189 
    -49.33627 -123.38211 
    -48.67790 -123.40381 
    -48.01605 -123.39001 
    -47.35213 -123.34063 
    -46.68754 -123.25554 
    -46.02368 -123.13451 
    -45.36204 -122.97717 
    -44.88148 -122.40631 
    -44.51275 -121.71337 
    -44.12426 -121.15224 
    -43.72684 -120.66013 
    -43.32515 -120.20561 
    -42.92045 -119.77158 
    -42.51225 -119.34760 
    -42.09782 -118.92759 
    -41.67886 -118.50285 
    -41.25193 -118.06990 
    -40.81243 -117.62544 
    -40.35161 -117.16728 
    -39.86076 -116.69105 
    -39.32135 -116.19347 
    -38.69751 -115.67099 
    -38.03539 -115.09518 
    -37.38838 -114.44879 
    -36.86071 -113.72432 
    -36.80941 -112.93942 
    -36.82322 -112.15217 
    -36.90240 -111.36866 
    -37.04637 -110.59500 
    -37.25362 -109.83713 
    -37.52185 -109.10069 
    -37.84800 -108.39090 
    -38.22837 -107.71244 
    -38.65871 -107.06939 
    -39.13436 -106.46510 
    -39.65042 -105.90224 
    -40.20185 -105.38278 
    -40.78362 -104.90796 
    -41.39085 -104.47841 
    -42.01884 -104.09418 
    -42.57616 -103.63493 
    -43.14947 -103.19060 
    -43.79696 -102.86347 
    -44.49707 -102.65560 
    -45.22374 -102.55237 
    -45.95326 -102.52760 
    -46.66916 -102.55173 
    -47.35332 -102.54447 
    -48.02029 -102.52242 
    -48.68166 -102.53471 
    -49.33627 -102.58056 
    -49.98303 -102.65936 
    -50.62088 -102.77066 
    -51.24870 -102.91410 
    -51.88206 -103.02421 
    -52.51957 -103.14222 
    -53.15611 -103.29159 
    -53.78983 -103.47513 
    -54.41750 -103.69669 
    -55.03431 -103.96074 
    -55.63381 -104.27160 
    -56.20821 -104.63268 
    -56.74905 -105.04561 
    -57.24805 -105.50977 
    -57.69807 -106.02193 
    -58.09399 -106.57656 
    -58.43322 -107.16632 
    -58.71588 -107.78294 
    -58.94448 -108.41814 
    -59.15033 -109.05376 
    -59.36470 -109.68098 
    -59.54126 -110.31922 
    -59.68073 -110.96611 
    -59.78334 -111.61965 
    -59.84880 -112.27803 
Cell 15 100 -61.02479 -86.07083 
    -71.50086 -86.07083 
    -71.38858 -86.72286 
    -71.28986 -87.36761 
    -71.18278 -88.00858 
    -71.03806 -88.64180 
    -70.85645 -89.26533 
    -70.63873 -89.87726 
    -70.38555 -90.47567 
    -70.09765 -91.05868 
    -69.77572 -91.62434 
    -69.42049 -92.17067 
    -69.03281 -92.69565 
    -68.61361 -93.19721 
    -68.16396 -93.67327 
    -67.68508 -94.12174 
    -67.17838 -94.54053 
    -66.64548 -94.92762 
    -66.08815 -95.28104 
    -65.50838 -95.59895 
    -64.90836 -95.87960 
    -64.29042 -96.12142 
    -63.65710 -96.32300 
    -63.01104 -96.48312 
    -62.35503 -96.60079 
    -61.69196 -96.67521 
    -61.02479 -96.70583 
    -60.35654 -96.69231 
    -59.69028 -96.63458 
    -59.02906 -96.53282 
    -58.37595 -96.38740 
    -57.73396 -96.19897 
    -57.10606 -95.96840 
    -56.49516 -95.69678 
    -55.90405 -95.38541 
    -55.33543 -95.03584 
    -54.79184 -94.64975 
    -54.27573 -94.22904 
    -53.78934 -93.77580 
    -53.33478 -93.29223 
    -52.91396 -92.78069 
    -52.52859 -92.24368 
    -52.11971 -91.72217 
    -51.72455 -91.18368 
    -51.36287 -90.61739 
    -51.03814 -90.02483 
    -50.75392 -89.40804 
    -50.51366 -88.76963 
    -50.32058 -88.11277 
    -50.17749 -87.44116 
    -50.08667 -86.75900 
    -50.04967 -86.07083 
    -50.06731 -85.38145 
    -50.13955 -84.69571 
    -50.26552 -84.01839 
    -50.44359 -83.35404 
    -50.67141 -82.70682 
    -50.94609 -82.08039 
    -51.26429 -81.47789 
    -51.62246 -80.90186 
    -52.01693 -80.35427 
    -51.99378 -79.50942 
    -51.52040 -78.20811 
    -52.95366 -78.49154 
    -53.88840 -78.47134 
    -54.41449 -78.08036 
    -54.90742 -77.65100 
    -55.39520 -77.20001 
    -55.90809 -76.76360 
    -56.44696 -76.34245 
    -57.01293 -75.93803 
    -57.60724 -75.55270 
    -58.23103 -75.18986 
    -58.88507 -74.85400 
    -59.56946 -74.55071 
    -60.28338 -74.28647 
    -61.02479 -74.06846 
    -61.79025 -73.90419 
    -62.57481 -73.80111 
    -63.37204 -73.76611 
    -64.17411 -73.80504 
    -64.97210 -73.92226 
    -65.75633 -74.12032 
    -66.51687 -74.39957 
    -67.24397 -74.75819 
    -67.92862 -75.19214 
    -68.56300 -75.69537 
    -69.14087 -76.26018 
    -69.65779 -76.87762 
    -70.11129 -77.53803 
    -70.50083 -78.23157 
    -70.82761 -78.94866 
    -71.09435 -79.68050 
    -71.30488 -80.41930 
    -71.46377 -81.15862 
    -71.57590 -81.89336 
    -71.64611 -82.61976 
    -71.67887 -83.33533 
    -71.67803 -84.03862 
    -71.64670 -84.72897 
    -71.58715 -85.40630 
Cell 16 100 -34.14940 -124.33210 
    -45.10067 -124.33210 
    -45.00872 -125.01531 
    -44.86532 -125.68584 
    -44.67529 -126.34002 
    -44.44357 -126.97520 
    -44.17485 -127.58957 
    -43.91253 -128.19760 
    -43.64454 -128.80017 
    -43.34506 -129.38745 
    -43.01447 -129.95804 
    -42.66381 -130.51817 
    -42.27697 -131.05580 
    -41.85663 -131.56967 
    -41.40415 -132.05763 
    -40.92126 -132.51788 
    -40.40985 -132.94887 
    -39.87066 -133.34737 
    -39.30546 -133.71094 
    -38.71630 -134.03726 
    -38.10516 -134.32320 
    -37.47496 -134.56714 
    -36.82887 -134.76794 
    -36.17000 -134.92447 
    -35.50158 -135.03574 
    -34.82695 -135.10141 
    -34.14940 -135.12099 
    -33.47232 -135.09399 
    -32.79912 -135.02068 
    -32.13317 -134.90154 
    -31.47776 -134.73744 
    -30.83613 -134.52930 
    -30.21158 -134.27791 
    -29.60663 -133.98598 
    -29.02404 -133.65509 
    -28.46637 -133.28712 
    -27.93600 -132.88411 
    -27.43517 -132.44821 
    -26.96590 -131.98175 
    -26.53003 -131.48717 
    -26.12917 -130.96701 
    -25.76474 -130.42390 
    -25.43793 -129.86057 
    -25.14971 -129.27972 
    -24.90747 -128.68102 
    -24.70932 -128.06969 
    -24.55850 -127.44837 
    -24.46212 -126.81937 
    -24.36236 -126.19907 
    -24.29781 -125.57664 
    -24.26585 -124.95392 
    -24.26271 -124.33210 
    -24.28656 -123.71159 
    -24.33915 -123.09277 
    -24.39480 -122.47131 
    -24.48092 -121.84966 
    -24.58801 -121.22542 
    -24.71474 -120.59665 
    -24.87852 -119.96956 
    -25.09431 -119.35402 
    -25.33431 -118.73788 
    -25.59993 -118.12054 
    -25.89398 -117.50262 
    -26.22066 -116.88652 
    -26.58512 -116.27696 
    -26.99282 -115.68129 
    -27.44869 -115.10937 
    -27.95618 -114.57316 
    -28.51644 -114.08579 
    -29.12767 -113.66039 
    -29.78490 -113.30865 
    -30.48023 -113.03957 
    -31.20345 -112.85839 
    -31.94306 -112.76604 
    -32.68739 -112.75910 
    -33.42577 -112.83042 
    -34.14940 -112.97005 
    -34.85188 -113.16656 
    -35.52938 -113.40841 
    -36.18044 -113.68504 
    -36.81149 -113.96392 
    -37.36922 -114.42249 
    -37.87142 -114.93136 
    -38.36222 -115.37940 
    -38.84362 -115.79336 
    -39.31677 -116.18963 
    -39.76508 -116.60278 
    -40.19908 -117.01929 
    -40.62363 -117.43774 
    -41.04298 -117.85860 
    -41.46181 -118.28275 
    -41.88501 -118.71185 
    -42.31643 -119.14915 
    -42.75589 -119.60065 
    -43.20118 -120.07265 
    -43.64828 -120.57123 
    -44.08513 -121.10379 
    -44.48798 -121.67760 
    -44.82280 -122.29604 
    -45.11390 -122.94696 
    -45.13690 -123.64082 
Cell 17 100 -14.48605 -122.45221 
    -24.39744 -122.45221 
    -24.34099 -123.07224 
    -24.28835 -123.69053 
    -24.26328 -124.31731 
    -24.26633 -124.96336 
    -24.30463 -125.64246 
    -24.39043 -126.37363 
    -24.13906 -126.99457 
    -23.82884 -127.58845 
    -23.48133 -128.16078 
    -23.09831 -128.70938 
    -22.68169 -129.23224 
    -22.23338 -129.72743 
    -21.75537 -130.19325 
    -21.24965 -130.62799 
    -20.71827 -131.03012 
    -20.16336 -131.39822 
    -19.58705 -131.73090 
    -18.99155 -132.02689 
    -18.37915 -132.28505 
    -17.75217 -132.50430 
    -17.11306 -132.68373 
    -16.46429 -132.82249 
    -15.80844 -132.91995 
    -15.14813 -132.97559 
    -14.48605 -132.98885 
    -13.82502 -132.95900 
    -13.16823 -132.88380 
    -12.52132 -132.75166 
    -11.89945 -132.52634 
    -11.35729 -132.08153 
    -10.84321 -131.65297 
    -10.31903 -131.30757 
    -9.79386 -130.98727 
    -9.26341 -130.68178 
    -8.71632 -130.39355 
    -8.12206 -130.14494 
    -7.42601 -129.97038 
    -6.94647 -129.53235 
    -6.53523 -129.02969 
    -6.15823 -128.50273 
    -5.81685 -127.95385 
    -5.51233 -127.38555 
    -5.24569 -126.80039 
    -5.01777 -126.20097 
    -4.82923 -125.58990 
    -4.68051 -124.96984 
    -4.57185 -124.34344 
    -4.47719 -123.71662 
    -4.39625 -123.08701 
    -4.35052 -122.45221 
    -4.34005 -121.81387 
    -4.36495 -121.17361 
    -4.42549 -120.53306 
    -4.52206 -119.89389 
    -4.65525 -119.25799 
    -4.82579 -118.62744 
    -5.03451 -118.00465 
    -5.28226 -117.39238 
    -5.56981 -116.79379 
    -5.89774 -116.21244 
    -6.26626 -115.65221 
    -6.67514 -115.11727 
    -7.12353 -114.61192 
    -7.60996 -114.14044 
    -8.13221 -113.70690 
    -8.68742 -113.31503 
    -9.27205 -112.96796 
    -9.88206 -112.66823 
    -10.38332 -112.08989 
    -10.68246 -110.74595 
    -11.49273 -110.79398 
    -12.37427 -111.38184 
    -13.07873 -111.31213 
    -13.78874 -111.36884 
    -14.48605 -111.52736 
    -15.15917 -111.75323 
    -15.80484 -112.01292 
    -16.42608 -112.28222 
    -17.04398 -112.48975 
    -17.64965 -112.71565 
    -18.23885 -112.97372 
    -18.81032 -113.26268 
    -19.36281 -113.58142 
    -19.89504 -113.92900 
    -20.40567 -114.30455 
    -20.92104 -114.67365 
    -21.43394 -115.05346 
    -21.92435 -115.46719 
    -22.38951 -115.91389 
    -22.82668 -116.39239 
    -23.23314 -116.90115 
    -23.60623 -117.43835 
    -23.94347 -118.00188 
    -24.24252 -118.58935 
    -24.50129 -119.19807 
    -24.71784 -119.82513 
    -24.74104 -120.49596 
    -24.59823 -121.17474 
    -24.48547 -121.82310 
Cell 18 100 17.80691 -120.90031 
    7.68919 -120.90031 
    7.70935 -121.53559 
    7.75998 -122.16953 
    7.85089 -122.79951 
    7.98182 -123.42296 
    8.15231 -124.03727 
    8.36176 -124.63991 
    8.60936 -125.22834 
    8.89418 -125.80012 
    9.21508 -126.35284 
    9.57079 -126.88419 
    9.95987 -127.39194 
    10.38074 -127.87394 
    10.83169 -128.32817 
    11.31083 -128.75272 
    11.81620 -129.14580 
    12.34570 -129.50580 
    12.89711 -129.83119 
    13.46813 -130.12067 
    14.05639 -130.37302 
    14.65942 -130.58728 
    15.27470 -130.76260 
    15.89968 -130.89836 
    16.53176 -130.99411 
    17.16837 -131.04964 
    17.80691 -131.06491 
    18.44485 -131.04016 
    19.07974 -130.97583 
    19.70922 -130.87257 
    20.33109 -130.73134 
    20.94333 -130.55322 
    21.54417 -130.33957 
    22.13213 -130.09187 
    22.70601 -129.81175 
    23.26498 -129.50085 
    23.80849 -129.16077 
    24.33632 -128.79301 
    24.84847 -128.39880 
    25.32507 -127.96033 
    25.61839 -127.36252 
    25.86147 -126.75228 
    26.08149 -126.15151 
    26.28364 -125.56042 
    26.47499 -124.97919 
    26.66105 -124.40591 
    26.84628 -123.83738 
    27.03444 -123.26954 
    27.22755 -122.69740 
    27.42742 -122.11566 
    27.63687 -121.51875 
    27.86340 -120.90031 
    28.15265 -120.24941 
    28.52867 -119.54583 
    28.98611 -118.76776 
    29.39116 -117.92597 
    29.17017 -117.20816 
    28.87760 -116.51711 
    28.51810 -115.86000 
    28.09798 -115.24274 
    27.62477 -114.66970 
    27.10670 -114.14361 
    26.55223 -113.66555 
    25.96948 -113.23514 
    25.36591 -112.85078 
    24.74797 -112.51000 
    24.12090 -112.20984 
    23.48874 -111.94717 
    22.88245 -111.66792 
    22.27488 -111.40538 
    21.65445 -111.18251 
    21.02393 -110.99934 
    20.38591 -110.85575 
    19.74290 -110.75150 
    19.09724 -110.68629 
    18.45119 -110.65974 
    17.80691 -110.61139 
    17.15891 -110.60063 
    16.50978 -110.63248 
    15.86259 -110.70786 
    15.22063 -110.82743 
    14.58734 -110.99149 
    13.96625 -111.19992 
    13.36092 -111.45211 
    12.77483 -111.74699 
    12.21126 -112.08298 
    11.67328 -112.45809 
    11.16361 -112.86994 
    10.68462 -113.31583 
    10.23825 -113.79286 
    9.82607 -114.29798 
    9.44927 -114.82813 
    9.10869 -115.38025 
    8.80489 -115.95141 
    8.53822 -116.53880 
    8.30721 -117.13911 
    8.10725 -117.74870 
    7.94603 -118.36846 
    7.82366 -118.99590 
    7.74012 -119.62858 
    7.69534 -120.26414 
Cell 19 100 22.67306 -98.54437 
    11.48636 -98.54437 
    11.54322 -99.24460 
    11.65127 -99.93675 
    11.80861 -100.61687 
    12.01299 -101.28142 
    12.26183 -101.92719 
    12.55235 -102.55145 
    12.88166 -103.15186 
    13.24685 -103.72647 
    13.64507 -104.27371 
    14.07354 -104.79229 
    14.52965 -105.28119 
    15.01096 -105.73957 
    15.51519 -106.16674 
    16.04023 -106.56209 
    16.57402 -106.93899 
    17.10015 -107.32587 
    17.65161 -107.67836 
    18.22608 -107.99470 
    18.82113 -108.27325 
    19.43419 -108.51260 
    20.06259 -108.71149 
    20.70356 -108.86886 
    21.35425 -108.98384 
    22.01174 -109.05581 
    22.67306 -109.08432 
    23.33523 -109.06916 
    23.99522 -109.01034 
    24.65005 -108.90808 
    25.29672 -108.76284 
    25.93230 -108.57529 
    26.55392 -108.34629 
    27.15876 -108.07697 
    27.74412 -107.76860 
    28.30741 -107.42268 
    28.84614 -107.04089 
    29.35801 -106.62508 
    29.84086 -106.17730 
    30.29271 -105.69970 
    30.71181 -105.19460 
    31.09663 -104.66445 
    31.44592 -104.11179 
    31.75870 -103.53925 
    32.03436 -102.94946 
    32.27258 -102.34509 
    32.47346 -101.72871 
    32.63745 -101.10279 
    32.76533 -100.46957 
    32.85816 -99.83105 
    32.91717 -99.18888 
    32.94364 -98.54437 
    32.93866 -97.89851 
    32.90302 -97.25203 
    32.83691 -96.60551 
    32.73984 -95.95966 
    32.61052 -95.31550 
    32.44687 -94.67465 
    32.24613 -94.03963 
    32.00517 -93.41400 
    31.72087 -92.80246 
    31.45394 -92.16469 
    31.19584 -91.49372 
    30.90191 -90.81697 
    30.56417 -90.14119 
    30.17459 -89.47659 
    29.72620 -88.83656 
    29.21430 -88.23703 
    28.63748 -87.69514 
    27.99828 -87.22771 
    27.30338 -86.84953 
    26.56320 -86.57175 
    25.79104 -86.40064 
    25.00176 -86.33690 
    24.21033 -86.37569 
    23.43037 -86.50732 
    22.67306 -86.71852 
    21.94637 -86.99395 
    21.25483 -87.31790 
    20.59978 -87.67583 
    19.97997 -88.05547 
    19.39243 -88.44761 
    18.83107 -88.84060 
    18.20268 -89.04432 
    17.58336 -89.28623 
    16.97568 -89.56673 
    16.38247 -89.88612 
    15.80683 -90.24452 
    15.25205 -90.64179 
    14.72167 -91.07751 
    14.21935 -91.55085 
    13.74884 -92.06055 
    13.31389 -92.60487 
    12.91813 -93.18156 
    12.56498 -93.78787 
    12.25755 -94.42058 
    11.99855 -95.07601 
    11.79017 -95.75012 
    11.63406 -96.43857 
    11.53124 -97.13683 
    11.48209 -97.84029 
Cell 20 100 69.58434 -97.67651 
    59.49558 -97.67651 
    59.51082 -98.31028 
    59.56602 -98.94212 
    59.66106 -99.56947 
    59.79563 -100.18982 
    59.96925 -100.80064 
    60.18129 -101.39943 
    60.43094 -101.98376 
    60.71722 -102.55124 
    61.03901 -103.09953 
    61.39502 -103.62639 
    61.78382 -104.12965 
    62.20384 -104.60725 
    62.65333 -105.05727 
    63.13050 -105.47784 
    63.63341 -105.86725 
    64.15999 -106.22391 
    64.70808 -106.54639 
    65.27543 -106.83340 
    65.85973 -107.08379 
    66.45858 -107.29659 
    67.06953 -107.47100 
    67.69012 -107.60636 
    68.31779 -107.70219 
    68.95005 -107.75819 
    69.58434 -107.77422 
    70.21812 -107.75032 
    70.84892 -107.68671 
    71.47424 -107.58375 
    72.09168 -107.44198 
    72.69888 -107.26208 
    73.29355 -107.04491 
    73.87350 -106.79144 
    74.43661 -106.50276 
    74.98088 -106.18011 
    75.50441 -105.82479 
    76.00540 -105.43824 
    76.48215 -105.02193 
    76.93307 -104.57743 
    77.35670 -104.10636 
    77.75160 -103.61037 
    78.11648 -103.09117 
    78.45009 -102.55049 
    78.75124 -101.99013 
    79.01881 -101.41188 
    79.25588 -100.81898 
    79.53019 -100.23017 
    79.80715 -99.62661 
    80.08773 -99.00340 
    80.36380 -98.35469 
    80.61612 -97.67651 
    80.81564 -96.96989 
    80.92883 -96.24336 
    80.92603 -95.51296 
    80.78992 -94.79940 
    80.52100 -94.12296 
    80.13761 -93.49817 
    79.67056 -92.93029 
    79.22359 -92.37728 
    79.07845 -91.65136 
    78.88869 -90.91650 
    78.64044 -90.18464 
    78.32065 -89.47256 
    77.91943 -88.80054 
    77.43214 -88.19013 
    76.86075 -87.66138 
    76.21393 -87.22993 
    75.50614 -86.90478 
    74.75562 -86.68697 
    73.98177 -86.56985 
    73.20268 -86.54038 
    72.43303 -86.58158 
    71.68294 -86.67525 
    70.96051 -86.78294 
    70.26878 -86.79755 
    69.58434 -86.85839 
    68.91028 -86.96263 
    68.24915 -87.10740 
    67.60299 -87.28994 
    66.97344 -87.50774 
    66.36179 -87.75854 
    65.76913 -88.04041 
    65.19643 -88.35175 
    64.64462 -88.69118 
    64.11462 -89.05761 
    63.60747 -89.45006 
    63.12428 -89.86765 
    62.66627 -90.30952 
    62.23475 -90.77478 
    61.83108 -91.26245 
    61.45242 -91.76832 
    61.09650 -92.28996 
    60.77318 -92.83253 
    60.48379 -93.39412 
    60.22957 -93.97269 
    60.01164 -94.56615 
    59.83098 -95.17227 
    59.68842 -95.78876 
    59.58467 -96.41325 
    59.52027 -97.04333 
Cell 21 100 64.21020 -125.61252 
    54.20382 -125.61252 
    54.22461 -126.24076 
    54.28483 -126.86639 
    54.38422 -127.48692 
    54.52237 -128.09993 
    54.69873 -128.70299 
    54.90491 -129.29674 
    55.10618 -129.89655 
    55.33628 -130.49100 
    55.60472 -131.07372 
    55.91144 -131.64192 
    56.25610 -132.19272 
    56.63802 -132.72327 
    57.05619 -133.23076 
    57.50941 -133.71239 
    57.99617 -134.16539 
    58.51466 -134.58725 
    59.06291 -134.97540 
    59.63867 -135.32751 
    60.23947 -135.64143 
    60.86269 -135.91508 
    61.50558 -136.14630 
    62.16511 -136.33325 
    62.83791 -136.47525 
    63.52073 -136.57127 
    64.21020 -136.62054 
    64.90292 -136.62308 
    65.59555 -136.57869 
    66.28469 -136.48741 
    66.96693 -136.34926 
    67.63825 -136.16298 
    68.29536 -135.93045 
    68.93494 -135.65311 
    69.54749 -135.32103 
    70.11289 -134.91368 
    70.60212 -134.41025 
    70.98894 -133.80661 
    71.24613 -133.10503 
    71.41597 -132.37920 
    71.68951 -131.79994 
    71.91313 -131.20903 
    72.10029 -130.61972 
    72.26595 -130.04120 
    72.42361 -129.47745 
    72.58271 -128.92743 
    72.75238 -128.38805 
    72.93321 -127.85220 
    73.12554 -127.31321 
    73.32732 -126.76427 
    73.53334 -126.19908 
    73.74269 -125.61252 
    73.97788 -124.99799 
    74.26215 -124.34266 
    74.44137 -123.66082 
    74.32695 -123.01498 
    74.16911 -122.37667 
    73.96771 -121.74924 
    73.72298 -121.13615 
    73.43552 -120.54085 
    73.10642 -119.96680 
    72.73715 -119.41733 
    72.32963 -118.89554 
    71.88615 -118.40431 
    71.40938 -117.94617 
    70.90220 -117.52328 
    70.36774 -117.13739 
    69.84341 -116.73598 
    69.36361 -116.23849 
    68.85483 -115.74218 
    68.30930 -115.25938 
    67.72039 -114.80925 
    67.08501 -114.41587 
    66.40542 -114.10477 
    65.69005 -113.89832 
    64.95267 -113.81119 
    64.21020 -113.84733 
    63.47954 -113.99910 
    62.77465 -114.24899 
    62.10437 -114.57339 
    61.47182 -114.94727 
    60.87519 -115.34841 
    60.30948 -115.76044 
    59.76870 -116.17385 
    59.24762 -116.58562 
    58.74292 -116.99747 
    58.25352 -117.41386 
    57.77972 -117.83941 
    57.32327 -118.27868 
    56.89116 -118.73948 
    56.48399 -119.22085 
    56.10310 -119.72237 
    55.75241 -120.24504 
    55.43405 -120.78779 
    55.14977 -121.34901 
    54.90100 -121.92675 
    54.68889 -122.51886 
    54.51435 -123.12305 
    54.37811 -123.73695 
    54.28070 -124.35813 
    54.22253 -124.98415 
Cell 22 100 71.69286 -72.47628 
    59.55954 -72.47628 
    59.57906 -73.23842 
    59.67281 -73.99477 
    59.83812 -74.73769 
    60.07081 -75.46032 
    60.36541 -76.15679 
    60.71561 -76.82248 
    61.11459 -77.45404 
    61.55545 -78.04937 
    62.03159 -78.60751 
    62.53697 -79.12843 
    63.06631 -79.61279 
    63.61523 -80.06168 
    64.18027 -80.47639 
    64.75880 -80.85813 
    65.34896 -81.20792 
    65.94947 -81.52642 
    66.55946 -81.81390 
    67.17830 -82.07022 
    67.80543 -82.29482 
    68.44022 -82.48687 
    69.08191 -82.64528 
    69.72945 -82.76885 
    70.38155 -82.85635 
    71.03664 -82.90661 
    71.69286 -82.92502 
    72.34928 -82.90973 
    73.00356 -82.85152 
    73.65279 -82.75061 
    74.29410 -82.60743 
    74.92463 -82.42262 
    75.54157 -82.19701 
    76.14222 -81.93165 
    76.72392 -81.62775 
    77.28413 -81.28671 
    77.82043 -80.91015 
    78.33050 -80.49980 
    78.81219 -80.05759 
    79.26350 -79.58558 
    79.68262 -79.08599 
    80.06803 -78.56120 
    80.41854 -78.01376 
    80.73354 -77.44643 
    81.01337 -76.86218 
    81.25978 -76.26409 
    81.47658 -75.65520 
    81.67023 -75.03803 
    81.85018 -74.41389 
    82.02818 -73.78194 
    82.21649 -73.13837 
    82.42445 -72.47628 
    82.65395 -71.78667 
    82.89497 -71.06113 
    83.12311 -70.29585 
    83.30075 -69.49588 
    83.38297 -68.67793 
    83.32724 -67.86990 
    83.10419 -67.10652 
    82.70590 -66.42181 
    82.14864 -65.84084 
    81.46889 -65.37358 
    80.71420 -65.01318 
    80.20741 -64.48058 
    79.79557 -63.84777 
    79.33632 -63.23693 
    78.82932 -62.65379 
    78.27502 -62.10447 
    77.67474 -61.59529 
    77.03078 -61.13262 
    76.34647 -60.72263 
    75.62610 -60.37103 
    74.87494 -60.08291 
    74.09908 -59.86246 
    73.30526 -59.71284 
    72.50070 -59.63602 
    71.69286 -59.63271 
    70.88920 -59.70235 
    70.09692 -59.84310 
    69.32281 -60.05200 
    68.57296 -60.32507 
    67.85271 -60.65751 
    67.16647 -61.04390 
    66.51768 -61.47847 
    65.90887 -61.95525 
    65.34162 -62.46833 
    64.81671 -63.01207 
    64.33420 -63.58118 
    63.89359 -64.17090 
    63.49397 -64.77701 
    63.13418 -65.39593 
    62.81292 -66.02463 
    62.32939 -66.53404 
    61.82715 -67.05256 
    61.35707 -67.61263 
    60.92649 -68.21357 
    60.54295 -68.85345 
    60.21380 -69.52896 
    59.94583 -70.23541 
    59.74479 -70.96689 
    59.61510 -71.71642 
Cell 23 100 88.22987 -112.55783 
    76.68803 -112.55783 
    76.85631 -113.27339 
    77.07376 -113.96717 
    77.33315 -114.63649 
    77.62779 -115.27998 
    77.95190 -115.89734 
    78.30082 -116.48902 
    78.67107 -117.05585 
    79.06033 -117.59882 
    79.46728 -118.11874 
    79.89139 -118.61609 
    80.33270 -119.09093 
    80.79158 -119.54285 
    81.27113 -119.96812 
    81.88477 -120.22775 
    82.51337 -120.42592 
    83.11785 -120.61307 
    83.71342 -120.77322 
    84.29691 -120.91576 
    84.86842 -121.04790 
    85.43003 -121.17484 
    85.98524 -121.30009 
    86.53823 -121.42571 
    87.09357 -121.55247 
    87.65594 -121.67999 
    88.22987 -121.80667 
    88.81934 -121.92724 
    89.42677 -122.03233 
    90.05691 -122.13554 
    90.74440 -122.35130 
    91.54017 -122.74589 
    92.24770 -122.70572 
    92.88270 -122.44560 
    93.49914 -122.14261 
    94.09393 -121.79813 
    94.66412 -121.41382 
    95.20686 -120.99156 
    95.71945 -120.53342 
    96.19942 -120.04174 
    96.64447 -119.51900 
    97.05247 -118.96783 
    97.42159 -118.39108 
    97.75016 -117.79166 
    98.03680 -117.17262 
    98.28038 -116.53711 
    98.48003 -115.88831 
    98.63513 -115.22945 
    98.74535 -114.56377 
    98.81063 -113.89449 
    98.83117 -113.22481 
    98.80743 -112.55783 
    98.74018 -111.89658 
    98.63039 -111.24394 
    98.47932 -110.60265 
    98.28845 -109.97523 
    98.05949 -109.36399 
    97.79435 -108.77098 
    97.49509 -108.19794 
    97.16389 -107.64631 
    96.80302 -107.11714 
    96.41474 -106.61117 
    96.00127 -106.12877 
    95.56469 -105.66998 
    95.10688 -105.23456 
    94.62942 -104.82211 
    94.13358 -104.43206 
    93.62025 -104.06394 
    93.08993 -103.71741 
    92.54276 -103.39246 
    91.97861 -103.08959 
    91.39716 -102.80989 
    90.79811 -102.55518 
    90.18130 -102.32803 
    89.54698 -102.13177 
    88.89597 -101.97042 
    88.22987 -101.84845 
    87.55119 -101.77063 
    86.86347 -101.74169 
    86.17122 -101.76601 
    85.47987 -101.84727 
    84.79558 -101.98817 
    84.12501 -102.19014 
    83.47497 -102.45316 
    82.85211 -102.77573 
    82.26254 -103.15483 
    81.71156 -103.58616 
    81.12128 -103.96503 
    80.48521 -104.31062 
    79.86857 -104.70605 
    79.27956 -105.15350 
    78.72718 -105.65372 
    78.22064 -106.20579 
    77.76883 -106.80683 
    77.37971 -107.45214 
    77.05975 -108.13527 
    76.81348 -108.84843 
    76.64317 -109.58287 
    76.54874 -110.32954 
    76.52789 -111.07953 
    76.57627 -111.82465 
Cell 24 100 -93.56730 -101.27235 
    -103.75213 -101.27235 
    -103.73953 -101.91233 
    -103.68608 -102.55064 
    -103.59187 -103.18464 
    -103.45725 -103.81165 
    -103.28274 -104.42908 
    -103.06904 -105.03435 
    -102.81702 -105.62494 
    -102.52776 -106.19840 
    -102.20245 -106.75238 
    -101.84249 -107.28463 
    -101.44941 -107.79300 
    -101.02488 -108.27547 
    -100.57069 -108.73020 
    -100.08878 -109.15546 
    -99.58115 -109.54971 
    -99.04991 -109.91155 
    -98.49721 -110.23981 
    -97.92525 -110.53345 
    -97.33627 -110.79166 
    -96.73248 -111.01377 
    -96.11610 -111.19928 
    -95.48931 -111.34787 
    -94.85422 -111.45934 
    -94.21288 -111.53363 
    -93.56730 -111.57076 
    -92.91937 -111.57081 
    -92.27096 -111.53394 
    -91.62384 -111.46030 
    -90.97978 -111.35007 
    -90.34052 -111.20336 
    -89.70782 -111.02029 
    -89.08349 -110.80093 
    -88.46946 -110.54529 
    -87.86775 -110.25340 
    -87.28056 -109.92529 
    -86.71030 -109.56104 
    -86.15953 -109.16082 
    -85.63107 -108.72497 
    -85.12799 -108.25395 
    -84.66122 -107.74299 
    -84.41937 -107.07780 
    -84.26008 -106.38903 
    -84.18066 -105.68936 
    -84.10336 -105.01939 
    -84.01779 -104.37517 
    -83.92346 -103.74846 
    -83.80891 -103.13386 
    -83.64822 -102.52542 
    -83.41682 -101.91096 
    -83.10966 -101.27235 
    -82.72660 -100.59031 
    -82.27296 -99.84554 
    -81.91013 -99.04862 
    -81.85087 -98.26408 
    -82.41753 -97.64957 
    -83.06129 -97.11272 
    -83.49841 -96.53429 
    -83.37502 -95.66909 
    -83.15132 -94.66216 
    -84.73859 -94.85791 
    -85.21812 -94.36530 
    -85.72487 -93.90781 
    -86.25552 -93.48609 
    -86.80693 -93.10046 
    -87.37620 -92.75102 
    -87.96065 -92.43768 
    -88.55788 -92.16026 
    -89.16571 -91.91849 
    -89.78214 -91.71213 
    -90.40537 -91.54094 
    -91.03373 -91.40475 
    -91.66563 -91.30345 
    -92.29809 -91.22553 
    -92.92685 -91.09271 
    -93.56730 -90.96822 
    -94.22298 -90.85068 
    -94.89721 -90.74500 
    -95.59095 -90.66400 
    -96.30035 -90.62779 
    -97.01529 -90.66052 
    -97.71959 -90.78486 
    -98.39365 -91.01584 
    -99.01868 -91.35633 
    -99.58128 -91.79582 
    -100.07661 -92.31306 
    -100.50877 -92.88155 
    -100.88867 -93.47588 
    -101.23009 -94.07651 
    -101.54559 -94.67213 
    -101.84377 -95.25914 
    -102.12814 -95.83947 
    -102.42284 -96.40398 
    -102.72124 -96.96483 
    -102.98393 -97.54404 
    -103.20966 -98.13936 
    -103.39735 -98.74842 
    -103.54610 -99.36879 
    -103.65517 -99.99796 
    -103.72398 -100.63335 
