51 25 
Cell 0 100 -119.40828 -150.32719 
    -129.40842 -150.32719 
    -129.38867 -150.95511 
    -129.32953 -151.58054 
    -129.23125 -152.20102 
    -129.09419 -152.81412 
    -128.91891 -153.41739 
    -128.70610 -154.00847 
    -128.45660 -154.58501 
    -128.17139 -155.14474 
    -127.85159 -155.68549 
    -127.49847 -156.20506 
    -127.11342 -156.70143 
    -126.69946 -157.17407 
    -126.26170 -157.62535 
    -125.79810 -158.05116 
    -125.30907 -158.44894 
    -124.79599 -158.81686 
    -124.26025 -159.15289 
    -123.70368 -159.45538 
    -123.12823 -159.72270 
    -122.53604 -159.95346 
    -121.92942 -160.14639 
    -121.31079 -160.30052 
    -120.68268 -160.41507 
    -120.04763 -160.48938 
    -119.40828 -160.52298 
    -118.76728 -160.51558 
    -118.12732 -160.46704 
    -117.49109 -160.37746 
    -116.86129 -160.24707 
    -116.24060 -160.07631 
    -115.63167 -159.86581 
    -115.03712 -159.61638 
    -114.45950 -159.32898 
    -113.90131 -159.00479 
    -113.36494 -158.64513 
    -112.85272 -158.25150 
    -112.36684 -157.82556 
    -111.90942 -157.36909 
    -111.48238 -156.88406 
    -111.08755 -156.37256 
    -110.72663 -155.83673 
    -110.40111 -155.27893 
    -110.11235 -154.70152 
    -109.86153 -154.10701 
    -109.63513 -153.50269 
    -109.43142 -152.88881 
    -109.26254 -152.26260 
    -109.15462 -151.62253 
    -109.47151 -150.95236 
    -109.79256 -150.32719 
    -110.05409 -149.73868 
    -110.27924 -149.17393 
    -110.48132 -148.62428 
    -110.66618 -148.08261 
    -110.84328 -147.54427 
    -111.02020 -147.00612 
    -111.20108 -146.46518 
    -111.38605 -145.91693 
    -111.60474 -145.37491 
    -111.86702 -144.84814 
    -112.14875 -144.32159 
    -112.44887 -143.79187 
    -112.73766 -143.22371 
    -112.97010 -142.54477 
    -112.63412 -141.00336 
    -113.13730 -140.44572 
    -114.02573 -140.53638 
    -114.81387 -140.56358 
    -115.54250 -140.56335 
    -116.23102 -140.54860 
    -116.88541 -140.50128 
    -117.51717 -140.41368 
    -118.14350 -140.31541 
    -118.77143 -140.20482 
    -119.40828 -140.02812 
    -120.07096 -139.79428 
    -120.77139 -139.53702 
    -121.52626 -139.22437 
    -122.30930 -139.02849 
    -123.00616 -139.25407 
    -123.63041 -139.66330 
    -124.18223 -140.18204 
    -124.63212 -140.82507 
    -125.12953 -141.31195 
    -125.62728 -141.76749 
    -126.20191 -142.11511 
    -126.99552 -142.24760 
    -126.99447 -143.20329 
    -127.31187 -143.78877 
    -127.65655 -144.33447 
    -127.97050 -144.89345 
    -128.25343 -145.46454 
    -128.50496 -146.04662 
    -128.72455 -146.63863 
    -128.91901 -147.23697 
    -129.09427 -147.84026 
    -129.23131 -148.45335 
    -129.32957 -149.07384 
    -129.38869 -149.69928 
Cell 1 100 -101.50754 -144.88428 
    -111.84903 -144.88428 
    -111.54783 -145.51596 
    -111.31638 -146.12343 
    -111.11677 -146.71733 
    -110.92300 -147.30176 
    -110.73232 -147.88158 
    -110.53756 -148.45950 
    -110.33002 -149.03583 
    -110.10506 -149.61081 
    -109.85672 -150.18283 
    -109.57695 -150.74704 
    -109.29213 -151.32425 
    -108.84600 -151.77556 
    -108.38020 -152.20291 
    -107.90054 -152.61209 
    -107.40524 -153.00177 
    -106.88615 -153.35962 
    -106.34532 -153.68417 
    -105.78488 -153.97409 
    -105.20705 -154.22818 
    -104.61412 -154.44536 
    -104.00847 -154.62476 
    -103.39250 -154.76561 
    -102.76868 -154.86729 
    -102.13953 -154.92938 
    -101.50754 -154.95160 
    -100.87527 -154.93382 
    -100.24528 -154.87610 
    -99.62009 -154.77866 
    -99.00222 -154.64185 
    -98.39418 -154.46622 
    -97.79842 -154.25246 
    -97.21733 -154.00143 
    -96.65327 -153.71416 
    -96.10852 -153.39177 
    -95.58527 -153.03558 
    -95.08562 -152.64703 
    -94.61160 -152.22771 
    -94.16509 -151.77930 
    -93.74789 -151.30362 
    -93.36166 -150.80260 
    -93.00439 -150.28053 
    -92.66972 -149.74292 
    -92.36408 -149.18686 
    -92.17052 -148.58105 
    -92.16993 -147.91826 
    -92.15792 -147.28485 
    -92.14032 -146.67117 
    -92.11829 -146.07040 
    -92.09633 -145.47638 
    -92.07771 -144.88428 
    -92.06506 -144.29021 
    -92.05489 -143.69014 
    -92.05183 -143.08051 
    -92.05819 -142.45810 
    -92.07304 -141.81883 
    -92.08714 -141.15448 
    -92.09572 -140.45541 
    -92.07800 -139.70033 
    -92.09708 -138.91222 
    -92.49914 -138.33929 
    -92.95424 -137.80836 
    -93.45618 -137.32355 
    -93.99773 -136.88713 
    -94.57121 -136.49969 
    -95.16911 -136.16017 
    -95.78457 -135.86632 
    -96.41177 -135.61510 
    -97.04610 -135.40324 
    -97.68420 -135.22763 
    -98.32378 -135.08566 
    -98.92038 -134.80795 
    -99.53214 -134.52885 
    -100.17037 -134.29951 
    -100.83191 -134.14546 
    -101.50754 -134.08760 
    -102.18382 -134.13507 
    -102.84692 -134.28198 
    -103.48663 -134.50949 
    -104.09871 -134.79234 
    -104.68451 -135.10657 
    -105.26622 -135.39095 
    -105.86693 -135.62010 
    -106.47197 -135.85402 
    -107.08051 -136.10268 
    -107.68356 -136.38370 
    -108.22863 -136.75987 
    -108.73574 -137.18701 
    -109.24880 -137.61475 
    -109.76864 -138.05011 
    -110.29603 -138.49907 
    -110.83391 -138.96559 
    -111.39042 -139.45111 
    -111.97404 -139.95912 
    -112.39362 -140.57417 
    -112.68820 -141.25146 
    -112.84551 -141.97318 
    -112.91409 -142.70836 
    -112.60628 -143.48218 
    -112.21149 -144.21085 
Cell 2 100 -81.63137 -146.57158 
    -92.13667 -146.57158 
    -92.15646 -147.23376 
    -92.16964 -147.90288 
    -92.17085 -148.58209 
    -91.96709 -149.22534 
    -91.66056 -149.83026 
    -91.33607 -150.41394 
    -90.99390 -150.97725 
    -90.63365 -151.52063 
    -90.25459 -152.04404 
    -89.85580 -152.54698 
    -89.43643 -153.02849 
    -89.00380 -153.49475 
    -88.58293 -153.97424 
    -88.13064 -154.42784 
    -87.64825 -154.85309 
    -87.13750 -155.24785 
    -86.60031 -155.61005 
    -86.03876 -155.93777 
    -85.45510 -156.22923 
    -84.85171 -156.48276 
    -84.23112 -156.69691 
    -83.59597 -156.87038 
    -82.94904 -157.00201 
    -82.29320 -157.09097 
    -81.63137 -157.13651 
    -80.96658 -157.13815 
    -80.30187 -157.09566 
    -79.64033 -157.00899 
    -78.98505 -156.87834 
    -78.33909 -156.70419 
    -77.70551 -156.48717 
    -77.08730 -156.22823 
    -76.48739 -155.92845 
    -75.90860 -155.58922 
    -75.35367 -155.21210 
    -74.82518 -154.79884 
    -74.32561 -154.35143 
    -73.85725 -153.87196 
    -73.42224 -153.36276 
    -73.02250 -152.82629 
    -72.65980 -152.26511 
    -72.33567 -151.68193 
    -72.05144 -151.07956 
    -71.80151 -150.46350 
    -71.54367 -149.84927 
    -71.32092 -149.21886 
    -71.13528 -148.57382 
    -70.98919 -147.91600 
    -70.88535 -147.24767 
    -70.82665 -146.57158 
    -70.81593 -145.89113 
    -70.85571 -145.21030 
    -70.94798 -144.53362 
    -71.09391 -143.86601 
    -71.29371 -143.21266 
    -71.54647 -142.57869 
    -71.85016 -141.96889 
    -72.20172 -141.38759 
    -72.59720 -140.83832 
    -73.03205 -140.32381 
    -73.50154 -139.84599 
    -74.00076 -139.40596 
    -74.52441 -139.00343 
    -75.06815 -138.63800 
    -75.62820 -138.30891 
    -76.20142 -138.01535 
    -76.78519 -137.75639 
    -77.34806 -137.46907 
    -77.91676 -137.18954 
    -78.50065 -136.93620 
    -79.09883 -136.70799 
    -79.71085 -136.50381 
    -80.33664 -136.32274 
    -80.97659 -136.16417 
    -81.63137 -136.02815 
    -82.30293 -135.89758 
    -82.99834 -135.75096 
    -83.70657 -135.69299 
    -84.41215 -135.74115 
    -85.16058 -135.70981 
    -85.92379 -135.73018 
    -86.67809 -135.84677 
    -87.40746 -136.06493 
    -88.15927 -136.28526 
    -88.89624 -136.57236 
    -89.60803 -136.92946 
    -90.28367 -137.35782 
    -90.91216 -137.85634 
    -91.48315 -138.42148 
    -91.98761 -139.04733 
    -92.08358 -139.93840 
    -92.09123 -140.82123 
    -92.07648 -141.65648 
    -92.05853 -142.44318 
    -92.05235 -143.18561 
    -92.05835 -143.89438 
    -92.07123 -144.58008 
    -92.08923 -145.25046 
    -92.11243 -145.91216 
Cell 3 100 -59.98948 -155.29132 
    -70.13353 -155.29132 
    -70.08881 -155.92671 
    -70.00700 -156.55682 
    -69.88878 -157.17972 
    -69.73472 -157.79347 
    -69.54535 -158.39621 
    -69.32119 -158.98601 
    -69.06278 -159.56088 
    -68.77077 -160.11887 
    -68.44591 -160.65793 
    -68.08911 -161.17604 
    -67.70145 -161.67122 
    -67.28416 -162.14148 
    -66.83974 -162.58611 
    -66.36839 -163.00209 
    -65.87182 -163.38766 
    -65.35198 -163.74126 
    -64.81094 -164.06151 
    -64.25082 -164.34714 
    -63.67386 -164.59700 
    -63.08233 -164.81012 
    -62.47857 -164.98564 
    -61.86496 -165.12289 
    -61.24393 -165.22131 
    -60.61795 -165.28052 
    -59.98948 -165.30026 
    -59.36102 -165.28050 
    -58.73503 -165.22128 
    -58.11402 -165.12286 
    -57.50015 -164.98665 
    -56.89566 -164.81314 
    -56.30275 -164.60294 
    -55.72343 -164.35713 
    -55.15950 -164.07703 
    -54.61253 -163.76404 
    -54.08384 -163.41974 
    -53.57449 -163.04572 
    -53.08525 -162.64359 
    -52.61667 -162.21486 
    -52.16916 -161.76086 
    -51.74305 -161.28271 
    -51.33877 -160.78123 
    -50.95702 -160.25696 
    -50.59895 -159.71017 
    -50.26633 -159.14099 
    -49.96167 -158.54956 
    -49.68829 -157.93622 
    -49.45033 -157.30177 
    -49.25251 -156.64772 
    -49.09998 -155.97643 
    -48.99790 -155.29132 
    -48.95107 -154.59685 
    -48.96329 -153.89839 
    -49.16126 -153.22572 
    -49.65620 -152.63818 
    -50.21900 -152.11670 
    -50.69585 -151.61171 
    -51.13893 -151.12656 
    -51.56865 -150.66193 
    -51.99559 -150.21825 
    -52.41916 -149.79115 
    -52.84852 -149.38380 
    -53.28439 -148.99483 
    -53.72050 -148.61554 
    -54.16218 -148.24731 
    -54.60945 -147.88634 
    -55.05783 -147.52028 
    -55.51073 -147.14449 
    -55.96833 -146.74596 
    -56.43021 -146.30162 
    -56.89874 -145.77899 
    -57.48009 -145.51788 
    -58.10352 -145.40474 
    -58.73050 -145.32541 
    -59.35931 -145.27498 
    -59.98948 -145.24284 
    -60.62138 -145.24770 
    -61.25301 -145.28949 
    -61.88242 -145.36821 
    -62.50760 -145.48389 
    -63.12650 -145.63658 
    -63.74302 -145.81097 
    -64.34090 -146.04410 
    -64.92168 -146.31967 
    -65.49067 -146.62283 
    -66.03986 -146.96370 
    -66.56592 -147.34178 
    -67.06544 -147.75620 
    -67.53505 -148.20557 
    -67.97158 -148.68796 
    -68.37215 -149.20096 
    -68.73437 -149.74165 
    -69.05636 -150.30676 
    -69.33682 -150.89279 
    -69.57506 -151.49612 
    -69.77090 -152.11314 
    -69.92464 -152.74040 
    -70.03689 -153.37468 
    -70.10849 -154.01300 
    -70.14039 -154.65268 
Cell 4 100 -45.51106 -143.65814 
    -57.53596 -143.65814 
    -57.37476 -144.40454 
    -57.16353 -145.13019 
    -56.85934 -145.82294 
    -56.29886 -146.42798 
    -55.70913 -146.97169 
    -55.12498 -147.46455 
    -54.56782 -147.91994 
    -54.04160 -148.34784 
    -53.55267 -148.76151 
    -53.09231 -149.16624 
    -52.65459 -149.56779 
    -52.23731 -149.97452 
    -51.83152 -150.38875 
    -51.42953 -150.81235 
    -51.02657 -151.24959 
    -50.61374 -151.69867 
    -50.18070 -152.15219 
    -49.71229 -152.58621 
    -49.25505 -153.11440 
    -48.72838 -153.56004 
    -48.11077 -153.78336 
    -47.47744 -153.96626 
    -46.83113 -154.10754 
    -46.17468 -154.20612 
    -45.51106 -154.26112 
    -44.84329 -154.27196 
    -44.17448 -154.23824 
    -43.50777 -154.15977 
    -42.84631 -154.03667 
    -42.19328 -153.86923 
    -41.55181 -153.65807 
    -40.92501 -153.40398 
    -40.31593 -153.10805 
    -39.72752 -152.77155 
    -39.16262 -152.39603 
    -38.62396 -151.98322 
    -38.11410 -151.53510 
    -37.63547 -151.05382 
    -37.19028 -150.54169 
    -36.78056 -150.00122 
    -36.40813 -149.43504 
    -36.07458 -148.84589 
    -35.78127 -148.23663 
    -35.52934 -147.61018 
    -35.31966 -146.96953 
    -35.15288 -146.31767 
    -35.02942 -145.65762 
    -34.94946 -144.99239 
    -34.91294 -144.32492 
    -34.91965 -143.65814 
    -34.96914 -142.99490 
    -35.06077 -142.33797 
    -35.19379 -141.69002 
    -35.36726 -141.05365 
    -35.58011 -140.43138 
    -35.83118 -139.82561 
    -36.11914 -139.23865 
    -36.44262 -138.67273 
    -36.80011 -138.13000 
    -37.29044 -137.68552 
    -37.81101 -137.28810 
    -38.29956 -136.88609 
    -38.77781 -136.48796 
    -39.25338 -136.09392 
    -39.73164 -135.70346 
    -40.21647 -135.31520 
    -40.71109 -134.92703 
    -41.21838 -134.53574 
    -41.74117 -134.13649 
    -42.28258 -133.72191 
    -42.85286 -133.30515 
    -43.47522 -132.98592 
    -44.12593 -132.69374 
    -44.81155 -132.53973 
    -45.51106 -132.41634 
    -46.22313 -132.34018 
    -46.94403 -132.31497 
    -47.66943 -132.34357 
    -48.39722 -132.41727 
    -49.14098 -132.48640 
    -49.88678 -132.60634 
    -50.63013 -132.77956 
    -51.25902 -133.20265 
    -51.85085 -133.66823 
    -52.42426 -134.14294 
    -52.97595 -134.63463 
    -53.50560 -135.14482 
    -54.01240 -135.67485 
    -54.49522 -136.22580 
    -54.95298 -136.79819 
    -55.38505 -137.39191 
    -55.79105 -138.00667 
    -56.17081 -138.64204 
    -56.52614 -139.29697 
    -56.85846 -139.97115 
    -57.17340 -140.66376 
    -57.50797 -141.36961 
    -57.69343 -142.11916 
    -57.64341 -142.89484 
Cell 5 100 -10.86570 -149.35320 
    -21.24693 -149.35320 
    -21.25871 -150.00706 
    -21.22760 -150.66220 
    -21.15340 -151.31567 
    -21.03612 -151.96452 
    -20.87599 -152.60573 
    -20.67347 -153.23636 
    -20.42924 -153.85345 
    -20.14417 -154.45407 
    -19.81944 -155.03542 
    -19.45635 -155.59467 
    -19.05646 -156.12918 
    -18.62151 -156.63638 
    -18.15347 -157.11388 
    -17.65444 -157.55937 
    -17.12673 -157.97076 
    -16.57279 -158.34613 
    -15.99520 -158.68372 
    -15.39666 -158.98198 
    -14.78000 -159.23959 
    -14.14812 -159.45544 
    -13.50399 -159.62868 
    -12.85063 -159.75858 
    -12.19109 -159.84474 
    -11.52843 -159.88699 
    -10.86570 -159.88535 
    -10.20592 -159.84003 
    -9.55208 -159.75156 
    -8.90708 -159.62064 
    -8.27377 -159.44810 
    -7.65487 -159.23512 
    -7.05302 -158.98293 
    -6.47070 -158.69304 
    -5.91032 -158.36700 
    -5.37407 -158.00662 
    -4.86401 -157.61380 
    -4.38207 -157.19055 
    -3.92997 -156.73900 
    -3.48717 -156.28210 
    -3.04664 -155.82169 
    -2.63291 -155.33467 
    -2.24764 -154.82239 
    -1.90235 -154.28084 
    -1.60687 -153.71007 
    -1.42064 -153.09276 
    -1.27777 -152.46849 
    -1.14464 -151.84914 
    -1.02344 -151.23071 
    -0.91668 -150.61006 
    -0.82594 -149.98485 
    -0.75190 -149.35320 
    -0.69430 -148.71326 
    -0.59457 -148.05565 
    -0.37978 -147.35291 
    -0.14255 -146.59996 
    0.13649 -145.77837 
    0.50251 -144.85220 
    0.63063 -143.94344 
    0.26210 -143.23564 
    -0.24211 -142.61127 
    -0.85851 -142.08255 
    -1.55560 -141.65121 
    -2.29937 -141.30888 
    -3.05879 -141.03967 
    -3.80979 -140.82407 
    -4.53722 -140.64279 
    -5.23469 -140.48015 
    -5.89684 -140.31488 
    -6.48793 -140.04997 
    -7.09208 -139.82213 
    -7.70696 -139.63158 
    -8.33031 -139.47850 
    -8.94572 -139.28831 
    -9.56870 -139.08636 
    -10.20806 -138.90031 
    -10.86570 -138.81012 
    -11.53222 -138.75914 
    -12.19666 -138.81754 
    -12.86488 -138.87311 
    -13.53834 -138.94394 
    -14.21807 -139.03563 
    -14.90632 -139.14775 
    -15.58818 -139.31740 
    -16.22321 -139.60791 
    -16.76676 -140.05461 
    -17.25208 -140.56311 
    -17.69125 -141.10252 
    -18.09122 -141.65880 
    -18.45944 -142.22220 
    -18.80211 -142.78763 
    -19.12320 -143.35378 
    -19.42410 -143.92188 
    -19.70397 -144.49431 
    -20.02307 -145.04407 
    -20.31269 -145.61287 
    -20.56626 -146.20129 
    -20.78229 -146.80705 
    -20.95946 -147.42770 
    -21.09659 -148.06073 
    -21.19268 -148.70348 
Cell 6 100 8.36314 -152.32423 
    -1.24676 -152.32423 
    -1.38512 -152.93755 
    -1.56725 -153.57874 
    -1.90354 -154.28271 
    -2.28522 -155.05827 
    -2.34997 -155.80513 
    -2.15509 -156.48869 
    -1.88848 -157.14827 
    -1.57597 -157.78830 
    -1.21909 -158.40530 
    -0.81963 -158.99591 
    -0.37977 -159.55699 
    0.09815 -160.08557 
    0.61148 -160.57892 
    1.15740 -161.03447 
    1.73287 -161.45001 
    2.33470 -161.82352 
    2.95954 -162.15334 
    3.60394 -162.43803 
    4.26439 -162.67650 
    4.93727 -162.86798 
    5.61900 -163.01193 
    6.30597 -163.10828 
    6.99463 -163.15707 
    7.68149 -163.15874 
    8.36314 -163.11395 
    9.03629 -163.02376 
    9.69781 -162.88928 
    10.34471 -162.71202 
    10.97417 -162.49356 
    11.58358 -162.23575 
    12.17056 -161.94069 
    12.74706 -161.64053 
    13.34388 -161.38419 
    13.92779 -161.09273 
    14.49680 -160.76649 
    15.04882 -160.40584 
    15.58162 -160.01114 
    16.09285 -159.58292 
    16.57995 -159.12178 
    17.04028 -158.62854 
    17.47101 -158.10426 
    17.86925 -157.55026 
    18.23204 -156.96819 
    18.55642 -156.36005 
    18.83953 -155.72823 
    19.07864 -155.07550 
    19.27127 -154.40508 
    19.41524 -153.72044 
    19.50877 -153.02545 
    19.55056 -152.32423 
    19.53980 -151.62106 
    19.47623 -150.92032 
    19.36016 -150.22644 
    19.19249 -149.54373 
    18.97463 -148.87636 
    18.70849 -148.22821 
    18.39645 -147.60292 
    18.04121 -147.00366 
    17.64581 -146.43327 
    17.21343 -145.89412 
    16.74743 -145.38814 
    16.25115 -144.91690 
    15.72794 -144.48152 
    15.18102 -144.08282 
    14.61350 -143.72134 
    14.02830 -143.39735 
    13.42817 -143.11098 
    12.81565 -142.86217 
    12.19312 -142.65082 
    11.56277 -142.47678 
    10.92669 -142.33987 
    10.28682 -142.23994 
    9.67475 -141.94174 
    9.03853 -141.58911 
    8.36314 -141.19644 
    7.63797 -140.79811 
    6.86370 -140.45497 
    6.05831 -140.24191 
    5.25672 -140.22556 
    4.50197 -140.44078 
    3.83101 -140.87740 
    3.26189 -141.48354 
    2.78879 -142.18454 
    2.34403 -142.83965 
    1.78484 -143.26999 
    1.27380 -143.75470 
    0.81327 -144.28444 
    0.47645 -144.91814 
    0.21386 -145.58258 
    -0.01847 -146.23463 
    -0.22825 -146.87196 
    -0.42292 -147.49405 
    -0.60213 -148.10550 
    -0.69646 -148.73727 
    -0.75296 -149.36223 
    -0.82367 -149.96547 
    -0.90877 -150.55553 
    -1.00790 -151.14040 
    -1.12081 -151.72755 
Cell 7 100 28.05255 -142.73924 
    17.85591 -142.73924 
    17.82726 -143.38257 
    17.84133 -144.02922 
    17.89941 -144.67606 
    18.00245 -145.31967 
    18.15046 -145.95662 
    18.34099 -146.58432 
    18.56971 -147.20152 
    18.83057 -147.80907 
    19.12156 -148.40701 
    19.45518 -148.98560 
    19.83971 -149.53349 
    20.26109 -150.05591 
    20.71756 -150.55020 
    21.20722 -151.01382 
    21.72788 -151.44441 
    22.27723 -151.83969 
    22.85275 -152.19765 
    23.45176 -152.51642 
    24.07145 -152.79436 
    24.70887 -153.03003 
    25.36097 -153.22224 
    26.02462 -153.37004 
    26.69659 -153.47273 
    27.37366 -153.52983 
    28.05255 -153.54117 
    28.72998 -153.50677 
    29.40272 -153.42697 
    30.06756 -153.30231 
    30.72136 -153.13358 
    31.36106 -152.92180 
    31.98373 -152.66826 
    32.58652 -152.37444 
    33.16677 -152.04199 
    33.72195 -151.67279 
    34.24969 -151.26888 
    34.74784 -150.83246 
    35.21440 -150.36584 
    35.64763 -149.87151 
    36.04599 -149.35199 
    36.41006 -148.81134 
    36.73182 -148.24728 
    37.04009 -147.68019 
    37.35931 -147.11867 
    37.69271 -146.55605 
    38.04756 -145.98682 
    38.37659 -145.39000 
    38.58994 -144.74936 
    38.76404 -144.09242 
    38.89821 -143.42160 
    38.99049 -142.73924 
    39.03897 -142.04803 
    39.04186 -141.35097 
    38.99755 -140.65137 
    38.90472 -139.95288 
    38.76236 -139.25941 
    38.56989 -138.57513 
    38.32721 -137.90436 
    38.03472 -137.25150 
    37.69337 -136.62099 
    37.30472 -136.01715 
    36.87083 -135.44412 
    36.39434 -134.90578 
    35.87834 -134.40562 
    35.33137 -133.94066 
    34.82318 -133.42027 
    34.25742 -132.96193 
    33.63950 -132.57661 
    32.97807 -132.27199 
    32.28394 -132.05197 
    31.56907 -131.91650 
    30.84544 -131.86163 
    30.12404 -131.88008 
    29.41947 -131.91896 
    28.73294 -131.92465 
    28.05255 -131.74753 
    27.35219 -131.60730 
    26.63420 -131.51187 
    25.90279 -131.46980 
    25.16413 -131.48961 
    24.42632 -131.57884 
    23.69890 -131.74318 
    22.99234 -131.98576 
    22.31716 -132.30661 
    21.68305 -132.70251 
    21.09811 -133.16728 
    20.56817 -133.69218 
    20.09643 -134.26683 
    19.68341 -134.88010 
    19.32724 -135.52104 
    19.02414 -136.17972 
    18.76909 -136.84778 
    18.55664 -137.51883 
    18.38148 -138.18839 
    18.23905 -138.85381 
    18.12591 -139.51389 
    18.03983 -140.16841 
    17.97980 -140.81776 
    17.94588 -141.46248 
    17.92606 -142.10214 
Cell 8 100 45.90102 -152.11806 
    35.87169 -152.11806 
    35.89407 -152.74763 
    35.94750 -153.37547 
    36.03853 -153.99942 
    36.16859 -154.61693 
    36.33746 -155.22545 
    36.54457 -155.82254 
    36.78918 -156.40576 
    37.07037 -156.97275 
    37.38709 -157.52116 
    37.73811 -158.04875 
    38.12208 -158.55336 
    38.53750 -159.03287 
    38.98272 -159.48529 
    39.45598 -159.90877 
    39.95539 -160.30151 
    40.47894 -160.66190 
    41.02451 -160.98840 
    41.58989 -161.27966 
    42.17279 -161.53448 
    42.77084 -161.75175 
    43.38159 -161.93059 
    44.00254 -162.07025 
    44.63115 -162.17012 
    45.26484 -162.22981 
    45.90102 -162.24910 
    46.53708 -162.22787 
    47.17040 -162.16624 
    47.79840 -162.06450 
    48.41852 -161.92308 
    49.02822 -161.74258 
    49.62502 -161.52380 
    50.20650 -161.26767 
    50.77029 -160.97523 
    51.31414 -160.64777 
    51.83587 -160.28667 
    52.33337 -159.89343 
    52.80468 -159.46971 
    53.24794 -159.01727 
    53.66141 -158.53801 
    54.04348 -158.03389 
    54.39267 -157.50702 
    54.70765 -156.95955 
    54.98724 -156.39371 
    55.23041 -155.81183 
    55.43627 -155.21625 
    55.60408 -154.60938 
    55.73333 -153.99367 
    55.82434 -153.37166 
    55.83214 -152.74287 
    55.78832 -152.11806 
    55.73397 -151.49942 
    55.67404 -150.88344 
    55.61201 -150.26559 
    55.55682 -149.63887 
    55.41825 -149.02573 
    55.20621 -148.43387 
    54.95738 -147.85646 
    54.67273 -147.29578 
    54.35599 -146.75237 
    54.00956 -146.22687 
    53.63459 -145.72029 
    53.23346 -145.23244 
    52.80826 -144.76259 
    52.36051 -144.30988 
    51.89072 -143.87393 
    51.39832 -143.45570 
    50.88169 -143.05824 
    50.33881 -142.68729 
    49.86873 -142.09677 
    49.37482 -141.42679 
    48.67245 -141.32404 
    47.89745 -141.65237 
    47.23604 -141.55026 
    46.56788 -141.51860 
    45.90102 -141.37590 
    45.22340 -141.34760 
    44.57015 -141.58315 
    43.96135 -141.94997 
    43.35279 -142.19337 
    42.75536 -142.43671 
    42.17361 -142.70372 
    41.60740 -142.99365 
    41.05723 -143.30724 
    40.52437 -143.64581 
    40.01070 -144.01073 
    39.51841 -144.40280 
    39.04781 -144.82013 
    38.60371 -145.26543 
    38.18602 -145.73567 
    37.86506 -146.27959 
    37.54076 -146.81247 
    37.22784 -147.34993 
    36.92398 -147.89378 
    36.61993 -148.44342 
    36.37848 -149.02400 
    36.15913 -149.61676 
    35.98248 -150.22600 
    35.89355 -150.85382 
    35.86953 -151.48692 
Cell 9 100 66.46896 -152.63602 
    55.82465 -152.63602 
    55.87398 -153.30260 
    55.87181 -153.97475 
    55.85330 -154.66106 
    55.86602 -155.35840 
    56.02885 -156.02821 
    56.23369 -156.68845 
    56.48118 -157.33591 
    56.77149 -157.96725 
    57.10421 -158.57907 
    57.47848 -159.16798 
    57.89289 -159.73076 
    58.34563 -160.26433 
    58.83456 -160.76582 
    59.35723 -161.23262 
    59.91106 -161.66220 
    60.49312 -162.05243 
    61.10042 -162.40137 
    61.72976 -162.70735 
    62.37784 -162.96901 
    63.04126 -163.18539 
    63.71661 -163.35573 
    64.40043 -163.47966 
    65.08929 -163.55725 
    65.77988 -163.58876 
    66.46896 -163.57491 
    67.15353 -163.51682 
    67.83077 -163.41585 
    68.49819 -163.27361 
    69.15360 -163.09200 
    69.79522 -162.87318 
    70.42159 -162.61919 
    71.03168 -162.33229 
    71.62476 -162.01437 
    72.20044 -161.66737 
    72.75845 -161.29276 
    73.29858 -160.89160 
    73.82051 -160.46461 
    74.32358 -160.01199 
    74.80676 -159.53365 
    75.26823 -159.02907 
    75.70555 -158.49774 
    76.11541 -157.93919 
    76.46662 -157.34056 
    76.64153 -156.66362 
    76.81571 -155.99788 
    77.01305 -155.34328 
    77.17949 -154.67915 
    77.28909 -154.00291 
    77.34780 -153.32045 
    77.35681 -152.63602 
    77.31346 -151.95374 
    77.22596 -151.27710 
    77.10133 -150.60779 
    76.94278 -149.94679 
    76.76420 -149.29089 
    76.62558 -148.61473 
    76.44386 -147.94218 
    76.20868 -147.28156 
    75.86053 -146.67595 
    75.48785 -146.08342 
    75.08860 -145.50523 
    74.66158 -144.94264 
    74.20641 -144.39647 
    73.72325 -143.86710 
    73.21267 -143.35410 
    72.67562 -142.85590 
    72.09293 -142.40605 
    71.43589 -142.08075 
    70.75423 -141.81265 
    70.05376 -141.60316 
    69.34034 -141.45273 
    68.61862 -141.36711 
    67.89635 -141.33704 
    67.17844 -141.35916 
    66.46896 -141.42723 
    65.77065 -141.53653 
    65.08773 -141.70245 
    64.42280 -141.90964 
    63.77792 -142.15508 
    63.15464 -142.43556 
    62.55408 -142.74817 
    61.97710 -143.09033 
    61.42431 -143.45984 
    60.89625 -143.85483 
    60.39345 -144.27379 
    59.91648 -144.71542 
    59.46600 -145.17862 
    58.93378 -145.56001 
    58.38782 -145.95071 
    57.83784 -146.36514 
    57.29384 -146.81331 
    56.77415 -147.30624 
    56.30376 -147.85263 
    55.90999 -148.45543 
    55.61654 -149.10985 
    55.57442 -149.83878 
    55.64265 -150.57079 
    55.71235 -151.27715 
    55.77472 -151.96320 
Cell 10 100 84.13621 -140.72650 
    71.55125 -140.72650 
    71.78423 -141.50362 
    72.10638 -142.24622 
    72.72643 -142.90303 
    73.35305 -143.49515 
    73.89415 -144.05434 
    74.37028 -144.59309 
    74.79708 -145.12115 
    75.18632 -145.64674 
    75.54696 -146.17740 
    75.88615 -146.72052 
    76.20955 -147.28401 
    76.67605 -147.73206 
    77.16560 -148.14944 
    77.66769 -148.54559 
    78.18471 -148.91805 
    78.71806 -149.26413 
    79.26831 -149.58118 
    79.83514 -149.86673 
    80.41760 -150.11861 
    81.01421 -150.33501 
    81.62311 -150.51439 
    82.24213 -150.65559 
    82.86897 -150.75774 
    83.50117 -150.82018 
    84.13621 -150.84280 
    84.77174 -150.82800 
    85.40547 -150.77379 
    86.03503 -150.68047 
    86.65807 -150.54852 
    87.27238 -150.37866 
    87.87581 -150.17165 
    88.46632 -149.92847 
    89.04202 -149.65013 
    89.60111 -149.33781 
    90.14197 -148.99272 
    90.66307 -148.61612 
    91.16301 -148.20929 
    91.64052 -147.77351 
    92.09438 -147.31007 
    92.52345 -146.82019 
    92.92662 -146.30507 
    93.30278 -145.76587 
    93.65077 -145.20372 
    93.96935 -144.61972 
    94.25717 -144.01500 
    94.51276 -143.39075 
    94.73450 -142.74823 
    94.92059 -142.08888 
    95.06911 -141.41434 
    95.17800 -140.72650 
    95.24516 -140.02759 
    95.26843 -139.32018 
    95.24574 -138.60724 
    95.17516 -137.89218 
    95.05498 -137.17877 
    94.64785 -136.56464 
    94.12939 -136.02406 
    93.57254 -135.53883 
    93.06734 -135.05862 
    92.59097 -134.58376 
    92.12790 -134.11520 
    91.67028 -133.65154 
    91.21329 -133.19017 
    90.75277 -132.72845 
    90.28638 -132.26152 
    89.81279 -131.78163 
    89.31608 -131.30435 
    88.77370 -130.87132 
    88.20802 -130.44229 
    87.61938 -130.00641 
    86.99461 -129.59375 
    86.27351 -129.52237 
    85.55417 -129.50221 
    84.84055 -129.53123 
    84.13621 -129.60715 
    83.44421 -129.72742 
    82.76717 -129.88945 
    82.10731 -130.09064 
    81.46644 -130.32845 
    80.84606 -130.60046 
    80.24738 -130.90446 
    79.67144 -131.23839 
    79.11909 -131.60040 
    78.59113 -131.98886 
    78.04337 -132.34044 
    77.42512 -132.61420 
    76.79524 -132.90916 
    76.34163 -133.40691 
    75.93169 -133.93915 
    75.55761 -134.49379 
    75.17599 -135.04018 
    74.78056 -135.58321 
    74.37579 -136.13361 
    73.96447 -136.69923 
    73.54587 -137.28549 
    73.11201 -137.89597 
    72.63664 -138.53284 
    72.08188 -139.20369 
    71.64114 -139.94038 
Cell 11 100 111.67251 -148.80661 
    101.50748 -148.80661 
    101.51804 -149.44548 
    101.56944 -150.08293 
    101.66155 -150.71631 
    101.79408 -151.34296 
    101.96657 -151.96027 
    102.17835 -152.56561 
    102.42863 -153.15645 
    102.71638 -153.73029 
    103.04045 -154.28468 
    103.39951 -154.81729 
    103.79207 -155.32588 
    104.21650 -155.80827 
    104.67101 -156.26245 
    105.15370 -156.68649 
    105.66253 -157.07864 
    106.19534 -157.43726 
    106.74986 -157.76086 
    107.32378 -158.04814 
    107.91463 -158.29793 
    108.51994 -158.50923 
    109.13713 -158.68126 
    109.76363 -158.81334 
    110.39678 -158.90503 
    111.03396 -158.95605 
    111.67251 -158.96631 
    112.30979 -158.93591 
    112.94320 -158.86514 
    113.57016 -158.75447 
    114.18821 -158.60461 
    114.79494 -158.41649 
    115.38815 -158.19125 
    115.96578 -157.93028 
    116.52609 -157.63525 
    117.06767 -157.30801 
    117.58952 -156.95068 
    118.09119 -156.56546 
    118.57273 -156.15460 
    119.03477 -155.72023 
    119.47836 -155.26418 
    119.90480 -154.78772 
    120.31532 -154.29150 
    120.71061 -153.77534 
    121.09042 -153.23834 
    121.45296 -152.67896 
    121.79456 -152.09546 
    122.10945 -151.48636 
    122.38987 -150.85106 
    122.62648 -150.19041 
    122.80917 -149.50726 
    122.92803 -148.80661 
    122.97460 -148.09554 
    122.94288 -147.38283 
    122.83016 -146.67818 
    122.95902 -145.90872 
    123.14572 -145.07874 
    122.78745 -144.40590 
    121.99333 -143.95000 
    121.20310 -143.56712 
    120.72903 -143.05917 
    120.22958 -142.58954 
    119.71279 -142.15511 
    119.18456 -141.75232 
    118.64859 -141.37784 
    118.10670 -141.02901 
    117.58389 -140.67029 
    117.06743 -140.30557 
    116.53209 -139.96706 
    115.97978 -139.65320 
    115.41151 -139.36296 
    114.82734 -139.09703 
    114.22662 -138.85901 
    113.60886 -138.65590 
    112.97484 -138.49757 
    112.32757 -138.39474 
    111.67251 -138.35617 
    111.01690 -138.38603 
    110.34599 -138.30617 
    109.62564 -138.07657 
    108.86515 -137.87268 
    108.09276 -137.78928 
    107.35969 -137.91368 
    106.71813 -138.27803 
    106.19321 -138.83981 
    105.77013 -139.50597 
    105.40620 -140.18179 
    105.05698 -140.80980 
    104.69653 -141.37794 
    104.32152 -141.90356 
    103.94273 -142.41199 
    103.54877 -142.90437 
    103.18240 -143.41862 
    102.84879 -143.95573 
    102.54942 -144.51361 
    102.28564 -145.09009 
    102.05866 -145.68288 
    101.86955 -146.28964 
    101.71921 -146.90791 
    101.60839 -147.53522 
    101.53767 -148.16898 
Cell 12 100 -116.11253 -131.04359 
    -127.51286 -131.04359 
    -127.66981 -131.77072 
    -127.76880 -132.51613 
    -127.80798 -133.27463 
    -127.78624 -134.04089 
    -127.70296 -134.80956 
    -127.55838 -135.57532 
    -127.35319 -136.33304 
    -127.08871 -137.07779 
    -126.76667 -137.80492 
    -126.38918 -138.51001 
    -125.95870 -139.18906 
    -125.47787 -139.83824 
    -124.94966 -140.45418 
    -122.86777 -139.20927 
    -121.97471 -139.11218 
    -121.35043 -139.29720 
    -120.77990 -139.53349 
    -120.20681 -139.74438 
    -119.63770 -139.94716 
    -119.06292 -140.12395 
    -118.47800 -140.25650 
    -117.88885 -140.35536 
    -117.30006 -140.44379 
    -116.70837 -140.51408 
    -116.11253 -140.55113 
    -115.51360 -140.56337 
    -114.90988 -140.56355 
    -114.29988 -140.54584 
    -113.68415 -140.50153 
    -113.01603 -140.57367 
    -112.35913 -140.52361 
    -111.93372 -139.92403 
    -111.45808 -139.51001 
    -110.99557 -139.10663 
    -110.54127 -138.71178 
    -110.08995 -138.32364 
    -109.63672 -137.93964 
    -109.17791 -137.55565 
    -108.71130 -137.16643 
    -108.23610 -136.76616 
    -107.69041 -136.38843 
    -106.98276 -136.06273 
    -106.15241 -135.73047 
    -105.20633 -135.36166 
    -105.03922 -134.64153 
    -104.99101 -133.89911 
    -104.98766 -133.16577 
    -105.01481 -132.44556 
    -105.08672 -131.73727 
    -105.18488 -131.04359 
    -105.06341 -130.34845 
    -104.75037 -129.60822 
    -104.44058 -128.81705 
    -104.35532 -128.02486 
    -104.61671 -127.30837 
    -105.18633 -126.71761 
    -105.92044 -126.24756 
    -106.66049 -125.84729 
    -107.26763 -125.43045 
    -107.53067 -124.80850 
    -107.82700 -124.18921 
    -108.16263 -123.57814 
    -108.54385 -122.98376 
    -108.97615 -122.41719 
    -109.46298 -121.89127 
    -110.00481 -121.41935 
    -110.59847 -121.01355 
    -111.23731 -120.68321 
    -111.91175 -120.43363 
    -112.61048 -120.26539 
    -113.32182 -120.17447 
    -114.03506 -120.15308 
    -114.74154 -120.19106 
    -115.43518 -120.27737 
    -116.11253 -120.40173 
    -116.77238 -120.55563 
    -117.41505 -120.73309 
    -118.04166 -120.93072 
    -118.65343 -121.14745 
    -119.25115 -121.38393 
    -119.83494 -121.64188 
    -120.40415 -121.92345 
    -120.95749 -122.23065 
    -121.49316 -122.56509 
    -122.00938 -122.92729 
    -122.50688 -123.31416 
    -122.97899 -123.73156 
    -123.42382 -124.17783 
    -123.83963 -124.65118 
    -124.22475 -125.14972 
    -124.57768 -125.67145 
    -124.89702 -126.21429 
    -125.18372 -126.77502 
    -125.54083 -127.31067 
    -125.97086 -127.84043 
    -126.36673 -128.41077 
    -126.72340 -129.01945 
    -127.03615 -129.66362 
    -127.30058 -130.33971 
Cell 13 100 -87.90131 -122.07424 
    -98.05995 -122.07424 
    -98.05263 -122.71291 
    -98.00457 -123.35058 
    -97.91581 -123.98461 
    -97.78658 -124.61235 
    -97.61726 -125.23115 
    -97.40845 -125.83839 
    -97.16092 -126.43148 
    -96.87562 -127.00791 
    -96.55367 -127.56519 
    -96.19635 -128.10094 
    -95.80514 -128.61285 
    -95.38164 -129.09874 
    -94.92761 -129.55650 
    -94.44498 -129.98418 
    -93.93575 -130.37994 
    -93.40211 -130.74211 
    -92.84630 -131.06915 
    -92.27071 -131.35968 
    -91.67777 -131.61250 
    -91.07003 -131.82657 
    -90.45007 -132.00104 
    -89.82054 -132.13522 
    -89.18410 -132.22862 
    -88.54346 -132.28093 
    -87.90131 -132.29204 
    -87.26035 -132.26198 
    -86.62326 -132.19102 
    -85.99268 -132.07961 
    -85.37122 -131.92831 
    -84.76138 -131.73795 
    -84.16565 -131.50945 
    -83.58637 -131.24394 
    -83.02583 -130.94272 
    -82.48067 -130.61580 
    -81.93702 -130.28339 
    -81.41190 -129.91859 
    -80.90719 -129.52222 
    -80.42482 -129.09512 
    -79.96680 -128.63824 
    -79.53519 -128.15259 
    -79.13218 -127.63930 
    -78.76002 -127.09971 
    -78.42104 -126.53532 
    -78.11758 -125.94789 
    -77.85202 -125.33945 
    -77.62661 -124.71233 
    -77.44352 -124.06917 
    -77.30470 -123.41290 
    -77.21183 -122.74677 
    -77.16624 -122.07424 
    -77.16890 -121.39902 
    -77.22028 -120.72491 
    -77.32041 -120.05582 
    -77.46882 -119.39564 
    -77.66455 -118.74812 
    -77.90620 -118.11690 
    -78.19192 -117.50535 
    -78.45154 -116.87919 
    -78.71596 -116.24504 
    -79.02117 -115.62244 
    -79.36821 -115.01505 
    -79.75781 -114.42699 
    -80.19029 -113.86285 
    -80.66539 -113.32752 
    -81.18217 -112.82615 
    -81.73893 -112.36389 
    -82.33313 -111.94576 
    -82.96141 -111.57642 
    -83.61965 -111.26001 
    -84.30304 -110.99992 
    -85.00623 -110.79867 
    -85.72351 -110.65783 
    -86.44898 -110.57793 
    -87.17680 -110.55849 
    -87.90131 -110.59808 
    -88.61726 -110.69440 
    -89.31996 -110.84445 
    -90.00529 -111.04474 
    -90.66988 -111.29139 
    -91.31097 -111.58040 
    -91.92650 -111.90778 
    -92.46675 -112.37218 
    -92.95973 -112.87299 
    -93.42474 -113.37071 
    -93.86688 -113.86333 
    -94.28844 -114.35352 
    -94.69161 -114.84329 
    -95.07831 -115.33459 
    -95.45090 -115.82867 
    -95.84377 -116.30370 
    -96.24622 -116.77840 
    -96.62488 -117.27842 
    -96.96868 -117.80746 
    -97.27341 -118.36356 
    -97.55180 -118.93861 
    -97.70509 -119.55706 
    -97.84007 -120.17832 
    -97.95324 -120.80439 
    -98.02671 -121.43720 
Cell 14 100 -63.42269 -132.23174 
    -74.08133 -132.23174 
    -74.05943 -132.90094 
    -73.99722 -133.56761 
    -73.89402 -134.22925 
    -73.74947 -134.88321 
    -73.56344 -135.52666 
    -73.33620 -136.15677 
    -73.06834 -136.77063 
    -72.76079 -137.36540 
    -72.41480 -137.93831 
    -72.03190 -138.48669 
    -71.61373 -139.00795 
    -71.16180 -139.49924 
    -70.67879 -139.95871 
    -70.16737 -140.38466 
    -69.63024 -140.77570 
    -69.06986 -141.13025 
    -68.48856 -141.44652 
    -67.88908 -141.72330 
    -67.27410 -141.95929 
    -66.64657 -142.15382 
    -66.00936 -142.30617 
    -65.36563 -142.41701 
    -64.71989 -142.50017 
    -64.07352 -142.57649 
    -63.42269 -142.63197 
    -62.76708 -142.65228 
    -62.10814 -142.63745 
    -61.44724 -142.58740 
    -60.78572 -142.50203 
    -60.12497 -142.38109 
    -59.46638 -142.22423 
    -58.81150 -142.03099 
    -58.16206 -141.80080 
    -57.54041 -141.50073 
    -57.22199 -140.76627 
    -56.91579 -140.09721 
    -56.61628 -139.47983 
    -56.31446 -138.90680 
    -56.00642 -138.36700 
    -55.68830 -137.85109 
    -55.35551 -137.35132 
    -54.99966 -136.86234 
    -54.61543 -136.37611 
    -54.19631 -135.88472 
    -53.73115 -135.38071 
    -53.20494 -134.85521 
    -52.59695 -134.29686 
    -51.87743 -133.69025 
    -50.97949 -133.01459 
    -50.92056 -132.23174 
    -50.93154 -131.44586 
    -51.00776 -130.66336 
    -51.14863 -129.89034 
    -51.35274 -129.13271 
    -51.61782 -128.39610 
    -51.94087 -127.68576 
    -52.31825 -127.00639 
    -52.74579 -126.36206 
    -53.21901 -125.75628 
    -53.73345 -125.19209 
    -54.28459 -124.67204 
    -54.86981 -124.20004 
    -55.48650 -123.78055 
    -56.12873 -123.41486 
    -56.71080 -122.99362 
    -57.30545 -122.59251 
    -57.94695 -122.27140 
    -58.62442 -122.03491 
    -59.32093 -121.87187 
    -60.04290 -121.82983 
    -60.75939 -121.85889 
    -61.43258 -121.79922 
    -62.10168 -121.77490 
    -62.76545 -121.78520 
    -63.42269 -121.82939 
    -64.07227 -121.90689 
    -64.71307 -122.01726 
    -65.34395 -122.16014 
    -65.96559 -122.32777 
    -66.60341 -122.44248 
    -67.23937 -122.59189 
    -67.87270 -122.77498 
    -68.50005 -122.99606 
    -69.11643 -123.25983 
    -69.71548 -123.57045 
    -70.28959 -123.93108 
    -70.83040 -124.34332 
    -71.32993 -124.80635 
    -71.78121 -125.31696 
    -72.17246 -125.87465 
    -72.51608 -126.46090 
    -72.85220 -127.04782 
    -73.14540 -127.65658 
    -73.39680 -128.28271 
    -73.60769 -128.92242 
    -73.77925 -129.57262 
    -73.91231 -130.23073 
    -74.00716 -130.89461 
    -74.06367 -131.56226 
Cell 15 100 -54.44504 -112.94199 
    -64.92210 -112.94199 
    -64.81316 -113.59430 
    -64.74735 -114.24348 
    -64.64272 -114.88731 
    -64.50001 -115.52367 
    -64.31995 -116.15054 
    -64.10321 -116.76594 
    -63.85029 -117.36777 
    -63.56193 -117.95405 
    -63.23819 -118.52230 
    -62.87977 -119.07018 
    -62.48674 -119.59467 
    -62.05756 -120.09062 
    -61.59494 -120.55587 
    -61.09726 -120.98315 
    -60.55809 -121.35590 
    -59.97840 -121.66118 
    -59.35325 -121.86999 
    -58.71398 -122.01395 
    -58.11551 -122.21255 
    -57.54218 -122.47401 
    -56.97935 -122.81248 
    -56.40474 -123.21511 
    -55.78149 -123.52109 
    -55.11563 -123.60069 
    -54.44504 -123.62969 
    -53.77360 -123.61418 
    -53.10442 -123.55409 
    -52.44060 -123.44962 
    -51.78525 -123.30120 
    -51.14141 -123.10953 
    -50.51208 -122.87551 
    -49.90018 -122.60030 
    -49.30853 -122.28527 
    -48.73982 -121.93198 
    -48.19661 -121.54221 
    -47.68134 -121.11790 
    -47.19622 -120.66119 
    -46.74337 -120.17435 
    -46.32464 -119.65977 
    -45.94169 -119.12003 
    -45.54023 -118.59316 
    -45.14497 -118.05475 
    -44.78317 -117.48852 
    -44.45833 -116.89601 
    -44.17398 -116.27926 
    -43.93359 -115.64088 
    -43.74039 -114.98402 
    -43.59717 -114.31240 
    -43.50622 -113.63020 
    -43.46910 -112.94199 
    -43.48662 -112.25255 
    -43.55875 -111.56673 
    -43.68462 -110.88934 
    -43.86260 -110.22488 
    -44.09035 -109.57755 
    -44.36497 -108.95101 
    -44.68313 -108.34839 
    -45.04127 -107.77222 
    -45.43572 -107.22450 
    -45.41291 -106.37977 
    -44.93954 -105.07836 
    -46.37284 -105.36169 
    -47.30729 -105.34106 
    -47.83346 -104.94997 
    -48.32891 -104.52386 
    -48.81659 -104.07297 
    -49.32937 -103.63663 
    -49.86813 -103.21556 
    -50.43397 -102.81119 
    -51.02815 -102.42590 
    -51.65181 -102.06307 
    -52.30571 -101.72722 
    -52.98997 -101.42391 
    -53.70375 -101.15964 
    -54.44504 -100.94157 
    -55.21038 -100.77724 
    -55.99484 -100.67407 
    -56.79197 -100.63898 
    -57.59395 -100.67780 
    -58.39186 -100.79491 
    -59.17604 -100.99284 
    -59.93654 -101.27196 
    -60.66362 -101.63044 
    -61.34827 -102.06425 
    -61.98266 -102.56734 
    -62.56055 -103.13202 
    -63.07752 -103.74933 
    -63.53109 -104.40962 
    -63.92070 -105.10304 
    -64.24758 -105.82003 
    -64.51442 -106.55177 
    -64.72507 -107.29050 
    -64.88407 -108.02976 
    -64.99633 -108.76444 
    -65.06668 -109.49081 
    -65.09958 -110.20638 
    -65.09888 -110.90967 
    -65.06769 -111.60004 
    -65.00827 -112.27741 
Cell 16 100 -34.05481 -128.18951 
    -45.00578 -128.18951 
    -44.91367 -128.87270 
    -44.77012 -129.54317 
    -44.62826 -130.20651 
    -44.57932 -130.89175 
    -44.49730 -131.58247 
    -44.37602 -132.27597 
    -43.87051 -132.80843 
    -43.11528 -133.17055 
    -42.51028 -133.55551 
    -41.98409 -133.95047 
    -41.48237 -134.33412 
    -40.99574 -134.70747 
    -40.52149 -135.07582 
    -40.05600 -135.44371 
    -39.59504 -135.81499 
    -39.13392 -136.19290 
    -38.66744 -136.57985 
    -38.18966 -136.97652 
    -37.69290 -137.37827 
    -37.17442 -137.79070 
    -36.63579 -138.24174 
    -36.05302 -138.66451 
    -35.42321 -139.02153 
    -34.75505 -139.31946 
    -34.05481 -139.54881 
    -33.33131 -139.68933 
    -32.59562 -139.74023 
    -31.85851 -139.70293 
    -31.12983 -139.58157 
    -30.42062 -139.37442 
    -29.74856 -139.06586 
    -29.10364 -138.71130 
    -28.48920 -138.31332 
    -27.90832 -137.87483 
    -27.36375 -137.39897 
    -26.85793 -136.88905 
    -26.39299 -136.34853 
    -25.97066 -135.78104 
    -25.59239 -135.19025 
    -25.25921 -134.57990 
    -24.97184 -133.95375 
    -24.73062 -133.31554 
    -24.75330 -132.56647 
    -24.75596 -131.87119 
    -24.62039 -131.25494 
    -24.48363 -130.64699 
    -24.39395 -130.03242 
    -24.35637 -129.41472 
    -24.31840 -128.80208 
    -24.28008 -128.18951 
    -24.23916 -127.57196 
    -24.21285 -126.94618 
    -24.24740 -126.31865 
    -24.31466 -125.68867 
    -24.42717 -125.06130 
    -24.59371 -124.44360 
    -24.78544 -123.82767 
    -25.00133 -123.21232 
    -25.24141 -122.59636 
    -25.50708 -121.97922 
    -25.80116 -121.36150 
    -26.12785 -120.74560 
    -26.49228 -120.13624 
    -26.89994 -119.54076 
    -27.35573 -118.96902 
    -27.86313 -118.43298 
    -28.42328 -117.94579 
    -29.03437 -117.52052 
    -29.69145 -117.16891 
    -30.38661 -116.89994 
    -31.10965 -116.71886 
    -31.84906 -116.62656 
    -32.59320 -116.61967 
    -33.33139 -116.69100 
    -34.05481 -116.83062 
    -34.75710 -117.02710 
    -35.43441 -117.26888 
    -36.08528 -117.54543 
    -36.71004 -117.84808 
    -37.31019 -118.17049 
    -37.88768 -118.50880 
    -38.44436 -118.86125 
    -38.98449 -119.22247 
    -39.56897 -119.50059 
    -40.14281 -119.81011 
    -40.70430 -120.15166 
    -41.25116 -120.52618 
    -41.78033 -120.93478 
    -42.28790 -121.37852 
    -42.76916 -121.85818 
    -43.21871 -122.37393 
    -43.63070 -122.92513 
    -43.99912 -123.51008 
    -44.31828 -124.12592 
    -44.58314 -124.76865 
    -44.78973 -125.43326 
    -44.93550 -126.11391 
    -45.01944 -126.80436 
    -45.04216 -127.49825 
Cell 17 100 -14.56442 -129.40816 
    -24.35596 -129.40816 
    -24.39359 -130.02655 
    -24.48693 -130.66167 
    -24.63681 -131.32957 
    -24.75537 -132.02475 
    -24.74874 -132.71724 
    -24.56684 -133.36839 
    -24.29538 -133.98720 
    -23.98417 -134.58670 
    -23.63497 -135.16451 
    -23.24959 -135.71831 
    -22.82998 -136.24603 
    -22.37810 -136.74570 
    -21.89598 -137.21547 
    -21.38569 -137.65366 
    -20.84936 -138.05864 
    -20.28918 -138.42892 
    -19.70737 -138.76314 
    -19.10621 -139.05995 
    -18.48808 -139.31821 
    -17.85513 -139.53593 
    -17.20840 -139.70578 
    -16.53607 -139.74391 
    -15.83024 -139.42813 
    -15.18149 -139.21622 
    -14.56442 -139.09206 
    -13.96089 -139.00093 
    -13.36211 -138.92540 
    -12.76054 -138.86443 
    -12.14956 -138.81340 
    -11.52595 -138.75961 
    -10.84055 -138.81357 
    -10.09817 -138.89941 
    -9.52135 -138.58148 
    -8.96756 -138.22740 
    -8.43914 -137.83888 
    -7.93827 -137.41780 
    -7.46696 -136.96619 
    -7.02710 -136.48618 
    -6.62035 -135.98006 
    -6.24825 -135.45021 
    -5.91210 -134.89909 
    -5.61305 -134.32921 
    -5.35203 -133.74318 
    -5.12980 -133.14359 
    -4.94693 -132.53307 
    -4.80377 -131.91426 
    -4.67426 -131.29480 
    -4.55838 -130.67221 
    -4.47771 -130.04276 
    -4.43222 -129.40816 
    -4.42197 -128.77005 
    -4.44706 -128.13004 
    -4.50775 -127.48975 
    -4.60445 -126.85087 
    -4.73772 -126.21527 
    -4.90831 -125.58503 
    -5.11703 -124.96255 
    -5.36474 -124.35059 
    -5.65223 -123.75230 
    -5.98004 -123.17124 
    -6.34842 -122.61129 
    -6.75711 -122.07661 
    -7.20530 -121.57149 
    -7.69148 -121.10020 
    -8.21348 -120.66684 
    -8.76840 -120.27509 
    -9.35274 -119.92814 
    -9.96245 -119.62846 
    -10.46160 -119.04561 
    -10.76075 -117.70167 
    -11.57104 -117.74970 
    -12.45234 -118.33624 
    -13.15691 -118.26659 
    -13.86702 -118.32336 
    -14.56442 -118.48195 
    -15.23762 -118.70791 
    -15.88336 -118.96770 
    -16.50465 -119.23709 
    -17.12168 -119.44830 
    -17.72728 -119.67389 
    -18.31643 -119.93165 
    -18.88790 -120.22029 
    -19.44043 -120.53873 
    -19.97275 -120.88600 
    -20.48349 -121.26126 
    -20.99488 -121.63506 
    -21.51139 -122.01038 
    -22.00592 -122.42012 
    -22.47569 -122.86339 
    -22.91784 -123.33904 
    -23.32960 -123.84560 
    -23.70823 -124.38131 
    -24.05114 -124.94405 
    -24.34186 -125.53699 
    -24.25367 -126.25993 
    -24.21371 -126.93063 
    -24.23877 -127.56268 
    -24.27951 -128.18086 
    -24.31792 -128.79453 
Cell 18 100 9.52522 -130.42233 
    -0.62550 -130.42233 
    -0.60919 -131.05994 
    -0.55225 -131.69542 
    -0.45490 -132.32614 
    -0.31749 -132.94951 
    -0.14058 -133.56294 
    0.07511 -134.16389 
    0.32870 -134.74988 
    0.61915 -135.31848 
    0.94524 -135.86736 
    1.30562 -136.39423 
    1.69877 -136.89694 
    2.12305 -137.37343 
    2.57669 -137.82178 
    3.05778 -138.24013 
    3.56430 -138.62685 
    4.09414 -138.98035 
    4.64509 -139.29927 
    5.21484 -139.58235 
    5.80104 -139.82854 
    6.40126 -140.03690 
    7.01303 -140.20667 
    7.63382 -140.33745 
    8.26112 -140.42876 
    8.89242 -140.48044 
    9.52522 -140.49257 
    10.15708 -140.46539 
    10.78562 -140.39941 
    11.40860 -140.29532 
    12.02448 -140.15631 
    12.63448 -139.99164 
    13.23435 -139.79051 
    13.82210 -139.55367 
    14.39581 -139.28191 
    14.95361 -138.97609 
    15.49366 -138.63718 
    16.01418 -138.26614 
    16.51340 -137.86398 
    16.99227 -137.43436 
    17.47125 -136.99585 
    17.93535 -136.53264 
    18.38399 -136.04428 
    18.81593 -135.52994 
    19.22907 -134.98862 
    19.62030 -134.41925 
    19.98543 -133.82106 
    20.31920 -133.19376 
    20.61548 -132.53792 
    20.86745 -131.85519 
    21.06801 -131.14854 
    21.21016 -130.42233 
    21.28568 -129.68243 
    21.25218 -128.94087 
    20.84987 -128.26204 
    20.33267 -127.64745 
    19.81058 -127.08042 
    19.33857 -126.53696 
    18.89296 -126.01421 
    18.46285 -125.50883 
    18.05756 -125.00755 
    17.67279 -124.50278 
    17.28107 -124.00613 
    16.87931 -123.51639 
    16.46712 -123.02997 
    16.04468 -122.54166 
    15.61280 -122.04350 
    15.19515 -121.48796 
    14.60275 -121.18636 
    13.99118 -120.93169 
    13.37089 -120.70930 
    12.74055 -120.52657 
    12.10279 -120.38339 
    11.46007 -120.27953 
    10.81475 -120.21466 
    10.17014 -120.17164 
    9.52522 -120.11893 
    8.87629 -120.10778 
    8.22618 -120.13935 
    7.57799 -120.21459 
    6.93502 -120.33415 
    6.30072 -120.49833 
    5.67865 -120.70700 
    5.07238 -120.95955 
    4.48538 -121.25490 
    3.92099 -121.59148 
    3.38227 -121.96728 
    2.87195 -122.37990 
    2.39240 -122.82664 
    1.94559 -123.30458 
    1.53309 -123.81066 
    1.15608 -124.34180 
    0.81542 -124.89493 
    0.51168 -125.46709 
    0.24518 -126.05548 
    0.00782 -126.65413 
    -0.19147 -127.26519 
    -0.35184 -127.88634 
    -0.47320 -128.51503 
    -0.55558 -129.14883 
    -0.60208 -129.78517 
Cell 19 100 25.95045 -119.29740 
    14.75362 -119.29740 
    14.81011 -119.99829 
    14.91790 -120.69114 
    15.09393 -121.36839 
    15.55492 -121.96652 
    16.02731 -122.52162 
    16.48117 -123.04655 
    16.90865 -123.55215 
    17.31260 -124.04610 
    17.69734 -124.53498 
    18.06997 -125.02290 
    18.45454 -125.49856 
    18.85068 -125.96453 
    19.24982 -126.43285 
    19.65754 -126.90421 
    20.08177 -127.37495 
    20.51434 -127.86333 
    20.93922 -128.41280 
    21.46219 -128.83545 
    22.06434 -129.11258 
    22.68427 -129.34966 
    23.31920 -129.54543 
    23.96625 -129.69893 
    24.62248 -129.80933 
    25.28490 -129.87605 
    25.95045 -129.89877 
    26.61608 -129.87733 
    27.27874 -129.81187 
    27.93537 -129.70271 
    28.58297 -129.55038 
    29.21859 -129.35571 
    29.83935 -129.11964 
    30.44246 -128.84340 
    31.02523 -128.52840 
    31.58512 -128.17622 
    32.11969 -127.78864 
    32.62671 -127.36761 
    33.10407 -126.91524 
    33.54991 -126.43377 
    33.96254 -125.92558 
    34.34056 -125.39317 
    34.68280 -124.83912 
    34.98841 -124.26606 
    35.25686 -123.67667 
    35.48798 -123.07358 
    35.68196 -122.45936 
    35.83934 -121.83644 
    35.96104 -121.20702 
    36.04819 -120.57304 
    36.10212 -119.93609 
    36.12419 -119.29740 
    36.11557 -118.65787 
    36.07709 -118.01811 
    36.00901 -117.37863 
    35.91086 -116.74001 
    35.78138 -116.10314 
    35.61847 -115.46956 
    35.41938 -114.84166 
    35.18098 -114.22288 
    34.91292 -113.60965 
    34.68564 -112.95091 
    34.42988 -112.28261 
    34.13861 -111.60820 
    33.80382 -110.93441 
    33.41742 -110.27139 
    32.97238 -109.63255 
    32.46396 -109.03374 
    31.89070 -108.49213 
    31.25506 -108.02453 
    30.56367 -107.64573 
    29.82691 -107.36689 
    29.05800 -107.19428 
    28.27176 -107.12864 
    27.48311 -107.16516 
    26.70563 -107.29419 
    25.95045 -107.50248 
    25.22550 -107.77474 
    24.53530 -108.09533 
    23.88115 -108.44974 
    23.26179 -108.82578 
    22.67424 -109.21427 
    22.10935 -109.59589 
    21.48078 -109.79887 
    20.86118 -110.04006 
    20.25314 -110.31989 
    19.65949 -110.63864 
    19.08332 -110.99648 
    18.52796 -111.39325 
    17.99693 -111.82855 
    17.49393 -112.30156 
    17.02270 -112.81101 
    16.58700 -113.35518 
    16.19048 -113.93181 
    15.83657 -114.53817 
    15.52839 -115.17102 
    15.26867 -115.82668 
    15.05961 -116.50111 
    14.90286 -117.18996 
    14.79945 -117.88870 
    14.74978 -118.59271 
Cell 20 100 52.37568 -119.50410 
    42.31129 -119.50410 
    42.32526 -120.13641 
    42.37903 -120.76697 
    42.47248 -121.39323 
    42.60535 -122.01269 
    42.77719 -122.62283 
    42.98737 -123.22118 
    43.23513 -123.80531 
    43.51952 -124.37281 
    43.83942 -124.92136 
    44.19361 -125.44872 
    44.58066 -125.95269 
    44.99904 -126.43122 
    45.44702 -126.88236 
    45.92284 -127.30424 
    46.42456 -127.69510 
    46.95015 -128.05336 
    47.49745 -128.37755 
    48.06425 -128.66635 
    48.64821 -128.91859 
    49.24696 -129.13329 
    49.85806 -129.30959 
    50.47900 -129.44681 
    51.10728 -129.54443 
    51.74036 -129.60214 
    52.37568 -129.61978 
    53.01069 -129.59737 
    53.64288 -129.53505 
    54.26976 -129.43323 
    54.88888 -129.29239 
    55.49787 -129.11324 
    56.09441 -128.89656 
    56.67628 -128.64334 
    57.12931 -128.15092 
    57.50349 -127.58424 
    57.89582 -127.10192 
    58.28305 -126.64489 
    58.66337 -126.19982 
    59.03603 -125.75859 
    59.40430 -125.31868 
    59.76738 -124.87448 
    60.12629 -124.42278 
    60.48507 -123.96228 
    60.85011 -123.49186 
    61.22918 -123.00945 
    61.63097 -122.51133 
    62.06473 -121.99183 
    62.53822 -121.44271 
    62.86502 -120.82921 
    63.14140 -120.18142 
    63.39427 -119.50410 
    63.59445 -118.79827 
    63.70839 -118.07244 
    63.70643 -117.34264 
    63.57124 -116.62956 
    63.30328 -115.95350 
    62.92089 -115.32895 
    62.45486 -114.76119 
    62.01507 -114.20480 
    61.86990 -113.47887 
    61.68012 -112.74402 
    61.43185 -112.01218 
    61.11203 -111.30011 
    60.71079 -110.62810 
    60.22350 -110.01771 
    59.65208 -109.48898 
    59.00525 -109.05756 
    58.29746 -108.73241 
    57.54692 -108.51463 
    56.77308 -108.39753 
    55.99398 -108.36809 
    55.22433 -108.40932 
    54.47424 -108.50301 
    53.75217 -108.60800 
    53.06030 -108.62231 
    52.37568 -108.68289 
    51.70140 -108.78689 
    51.04004 -108.93144 
    50.39362 -109.11381 
    49.76379 -109.33146 
    49.15184 -109.58215 
    48.55888 -109.86396 
    47.98586 -110.17526 
    47.43372 -110.51472 
    46.90342 -110.88120 
    46.39596 -111.27374 
    45.91249 -111.69145 
    45.45421 -112.13349 
    45.02244 -112.59895 
    44.61856 -113.08685 
    44.24397 -113.59607 
    43.90011 -114.12534 
    43.58835 -114.67323 
    43.30245 -115.23457 
    43.04851 -115.81121 
    42.83062 -116.40273 
    42.64976 -117.00690 
    42.50677 -117.62151 
    42.40236 -118.24417 
    42.33707 -118.87252 
Cell 21 100 66.59172 -131.13278 
    56.41888 -131.13278 
    56.35936 -131.77655 
    56.33747 -132.42819 
    56.35289 -133.08594 
    56.42736 -133.74254 
    56.55663 -134.39337 
    56.71763 -135.04221 
    56.93493 -135.67693 
    57.20757 -136.29176 
    57.52075 -136.88939 
    57.87371 -137.46678 
    58.26535 -138.02095 
    58.69429 -138.54897 
    59.15881 -139.04802 
    59.65692 -139.51552 
    60.18641 -139.94893 
    60.74487 -140.34595 
    61.32964 -140.70447 
    61.93790 -141.02266 
    62.56670 -141.29881 
    63.21341 -141.53015 
    63.88837 -141.66162 
    64.58437 -141.65572 
    65.26905 -141.60275 
    65.93884 -141.51010 
    66.59172 -141.41545 
    67.23500 -141.35742 
    67.88088 -141.33751 
    68.54343 -141.36398 
    69.23420 -141.42456 
    69.88785 -141.27722 
    70.51655 -141.04576 
    71.12627 -140.76918 
    71.60543 -140.25269 
    71.90320 -139.50235 
    72.28080 -138.96313 
    72.67313 -138.48395 
    73.03706 -137.99638 
    73.38490 -137.51199 
    73.72530 -137.03419 
    74.06432 -136.56194 
    74.40633 -136.09209 
    74.75363 -135.61983 
    75.10438 -135.13852 
    75.45429 -134.64172 
    75.80535 -134.12648 
    76.19423 -133.59828 
    76.65426 -133.05231 
    76.76746 -132.41827 
    76.85534 -131.77852 
    76.90792 -131.13278 
    76.92012 -130.48297 
    76.89092 -129.83170 
    76.81947 -129.18173 
    76.70506 -128.53612 
    76.54725 -127.89803 
    76.34591 -127.27083 
    76.10126 -126.65794 
    75.81392 -126.06284 
    75.48495 -125.48897 
    75.11583 -124.93965 
    74.70848 -124.41801 
    74.26521 -123.92690 
    73.78863 -123.46886 
    73.28167 -123.04603 
    72.74743 -122.66018 
    72.22658 -122.25367 
    71.74655 -121.75618 
    71.23754 -121.25990 
    70.69180 -120.77718 
    70.10269 -120.32713 
    69.46711 -119.93388 
    68.78735 -119.62292 
    68.07182 -119.41661 
    67.33431 -119.32967 
    66.59172 -119.36600 
    65.86098 -119.51798 
    65.15602 -119.76808 
    64.48572 -120.09271 
    63.85316 -120.46681 
    63.25655 -120.86819 
    62.69090 -121.28043 
    62.21067 -121.82258 
    61.76427 -122.35168 
    61.34520 -122.86560 
    60.94891 -123.36612 
    60.56963 -123.85332 
    60.20080 -124.32715 
    59.83572 -124.78848 
    59.46859 -125.24002 
    59.09607 -125.68687 
    58.71754 -126.13568 
    58.32947 -126.59057 
    57.93285 -127.05822 
    57.53409 -127.54662 
    57.17969 -128.07463 
    56.88823 -128.64136 
    56.76227 -129.25772 
    56.64805 -129.87660 
    56.52590 -130.49950 
Cell 22 100 79.95686 -108.57792 
    67.82353 -108.57792 
    67.84306 -109.34006 
    67.93680 -110.09641 
    68.10211 -110.83933 
    68.33480 -111.56196 
    68.62941 -112.25842 
    68.97961 -112.92412 
    69.37858 -113.55568 
    69.81944 -114.15101 
    70.29559 -114.70914 
    70.80096 -115.23006 
    71.33031 -115.71442 
    71.87923 -116.16331 
    72.44426 -116.57802 
    73.02279 -116.95977 
    73.61295 -117.30956 
    74.21346 -117.62807 
    74.82345 -117.91555 
    75.44229 -118.17186 
    76.06942 -118.39646 
    76.70422 -118.58851 
    77.34590 -118.74692 
    77.99345 -118.87049 
    78.64555 -118.95799 
    79.30064 -119.00825 
    79.95686 -119.02666 
    80.61327 -119.01137 
    81.26756 -118.95316 
    81.91679 -118.85225 
    82.55809 -118.70907 
    83.18862 -118.52426 
    83.80556 -118.29865 
    84.40621 -118.03329 
    84.98792 -117.72939 
    85.54813 -117.38835 
    86.08442 -117.01179 
    86.59449 -116.60144 
    87.07618 -116.15923 
    87.52749 -115.68722 
    87.94662 -115.18762 
    88.33202 -114.66283 
    88.68253 -114.11539 
    88.99753 -113.54807 
    89.27736 -112.96381 
    89.52377 -112.36573 
    89.74057 -111.75684 
    89.93423 -111.13967 
    90.11418 -110.51553 
    90.29218 -109.88358 
    90.48049 -109.24001 
    90.68845 -108.57792 
    90.91794 -107.88831 
    91.15897 -107.16277 
    91.38710 -106.39748 
    91.56474 -105.59752 
    91.64697 -104.77957 
    91.59123 -103.97154 
    91.36818 -103.20816 
    90.96989 -102.52345 
    90.41264 -101.94248 
    89.73289 -101.47522 
    88.97819 -101.11482 
    88.47141 -100.58223 
    88.05956 -99.94941 
    87.60030 -99.33857 
    87.09331 -98.75543 
    86.53901 -98.20610 
    85.93873 -97.69692 
    85.29478 -97.23426 
    84.61046 -96.82426 
    83.89009 -96.47267 
    83.13893 -96.18455 
    82.36307 -95.96410 
    81.56925 -95.81448 
    80.76469 -95.73766 
    79.95686 -95.73435 
    79.15319 -95.80399 
    78.36092 -95.94473 
    77.58680 -96.15363 
    76.83695 -96.42670 
    76.11670 -96.75915 
    75.43046 -97.14554 
    74.78168 -97.58011 
    74.17287 -98.05688 
    73.60561 -98.56997 
    73.08070 -99.11371 
    72.59819 -99.68282 
    72.15758 -100.27254 
    71.75797 -100.87865 
    71.39818 -101.49757 
    71.07691 -102.12627 
    70.59338 -102.63568 
    70.09114 -103.15420 
    69.62106 -103.71426 
    69.19048 -104.31522 
    68.80694 -104.95509 
    68.47780 -105.63060 
    68.20982 -106.33705 
    68.00878 -107.06853 
    67.87909 -107.81805 
Cell 23 100 97.78363 -127.03345 
    86.21796 -127.03345 
    86.38755 -127.75043 
    86.60649 -128.44545 
    86.86752 -129.11580 
    87.22339 -129.74486 
    87.92874 -130.23549 
    88.53928 -130.69354 
    89.09040 -131.12418 
    89.57039 -131.54871 
    90.00106 -131.97241 
    90.41314 -132.38843 
    90.81913 -132.79498 
    91.22009 -133.19704 
    91.61820 -133.59895 
    92.01758 -134.00342 
    92.42213 -134.41292 
    92.83665 -134.82866 
    93.26727 -135.24867 
    93.72059 -135.66783 
    94.19635 -136.09387 
    94.67396 -136.60402 
    95.16968 -137.21411 
    95.80730 -137.39374 
    96.45745 -137.53125 
    97.11723 -137.62563 
    97.78363 -137.67606 
    98.45358 -137.68195 
    99.12393 -137.64299 
    99.79151 -137.55913 
    100.45314 -137.43051 
    101.10571 -137.25777 
    101.74615 -137.04164 
    102.37121 -136.78255 
    102.97780 -136.48161 
    103.56307 -136.14038 
    104.12421 -135.76050 
    104.65849 -135.34372 
    105.16338 -134.89209 
    105.63650 -134.40778 
    106.07565 -133.89320 
    106.47882 -133.35088 
    106.84420 -132.78346 
    107.17024 -132.19379 
    107.45557 -131.58472 
    107.69907 -130.95924 
    107.89989 -130.32042 
    108.05737 -129.67130 
    108.17117 -129.01498 
    108.24115 -128.35454 
    108.26746 -127.69303 
    108.25046 -127.03345 
    108.19080 -126.37868 
    108.08936 -125.73153 
    107.94725 -125.09464 
    107.76584 -124.47045 
    107.54666 -123.86124 
    107.29148 -123.26902 
    107.00222 -122.69551 
    106.68088 -122.14214 
    106.32959 -121.61002 
    105.95046 -121.09990 
    105.54556 -120.61222 
    105.11683 -120.14712 
    104.66602 -119.70444 
    104.19463 -119.28388 
    103.70380 -118.88503 
    103.19434 -118.50753 
    102.66669 -118.15119 
    102.12095 -117.81617 
    101.55695 -117.50311 
    100.97440 -117.21328 
    100.37296 -116.94865 
    99.75256 -116.71195 
    99.11347 -116.50669 
    98.45660 -116.33700 
    97.78363 -116.20750 
    97.09721 -116.12310 
    96.40098 -116.08862 
    95.69959 -116.10853 
    94.99863 -116.18657 
    94.30441 -116.32551 
    93.62375 -116.52679 
    92.96363 -116.79044 
    92.33086 -117.11489 
    91.73170 -117.49715 
    91.17162 -117.93281 
    90.65488 -118.41628 
    90.01823 -118.76414 
    89.40007 -119.16076 
    88.80971 -119.60957 
    88.25616 -120.11134 
    87.74866 -120.66506 
    87.29611 -121.26789 
    86.90649 -121.91505 
    86.58626 -122.60010 
    86.33996 -123.31518 
    86.16987 -124.05154 
    86.07592 -124.80008 
    86.05575 -125.55187 
    86.10506 -126.29869 
Cell 24 100 -103.41728 -110.18661 
    -113.64776 -110.18661 
    -113.63675 -110.82956 
    -113.58451 -111.47102 
    -113.49112 -112.10829 
    -113.35690 -112.73867 
    -113.18238 -113.35947 
    -112.96825 -113.96810 
    -112.71539 -114.56197 
    -112.42488 -115.13857 
    -112.09796 -115.69553 
    -111.73603 -116.23053 
    -111.34065 -116.74139 
    -110.91353 -117.22605 
    -110.45652 -117.68263 
    -109.97157 -118.10938 
    -109.46074 -118.50471 
    -108.92619 -118.86726 
    -108.37012 -119.19579 
    -107.79480 -119.48930 
    -107.20249 -119.74695 
    -106.59548 -119.96809 
    -105.97602 -120.15224 
    -105.34634 -120.29910 
    -104.70861 -120.40850 
    -104.06491 -120.48040 
    -103.41728 -120.51485 
    -102.76766 -120.51201 
    -102.11793 -120.47205 
    -101.46989 -120.39517 
    -100.82533 -120.28160 
    -100.18598 -120.13153 
    -99.55362 -119.94511 
    -98.93005 -119.72244 
    -98.31719 -119.46364 
    -97.71704 -119.16875 
    -97.35457 -118.53121 
    -97.02609 -117.91223 
    -96.67918 -117.36197 
    -96.30919 -116.86155 
    -95.91765 -116.39085 
    -95.52625 -115.91978 
    -95.15180 -115.43204 
    -94.76868 -114.94121 
    -94.36486 -114.44635 
    -93.93395 -113.94132 
    -93.46828 -113.41923 
    -92.95869 -112.87192 
    -92.37473 -112.29308 
    -92.16532 -111.60806 
    -91.80198 -110.91738 
    -91.39916 -110.18661 
    -91.15073 -109.41486 
    -91.11587 -108.63258 
    -91.31688 -107.87833 
    -91.73079 -107.18603 
    -92.29765 -106.57362 
    -92.94135 -106.03889 
    -93.39673 -105.47129 
    -93.21469 -104.57768 
    -92.99117 -103.57000 
    -94.63205 -103.80376 
    -95.10933 -103.31367 
    -95.61348 -102.85835 
    -96.14127 -102.43844 
    -96.68960 -102.05424 
    -97.25563 -101.70583 
    -97.83675 -101.39310 
    -98.43059 -101.11585 
    -99.03502 -100.87383 
    -99.64812 -100.66679 
    -100.26814 -100.49451 
    -100.89342 -100.35684 
    -101.52248 -100.25367 
    -102.14760 -100.13601 
    -102.77660 -100.00336 
    -103.41728 -99.87907 
    -104.07316 -99.76175 
    -104.74757 -99.65633 
    -105.44144 -99.57559 
    -106.15096 -99.53967 
    -106.86595 -99.57269 
    -107.57029 -99.69732 
    -108.24433 -99.92860 
    -108.86932 -100.26940 
    -109.43185 -100.70918 
    -109.92705 -101.22669 
    -110.35905 -101.79545 
    -110.73878 -102.39001 
    -111.07998 -102.99085 
    -111.39525 -103.58666 
    -111.69316 -104.17383 
    -111.97725 -104.75429 
    -112.29601 -105.30549 
    -112.59778 -105.86660 
    -112.86375 -106.44649 
    -113.09265 -107.04289 
    -113.28337 -107.65343 
    -113.43494 -108.27563 
    -113.54658 -108.90698 
    -113.61766 -109.54485 
