104 25 
Cell 0 100 -122.63275 -143.86452 
    -132.63284 -143.86452 
    -132.61310 -144.49243 
    -132.55397 -145.11786 
    -132.45567 -145.73834 
    -132.31862 -146.35143 
    -132.14334 -146.95470 
    -131.93053 -147.54576 
    -131.68810 -148.12564 
    -131.41801 -148.69426 
    -131.11597 -149.24812 
    -130.77879 -149.78296 
    -130.40765 -150.29648 
    -130.00386 -150.78644 
    -129.56883 -151.25070 
    -129.10422 -151.68716 
    -128.61174 -152.09390 
    -128.09334 -152.46901 
    -127.55100 -152.81078 
    -126.98692 -153.11758 
    -126.40336 -153.38797 
    -125.80270 -153.62064 
    -125.18745 -153.81441 
    -124.56015 -153.96831 
    -123.92346 -154.08154 
    -123.28008 -154.15349 
    -122.63275 -154.18370 
    -121.98426 -154.17195 
    -121.33741 -154.11819 
    -120.69500 -154.02257 
    -120.05982 -153.88541 
    -119.43464 -153.70729 
    -118.82217 -153.48892 
    -118.22511 -153.23125 
    -117.64601 -152.93536 
    -117.08741 -152.60257 
    -116.55171 -152.23434 
    -116.04123 -151.83229 
    -115.55814 -151.39822 
    -115.10446 -150.93405 
    -114.68213 -150.44185 
    -114.29287 -149.92380 
    -113.93829 -149.38219 
    -113.61978 -148.81944 
    -113.33859 -148.23802 
    -113.09580 -147.64046 
    -112.86806 -147.03726 
    -112.66885 -146.42281 
    -112.50375 -145.79672 
    -112.37284 -145.16064 
    -112.27623 -144.51610 
    -112.30696 -143.86452 
    -112.74432 -143.24240 
    -113.08894 -142.65884 
    -113.37944 -142.09937 
    -113.63669 -141.55473 
    -113.87518 -141.01901 
    -114.10566 -140.48840 
    -114.33242 -139.95868 
    -114.56618 -139.42989 
    -114.81268 -138.90175 
    -115.07314 -138.37213 
    -115.34910 -137.83896 
    -115.64441 -137.30203 
    -115.96237 -136.76128 
    -116.32987 -136.24565 
    -116.71880 -135.72466 
    -117.09391 -135.13670 
    -117.36629 -134.28487 
    -117.80215 -133.59898 
    -118.51004 -133.45175 
    -119.23595 -133.41022 
    -119.92558 -133.32080 
    -120.60091 -133.21317 
    -121.27125 -133.08708 
    -121.94392 -132.91594 
    -122.63275 -132.64705 
    -123.35739 -132.34673 
    -124.13257 -131.99226 
    -124.91299 -131.91104 
    -125.61698 -132.24170 
    -126.28872 -132.61259 
    -126.88483 -133.12497 
    -127.37829 -133.77975 
    -127.81959 -134.42969 
    -128.33295 -134.88245 
    -128.83102 -135.33333 
    -129.42641 -135.65240 
    -130.22002 -135.78490 
    -130.21896 -136.74060 
    -130.52260 -137.33748 
    -130.87030 -137.87959 
    -131.18768 -138.43539 
    -131.47444 -139.00377 
    -131.73007 -139.58365 
    -131.95404 -140.17397 
    -132.14565 -140.77359 
    -132.31873 -141.37758 
    -132.45576 -141.99068 
    -132.55402 -142.61118 
    -132.61313 -143.23660 
Cell 1 100 -105.63914 -136.41309 
    -116.21053 -136.41309 
    -115.79153 -137.05182 
    -115.45155 -137.65268 
    -115.14823 -138.22705 
    -114.87089 -138.78340 
    -114.61329 -139.32896 
    -114.37142 -139.87045 
    -114.13818 -140.41243 
    -113.90257 -140.95595 
    -113.65968 -141.50308 
    -113.40146 -142.05275 
    -113.11900 -142.60097 
    -112.80400 -143.14134 
    -112.44804 -143.66383 
    -112.02923 -144.13737 
    -111.53043 -144.52176 
    -111.01113 -144.87799 
    -110.47028 -145.20091 
    -109.91003 -145.48921 
    -109.33260 -145.74170 
    -108.74026 -145.95738 
    -108.13539 -146.13535 
    -107.52037 -146.27484 
    -106.89766 -146.37534 
    -106.26975 -146.43637 
    -105.63914 -146.45770 
    -105.00835 -146.43921 
    -104.37991 -146.38095 
    -103.75632 -146.28317 
    -103.14009 -146.14622 
    -102.53369 -145.97066 
    -101.93954 -145.75719 
    -101.36004 -145.50664 
    -100.79749 -145.22002 
    -100.25415 -144.89847 
    -99.73219 -144.54329 
    -99.23372 -144.15591 
    -98.76070 -143.73788 
    -98.31504 -143.29088 
    -97.89850 -142.81670 
    -97.51038 -142.31897 
    -97.14671 -141.80254 
    -96.81207 -141.26581 
    -96.66485 -140.63606 
    -96.64944 -139.97237 
    -96.60278 -139.34918 
    -96.56342 -138.74333 
    -96.53529 -138.14973 
    -96.52094 -137.56499 
    -96.52242 -136.98666 
    -96.53825 -136.41309 
    -96.57047 -135.84253 
    -96.58630 -135.26945 
    -96.59734 -134.68828 
    -96.61816 -134.09689 
    -96.65255 -133.49316 
    -96.69701 -132.87265 
    -96.74589 -132.22824 
    -96.79381 -131.55032 
    -96.81965 -130.81607 
    -96.72194 -129.93436 
    -97.08421 -129.33583 
    -97.58559 -128.85031 
    -98.12668 -128.41313 
    -98.69980 -128.02487 
    -99.29744 -127.68449 
    -99.91275 -127.38974 
    -100.53991 -127.13763 
    -101.17432 -126.92488 
    -101.81261 -126.74839 
    -102.45248 -126.60556 
    -103.04741 -126.31896 
    -103.66008 -126.03849 
    -104.29939 -125.80789 
    -104.96215 -125.65273 
    -105.63914 -125.59392 
    -106.31689 -125.64062 
    -106.97563 -125.83365 
    -107.60822 -126.09083 
    -108.21693 -126.37326 
    -108.79621 -126.69660 
    -109.36005 -127.01514 
    -109.85759 -127.44843 
    -110.32146 -127.89597 
    -110.78937 -128.29762 
    -111.25998 -128.67667 
    -111.73498 -129.04448 
    -112.21355 -129.41205 
    -112.69356 -129.78854 
    -113.17339 -130.18021 
    -113.65239 -130.59113 
    -114.13310 -131.02266 
    -114.61395 -131.47914 
    -115.10330 -131.95959 
    -115.62088 -132.46103 
    -116.24117 -132.96829 
    -117.06841 -133.47855 
    -117.44500 -134.16101 
    -117.15079 -134.95883 
    -116.72455 -135.71565 
Cell 2 100 -86.62832 -137.67014 
    -96.52352 -137.67014 
    -96.54211 -138.29387 
    -96.57533 -138.92674 
    -96.61977 -139.57611 
    -96.65576 -140.24475 
    -96.67068 -140.93309 
    -96.34546 -141.51743 
    -96.00249 -142.08128 
    -95.64138 -142.62511 
    -95.26141 -143.14886 
    -94.86168 -143.65202 
    -94.45435 -144.14439 
    -94.05859 -144.64763 
    -93.62994 -145.12610 
    -93.16984 -145.57747 
    -92.67999 -145.99954 
    -92.16225 -146.39021 
    -91.61864 -146.74750 
    -91.05135 -147.06955 
    -90.46268 -147.35464 
    -89.85514 -147.60127 
    -89.23129 -147.80804 
    -88.59385 -147.97380 
    -87.94560 -148.09750 
    -87.28944 -148.17842 
    -86.62832 -148.21594 
    -85.96523 -148.20972 
    -85.30318 -148.15964 
    -84.64524 -148.06578 
    -83.99443 -147.92845 
    -83.35375 -147.74821 
    -82.72617 -147.52582 
    -82.11459 -147.26228 
    -81.52184 -146.95879 
    -80.95063 -146.61674 
    -80.40357 -146.23776 
    -79.88314 -145.82365 
    -79.39167 -145.37639 
    -78.93134 -144.89807 
    -78.50417 -144.39102 
    -78.11195 -143.85764 
    -77.75633 -143.30048 
    -77.43875 -142.72214 
    -77.15850 -142.12630 
    -76.87057 -141.53349 
    -76.61542 -140.92352 
    -76.39478 -140.29765 
    -76.21071 -139.65739 
    -76.06555 -139.00452 
    -75.96204 -138.34120 
    -75.90305 -137.67014 
    -75.89141 -136.99463 
    -75.92967 -136.31859 
    -76.01983 -135.64645 
    -76.16310 -134.98312 
    -76.35973 -134.33366 
    -76.60885 -133.70314 
    -76.90850 -133.09634 
    -77.25567 -132.51747 
    -77.64649 -131.97009 
    -78.07648 -131.45686 
    -78.54081 -130.97957 
    -79.03457 -130.53914 
    -79.55306 -130.13576 
    -80.09197 -129.76906 
    -80.64754 -129.43829 
    -81.21656 -129.14256 
    -81.79557 -128.87939 
    -82.34711 -128.57211 
    -82.91518 -128.29182 
    -83.49854 -128.03766 
    -84.09630 -127.80856 
    -84.70800 -127.60345 
    -85.33360 -127.42140 
    -85.97349 -127.26186 
    -86.62832 -127.12485 
    -87.30144 -126.97119 
    -87.99943 -126.81668 
    -88.71121 -126.75121 
    -89.41943 -126.79951 
    -90.15929 -126.80292 
    -90.92313 -126.82269 
    -91.67811 -126.93878 
    -92.40881 -127.15547 
    -93.16153 -127.37544 
    -93.89945 -127.66228 
    -94.61221 -128.01926 
    -95.28883 -128.44763 
    -95.91829 -128.94627 
    -96.49022 -129.51166 
    -96.76321 -130.30672 
    -96.80574 -131.21135 
    -96.75474 -132.10309 
    -96.69260 -132.93425 
    -96.64043 -133.70607 
    -96.60651 -134.42802 
    -96.58928 -135.11259 
    -96.57239 -135.77321 
    -96.53811 -136.41823 
    -96.52226 -137.04765 
Cell 3 100 -55.09538 -155.07837 
    -65.22641 -155.07837 
    -65.18114 -155.71291 
    -65.09888 -156.34210 
    -64.98035 -156.96402 
    -64.82609 -157.57680 
    -64.63665 -158.17851 
    -64.41254 -158.76729 
    -64.15431 -159.34119 
    -63.86260 -159.89819 
    -63.53866 -160.43663 
    -63.18555 -160.95622 
    -62.80051 -161.45261 
    -62.38506 -161.92384 
    -61.94085 -162.36806 
    -61.46962 -162.78351 
    -60.97323 -163.16853 
    -60.45365 -163.52165 
    -59.91292 -163.84143 
    -59.35317 -164.12663 
    -58.77663 -164.37613 
    -58.18555 -164.58893 
    -57.58228 -164.76421 
    -56.96919 -164.90125 
    -56.34871 -164.99951 
    -55.72329 -165.05864 
    -55.09538 -165.07837 
    -54.46747 -165.05864 
    -53.84204 -164.99951 
    -53.22157 -164.90125 
    -52.60848 -164.76421 
    -52.00486 -164.59001 
    -51.41187 -164.38185 
    -50.83221 -164.13806 
    -50.26768 -163.85991 
    -49.71988 -163.54880 
    -49.19012 -163.20625 
    -48.67949 -162.83385 
    -48.18878 -162.43315 
    -47.71857 -162.00566 
    -47.26927 -161.55269 
    -46.84126 -161.07533 
    -46.43501 -160.57442 
    -46.05122 -160.05043 
    -45.69110 -159.50369 
    -45.35643 -158.93430 
    -45.04976 -158.34239 
    -44.77446 -157.72833 
    -44.53468 -157.09293 
    -44.33517 -156.43770 
    -44.18112 -155.76503 
    -44.07770 -155.07837 
    -44.02974 -154.38217 
    -44.04122 -153.68190 
    -44.11494 -152.98373 
    -44.25216 -152.29430 
    -44.45245 -151.62027 
    -44.71368 -150.96796 
    -45.03212 -150.34296 
    -45.40278 -149.74982 
    -45.81975 -149.19188 
    -46.27667 -148.67120 
    -46.76717 -148.18867 
    -47.28526 -147.74419 
    -47.82560 -147.33684 
    -48.38372 -146.96538 
    -48.95607 -146.62834 
    -49.53994 -146.32440 
    -50.13339 -146.05255 
    -50.73504 -145.81218 
    -51.34387 -145.60313 
    -51.95950 -145.42714 
    -52.58245 -145.29117 
    -53.21550 -145.22371 
    -53.84463 -145.17769 
    -54.47102 -145.15445 
    -55.09538 -145.15575 
    -55.71796 -145.18279 
    -56.34030 -145.22383 
    -56.96749 -145.26443 
    -57.60457 -145.30569 
    -58.23558 -145.41382 
    -58.85199 -145.59027 
    -59.44949 -145.82541 
    -60.02858 -146.10490 
    -60.59714 -146.40898 
    -61.14579 -146.75070 
    -61.67120 -147.12956 
    -62.16999 -147.54468 
    -62.63878 -147.99464 
    -63.07442 -148.47754 
    -63.47406 -148.99091 
    -63.83529 -149.53185 
    -64.15627 -150.09711 
    -64.43573 -150.68314 
    -64.67297 -151.28633 
    -64.86783 -151.90311 
    -65.02062 -152.53000 
    -65.13197 -153.16379 
    -65.20276 -153.80151 
    -65.23391 -154.44051 
Cell 4 100 -56.47350 -135.35725 
    -68.53100 -135.35725 
    -68.37019 -136.10573 
    -68.15952 -136.83354 
    -67.90325 -137.53760 
    -67.60561 -138.21550 
    -67.27068 -138.86546 
    -66.90230 -139.48631 
    -66.50400 -140.07726 
    -66.07891 -140.63788 
    -65.62979 -141.16801 
    -65.15899 -141.66763 
    -64.66853 -142.13678 
    -64.16008 -142.57544 
    -63.63509 -142.98357 
    -63.09479 -143.36102 
    -62.54031 -143.70750 
    -61.97269 -144.02260 
    -61.39301 -144.30580 
    -60.80232 -144.55647 
    -60.21214 -144.80000 
    -59.61990 -145.04089 
    -59.00501 -145.21686 
    -58.37444 -145.32236 
    -57.73306 -145.32771 
    -57.09733 -145.27284 
    -56.47350 -145.23245 
    -55.85476 -145.19180 
    -55.23489 -145.16180 
    -54.60453 -145.15472 
    -53.95307 -145.17366 
    -53.26896 -145.21980 
    -52.53640 -145.30122 
    -51.89235 -145.09270 
    -51.27519 -144.81294 
    -50.67673 -144.49150 
    -50.09998 -144.12964 
    -49.54786 -143.72891 
    -49.02311 -143.29111 
    -48.52841 -142.81819 
    -48.06621 -142.31236 
    -47.63882 -141.77603 
    -47.24829 -141.21175 
    -46.89654 -140.62224 
    -46.58518 -140.01035 
    -46.31562 -139.37904 
    -46.08902 -138.73137 
    -45.90630 -138.07045 
    -45.76809 -137.39941 
    -45.67483 -136.72144 
    -45.62667 -136.03967 
    -45.62356 -135.35725 
    -45.66520 -134.67726 
    -45.75111 -134.00270 
    -45.88061 -133.33655 
    -46.05281 -132.68167 
    -46.26669 -132.04086 
    -46.52104 -131.41679 
    -46.81453 -130.81209 
    -47.14568 -130.22925 
    -47.51287 -129.67067 
    -47.91436 -129.13869 
    -48.34827 -128.63548 
    -48.81257 -128.16316 
    -49.30511 -127.72370 
    -49.82362 -127.31894 
    -50.36567 -126.95055 
    -50.90807 -126.58755 
    -51.49397 -126.29954 
    -52.11207 -126.08875 
    -52.75892 -125.97531 
    -53.38412 -125.84915 
    -53.99744 -125.71367 
    -54.60774 -125.57661 
    -55.22050 -125.43877 
    -55.84115 -125.30638 
    -56.47350 -125.17970 
    -57.12156 -125.05656 
    -57.79062 -124.93111 
    -58.48866 -124.79340 
    -59.23688 -124.59457 
    -60.02612 -124.42339 
    -60.79182 -124.45042 
    -61.60715 -124.44769 
    -62.32610 -124.71140 
    -63.05729 -124.98285 
    -63.76264 -125.32462 
    -64.44213 -125.72482 
    -65.09001 -126.18159 
    -65.69972 -126.69325 
    -66.26503 -127.25700 
    -66.78024 -127.86897 
    -67.24033 -128.52441 
    -67.64105 -129.21783 
    -67.97913 -129.94312 
    -68.25227 -130.69371 
    -68.45927 -131.46284 
    -68.60000 -132.24370 
    -68.67535 -133.02963 
    -68.68710 -133.81432 
    -68.63789 -134.59193 
Cell 5 100 -6.64611 -143.30174 
    -17.06134 -143.30174 
    -17.07756 -143.95804 
    -17.05056 -144.61613 
    -16.98007 -145.27306 
    -16.86603 -145.92578 
    -16.70864 -146.57126 
    -16.50830 -147.20645 
    -16.26566 -147.82835 
    -15.98158 -148.43396 
    -15.65720 -149.02036 
    -15.29384 -149.58469 
    -14.89303 -150.12419 
    -14.45657 -150.63626 
    -13.98642 -151.11838 
    -13.48472 -151.56821 
    -12.95382 -151.98357 
    -12.39623 -152.36249 
    -11.81456 -152.70313 
    -11.21161 -153.00392 
    -10.59025 -153.26352 
    -9.95347 -153.48076 
    -9.30431 -153.65474 
    -8.64585 -153.78476 
    -7.98124 -153.87042 
    -7.31362 -153.91154 
    -6.64611 -153.90816 
    -5.98180 -153.86053 
    -5.32376 -153.76921 
    -4.67495 -153.63492 
    -4.03827 -153.45857 
    -3.41652 -153.24139 
    -2.81235 -152.98470 
    -2.22832 -152.69002 
    -1.66682 -152.35904 
    -1.13008 -151.99361 
    -0.62017 -151.59573 
    -0.13903 -151.16745 
    0.31168 -150.71103 
    0.73221 -150.23044 
    1.15700 -149.75703 
    1.46236 -149.19289 
    1.72701 -148.61548 
    1.98222 -148.04521 
    2.22506 -147.47620 
    2.45490 -146.90509 
    2.66994 -146.32870 
    2.86977 -145.74501 
    3.05474 -145.15228 
    3.22620 -144.54890 
    3.38708 -143.93298 
    3.54328 -143.30174 
    3.73450 -142.64865 
    4.19758 -141.93187 
    4.86349 -141.10617 
    5.08764 -140.28903 
    5.13472 -139.47392 
    5.05529 -138.66884 
    4.83279 -137.90019 
    4.46384 -137.19400 
    3.95947 -136.57124 
    3.34310 -136.04416 
    2.64626 -135.61443 
    1.90293 -135.27367 
    1.14415 -135.00597 
    0.39397 -134.79175 
    -0.33246 -134.61176 
    -1.02879 -134.45027 
    -1.67432 -134.25810 
    -2.26574 -133.99300 
    -2.87024 -133.76500 
    -3.48549 -133.57436 
    -4.10922 -133.42122 
    -4.72596 -133.23599 
    -5.34900 -133.03404 
    -5.98841 -132.84801 
    -6.64611 -132.52011 
    -7.36616 -131.85686 
    -8.03418 -132.31406 
    -8.70732 -132.49648 
    -9.37961 -132.65543 
    -10.02798 -132.89342 
    -10.66607 -133.14847 
    -11.29362 -133.42529 
    -11.91309 -133.72115 
    -12.51065 -134.06071 
    -13.03275 -134.51128 
    -13.47191 -135.05077 
    -13.87187 -135.60709 
    -14.24007 -136.17055 
    -14.58271 -136.73602 
    -14.90376 -137.30222 
    -15.20461 -137.87035 
    -15.48445 -138.44283 
    -15.80313 -138.99278 
    -16.09746 -139.55969 
    -16.35593 -140.14684 
    -16.57699 -140.75192 
    -16.75922 -141.37256 
    -16.90138 -142.00620 
    -17.00238 -142.65018 
Cell 6 100 11.26495 -150.31714 
    0.77178 -150.31714 
    0.50383 -150.99417 
    0.38467 -151.69164 
    0.38420 -152.39275 
    0.47157 -153.08841 
    0.62724 -153.77353 
    0.84431 -154.44296 
    1.10940 -155.09598 
    1.41963 -155.72964 
    1.77350 -156.34059 
    2.16920 -156.92558 
    2.60465 -157.48155 
    3.07758 -158.00558 
    3.58539 -158.49503 
    4.12538 -158.94739 
    4.69461 -159.36043 
    5.28993 -159.73225 
    5.90815 -160.06110 
    6.54589 -160.34563 
    7.19973 -160.58470 
    7.86618 -160.77747 
    8.54169 -160.92351 
    9.22280 -161.02246 
    9.90598 -161.07446 
    10.58781 -161.07982 
    11.26495 -161.03918 
    11.93412 -160.95338 
    12.59222 -160.82359 
    13.23625 -160.65109 
    13.86341 -160.43750 
    14.47106 -160.18454 
    15.05674 -159.89412 
    15.64914 -159.63403 
    16.24611 -159.37784 
    16.83018 -159.08653 
    17.39936 -158.76044 
    17.95156 -158.39987 
    18.48456 -158.00525 
    18.99599 -157.57707 
    19.48331 -157.11597 
    19.94385 -156.62273 
    20.37479 -156.09842 
    20.77324 -155.54437 
    21.13622 -154.96220 
    21.46079 -154.35396 
    21.74407 -153.72202 
    21.98334 -153.06915 
    22.17609 -152.39854 
    22.32018 -151.71375 
    22.41381 -151.01857 
    22.45566 -150.31714 
    22.44493 -149.61375 
    22.38137 -148.91281 
    22.26529 -148.21870 
    22.09758 -147.53580 
    21.87965 -146.86821 
    21.61342 -146.21989 
    21.30126 -145.59441 
    20.94588 -144.99500 
    20.55032 -144.42447 
    20.11777 -143.88518 
    19.65158 -143.37910 
    19.15510 -142.90779 
    18.63168 -142.47237 
    18.08455 -142.07364 
    17.51682 -141.71217 
    16.93141 -141.38821 
    16.33107 -141.10188 
    15.71836 -140.85315 
    15.09564 -140.64191 
    14.46512 -140.46800 
    13.82888 -140.33125 
    13.18888 -140.23149 
    12.57676 -139.93304 
    11.94043 -139.58067 
    11.26494 -139.18829 
    10.53973 -138.79025 
    9.76545 -138.44739 
    8.96008 -138.23462 
    8.15855 -138.21854 
    7.40389 -138.43405 
    6.73306 -138.87091 
    6.16410 -139.47729 
    5.69119 -140.17851 
    5.24592 -140.83267 
    4.71055 -141.29581 
    4.26198 -141.85202 
    3.86870 -142.44093 
    3.59742 -143.11685 
    3.41440 -143.82260 
    3.24206 -144.48817 
    3.06569 -145.11374 
    2.88127 -145.70818 
    2.68647 -146.28043 
    2.47964 -146.83879 
    2.25933 -147.39105 
    2.02509 -147.94475 
    1.77558 -148.50694 
    1.51179 -149.08504 
    1.19669 -149.68370 
Cell 7 100 33.21680 -132.11455 
    22.80417 -132.11455 
    22.78430 -132.77090 
    22.80769 -133.42952 
    22.87466 -134.08742 
    22.98531 -134.74155 
    23.13951 -135.38885 
    23.33691 -136.02628 
    23.57690 -136.65074 
    23.85865 -137.25923 
    24.18109 -137.84879 
    24.54290 -138.41650 
    24.94257 -138.95959 
    25.37834 -139.47536 
    25.84827 -139.96124 
    26.35019 -140.41486 
    26.88178 -140.83397 
    27.44052 -141.21652 
    28.02376 -141.56065 
    28.62870 -141.86476 
    29.25245 -142.12738 
    29.89196 -142.34737 
    30.54418 -142.52373 
    31.20596 -142.65579 
    31.87411 -142.74307 
    32.54545 -142.78535 
    33.21680 -142.78267 
    33.88501 -142.73529 
    34.54695 -142.64375 
    35.19960 -142.50876 
    35.84001 -142.33127 
    36.46532 -142.11247 
    37.07282 -141.85373 
    37.65990 -141.55661 
    38.22414 -141.22285 
    38.76324 -140.85434 
    39.27510 -140.45308 
    39.75780 -140.02126 
    40.20961 -139.56113 
    40.68145 -139.12431 
    41.13446 -138.66461 
    41.56260 -138.17812 
    41.96450 -137.66600 
    42.33875 -137.12938 
    42.68388 -136.56941 
    42.99834 -135.98734 
    43.28048 -135.38443 
    43.52854 -134.76215 
    43.74068 -134.12209 
    43.91497 -133.46603 
    44.04944 -132.79608 
    44.14214 -132.11455 
    44.19112 -131.42410 
    44.19461 -130.72772 
    44.15100 -130.02873 
    44.05892 -129.33076 
    43.91739 -128.63773 
    43.72579 -127.95374 
    43.48400 -127.28317 
    43.19244 -126.63040 
    42.85202 -125.99986 
    42.46428 -125.39587 
    42.03128 -124.82258 
    41.55564 -124.28386 
    41.04044 -123.78322 
    40.48921 -123.32372 
    39.97560 -122.81187 
    39.41971 -122.34032 
    38.80993 -121.94070 
    38.15477 -121.62083 
    37.46496 -121.38493 
    36.75238 -121.23315 
    36.02898 -121.16183 
    35.30575 -121.16393 
    34.59185 -121.22998 
    33.89744 -121.29616 
    33.21680 -121.12698 
    32.51673 -120.98717 
    31.79908 -120.89211 
    31.06805 -120.85036 
    30.32981 -120.87045 
    29.59244 -120.95990 
    28.86550 -121.12440 
    28.15943 -121.36708 
    27.50121 -121.71793 
    27.01466 -122.34154 
    26.57218 -122.96900 
    26.17440 -123.60175 
    25.84333 -124.26260 
    25.56359 -124.92770 
    25.29906 -125.56442 
    25.05056 -126.18143 
    24.81697 -126.78385 
    24.59543 -127.37491 
    24.38199 -127.95720 
    24.16999 -128.53265 
    23.95492 -129.10518 
    23.73116 -129.67905 
    23.48963 -130.25900 
    23.21711 -130.85129 
    22.86674 -131.46338 
Cell 8 100 46.30464 -148.87775 
    36.27287 -148.87775 
    36.29494 -149.50751 
    36.34808 -150.13556 
    36.43885 -150.75975 
    36.56867 -151.37752 
    36.73734 -151.98634 
    36.94430 -152.58377 
    37.18879 -153.16733 
    37.46991 -153.73468 
    37.78661 -154.28345 
    38.13764 -154.81142 
    38.52168 -155.31636 
    38.93721 -155.79622 
    39.38258 -156.24898 
    39.85604 -156.67276 
    40.35567 -157.06580 
    40.87948 -157.42642 
    41.42533 -157.75316 
    41.99104 -158.04460 
    42.57428 -158.29955 
    43.17268 -158.51692 
    43.78379 -158.69582 
    44.40510 -158.83546 
    45.03407 -158.93530 
    45.66812 -158.99492 
    46.30464 -159.01405 
    46.94101 -158.99266 
    47.57464 -158.93085 
    48.20292 -158.82887 
    48.82327 -158.68716 
    49.43317 -158.50638 
    50.03013 -158.28726 
    50.61172 -158.03078 
    51.17561 -157.73801 
    51.71949 -157.41019 
    52.24119 -157.04871 
    52.73864 -156.65512 
    53.20984 -156.23105 
    53.65295 -155.77827 
    54.06623 -155.29869 
    54.44807 -154.79430 
    54.79700 -154.26717 
    55.11170 -153.71947 
    55.39098 -153.15346 
    55.63381 -152.57143 
    55.83931 -151.97575 
    56.00676 -151.36884 
    56.13558 -150.75310 
    56.22584 -150.13109 
    56.28608 -149.50572 
    56.30693 -148.87775 
    56.28830 -148.24963 
    56.23024 -147.62386 
    56.13298 -147.00288 
    55.99689 -146.38921 
    55.82248 -145.78522 
    55.61045 -145.19331 
    55.36161 -144.61586 
    55.07694 -144.05513 
    54.75978 -143.51195 
    54.41334 -142.98643 
    54.03837 -142.47984 
    53.63723 -141.99199 
    53.21202 -141.52213 
    52.76426 -141.06941 
    52.29446 -140.63345 
    51.80204 -140.21523 
    51.28540 -139.81776 
    50.74250 -139.44679 
    50.27257 -138.85590 
    49.77863 -138.18591 
    49.07621 -138.08318 
    48.30110 -138.41191 
    47.63968 -138.30980 
    46.97151 -138.27815 
    46.30464 -138.13615 
    45.62705 -138.10782 
    44.97383 -138.34332 
    44.36506 -138.71010 
    43.75639 -138.95297 
    43.15895 -139.19632 
    42.57721 -139.46333 
    42.01099 -139.75328 
    41.46083 -140.06689 
    40.92797 -140.40549 
    40.41430 -140.77040 
    39.92202 -141.16249 
    39.45146 -141.57985 
    39.00740 -142.02518 
    38.59224 -142.49750 
    38.20762 -142.99492 
    37.85506 -143.51549 
    37.53595 -144.05711 
    37.25151 -144.61768 
    37.00289 -145.19493 
    36.77991 -145.78297 
    36.55315 -146.37399 
    36.38144 -146.98480 
    36.29483 -147.61322 
    36.27097 -148.24648 
Cell 9 100 68.00842 -150.86469 
    57.18454 -150.86469 
    57.17595 -151.54620 
    57.18390 -152.23213 
    57.22879 -152.92101 
    57.31865 -153.60934 
    57.47311 -154.28781 
    57.67402 -154.95636 
    57.92096 -155.61148 
    58.21316 -156.24966 
    58.54953 -156.86748 
    58.92863 -157.46153 
    59.34873 -158.02859 
    59.80776 -158.56561 
    60.30342 -159.06967 
    60.83316 -159.53809 
    61.39417 -159.96841 
    61.98347 -160.35847 
    62.59794 -160.70630 
    63.23426 -161.01028 
    63.88901 -161.26912 
    64.55870 -161.48181 
    65.23979 -161.64775 
    65.92877 -161.76657 
    66.62212 -161.83839 
    67.31641 -161.86368 
    68.00842 -161.84315 
    68.69502 -161.77806 
    69.37343 -161.66989 
    70.04109 -161.52034 
    70.69584 -161.33151 
    71.33588 -161.10556 
    71.95979 -160.84471 
    72.56657 -160.55125 
    73.15558 -160.22734 
    73.72643 -159.87483 
    74.27898 -159.49538 
    74.81306 -159.09009 
    75.32851 -158.65981 
    75.82473 -158.20470 
    76.30078 -157.72473 
    76.75500 -157.21945 
    77.18504 -156.68834 
    77.58769 -156.13094 
    77.95448 -155.54495 
    78.26199 -154.92436 
    78.53490 -154.28494 
    78.77245 -153.62842 
    78.96120 -152.95404 
    79.09264 -152.26495 
    79.16419 -151.56654 
    79.17354 -150.86469 
    79.11880 -150.16568 
    79.00134 -149.47595 
    78.82366 -148.80156 
    78.58909 -148.14803 
    78.30501 -147.51912 
    78.16489 -146.84344 
    77.98319 -146.17091 
    77.75662 -145.50557 
    77.48363 -144.85153 
    77.16305 -144.21346 
    76.79427 -143.59639 
    76.37738 -143.00571 
    75.91325 -142.44690 
    75.40360 -141.92545 
    74.85109 -141.44655 
    74.25922 -141.01500 
    73.63228 -140.63490 
    72.97525 -140.30962 
    72.29361 -140.04152 
    71.59314 -139.83203 
    70.87975 -139.68155 
    70.15927 -139.58949 
    69.43724 -139.55440 
    68.71877 -139.57404 
    68.00842 -139.64560 
    67.31013 -139.76584 
    66.62720 -139.93130 
    65.96228 -140.13847 
    65.31741 -140.38391 
    64.69414 -140.66438 
    64.09360 -140.97697 
    63.51661 -141.31912 
    62.96383 -141.68861 
    62.43577 -142.08360 
    61.93297 -142.50255 
    61.45599 -142.94417 
    61.00551 -143.40735 
    60.47320 -143.78865 
    59.92724 -144.17935 
    59.37727 -144.59380 
    58.83328 -145.04196 
    58.31360 -145.53491 
    57.84321 -146.08130 
    57.44946 -146.68410 
    57.15602 -147.33853 
    56.97706 -148.03232 
    56.91359 -148.74823 
    56.95344 -149.46812 
    57.07482 -150.17680 
Cell 10 100 82.97699 -133.73192 
    71.61162 -133.73192 
    71.16431 -134.47510 
    70.95571 -135.25056 
    71.29185 -135.96098 
    71.72043 -136.62212 
    72.17747 -137.24089 
    72.64949 -137.82086 
    73.12706 -138.36694 
    73.60479 -138.88432 
    74.08089 -139.37756 
    74.55626 -139.84993 
    75.03359 -140.30327 
    75.51642 -140.73785 
    76.00833 -141.15279 
    76.51245 -141.54620 
    77.03113 -141.91570 
    77.56577 -142.25862 
    78.11690 -142.57239 
    78.68419 -142.85458 
    79.26669 -143.10307 
    79.86291 -143.31609 
    80.47098 -143.49217 
    81.08879 -143.63022 
    81.71402 -143.72935 
    82.34418 -143.79019 
    82.97699 -143.81277 
    83.61017 -143.79601 
    84.24132 -143.74010 
    84.86809 -143.64540 
    85.48820 -143.51247 
    86.09948 -143.34195 
    86.69981 -143.13467 
    87.28722 -142.89162 
    87.85984 -142.61378 
    88.41595 -142.30235 
    88.95396 -141.95850 
    89.47237 -141.58348 
    89.96985 -141.17856 
    90.44514 -140.74498 
    90.89708 -140.28398 
    91.32455 -139.79677 
    91.72647 -139.28450 
    92.10174 -138.74829 
    92.44921 -138.18921 
    92.76766 -137.60832 
    93.05575 -137.00670 
    93.31199 -136.38550 
    93.53474 -135.74591 
    93.72222 -135.08936 
    93.87246 -134.41740 
    93.98339 -133.73192 
    94.05286 -133.03508 
    94.07870 -132.32945 
    94.05878 -131.61795 
    93.99113 -130.90398 
    93.87399 -130.19127 
    93.70596 -129.48402 
    93.48607 -128.78673 
    93.21385 -128.10416 
    92.88189 -127.44608 
    92.30716 -126.95316 
    91.68492 -126.52809 
    90.94047 -126.25372 
    90.25105 -125.98583 
    89.61212 -125.71143 
    89.00319 -125.43757 
    88.41180 -125.16801 
    87.83001 -124.90431 
    87.25240 -124.64620 
    86.67504 -124.39172 
    86.09462 -124.13684 
    85.50783 -123.87495 
    84.91058 -123.59566 
    84.29707 -123.28244 
    83.65537 -122.94930 
    82.97699 -122.65537 
    82.28264 -122.69556 
    81.60302 -122.85582 
    80.94037 -123.05558 
    80.29655 -123.29233 
    79.67313 -123.56367 
    79.07134 -123.86738 
    78.49228 -124.20142 
    77.93685 -124.56395 
    77.40590 -124.95329 
    76.85233 -125.30204 
    76.23115 -125.57759 
    75.59859 -125.87472 
    75.06835 -126.30521 
    74.74068 -126.91826 
    74.43053 -127.52256 
    74.15211 -128.13148 
    73.86967 -128.72513 
    73.57746 -129.30884 
    73.28583 -129.89493 
    73.00240 -130.49098 
    72.73113 -131.10123 
    72.47077 -131.72775 
    72.21256 -132.37206 
    71.93721 -133.03735 
Cell 11 100 118.38525 -142.31990 
    108.22022 -142.31990 
    108.23079 -142.95877 
    108.28219 -143.59622 
    108.37430 -144.22960 
    108.50683 -144.85625 
    108.67931 -145.47356 
    108.89110 -146.07890 
    109.14137 -146.66974 
    109.42912 -147.24358 
    109.75320 -147.79797 
    110.11225 -148.33058 
    110.50481 -148.83917 
    110.92924 -149.32156 
    111.38376 -149.77574 
    111.86645 -150.19978 
    112.37527 -150.59193 
    112.90808 -150.95055 
    113.46261 -151.27415 
    114.03652 -151.56143 
    114.62737 -151.81122 
    115.23268 -152.02252 
    115.84988 -152.19455 
    116.47637 -152.32663 
    117.10953 -152.41832 
    117.74670 -152.46935 
    118.38525 -152.47960 
    119.02254 -152.44920 
    119.65594 -152.37843 
    120.28291 -152.26776 
    120.90096 -152.11790 
    121.50769 -151.92978 
    122.10090 -151.70454 
    122.67853 -151.44357 
    123.23884 -151.14854 
    123.78041 -150.82130 
    124.30227 -150.46397 
    124.80393 -150.07875 
    125.28548 -149.66789 
    125.74751 -149.23352 
    126.19111 -148.77747 
    126.61755 -148.30101 
    127.02806 -147.80479 
    127.42336 -147.28864 
    127.80316 -146.75163 
    128.16570 -146.19225 
    128.50729 -145.60875 
    128.82219 -144.99965 
    129.10262 -144.36435 
    129.33922 -143.70370 
    129.52190 -143.02055 
    129.64078 -142.31990 
    129.68735 -141.60884 
    129.65561 -140.89612 
    129.54291 -140.19147 
    129.67177 -139.42201 
    129.85847 -138.59203 
    129.50020 -137.91919 
    128.70609 -137.46329 
    127.91585 -137.08041 
    127.44177 -136.57246 
    126.94232 -136.10283 
    126.42554 -135.66840 
    125.89731 -135.26561 
    125.36134 -134.89113 
    124.81945 -134.54230 
    124.29664 -134.18358 
    123.78017 -133.81886 
    123.24483 -133.48035 
    122.69253 -133.16649 
    122.12426 -132.87624 
    121.54008 -132.61032 
    120.93936 -132.37228 
    120.32160 -132.16919 
    119.68758 -132.01088 
    119.04031 -131.90804 
    118.38525 -131.86945 
    117.72964 -131.89932 
    117.05874 -131.81946 
    116.33839 -131.58986 
    115.57790 -131.38597 
    114.80550 -131.30257 
    114.07243 -131.42697 
    113.43088 -131.79132 
    112.90596 -132.35310 
    112.48288 -133.01926 
    112.11895 -133.69508 
    111.76972 -134.32309 
    111.40927 -134.89124 
    111.03426 -135.41685 
    110.65548 -135.92528 
    110.26152 -136.41766 
    109.89515 -136.93192 
    109.56154 -137.46902 
    109.26216 -138.02690 
    108.99838 -138.60338 
    108.77141 -139.19617 
    108.58230 -139.80293 
    108.43195 -140.42120 
    108.32114 -141.04851 
    108.25042 -141.68227 
Cell 12 100 -118.80939 -123.66637 
    -128.82211 -123.66637 
    -129.01520 -124.30846 
    -129.38213 -125.00201 
    -129.69354 -125.74263 
    -129.94400 -126.52525 
    -130.12878 -127.34425 
    -130.24368 -128.19351 
    -130.28545 -129.06659 
    -130.25142 -129.95667 
    -130.13985 -130.85689 
    -129.94942 -131.76007 
    -129.67970 -132.65907 
    -129.33083 -133.54665 
    -128.90367 -134.41568 
    -126.14448 -132.53296 
    -124.80747 -131.92203 
    -124.10204 -132.00623 
    -123.53645 -132.26485 
    -122.96967 -132.50742 
    -122.40093 -132.73755 
    -121.82462 -132.94629 
    -121.23020 -133.09480 
    -120.62952 -133.20778 
    -120.02699 -133.30464 
    -119.42091 -133.38623 
    -118.80939 -133.43462 
    -118.18956 -133.51840 
    -117.49319 -134.08516 
    -116.95139 -133.40637 
    -116.39647 -133.06409 
    -115.88235 -132.67487 
    -115.40872 -132.25549 
    -114.96896 -131.82770 
    -114.54846 -131.41698 
    -114.13800 -131.02731 
    -113.72858 -130.65952 
    -113.31803 -130.30429 
    -112.90116 -129.95801 
    -112.47363 -129.61604 
    -112.03232 -129.27284 
    -111.57623 -128.92155 
    -111.10770 -128.55402 
    -110.63158 -128.16217 
    -110.15740 -127.73768 
    -109.66988 -127.28496 
    -109.04708 -126.83833 
    -108.23262 -126.38202 
    -107.12652 -125.89499 
    -105.59776 -125.33538 
    -105.91695 -124.47749 
    -106.28968 -123.66637 
    -106.58108 -122.89703 
    -106.80075 -122.14932 
    -107.03222 -121.41975 
    -107.05444 -120.64821 
    -107.31563 -119.93182 
    -107.88503 -119.34110 
    -108.61893 -118.87110 
    -109.35876 -118.47084 
    -109.96513 -118.05362 
    -110.22804 -117.43165 
    -110.52426 -116.81231 
    -110.85978 -116.20118 
    -111.24091 -115.60674 
    -111.67311 -115.04008 
    -112.15987 -114.51408 
    -112.70161 -114.04205 
    -113.29523 -113.63613 
    -113.93403 -113.30569 
    -114.60844 -113.05598 
    -115.30717 -112.88762 
    -116.01851 -112.79658 
    -116.73177 -112.77507 
    -117.43829 -112.81292 
    -118.13198 -112.89913 
    -118.80939 -113.02338 
    -119.46932 -113.17719 
    -120.11208 -113.35456 
    -120.73879 -113.55212 
    -121.35066 -113.76878 
    -121.94849 -114.00521 
    -122.53239 -114.26314 
    -123.10173 -114.54469 
    -123.65520 -114.85189 
    -124.19098 -115.18635 
    -124.70820 -115.54736 
    -125.20591 -115.93431 
    -125.67821 -116.35182 
    -126.12323 -116.79822 
    -126.53920 -117.27172 
    -126.92447 -117.77042 
    -127.27751 -118.29234 
    -127.59695 -118.83537 
    -127.88152 -119.39735 
    -128.13010 -119.97604 
    -128.34172 -120.56913 
    -128.51556 -121.17425 
    -128.65096 -121.78899 
    -128.74741 -122.41090 
    -128.80452 -123.03753 
Cell 13 100 -78.24700 -110.36730 
    -88.23652 -110.36730 
    -88.42052 -111.00736 
    -88.37205 -111.64639 
    -88.28271 -112.28172 
    -88.15274 -112.91066 
    -87.98254 -113.53057 
    -87.77274 -114.13880 
    -87.52409 -114.73277 
    -87.23757 -115.30991 
    -86.91432 -115.86775 
    -86.55566 -116.40390 
    -86.16307 -116.91604 
    -85.73817 -117.40198 
    -85.28275 -117.85962 
    -84.79875 -118.28701 
    -84.28821 -118.68231 
    -83.75332 -119.04387 
    -83.19636 -119.37014 
    -82.61971 -119.65977 
    -82.02584 -119.91156 
    -81.41730 -120.12450 
    -80.79671 -120.29774 
    -80.16668 -120.43062 
    -79.52992 -120.52267 
    -78.88913 -120.57360 
    -78.24700 -120.58332 
    -77.60624 -120.55190 
    -76.96952 -120.47960 
    -76.33948 -120.36688 
    -75.71870 -120.21439 
    -75.10971 -120.02290 
    -74.51495 -119.79340 
    -73.93677 -119.52702 
    -73.37742 -119.22504 
    -72.82475 -118.91141 
    -72.28072 -118.57918 
    -71.75523 -118.21450 
    -71.25015 -117.81819 
    -70.76741 -117.39111 
    -70.30900 -116.93419 
    -69.87702 -116.44845 
    -69.47365 -115.93504 
    -69.10114 -115.39528 
    -68.76184 -114.83068 
    -68.45810 -114.24300 
    -68.19228 -113.63428 
    -67.96665 -113.00684 
    -67.78339 -112.36334 
    -67.64444 -111.70672 
    -67.55148 -111.04021 
    -67.50586 -110.36730 
    -67.50852 -109.69170 
    -67.55996 -109.01721 
    -67.66020 -108.34776 
    -67.80876 -107.68722 
    -68.00469 -107.03938 
    -68.24657 -106.40785 
    -68.53258 -105.79604 
    -68.79476 -105.17089 
    -69.05936 -104.53664 
    -69.36476 -103.91398 
    -69.71200 -103.30653 
    -70.10180 -102.71844 
    -70.53448 -102.15430 
    -71.00979 -101.61901 
    -71.52676 -101.11769 
    -72.08371 -100.65551 
    -72.67809 -100.23748 
    -73.30653 -99.86826 
    -73.96492 -99.55199 
    -74.64844 -99.29206 
    -75.35174 -99.09099 
    -76.06910 -98.95033 
    -76.79463 -98.87063 
    -77.52248 -98.85139 
    -78.24700 -98.89118 
    -78.96294 -98.98770 
    -79.66560 -99.13796 
    -80.35087 -99.33844 
    -81.01536 -99.58527 
    -81.65633 -99.87446 
    -82.27174 -100.20199 
    -82.86007 -100.56403 
    -83.42033 -100.95705 
    -83.95135 -101.37870 
    -84.33173 -101.99240 
    -84.70937 -102.55565 
    -85.08644 -103.08404 
    -85.45848 -103.59527 
    -85.82090 -104.10163 
    -86.18359 -104.60104 
    -86.53117 -105.11001 
    -86.83273 -105.64725 
    -87.09387 -106.20428 
    -87.31304 -106.77781 
    -87.49573 -107.36221 
    -87.65160 -107.95261 
    -87.79053 -108.54678 
    -87.91919 -109.14542 
    -88.04278 -109.75101 
Cell 14 100 -54.19719 -116.46386 
    -65.02592 -116.46386 
    -65.02250 -117.14493 
    -64.97714 -117.82568 
    -64.88896 -118.50343 
    -64.75731 -119.17524 
    -64.58190 -119.83805 
    -64.36281 -120.48871 
    -64.10051 -121.12401 
    -63.79586 -121.74077 
    -63.45004 -122.33589 
    -63.06457 -122.90639 
    -62.64125 -123.44939 
    -62.18213 -123.96222 
    -61.68950 -124.44235 
    -60.80422 -124.45039 
    -59.98639 -124.43201 
    -59.34256 -124.57166 
    -58.73972 -124.72668 
    -58.14837 -124.86053 
    -57.56627 -124.97318 
    -56.99683 -125.08026 
    -56.43692 -125.18703 
    -55.88242 -125.29811 
    -55.32809 -125.41582 
    -54.76825 -125.54050 
    -54.19719 -125.66882 
    -53.60986 -125.79929 
    -53.00180 -125.92630 
    -52.36977 -126.04356 
    -51.68888 -126.23307 
    -50.95477 -126.44302 
    -50.25627 -126.41750 
    -49.58085 -126.27409 
    -48.92508 -126.05379 
    -48.28137 -125.78570 
    -47.64981 -125.47556 
    -47.03211 -125.12495 
    -46.43032 -124.73473 
    -45.84751 -124.30473 
    -45.36068 -123.77406 
    -45.08566 -123.08377 
    -44.80785 -122.42252 
    -44.51047 -121.78918 
    -44.19572 -121.17020 
    -43.86329 -120.55534 
    -43.50927 -119.93657 
    -43.12534 -119.30663 
    -42.69709 -118.65762 
    -42.19882 -117.97960 
    -41.81818 -117.24268 
    -41.76962 -116.46386 
    -41.78539 -115.68298 
    -41.86570 -114.90603 
    -42.00994 -114.13902 
    -42.21661 -113.38777 
    -42.48342 -112.65782 
    -42.80733 -111.95429 
    -43.18467 -111.28176 
    -43.61124 -110.64418 
    -44.08245 -110.04485 
    -44.59346 -109.48634 
    -45.13931 -108.97054 
    -45.71508 -108.49863 
    -46.31596 -108.07120 
    -46.92871 -107.67777 
    -47.41928 -107.13487 
    -47.99509 -106.69092 
    -48.64502 -106.36449 
    -49.34744 -106.15762 
    -50.07630 -106.05569 
    -50.80783 -106.03248 
    -51.52552 -106.05840 
    -52.22176 -106.10827 
    -52.88688 -106.09172 
    -53.54503 -106.09805 
    -54.19719 -106.13757 
    -54.84232 -106.20980 
    -55.47937 -106.31438 
    -56.10744 -106.44995 
    -56.74283 -106.54924 
    -57.37980 -106.66881 
    -58.01560 -106.81966 
    -58.64840 -107.00456 
    -59.27500 -107.22736 
    -59.89059 -107.49250 
    -60.48874 -107.80429 
    -61.06168 -108.16611 
    -61.60099 -108.57961 
    -62.09840 -109.04413 
    -62.54680 -109.55646 
    -62.94109 -110.11105 
    -63.28539 -110.69631 
    -63.63251 -111.27675 
    -63.94293 -111.87786 
    -64.21429 -112.49781 
    -64.44648 -113.13367 
    -64.63987 -113.78263 
    -64.79478 -114.44226 
    -64.91114 -115.11037 
    -64.98846 -115.78493 
Cell 15 100 -59.21593 -93.41702 
    -69.69201 -93.41702 
    -69.57973 -94.06905 
    -69.48101 -94.71381 
    -69.37392 -95.35477 
    -69.22920 -95.98799 
    -69.04760 -96.61152 
    -68.82987 -97.22345 
    -68.57670 -97.82186 
    -68.28880 -98.40487 
    -67.96687 -98.97054 
    -67.61164 -99.51686 
    -67.22396 -100.04184 
    -66.80476 -100.54340 
    -66.35510 -101.01946 
    -65.87623 -101.46793 
    -65.36953 -101.88673 
    -64.83662 -102.27381 
    -64.27930 -102.62724 
    -63.69953 -102.94514 
    -63.09950 -103.22579 
    -62.48157 -103.46761 
    -61.84824 -103.66919 
    -61.20219 -103.82932 
    -60.54618 -103.94698 
    -59.88311 -104.02140 
    -59.21593 -104.05202 
    -58.54769 -104.03850 
    -57.88142 -103.98077 
    -57.22020 -103.87901 
    -56.56709 -103.73359 
    -55.92510 -103.54517 
    -55.29721 -103.31459 
    -54.68631 -103.04297 
    -54.09520 -102.73161 
    -53.52657 -102.38203 
    -52.98299 -101.99594 
    -52.46688 -101.57523 
    -51.98049 -101.12199 
    -51.52593 -100.63842 
    -51.10511 -100.12688 
    -50.71974 -99.58987 
    -50.31085 -99.06836 
    -49.91570 -98.52987 
    -49.55401 -97.96358 
    -49.22929 -97.37102 
    -48.94506 -96.75423 
    -48.70480 -96.11582 
    -48.51173 -95.45896 
    -48.36864 -94.78735 
    -48.27782 -94.10519 
    -48.24082 -93.41702 
    -48.25846 -92.72764 
    -48.33069 -92.04190 
    -48.45667 -91.36459 
    -48.63474 -90.70023 
    -48.86256 -90.05301 
    -49.13723 -89.42658 
    -49.45544 -88.82408 
    -49.81361 -88.24805 
    -50.20808 -87.70046 
    -50.18493 -86.85561 
    -49.71155 -85.55431 
    -51.14481 -85.83773 
    -52.07954 -85.81754 
    -52.60564 -85.42655 
    -53.09857 -84.99719 
    -53.58634 -84.54620 
    -54.09924 -84.10979 
    -54.63811 -83.68864 
    -55.20407 -83.28423 
    -55.79839 -82.89889 
    -56.42218 -82.53605 
    -57.07621 -82.20020 
    -57.76060 -81.89690 
    -58.47453 -81.63266 
    -59.21593 -81.41465 
    -59.98140 -81.25038 
    -60.76596 -81.14730 
    -61.56319 -81.11230 
    -62.36526 -81.15123 
    -63.16324 -81.26846 
    -63.94748 -81.46651 
    -64.70802 -81.74576 
    -65.43511 -82.10439 
    -66.11977 -82.53833 
    -66.75415 -83.04156 
    -67.33202 -83.60637 
    -67.84894 -84.22381 
    -68.30244 -84.88422 
    -68.69198 -85.57776 
    -69.01876 -86.29485 
    -69.28550 -87.02669 
    -69.49603 -87.76550 
    -69.65491 -88.50481 
    -69.76704 -89.23955 
    -69.83726 -89.96595 
    -69.87002 -90.68152 
    -69.86918 -91.38481 
    -69.83784 -92.07516 
    -69.77830 -92.75249 
Cell 16 100 -34.46638 -125.05125 
    -45.41803 -125.05125 
    -45.32603 -125.73448 
    -45.18259 -126.40503 
    -44.99252 -127.05922 
    -44.76075 -127.69440 
    -44.49199 -128.30878 
    -44.19044 -128.90128 
    -43.86363 -129.47327 
    -43.52222 -130.02974 
    -43.16629 -130.57239 
    -42.82481 -131.12401 
    -42.44965 -131.65559 
    -42.04546 -132.16849 
    -41.61259 -132.66121 
    -41.15224 -133.13309 
    -40.66567 -133.58386 
    -40.15056 -134.00809 
    -39.60721 -134.40239 
    -39.03654 -134.76334 
    -38.43890 -135.08469 
    -37.81726 -135.36421 
    -37.17497 -135.60052 
    -36.51528 -135.79196 
    -35.84151 -135.93658 
    -35.15735 -136.03398 
    -34.46638 -136.08292 
    -33.77239 -136.08182 
    -33.07937 -136.03055 
    -32.39126 -135.92940 
    -31.71194 -135.77908 
    -31.04528 -135.58031 
    -30.39555 -135.33298 
    -29.76512 -135.04193 
    -29.15714 -134.70871 
    -28.57455 -134.33528 
    -28.02016 -133.92371 
    -27.49654 -133.47633 
    -27.00608 -132.99567 
    -26.55099 -132.48430 
    -26.13314 -131.94511 
    -25.75424 -131.38100 
    -25.41569 -130.79500 
    -25.11866 -130.19020 
    -24.88273 -129.56097 
    -24.70165 -128.91739 
    -24.58397 -128.26224 
    -24.56932 -127.59238 
    -24.63500 -126.92669 
    -24.59524 -126.29826 
    -24.55730 -125.67468 
    -24.54281 -125.05125 
    -24.55307 -124.42757 
    -24.58720 -123.80322 
    -24.64440 -123.17761 
    -24.72547 -122.55022 
    -24.83726 -121.92256 
    -25.00372 -121.30473 
    -25.19539 -120.68866 
    -25.41123 -120.07314 
    -25.65129 -119.45703 
    -25.91695 -118.83973 
    -26.21105 -118.22185 
    -26.53777 -117.60580 
    -26.90226 -116.99628 
    -27.30998 -116.40066 
    -27.76587 -115.82880 
    -28.27337 -115.29264 
    -28.83364 -114.80534 
    -29.44486 -114.37999 
    -30.10208 -114.02831 
    -30.79739 -113.75928 
    -31.52059 -113.57816 
    -32.26016 -113.48586 
    -33.00446 -113.47897 
    -33.74280 -113.55032 
    -34.46638 -113.68998 
    -35.16880 -113.88653 
    -35.84626 -114.12840 
    -36.49725 -114.40504 
    -37.12435 -114.69913 
    -37.73031 -115.00591 
    -38.30959 -115.34441 
    -38.86408 -115.70566 
    -39.39666 -116.08310 
    -39.97989 -116.36336 
    -40.55371 -116.67276 
    -41.11522 -117.01418 
    -41.66211 -117.38858 
    -42.13288 -117.85194 
    -42.50724 -118.39928 
    -42.88160 -118.93724 
    -43.23499 -119.48653 
    -43.57165 -120.04559 
    -43.89521 -120.61439 
    -44.20797 -121.19429 
    -44.50984 -121.78794 
    -44.79675 -122.39886 
    -45.06300 -123.02984 
    -45.32310 -123.67973 
    -45.45429 -124.35995 
Cell 17 100 -14.45638 -124.25265 
    -24.56263 -124.25265 
    -24.54551 -124.88740 
    -24.55390 -125.52826 
    -24.58837 -126.18542 
    -24.63110 -126.86507 
    -24.57447 -127.54021 
    -24.35146 -128.17038 
    -24.08320 -128.78268 
    -23.77598 -129.37613 
    -23.43148 -129.94841 
    -23.05147 -130.49734 
    -22.63779 -131.02090 
    -22.19230 -131.51715 
    -21.71695 -131.98436 
    -21.21369 -132.42082 
    -20.68456 -132.82500 
    -20.13160 -133.19536 
    -19.55696 -133.53055 
    -18.96279 -133.82924 
    -18.35135 -134.09023 
    -17.72501 -134.31242 
    -17.08613 -134.49484 
    -16.43723 -134.63661 
    -15.78085 -134.73691 
    -15.11961 -134.79437 
    -14.45638 -134.80370 
    -13.79603 -134.74870 
    -13.15318 -134.56859 
    -12.57483 -134.11610 
    -12.01100 -133.77679 
    -11.45151 -133.50070 
    -10.89440 -133.24919 
    -10.33298 -133.01534 
    -9.76013 -132.79510 
    -9.15719 -132.60284 
    -8.50644 -132.44203 
    -7.87662 -132.20622 
    -7.32960 -131.84190 
    -6.88302 -131.36452 
    -6.46927 -130.86015 
    -6.09000 -130.33118 
    -5.74663 -129.78003 
    -5.44042 -129.20921 
    -5.17240 -128.62135 
    -4.94346 -128.01907 
    -4.75425 -127.40506 
    -4.60525 -126.78199 
    -4.49662 -126.15257 
    -4.42764 -125.51957 
    -4.36324 -124.88766 
    -4.31757 -124.25265 
    -4.30718 -123.61411 
    -4.33220 -122.97366 
    -4.39286 -122.33293 
    -4.48959 -121.69361 
    -4.62295 -121.05757 
    -4.79368 -120.42691 
    -5.00260 -119.80403 
    -5.25056 -119.19170 
    -5.53833 -118.59308 
    -5.86647 -118.01171 
    -6.23521 -117.45150 
    -6.64430 -116.91661 
    -7.09290 -116.41134 
    -7.57952 -115.93995 
    -8.10196 -115.50654 
    -8.65733 -115.11480 
    -9.24211 -114.76791 
    -9.85224 -114.46835 
    -10.35365 -113.89034 
    -10.65279 -112.54638 
    -11.46306 -112.59441 
    -12.34456 -113.18209 
    -13.04903 -113.11230 
    -13.75906 -113.16892 
    -14.45638 -113.32736 
    -15.12954 -113.55316 
    -15.77525 -113.81278 
    -16.39654 -114.08201 
    -17.01382 -114.29208 
    -17.61933 -114.51812 
    -18.20834 -114.77631 
    -18.77960 -115.06535 
    -19.33188 -115.38415 
    -19.86390 -115.73177 
    -20.37431 -116.10732 
    -20.86298 -116.50840 
    -21.37305 -116.88715 
    -21.86077 -117.29946 
    -22.32346 -117.74444 
    -22.75838 -118.22089 
    -23.16287 -118.72734 
    -23.53430 -119.26202 
    -23.87021 -119.82284 
    -24.16828 -120.40744 
    -24.42578 -121.01340 
    -24.63810 -121.63843 
    -24.77276 -122.28469 
    -24.67225 -122.96208 
    -24.60448 -123.61418 
Cell 18 100 15.83126 -123.88611 
    5.71260 -123.88611 
    5.72943 -124.52166 
    5.77976 -125.15591 
    5.87042 -125.78624 
    6.00114 -126.41006 
    6.17147 -127.02477 
    6.38080 -127.62781 
    6.62835 -128.21667 
    6.91315 -128.78888 
    7.23410 -129.34203 
    7.58990 -129.87379 
    7.97914 -130.38194 
    8.40021 -130.86432 
    8.85140 -131.31891 
    9.33083 -131.74377 
    9.83653 -132.13715 
    10.36637 -132.49739 
    10.91817 -132.82298 
    11.48960 -133.11259 
    12.07828 -133.36505 
    12.68173 -133.57935 
    13.29744 -133.75465 
    13.92285 -133.89035 
    14.55535 -133.98599 
    15.19234 -134.04135 
    15.83126 -134.05641 
    16.46955 -134.03140 
    17.10474 -133.96678 
    17.73449 -133.86319 
    18.35658 -133.72159 
    18.96900 -133.54309 
    19.56997 -133.32903 
    20.15800 -133.08092 
    20.73191 -132.80035 
    21.29084 -132.48903 
    21.83426 -132.14853 
    22.36196 -131.78038 
    22.87392 -131.38579 
    23.22656 -130.83076 
    23.50120 -130.23123 
    23.74736 -129.63750 
    23.97423 -129.05379 
    24.18907 -128.48087 
    24.39681 -127.91675 
    24.60157 -127.35852 
    24.80965 -126.80337 
    25.02524 -126.24672 
    25.25127 -125.68307 
    25.48943 -125.10622 
    25.73949 -124.50948 
    26.03194 -123.88611 
    26.41421 -123.22028 
    26.91265 -122.48620 
    27.55751 -121.64921 
    27.41058 -120.91305 
    27.18941 -120.19562 
    26.89671 -119.50499 
    26.53714 -118.84830 
    26.11700 -118.23148 
    25.64382 -117.65887 
    25.12585 -117.13319 
    24.57151 -116.65554 
    23.98896 -116.22552 
    23.38563 -115.84152 
    22.76796 -115.50108 
    22.14121 -115.20120 
    21.50941 -114.93877 
    20.90705 -114.65328 
    20.29944 -114.39072 
    19.67899 -114.16785 
    19.04843 -113.98468 
    18.41038 -113.84108 
    17.76733 -113.73684 
    17.12165 -113.67163 
    16.47557 -113.64510 
    15.83126 -113.59808 
    15.18331 -113.58729 
    14.53423 -113.61908 
    13.88709 -113.69440 
    13.24516 -113.81392 
    12.61189 -113.97793 
    11.99083 -114.18629 
    11.38551 -114.43842 
    10.79942 -114.73322 
    10.23584 -115.06915 
    9.69785 -115.44420 
    9.18816 -115.85599 
    8.70914 -116.30182 
    8.26273 -116.77879 
    7.85051 -117.28386 
    7.47366 -117.81396 
    7.13302 -118.36604 
    6.82917 -118.93717 
    6.56244 -119.52454 
    6.33123 -120.12479 
    6.13117 -120.73436 
    5.96984 -121.35413 
    5.84736 -121.98158 
    5.76373 -122.61428 
    5.71885 -123.24989 
Cell 19 100 23.77939 -104.00854 
    12.59269 -104.00854 
    12.64955 -104.70876 
    12.75759 -105.40092 
    12.91494 -106.08104 
    13.11932 -106.74558 
    13.36815 -107.39135 
    13.65867 -108.01561 
    13.98798 -108.61602 
    14.35318 -109.19064 
    14.75139 -109.73788 
    15.17986 -110.25645 
    15.63598 -110.74535 
    16.11728 -111.20374 
    16.62151 -111.63091 
    17.14655 -112.02626 
    17.68032 -112.40319 
    18.20653 -112.78996 
    18.75810 -113.14222 
    19.33263 -113.45837 
    19.92765 -113.73693 
    20.54060 -113.97650 
    21.16891 -114.17570 
    21.80987 -114.33311 
    22.46057 -114.44810 
    23.11806 -114.52007 
    23.77939 -114.54857 
    24.44156 -114.53341 
    25.10156 -114.47459 
    25.75639 -114.37232 
    26.40306 -114.22707 
    27.03865 -114.03951 
    27.66027 -113.81052 
    28.26511 -113.54118 
    28.85048 -113.23281 
    29.41376 -112.88688 
    29.95250 -112.50509 
    30.46436 -112.08928 
    30.94721 -111.64149 
    31.39905 -111.16388 
    31.81815 -110.65878 
    32.20296 -110.12862 
    32.55225 -109.57596 
    32.86503 -109.00341 
    33.14067 -108.41362 
    33.37890 -107.80925 
    33.57978 -107.19288 
    33.74376 -106.56696 
    33.87163 -105.93373 
    33.96445 -105.29521 
    34.02346 -104.65304 
    34.04992 -104.00854 
    34.04494 -103.36269 
    34.00929 -102.71620 
    33.94317 -102.06969 
    33.84610 -101.42384 
    33.71679 -100.77968 
    33.55313 -100.13884 
    33.35238 -99.50383 
    33.11143 -98.87820 
    32.82712 -98.26667 
    32.56026 -97.62886 
    32.30216 -96.95789 
    32.00823 -96.28114 
    31.67050 -95.60536 
    31.28091 -94.94076 
    30.83252 -94.30074 
    30.32062 -93.70120 
    29.74380 -93.15931 
    29.10461 -92.69188 
    28.40970 -92.31370 
    27.66953 -92.03593 
    26.89737 -91.86481 
    26.10809 -91.80107 
    25.31665 -91.83986 
    24.53670 -91.97150 
    23.77939 -92.18269 
    23.05270 -92.45812 
    22.36116 -92.78207 
    21.70611 -93.14000 
    21.08630 -93.51965 
    20.49876 -93.91178 
    19.93739 -94.30476 
    19.30901 -94.50849 
    18.68968 -94.75040 
    18.08201 -95.03090 
    17.48880 -95.35029 
    16.91315 -95.70869 
    16.35838 -96.10596 
    15.82799 -96.54168 
    15.32568 -97.01501 
    14.85517 -97.52471 
    14.42022 -98.06903 
    14.02446 -98.64572 
    13.67130 -99.25204 
    13.36388 -99.88474 
    13.10487 -100.54018 
    12.89650 -101.21429 
    12.74039 -101.90273 
    12.63756 -102.60100 
    12.58841 -103.30446 
Cell 20 100 64.49324 -103.24780 
    54.40449 -103.24780 
    54.41973 -103.88157 
    54.47493 -104.51340 
    54.56997 -105.14076 
    54.70453 -105.76111 
    54.87816 -106.37193 
    55.09020 -106.97072 
    55.33985 -107.55505 
    55.62613 -108.12253 
    55.94792 -108.67082 
    56.30393 -109.19768 
    56.69273 -109.70094 
    57.11274 -110.17854 
    57.56224 -110.62856 
    58.03941 -111.04913 
    58.54232 -111.43854 
    59.06889 -111.79520 
    59.61698 -112.11768 
    60.18433 -112.40468 
    60.76863 -112.65508 
    61.36748 -112.86788 
    61.97844 -113.04229 
    62.59902 -113.17764 
    63.22670 -113.27348 
    63.85896 -113.32948 
    64.49324 -113.34550 
    65.12703 -113.32161 
    65.75782 -113.25800 
    66.38315 -113.15504 
    67.00059 -113.01327 
    67.60778 -112.83337 
    68.20245 -112.61620 
    68.78240 -112.36273 
    69.34552 -112.07405 
    69.88979 -111.75140 
    70.41331 -111.39608 
    70.91431 -111.00953 
    71.39105 -110.59322 
    71.84198 -110.14872 
    72.26560 -109.67765 
    72.66051 -109.18166 
    73.02538 -108.66246 
    73.35899 -108.12178 
    73.66015 -107.56142 
    73.92772 -106.98317 
    74.16479 -106.39027 
    74.43909 -105.80146 
    74.71606 -105.19790 
    74.99664 -104.57468 
    75.27271 -103.92598 
    75.52502 -103.24780 
    75.72454 -102.54118 
    75.83773 -101.81465 
    75.83493 -101.08425 
    75.69883 -100.37069 
    75.42991 -99.69425 
    75.04652 -99.06946 
    74.57946 -98.50158 
    74.13250 -97.94857 
    73.98735 -97.22265 
    73.79760 -96.48779 
    73.54935 -95.75593 
    73.22955 -95.04385 
    72.82833 -94.37183 
    72.34105 -93.76142 
    71.76965 -93.23267 
    71.12283 -92.80122 
    70.41505 -92.47607 
    69.66452 -92.25826 
    68.89068 -92.14114 
    68.11159 -92.11167 
    67.34193 -92.15287 
    66.59184 -92.24654 
    65.86942 -92.35423 
    65.17769 -92.36884 
    64.49324 -92.42968 
    63.81918 -92.53392 
    63.15805 -92.67869 
    62.51190 -92.86123 
    61.88234 -93.07903 
    61.27070 -93.32983 
    60.67804 -93.61170 
    60.10534 -93.92303 
    59.55352 -94.26247 
    59.02352 -94.62890 
    58.51637 -95.02135 
    58.03318 -95.43893 
    57.57518 -95.88081 
    57.14365 -96.34607 
    56.73998 -96.83374 
    56.36132 -97.33961 
    56.00541 -97.86125 
    55.68208 -98.40382 
    55.39270 -98.96541 
    55.13848 -99.54398 
    54.92055 -100.13744 
    54.73988 -100.74356 
    54.59733 -101.36005 
    54.49358 -101.98454 
    54.42918 -102.61462 
Cell 21 100 64.78783 -126.98861 
    54.77955 -126.98861 
    54.80049 -127.61696 
    54.86086 -128.24268 
    54.96041 -128.86330 
    55.09874 -129.47635 
    55.27527 -130.07942 
    55.48930 -130.67015 
    55.69574 -131.26703 
    55.91888 -131.86436 
    56.18079 -132.45081 
    56.48148 -133.02353 
    56.82072 -133.57957 
    57.19793 -134.11601 
    57.61219 -134.62990 
    58.06231 -135.11836 
    58.54684 -135.57860 
    59.06406 -136.00783 
    59.61195 -136.40350 
    60.18830 -136.76311 
    60.79064 -137.08437 
    61.41629 -137.36514 
    62.06280 -137.60193 
    62.72697 -137.79205 
    63.40477 -137.93666 
    64.09287 -138.03474 
    64.78783 -138.08592 
    65.48635 -138.09126 
    66.18534 -138.05103 
    66.88177 -137.96544 
    67.57230 -137.83337 
    68.25146 -137.64857 
    68.91621 -137.41570 
    69.56329 -137.13696 
    70.16535 -136.77028 
    70.65387 -136.23199 
    70.92596 -135.43701 
    71.11938 -134.64214 
    71.41969 -134.05081 
    71.72077 -133.49907 
    71.97861 -132.93733 
    72.20908 -132.38046 
    72.42713 -131.83665 
    72.64513 -131.30820 
    72.86891 -130.79128 
    73.10244 -130.28059 
    73.34800 -129.76997 
    73.60561 -129.25262 
    73.87144 -128.72141 
    74.13412 -128.16931 
    74.39822 -127.59325 
    74.70457 -126.98861 
    75.04810 -126.34309 
    75.09196 -125.68690 
    75.02035 -125.03665 
    74.90578 -124.39076 
    74.74777 -123.75243 
    74.54620 -123.12500 
    74.30129 -122.51192 
    74.01368 -121.91666 
    73.68441 -121.34267 
    73.31499 -120.79327 
    72.90733 -120.27158 
    72.46373 -119.78046 
    71.98684 -119.32245 
    71.47957 -118.89970 
    70.94503 -118.51396 
    70.42145 -118.11145 
    69.94169 -117.61378 
    69.43292 -117.11729 
    68.88739 -116.63432 
    68.29846 -116.18401 
    67.66303 -115.79045 
    66.98338 -115.47919 
    66.26791 -115.27257 
    65.53043 -115.18530 
    64.78783 -115.22131 
    64.05704 -115.37297 
    63.35199 -115.62276 
    62.68155 -115.94709 
    62.04884 -116.32092 
    61.45202 -116.72203 
    60.88614 -117.13404 
    60.34517 -117.54748 
    59.82392 -117.95928 
    59.31905 -118.37118 
    58.82949 -118.78766 
    58.35616 -119.21406 
    57.90135 -119.65525 
    57.46806 -120.11489 
    57.05946 -120.59514 
    56.67849 -121.09682 
    56.32773 -121.61966 
    56.00932 -122.16258 
    55.72503 -122.72398 
    55.47627 -123.30190 
    55.26418 -123.89419 
    55.08969 -124.49855 
    54.95351 -125.11261 
    54.85620 -125.73396 
    54.79815 -126.36012 
Cell 22 100 73.96490 -82.35591 
    61.83147 -82.35591 
    61.85099 -83.11805 
    61.94472 -83.87441 
    62.11002 -84.61735 
    62.34270 -85.33999 
    62.63729 -86.03647 
    62.98748 -86.70218 
    63.38645 -87.33375 
    63.82731 -87.92909 
    64.30346 -88.48724 
    64.80883 -89.00818 
    65.33818 -89.49255 
    65.88711 -89.94146 
    66.45216 -90.35616 
    67.03079 -90.73781 
    67.62119 -91.08728 
    68.22220 -91.40495 
    68.83294 -91.69090 
    69.45183 -91.94667 
    70.07737 -92.17468 
    70.71219 -92.36673 
    71.35388 -92.52514 
    72.00144 -92.64871 
    72.65356 -92.73621 
    73.30866 -92.78647 
    73.96490 -92.80494 
    74.62133 -92.78963 
    75.27563 -92.73141 
    75.92488 -92.63049 
    76.56620 -92.48730 
    77.19673 -92.30248 
    77.81369 -92.07686 
    78.41434 -91.81147 
    78.99605 -91.50755 
    79.55627 -91.16650 
    80.09256 -90.78992 
    80.60263 -90.37955 
    81.08431 -89.93732 
    81.53561 -89.46529 
    81.95473 -88.96568 
    82.34013 -88.44087 
    82.69062 -87.89342 
    83.00562 -87.32609 
    83.28543 -86.74182 
    83.53182 -86.14372 
    83.74860 -85.53483 
    83.94224 -84.91766 
    84.12217 -84.29351 
    84.30015 -83.66156 
    84.48844 -83.01800 
    84.69638 -82.35591 
    84.92586 -81.66631 
    85.16687 -80.94077 
    85.39499 -80.17551 
    85.57262 -79.37556 
    85.65482 -78.55762 
    85.59908 -77.74961 
    85.37602 -76.98624 
    84.97773 -76.30155 
    84.42046 -75.72060 
    83.74072 -75.25336 
    82.98602 -74.89299 
    82.47945 -74.36021 
    82.06760 -73.72740 
    81.60835 -73.11656 
    81.10136 -72.53342 
    80.54705 -71.98409 
    79.94678 -71.47491 
    79.30282 -71.01225 
    78.61850 -70.60226 
    77.89813 -70.25066 
    77.14697 -69.96254 
    76.37111 -69.74209 
    75.57729 -69.59247 
    74.77274 -69.51565 
    73.96490 -69.51234 
    73.16123 -69.58197 
    72.36895 -69.72272 
    71.59484 -69.93163 
    70.84499 -70.20469 
    70.12474 -70.53713 
    69.43850 -70.92353 
    68.78972 -71.35809 
    68.18091 -71.83488 
    67.61366 -72.34796 
    67.08875 -72.89170 
    66.60623 -73.46081 
    66.16562 -74.05052 
    65.76601 -74.65664 
    65.40622 -75.27556 
    65.08495 -75.90426 
    64.60146 -76.41369 
    64.09920 -76.93220 
    63.62911 -77.49226 
    63.19851 -78.09320 
    62.81496 -78.73308 
    62.48580 -79.40858 
    62.21781 -80.11504 
    62.01675 -80.84651 
    61.88705 -81.59604 
Cell 23 100 91.22753 -116.67902 
    79.67475 -116.67902 
    79.84319 -117.39526 
    80.06088 -118.08970 
    80.32060 -118.75963 
    80.61565 -119.40369 
    80.94023 -120.02157 
    81.28968 -120.61369 
    81.66051 -121.18092 
    82.05041 -121.72419 
    82.45826 -122.24417 
    82.99252 -122.66210 
    83.65058 -122.94722 
    84.23173 -123.24852 
    84.79013 -123.53416 
    85.33961 -123.79630 
    85.87902 -124.04062 
    86.40747 -124.27422 
    86.92651 -124.50256 
    87.43919 -124.72967 
    87.94947 -124.95846 
    88.46188 -125.19083 
    88.98129 -125.42758 
    89.51302 -125.66685 
    90.06206 -125.90467 
    90.63267 -126.13412 
    91.22753 -126.35951 
    91.85447 -126.64391 
    92.55199 -127.16313 
    93.25674 -127.31651 
    93.92574 -127.18787 
    94.58556 -127.01399 
    95.23294 -126.79553 
    95.86467 -126.53344 
    96.47762 -126.22890 
    97.06875 -125.88331 
    97.63515 -125.49836 
    98.17404 -125.07591 
    98.68282 -124.61810 
    99.15902 -124.12719 
    99.60041 -123.60567 
    100.00494 -123.05619 
    100.37081 -122.48152 
    100.69642 -121.88459 
    100.98042 -121.26839 
    101.22173 -120.63601 
    101.41951 -119.99060 
    101.57317 -119.33533 
    101.68241 -118.67340 
    101.74717 -118.00797 
    101.76767 -117.34216 
    101.74438 -116.67902 
    101.67802 -116.02154 
    101.56960 -115.37251 
    101.42033 -114.73464 
    101.23168 -114.11040 
    101.00533 -113.50202 
    100.74311 -112.91154 
    100.44707 -112.34064 
    100.11934 -111.79071 
    99.76212 -111.26281 
    99.37762 -110.75764 
    98.96802 -110.27554 
    98.53532 -109.81655 
    98.08146 -109.38033 
    97.60776 -108.96666 
    97.11528 -108.57523 
    96.60527 -108.20507 
    96.07798 -107.85609 
    95.53353 -107.52831 
    94.97172 -107.22229 
    94.39220 -106.93917 
    93.79464 -106.68080 
    93.17885 -106.44984 
    92.54507 -106.24967 
    91.89409 -106.08436 
    91.22753 -105.95846 
    90.54791 -105.87680 
    89.85877 -105.84417 
    89.16465 -105.86501 
    88.47101 -105.94306 
    87.78404 -106.08105 
    87.11046 -106.28048 
    86.45711 -106.54137 
    85.83070 -106.86224 
    85.23741 -107.24011 
    84.68258 -107.67068 
    84.11367 -108.07984 
    83.47690 -108.42544 
    82.85955 -108.82097 
    82.26987 -109.26860 
    81.71684 -109.76910 
    81.20969 -110.32151 
    80.75733 -110.92298 
    80.36772 -111.56879 
    80.04733 -112.25247 
    79.80070 -112.96622 
    79.63012 -113.70132 
    79.53551 -114.44865 
    79.51454 -115.19933 
    79.56291 -115.94515 
Cell 24 100 -96.27319 -103.34194 
    -106.44535 -103.34194 
    -106.43430 -103.98122 
    -106.38245 -104.61904 
    -106.28990 -105.25273 
    -106.15697 -105.87967 
    -105.98414 -106.49722 
    -105.77209 -107.10282 
    -105.52168 -107.69395 
    -105.23392 -108.26814 
    -104.91003 -108.82304 
    -104.55135 -109.35638 
    -104.15940 -109.86599 
    -103.73584 -110.34985 
    -103.28246 -110.80605 
    -102.80115 -111.23289 
    -102.29392 -111.62877 
    -101.76287 -111.99229 
    -101.21015 -112.32224 
    -100.63796 -112.61757 
    -100.04855 -112.87741 
    -99.44412 -113.10109 
    -98.82692 -113.28809 
    -98.19912 -113.43805 
    -97.56286 -113.55076 
    -96.92021 -113.62613 
    -96.27319 -113.66416 
    -95.62372 -113.66495 
    -94.97368 -113.62861 
    -94.32488 -113.55530 
    -93.67912 -113.44518 
    -93.03815 -113.29837 
    -92.40376 -113.11499 
    -91.77781 -112.89510 
    -91.16222 -112.63875 
    -90.55907 -112.34595 
    -89.97056 -112.01676 
    -89.39911 -111.65128 
    -88.84768 -111.24930 
    -88.35649 -110.77621 
    -88.14250 -110.06823 
    -87.96648 -109.37712 
    -87.82428 -108.70378 
    -87.67835 -108.06699 
    -87.52158 -107.46013 
    -87.34412 -106.87720 
    -87.13474 -106.31120 
    -86.88235 -105.75310 
    -86.57697 -105.19160 
    -86.19334 -104.61533 
    -85.75098 -104.00394 
    -85.27412 -103.34194 
    -84.75327 -102.61717 
    -84.22479 -101.81987 
    -84.13783 -101.02700 
    -84.55238 -100.33255 
    -85.12016 -99.71810 
    -85.76501 -99.18147 
    -86.20288 -98.60322 
    -86.08110 -97.73880 
    -85.85704 -96.73165 
    -87.44741 -96.92964 
    -87.92812 -96.43831 
    -88.43590 -95.98224 
    -88.96738 -95.56204 
    -89.51941 -95.17803 
    -90.08909 -94.83027 
    -90.67375 -94.51865 
    -91.27097 -94.24295 
    -91.87856 -94.00290 
    -92.49455 -93.79820 
    -93.11713 -93.62862 
    -93.74464 -93.49393 
    -94.37552 -93.39400 
    -95.00372 -93.29307 
    -95.63260 -93.16014 
    -96.27319 -93.03556 
    -96.92901 -92.91795 
    -97.60340 -92.81222 
    -98.29729 -92.73119 
    -99.00687 -92.69496 
    -99.72196 -92.72769 
    -100.42643 -92.85206 
    -101.10064 -93.08308 
    -101.72581 -93.42365 
    -102.28857 -93.86323 
    -102.78401 -94.38056 
    -103.21629 -94.94917 
    -103.59629 -95.54362 
    -103.93779 -96.14440 
    -104.25336 -96.74017 
    -104.55157 -97.32735 
    -104.83597 -97.90784 
    -105.10892 -98.48446 
    -105.40755 -99.04364 
    -105.67068 -99.62121 
    -105.89706 -100.21496 
    -106.08560 -100.82254 
    -106.23537 -101.44155 
    -106.34563 -102.06950 
    -106.41576 -102.70383 
