7 25 
Cell 0 100 -115.01660 -153.50037 
    -125.01667 -153.50037 
    -124.99691 -154.12828 
    -124.94318 -154.75438 
    -124.85548 -155.37723 
    -124.73309 -155.99513 
    -124.57824 -156.60713 
    -124.38562 -157.20982 
    -124.15475 -157.80045 
    -123.88630 -158.37653 
    -123.58112 -158.93558 
    -123.24023 -159.47517 
    -122.86481 -159.99297 
    -122.45625 -160.48666 
    -122.01608 -160.95406 
    -121.54594 -161.39299 
    -121.04772 -161.80148 
    -120.52338 -162.17766 
    -119.97505 -162.51974 
    -119.40498 -162.82616 
    -118.81554 -163.09540 
    -118.20921 -163.32619 
    -117.58855 -163.51743 
    -116.95621 -163.66817 
    -116.31493 -163.77763 
    -115.66745 -163.84528 
    -115.01660 -163.87073 
    -114.36522 -163.85385 
    -113.71613 -163.79463 
    -113.07219 -163.69333 
    -112.43620 -163.55038 
    -111.81093 -163.36642 
    -111.19910 -163.14229 
    -110.60336 -162.87898 
    -110.02628 -162.57774 
    -109.47032 -162.23990 
    -108.93784 -161.86705 
    -108.43109 -161.46088 
    -107.95214 -161.02325 
    -107.50297 -160.55614 
    -107.08534 -160.06168 
    -106.70091 -159.54207 
    -106.35112 -158.99965 
    -106.03679 -158.43706 
    -105.75743 -157.85741 
    -105.94749 -157.09108 
    -106.07637 -156.40521 
    -106.16285 -155.77364 
    -106.23426 -155.17569 
    -106.32215 -154.59872 
    -106.44033 -154.03993 
    -106.54795 -153.50037 
    -106.64562 -152.97371 
    -106.72791 -152.45326 
    -106.81114 -151.93510 
    -106.86464 -151.40730 
    -106.90409 -150.86444 
    -106.74115 -150.22389 
    -106.41154 -149.45114 
    -106.23800 -148.67429 
    -105.78304 -147.64058 
    -105.26862 -146.41805 
    -105.64386 -145.74655 
    -106.09259 -145.12016 
    -106.61208 -144.55046 
    -107.19638 -144.04735 
    -107.83678 -143.61819 
    -108.52245 -143.26721 
    -109.27507 -143.05656 
    -110.08070 -143.01105 
    -110.84605 -142.96675 
    -111.63002 -143.07755 
    -112.38860 -143.26497 
    -113.08846 -143.39265 
    -113.75129 -143.48439 
    -114.39098 -143.55646 
    -115.01660 -143.59103 
    -115.64112 -143.57387 
    -116.27168 -143.56537 
    -116.91200 -143.56433 
    -117.56871 -143.56058 
    -118.25462 -143.53476 
    -118.98271 -143.48312 
    -119.62935 -143.69778 
    -120.18264 -144.10336 
    -120.71372 -144.52315 
    -121.21314 -144.97157 
    -121.81025 -145.28825 
    -122.60386 -145.42076 
    -122.60281 -146.37645 
    -122.91279 -146.96808 
    -123.26302 -147.50900 
    -123.58306 -148.06392 
    -123.87255 -148.63176 
    -124.13098 -149.21147 
    -124.35773 -149.80196 
    -124.55206 -150.40211 
    -124.71320 -151.01070 
    -124.84032 -151.62639 
    -124.93784 -152.24702 
    -124.99696 -152.87245 
Cell 1 100 -96.04647 -153.69731 
    -106.50867 -153.69731 
    -106.37536 -154.34715 
    -106.26286 -154.98795 
    -106.17995 -155.63039 
    -106.09392 -156.27705 
    -105.97879 -156.92451 
    -105.80510 -157.56102 
    -105.44374 -158.11932 
    -105.06645 -158.65608 
    -104.67326 -159.17203 
    -104.26339 -159.66725 
    -103.83577 -160.14117 
    -103.38929 -160.59268 
    -102.92312 -161.02020 
    -102.43681 -161.42191 
    -101.93789 -161.80615 
    -101.41956 -162.16396 
    -100.87950 -162.48856 
    -100.31981 -162.77863 
    -99.74271 -163.03294 
    -99.15047 -163.25046 
    -98.54547 -163.43027 
    -97.93009 -163.57159 
    -97.30680 -163.67383 
    -96.67809 -163.73653 
    -96.04647 -163.75941 
    -95.41449 -163.74234 
    -94.78469 -163.68535 
    -94.15960 -163.58864 
    -93.54174 -163.45259 
    -92.93361 -163.27771 
    -92.33767 -163.06468 
    -91.75631 -162.81436 
    -91.19190 -162.52774 
    -90.64671 -162.20598 
    -90.12295 -161.85034 
    -89.62273 -161.46228 
    -89.14806 -161.04337 
    -88.70087 -160.59528 
    -88.28296 -160.11984 
    -87.89600 -159.61897 
    -87.54039 -159.09543 
    -87.20531 -158.55779 
    -86.89928 -158.00165 
    -86.62197 -157.42874 
    -86.37292 -156.84044 
    -86.29732 -156.20045 
    -86.33324 -155.55020 
    -86.36137 -154.92082 
    -86.38669 -154.30505 
    -86.41087 -153.69731 
    -86.43871 -153.09283 
    -86.47372 -152.48799 
    -86.51904 -151.87985 
    -86.57502 -151.26546 
    -86.64186 -150.64157 
    -86.72298 -150.00587 
    -86.81681 -149.35417 
    -86.91826 -148.67903 
    -87.01418 -147.96526 
    -87.05119 -147.16185 
    -87.48823 -146.61731 
    -87.99051 -146.13226 
    -88.53243 -145.69566 
    -89.10631 -145.30809 
    -89.70461 -144.96849 
    -90.32048 -144.67459 
    -90.94810 -144.42340 
    -91.58284 -144.21161 
    -92.22134 -144.03613 
    -92.86128 -143.89432 
    -93.45730 -143.61314 
    -94.06986 -143.33554 
    -94.71532 -143.16014 
    -95.37685 -143.05402 
    -96.04647 -142.98714 
    -96.72180 -142.96321 
    -97.38618 -143.09244 
    -98.02617 -143.31937 
    -98.63827 -143.60292 
    -99.22398 -143.91792 
    -99.82560 -144.15233 
    -100.44996 -144.33943 
    -101.07365 -144.55290 
    -101.69703 -144.79346 
    -102.31973 -145.06293 
    -102.94017 -145.36426 
    -103.55521 -145.70131 
    -104.15971 -146.07848 
    -104.74646 -146.50006 
    -105.30634 -146.96962 
    -105.74242 -147.54407 
    -106.03252 -148.20743 
    -106.28394 -148.87993 
    -106.46349 -149.57292 
    -106.74059 -150.22260 
    -106.90075 -150.91040 
    -106.84125 -151.63811 
    -106.74518 -152.34575 
    -106.63497 -153.03114 
Cell 2 100 -76.11267 -153.59010 
    -86.41581 -153.59010 
    -86.38941 -154.23666 
    -86.36285 -154.88499 
    -86.33371 -155.53987 
    -86.29788 -156.20523 
    -86.13485 -156.84650 
    -85.81031 -157.42967 
    -85.46815 -157.99246 
    -85.10799 -158.53532 
    -84.72907 -159.05824 
    -84.33050 -159.56070 
    -83.91138 -160.04176 
    -83.47110 -160.50012 
    -83.02914 -160.95540 
    -82.57587 -161.40277 
    -82.09376 -161.82236 
    -81.58430 -162.21201 
    -81.04924 -162.56969 
    -80.49051 -162.89348 
    -79.91022 -163.18161 
    -79.31064 -163.43243 
    -78.69420 -163.64450 
    -78.06345 -163.81645 
    -77.42108 -163.94725 
    -76.76987 -164.03593 
    -76.11267 -164.08182 
    -75.45242 -164.08441 
    -74.79211 -164.04346 
    -74.13471 -163.95892 
    -73.48328 -163.83093 
    -72.84078 -163.65993 
    -72.21022 -163.44656 
    -71.59451 -163.19168 
    -70.99649 -162.89639 
    -70.41891 -162.56203 
    -69.86443 -162.19006 
    -69.33554 -161.78226 
    -68.83458 -161.34048 
    -68.36376 -160.86682 
    -67.92509 -160.36346 
    -67.52039 -159.83276 
    -67.15133 -159.27715 
    -66.81938 -158.69913 
    -66.52583 -158.10132 
    -66.26860 -157.48764 
    -66.00935 -156.87286 
    -65.78435 -156.24197 
    -65.67381 -155.58144 
    -65.69221 -154.90651 
    -65.68684 -154.24603 
    -65.66134 -153.59010 
    -65.61585 -152.92970 
    -65.54729 -152.25539 
    -65.44867 -151.55583 
    -65.54462 -150.87669 
    -65.74387 -150.22108 
    -65.99638 -149.58478 
    -66.30009 -148.97266 
    -66.65198 -148.38904 
    -67.04807 -147.83752 
    -67.48380 -147.32086 
    -67.95425 -146.84088 
    -68.45444 -146.39854 
    -68.97955 -145.99409 
    -69.52516 -145.62717 
    -70.08740 -145.29704 
    -70.66298 -145.00276 
    -71.24916 -144.74341 
    -71.85847 -144.54948 
    -72.47384 -144.39944 
    -73.07958 -144.25522 
    -73.68166 -144.12193 
    -74.28453 -144.00665 
    -74.88811 -143.89677 
    -75.49492 -143.77119 
    -76.11267 -143.62727 
    -76.75003 -143.45959 
    -77.41767 -143.25993 
    -78.12139 -143.06001 
    -78.85660 -142.90323 
    -79.64114 -142.73062 
    -80.40622 -142.74585 
    -81.16051 -142.86292 
    -81.88995 -143.08128 
    -82.64162 -143.30214 
    -83.37839 -143.58971 
    -84.08992 -143.94727 
    -84.76524 -144.37605 
    -85.39336 -144.87495 
    -85.96394 -145.44043 
    -86.46796 -146.06654 
    -86.89828 -146.74535 
    -87.03159 -147.58739 
    -86.94317 -148.49365 
    -86.81715 -149.35190 
    -86.70477 -150.14853 
    -86.61486 -150.89360 
    -86.54453 -151.60011 
    -86.48928 -152.27924 
    -86.44756 -152.93988 
Cell 3 100 -55.63897 -154.64380 
    -65.69007 -154.64380 
    -65.68214 -155.27567 
    -65.66740 -155.91069 
    -65.54856 -156.53415 
    -65.39384 -157.14842 
    -65.20374 -157.75157 
    -64.97879 -158.34169 
    -64.71957 -158.91681 
    -64.42672 -159.47490 
    -64.10308 -160.01529 
    -63.74773 -160.53516 
    -63.36044 -161.03156 
    -62.94275 -161.50250 
    -62.49634 -161.94615 
    -62.02301 -162.36078 
    -61.52464 -162.74474 
    -61.00322 -163.09651 
    -60.46084 -163.41475 
    -59.89966 -163.69821 
    -59.32190 -163.94582 
    -58.72986 -164.15657 
    -58.12587 -164.32965 
    -57.51278 -164.46667 
    -56.89230 -164.56494 
    -56.26688 -164.62407 
    -55.63897 -164.64380 
    -55.01106 -164.62407 
    -54.38564 -164.56494 
    -53.76516 -164.46667 
    -53.15207 -164.32964 
    -52.54880 -164.15436 
    -51.95773 -163.94156 
    -51.38118 -163.69206 
    -50.81984 -163.40977 
    -50.27456 -163.09676 
    -49.74755 -162.75264 
    -49.23985 -162.37901 
    -48.75219 -161.97748 
    -48.28512 -161.54953 
    -47.83900 -161.09650 
    -47.41414 -160.61949 
    -47.01097 -160.11929 
    -46.63017 -159.59644 
    -46.27287 -159.05115 
    -46.28502 -158.34729 
    -46.46696 -157.62396 
    -46.55211 -156.97691 
    -46.59004 -156.36998 
    -46.61075 -155.78433 
    -46.62510 -155.21091 
    -46.64758 -154.64380 
    -46.68810 -154.08066 
    -46.74424 -153.52013 
    -46.82916 -152.96324 
    -46.93334 -152.40857 
    -47.06754 -151.85876 
    -47.21962 -151.31033 
    -47.39843 -150.76610 
    -47.57949 -150.21306 
    -47.76764 -149.64850 
    -47.93504 -149.04657 
    -48.01660 -148.33803 
    -47.89315 -147.37000 
    -48.39632 -146.93115 
    -48.95126 -146.55974 
    -49.52043 -146.22235 
    -50.10120 -145.91768 
    -50.69167 -145.64470 
    -51.29050 -145.40283 
    -51.89672 -145.19196 
    -52.50953 -145.01237 
    -53.12813 -144.86472 
    -53.75160 -144.74986 
    -54.37884 -144.66885 
    -55.00846 -144.62215 
    -55.63897 -144.58923 
    -56.27129 -144.59337 
    -56.90344 -144.63451 
    -57.53344 -144.71262 
    -58.15929 -144.82779 
    -58.78192 -144.97081 
    -59.40000 -145.14452 
    -59.99953 -145.37714 
    -60.57651 -145.66245 
    -61.14633 -145.96559 
    -61.69636 -146.30652 
    -62.22324 -146.68478 
    -62.72355 -147.09949 
    -63.19391 -147.54924 
    -63.63113 -148.03210 
    -64.03233 -148.54567 
    -64.39510 -149.08699 
    -64.71756 -149.65280 
    -64.99840 -150.23959 
    -65.23692 -150.84370 
    -65.43295 -151.46155 
    -65.52612 -152.10521 
    -65.59699 -152.74420 
    -65.64684 -153.37952 
    -65.67775 -154.01222 
Cell 4 100 -36.68631 -153.36201 
    -46.76835 -153.36201 
    -46.69700 -153.99184 
    -46.64924 -154.62064 
    -46.62393 -155.25771 
    -46.60634 -155.90906 
    -46.57718 -156.57574 
    -46.51568 -157.25374 
    -46.39038 -157.92841 
    -46.26438 -158.62761 
    -45.81698 -159.15652 
    -45.34805 -159.65514 
    -44.85957 -160.12352 
    -44.35318 -160.56169 
    -43.83028 -160.96957 
    -43.29210 -161.34705 
    -42.73971 -161.69382 
    -42.17414 -162.00946 
    -41.62258 -162.34106 
    -41.06495 -162.66710 
    -40.48562 -162.95798 
    -39.88678 -163.21205 
    -39.27077 -163.42784 
    -38.64005 -163.60390 
    -37.99724 -163.73909 
    -37.34505 -163.83240 
    -36.68631 -163.88298 
    -36.02393 -163.89026 
    -35.36088 -163.85385 
    -34.70019 -163.77359 
    -34.04491 -163.64957 
    -33.39809 -163.48210 
    -32.76278 -163.27173 
    -32.14196 -163.01924 
    -31.53859 -162.72568 
    -30.95554 -162.39226 
    -30.39556 -162.02048 
    -29.86129 -161.61205 
    -29.35521 -161.16884 
    -28.87970 -160.69290 
    -28.43695 -160.18648 
    -28.02895 -159.65196 
    -27.65746 -159.09189 
    -27.32406 -158.50896 
    -27.02986 -157.90599 
    -26.77605 -157.28577 
    -26.56350 -156.65111 
    -26.39285 -156.00493 
    -26.26458 -155.35007 
    -26.17898 -154.68939 
    -26.13622 -154.02577 
    -26.13632 -153.36201 
    -26.17916 -152.70096 
    -26.26443 -152.04543 
    -26.39165 -151.39821 
    -26.56006 -150.76204 
    -26.76871 -150.13959 
    -27.01637 -149.53342 
    -27.30164 -148.94592 
    -27.62046 -148.37802 
    -27.97261 -147.83214 
    -28.35759 -147.31085 
    -28.77379 -146.81621 
    -29.21947 -146.35019 
    -29.68253 -145.90375 
    -30.13214 -145.43938 
    -30.60833 -144.99640 
    -31.11065 -144.57619 
    -31.63848 -144.18004 
    -32.19281 -143.81287 
    -32.78610 -143.51123 
    -33.39890 -143.24440 
    -34.04428 -143.07199 
    -34.70036 -142.95129 
    -35.35601 -142.83162 
    -36.01655 -142.71657 
    -36.68631 -142.60805 
    -37.36930 -142.50615 
    -38.07002 -142.40881 
    -38.79437 -142.31114 
    -39.53535 -142.26572 
    -40.27573 -142.31490 
    -41.03488 -142.37877 
    -41.80441 -142.48550 
    -42.54010 -142.71400 
    -43.26265 -142.99934 
    -43.96602 -143.34235 
    -44.64388 -143.74297 
    -45.28978 -144.20024 
    -45.89737 -144.71225 
    -46.46053 -145.27608 
    -46.97361 -145.88785 
    -47.43161 -146.54283 
    -47.82988 -147.23579 
    -47.97958 -148.04779 
    -47.95171 -148.90173 
    -47.72541 -149.77519 
    -47.45365 -150.59743 
    -47.20722 -151.35504 
    -47.01923 -152.05666 
    -46.87466 -152.72101 
Cell 5 100 -14.16260 -153.94971 
    -24.54108 -153.94971 
    -24.54949 -154.60320 
    -24.51513 -155.25754 
    -24.43784 -155.90982 
    -24.31766 -156.55708 
    -24.15486 -157.19638 
    -23.94994 -157.82478 
    -23.70361 -158.43936 
    -23.41681 -159.03725 
    -23.09069 -159.61565 
    -22.72662 -160.17183 
    -22.32614 -160.70317 
    -21.89103 -161.20718 
    -21.42323 -161.68149 
    -20.92486 -162.12387 
    -20.39820 -162.53227 
    -19.84568 -162.90480 
    -19.26987 -163.23979 
    -18.67344 -163.53572 
    -18.05918 -163.79132 
    -17.42994 -164.00554 
    -16.78865 -164.17747 
    -16.13828 -164.30653 
    -15.48181 -164.39230 
    -14.82226 -164.43465 
    -14.16260 -164.43359 
    -13.50579 -164.38940 
    -12.85473 -164.30258 
    -12.21225 -164.17383 
    -11.58108 -164.00407 
    -10.96387 -163.79439 
    -10.36315 -163.54604 
    -9.78129 -163.26047 
    -9.22057 -162.93924 
    -8.68308 -162.58406 
    -8.17078 -162.19675 
    -7.68547 -161.77922 
    -7.22879 -161.33347 
    -6.78327 -160.87936 
    -6.34266 -160.41893 
    -5.92878 -159.93193 
    -5.54336 -159.41965 
    -5.18811 -158.88348 
    -4.86476 -158.32494 
    -4.57513 -157.74565 
    -4.34311 -157.14024 
    -4.15435 -156.51939 
    -4.03041 -155.88254 
    -3.97503 -155.23669 
    -3.93669 -154.59308 
    -3.91144 -153.94971 
    -3.90063 -153.30408 
    -3.81322 -152.64229 
    -3.68932 -151.95183 
    -3.55830 -151.22699 
    -3.42394 -150.46049 
    -3.28200 -149.64178 
    -3.11248 -148.74992 
    -3.04992 -147.84045 
    -3.55360 -147.21703 
    -4.16936 -146.68919 
    -4.86570 -146.25864 
    -5.60863 -145.91699 
    -6.36712 -145.64836 
    -7.11713 -145.43320 
    -7.84353 -145.25224 
    -8.53992 -145.08978 
    -9.19369 -144.91129 
    -9.78444 -144.64563 
    -10.38845 -144.41728 
    -11.00343 -144.22676 
    -11.62691 -144.07385 
    -12.24790 -143.91249 
    -12.87751 -143.77718 
    -13.51636 -143.67792 
    -14.16260 -143.62354 
    -14.81522 -143.57668 
    -15.47884 -143.53061 
    -16.15751 -143.49205 
    -16.85472 -143.46461 
    -17.57537 -143.44630 
    -18.27892 -143.55309 
    -18.94069 -143.79576 
    -19.52765 -144.19073 
    -20.06360 -144.65123 
    -20.54890 -145.15973 
    -20.98806 -145.69914 
    -21.38803 -146.25542 
    -21.75623 -146.81882 
    -22.09889 -147.38425 
    -22.41996 -147.95039 
    -22.72085 -148.51848 
    -23.03706 -149.07094 
    -23.35116 -149.62590 
    -23.63307 -150.20009 
    -23.88057 -150.79214 
    -24.09165 -151.40036 
    -24.26456 -152.02266 
    -24.39784 -152.65669 
    -24.49031 -153.29994 
Cell 6 100 5.71197 -154.26530 
    -3.92382 -154.26530 
    -3.95339 -154.87340 
    -3.99691 -155.49182 
    -4.07917 -156.13307 
    -4.24641 -156.82217 
    -4.48115 -157.57726 
    -4.27222 -158.21832 
    -4.02068 -158.84514 
    -3.72773 -159.45482 
    -3.39411 -160.04420 
    -3.02128 -160.61038 
    -2.61099 -161.15065 
    -2.16515 -161.66241 
    -1.68588 -162.14322 
    -1.17550 -162.59084 
    -0.63647 -163.00319 
    -0.07141 -163.37845 
    0.51694 -163.71504 
    1.12573 -164.01155 
    1.75208 -164.26686 
    2.39298 -164.48012 
    3.04547 -164.65065 
    3.70654 -164.77815 
    4.37324 -164.86243 
    5.04267 -164.90358 
    5.71197 -164.90190 
    6.37840 -164.85794 
    7.03932 -164.77235 
    7.69219 -164.64598 
    8.33461 -164.47981 
    8.96429 -164.27490 
    9.57905 -164.03242 
    10.17685 -163.75366 
    10.75572 -163.43985 
    11.31377 -163.09232 
    11.85041 -162.71414 
    12.39981 -162.34950 
    12.93242 -161.95430 
    13.44343 -161.52563 
    13.93028 -161.06409 
    14.39031 -160.57048 
    14.82069 -160.04587 
    15.21855 -159.49159 
    15.58092 -158.90927 
    15.90486 -158.30095 
    16.18005 -157.66660 
    16.27348 -156.97704 
    16.33377 -156.29153 
    16.27499 -155.59972 
    16.21797 -154.92628 
    16.16638 -154.26530 
    16.11480 -153.61081 
    16.06025 -152.95801 
    16.00159 -152.30244 
    15.93928 -151.63937 
    15.87539 -150.96301 
    15.81422 -150.26553 
    15.74000 -149.54648 
    15.38468 -148.94769 
    14.98924 -148.37778 
    14.55689 -147.83910 
    14.09097 -147.33359 
    13.59485 -146.86279 
    13.07183 -146.42784 
    12.52517 -146.02956 
    11.95796 -145.66844 
    11.37311 -145.34479 
    10.77336 -145.05867 
    10.16126 -144.81009 
    9.53917 -144.59892 
    8.90928 -144.42499 
    8.27367 -144.28815 
    7.63428 -144.18822 
    7.01822 -143.92529 
    6.37111 -143.78865 
    5.71197 -143.64439 
    5.03295 -143.47250 
    4.32613 -143.29523 
    3.58930 -143.13785 
    2.82423 -143.01828 
    2.03024 -142.93411 
    1.21330 -142.90297 
    0.61354 -143.43059 
    0.14055 -144.13092 
    -0.30684 -144.78119 
    -0.86603 -145.21147 
    -1.37707 -145.69612 
    -1.83762 -146.22580 
    -2.24783 -146.79056 
    -2.60996 -147.38080 
    -2.92772 -147.98820 
    -3.10690 -148.66869 
    -3.22677 -149.35120 
    -3.34472 -150.00356 
    -3.45470 -150.63597 
    -3.56278 -151.25175 
    -3.67198 -151.85591 
    -3.77956 -152.45470 
    -3.86775 -153.05510 
    -3.90659 -153.66016 
Cell 7 100 25.64817 -153.06210 
    16.06895 -153.06210 
    16.11881 -153.66164 
    16.16596 -154.25998 
    16.21295 -154.86197 
    16.26414 -155.47151 
    16.31699 -156.09399 
    16.29200 -156.76646 
    16.20163 -157.50731 
    16.39786 -158.14751 
    16.70934 -158.73486 
    17.05995 -159.30180 
    17.44837 -159.84557 
    17.87305 -160.36342 
    18.33219 -160.85283 
    18.82384 -161.31131 
    19.34584 -161.73653 
    19.89581 -162.12637 
    20.47126 -162.47887 
    21.06951 -162.79225 
    21.68774 -163.06500 
    22.32305 -163.29576 
    22.97243 -163.48343 
    23.63278 -163.62715 
    24.30097 -163.72629 
    24.97383 -163.78047 
    25.64817 -163.78958 
    26.32083 -163.75368 
    26.98866 -163.67322 
    27.64860 -163.54871 
    28.29762 -163.38104 
    28.93283 -163.17123 
    29.55141 -162.92055 
    30.15070 -162.63046 
    30.72817 -162.30258 
    31.28145 -161.93874 
    31.80836 -161.54088 
    32.30684 -161.11105 
    32.77510 -160.65150 
    33.21147 -160.16451 
    33.61451 -159.65244 
    34.00432 -159.13319 
    34.40668 -158.62042 
    34.78131 -158.08308 
    35.12672 -157.52237 
    35.41904 -156.93066 
    35.46984 -156.25336 
    35.50409 -155.59267 
    35.55754 -154.95241 
    35.62263 -154.32216 
    35.69508 -153.69420 
    35.77345 -153.06210 
    35.85913 -152.41968 
    35.95679 -151.75983 
    36.07558 -151.07298 
    36.23473 -150.34393 
    36.35627 -149.58282 
    36.16394 -148.89862 
    35.92136 -148.22791 
    35.62897 -147.57512 
    35.28774 -146.94464 
    34.89920 -146.34084 
    34.46544 -145.76782 
    33.98907 -145.22948 
    33.47320 -144.72929 
    32.94715 -144.23915 
    32.44079 -143.71286 
    31.87579 -143.24895 
    31.25791 -142.85803 
    30.59582 -142.54781 
    29.88340 -142.36513 
    29.14003 -142.31528 
    28.39421 -142.36699 
    27.68612 -142.37881 
    26.99562 -142.39598 
    26.32007 -142.38254 
    25.64817 -142.27597 
    24.96438 -142.19351 
    24.26709 -142.12970 
    23.55265 -142.07701 
    22.81754 -142.03752 
    22.06365 -142.03008 
    21.30176 -142.08434 
    20.58820 -142.30911 
    19.91306 -142.62997 
    19.27901 -143.02591 
    18.69413 -143.49069 
    18.16425 -144.01559 
    17.69256 -144.59024 
    17.27961 -145.20349 
    16.92349 -145.84442 
    16.62044 -146.50307 
    16.36544 -147.17111 
    16.15303 -147.84210 
    15.97791 -148.51163 
    15.83552 -149.17700 
    15.77164 -149.85303 
    15.83859 -150.54343 
    15.89798 -151.20215 
    15.95794 -151.83795 
    16.01534 -152.45605 
Cell 8 100 45.17126 -154.54446 
    35.59967 -154.54446 
    35.54102 -155.15034 
    35.49506 -155.76686 
    35.45905 -156.39717 
    35.41882 -157.04846 
    35.57618 -157.66209 
    35.78510 -158.26071 
    36.03169 -158.84521 
    36.31502 -159.41322 
    36.63397 -159.96240 
    36.98731 -160.49045 
    37.37364 -160.99522 
    37.79142 -161.47461 
    38.23896 -161.92662 
    38.71446 -162.34940 
    39.21602 -162.74117 
    39.74156 -163.10031 
    40.28896 -163.42534 
    40.85598 -163.71490 
    41.44029 -163.96782 
    42.03950 -164.18306 
    42.65114 -164.35971 
    43.27270 -164.49710 
    43.90163 -164.59464 
    44.53535 -164.65198 
    45.17126 -164.66891 
    45.80676 -164.64540 
    46.43925 -164.58160 
    47.06614 -164.47777 
    47.68490 -164.33444 
    48.29301 -164.15222 
    48.88802 -163.93190 
    49.46752 -163.67447 
    50.02920 -163.38101 
    50.57082 -163.05281 
    51.09023 -162.69122 
    51.58538 -162.29781 
    52.05434 -161.87419 
    52.49527 -161.42216 
    52.90648 -160.94359 
    53.28639 -160.44044 
    53.63357 -159.91481 
    53.94671 -159.36880 
    54.22466 -158.80467 
    54.46959 -158.22592 
    54.68346 -157.63516 
    54.85991 -157.03209 
    54.99806 -156.41902 
    55.03629 -155.79071 
    55.01200 -155.16359 
    54.95206 -154.54446 
    54.87666 -153.93385 
    54.78777 -153.32962 
    54.69073 -152.72853 
    54.58847 -152.12653 
    54.48475 -151.51834 
    54.38829 -150.89519 
    54.23177 -150.28091 
    53.94680 -149.72006 
    53.62727 -149.17812 
    53.28074 -148.65259 
    52.90567 -148.14601 
    52.50443 -147.65816 
    52.07914 -147.18832 
    51.63129 -146.73564 
    51.16141 -146.29973 
    50.66891 -145.88156 
    50.15221 -145.48416 
    49.60925 -145.11327 
    49.13944 -144.52199 
    48.64533 -143.85240 
    47.94291 -143.74960 
    47.16771 -144.07870 
    46.50628 -143.97670 
    45.83812 -143.94514 
    45.17126 -143.80194 
    44.49360 -143.77322 
    43.84022 -144.00815 
    43.23125 -144.37457 
    42.62320 -144.62039 
    42.02582 -144.86378 
    41.44416 -145.13086 
    40.87802 -145.42085 
    40.32794 -145.73448 
    39.79518 -146.07310 
    39.28160 -146.43803 
    38.78941 -146.83012 
    38.32094 -147.24960 
    37.87725 -147.69493 
    37.46238 -148.16713 
    37.07806 -148.66441 
    36.72578 -149.18480 
    36.40688 -149.72621 
    36.23542 -150.33958 
    36.10165 -150.95355 
    35.99106 -151.56163 
    35.89708 -152.16327 
    35.81382 -152.75943 
    35.73742 -153.35269 
    35.66598 -153.94644 
Cell 9 100 65.16641 -154.09790 
    54.89691 -154.09790 
    54.97093 -154.73935 
    55.02037 -155.37964 
    55.02154 -156.03313 
    55.04560 -156.69649 
    55.23772 -157.32393 
    55.45264 -157.94385 
    55.69548 -158.55458 
    55.97041 -159.15344 
    56.28017 -159.73727 
    56.62613 -160.30278 
    57.00848 -160.84673 
    57.42658 -161.36609 
    57.87912 -161.85808 
    58.36438 -162.32014 
    58.88042 -162.74983 
    59.42501 -163.14490 
    59.99573 -163.50333 
    60.58996 -163.82336 
    61.20495 -164.10341 
    61.83785 -164.34216 
    62.48570 -164.53857 
    63.14551 -164.69182 
    63.81423 -164.80150 
    64.48885 -164.86743 
    65.16641 -164.88979 
    65.84408 -164.86905 
    66.51916 -164.80598 
    67.18919 -164.70168 
    67.85196 -164.55740 
    68.50554 -164.37468 
    69.14832 -164.15506 
    69.77899 -163.90013 
    70.39651 -163.61142 
    71.00010 -163.29033 
    71.58904 -162.93788 
    72.16264 -162.55489 
    72.72002 -162.14168 
    73.26003 -161.69830 
    73.78096 -161.22447 
    74.28049 -160.71967 
    74.75555 -160.18335 
    75.20219 -159.61511 
    75.49510 -158.95821 
    75.12530 -158.04091 
    74.89478 -157.25883 
    74.87235 -156.58997 
    74.84692 -155.94455 
    74.82671 -155.31828 
    74.80690 -154.70442 
    74.78296 -154.09790 
    74.75210 -153.49483 
    74.71496 -152.89165 
    74.67173 -152.28467 
    74.61629 -151.67159 
    74.55035 -151.04887 
    74.48343 -150.40903 
    74.41035 -149.74803 
    74.34206 -149.05354 
    74.29815 -148.30272 
    74.32030 -147.44720 
    73.95258 -146.82935 
    73.53560 -146.23871 
    73.07178 -145.67953 
    72.56257 -145.15749 
    72.01041 -144.67795 
    71.41880 -144.24571 
    70.79204 -143.86493 
    70.13509 -143.53893 
    69.45300 -143.27122 
    68.74611 -143.08072 
    68.01083 -143.01961 
    67.26932 -143.07408 
    66.55311 -143.12106 
    65.85398 -143.16925 
    65.16641 -143.22182 
    64.48571 -143.27844 
    63.80681 -143.33559 
    63.12938 -143.41940 
    62.48050 -143.63695 
    61.85331 -143.90123 
    61.24829 -144.20184 
    60.67073 -144.54410 
    60.11739 -144.91377 
    59.58881 -145.30902 
    59.08552 -145.72827 
    58.60810 -146.17026 
    58.15723 -146.63388 
    57.63882 -147.02902 
    57.09320 -147.41916 
    56.54349 -147.83298 
    55.99968 -148.28052 
    55.48010 -148.77281 
    55.00974 -149.31853 
    54.61592 -149.92067 
    54.32233 -150.57445 
    54.45847 -151.34857 
    54.58028 -152.07849 
    54.69831 -152.77547 
    54.80489 -153.44601 
Cell 10 100 85.27654 -152.95805 
    74.71905 -152.95805 
    74.75849 -153.61980 
    74.79026 -154.28279 
    74.81495 -154.95370 
    74.83704 -155.63846 
    74.86257 -156.34177 
    74.89749 -157.06741 
    75.36399 -157.62254 
    75.83935 -158.14619 
    76.31441 -158.64560 
    76.78953 -159.12422 
    77.26740 -159.58379 
    77.75153 -160.02451 
    78.24550 -160.44534 
    78.75240 -160.84438 
    79.27454 -161.21909 
    79.81326 -161.56679 
    80.36902 -161.88480 
    80.94144 -162.17061 
    81.52946 -162.42206 
    82.13155 -162.63734 
    82.74571 -162.81496 
    83.36975 -162.95377 
    84.00126 -163.05292 
    84.63772 -163.11180 
    85.27654 -163.13010 
    85.91509 -163.10768 
    86.55122 -163.04822 
    87.18264 -162.95023 
    87.80697 -162.81343 
    88.42193 -162.63858 
    89.02538 -162.42656 
    89.61530 -162.17839 
    90.18977 -161.89520 
    90.74706 -161.57822 
    91.28552 -161.22871 
    91.80370 -160.84804 
    92.30022 -160.43752 
    92.77386 -159.99850 
    93.22348 -159.53233 
    93.64800 -159.04028 
    94.04638 -158.52356 
    94.41757 -157.98338 
    94.76050 -157.42087 
    95.07401 -156.83714 
    95.35683 -156.23334 
    95.60755 -155.61061 
    95.82397 -154.97008 
    95.98872 -154.31131 
    96.07868 -153.63768 
    96.16227 -152.95805 
    96.24297 -152.26811 
    96.31466 -151.56361 
    96.31160 -150.85300 
    96.24401 -150.14209 
    96.12362 -149.43362 
    95.95242 -148.73117 
    95.72997 -148.03905 
    95.45588 -147.36191 
    95.13031 -146.70467 
    94.75407 -146.07222 
    94.32867 -145.46948 
    93.85626 -144.90115 
    93.33968 -144.37167 
    92.78240 -143.88501 
    92.18840 -143.44469 
    91.56211 -143.05356 
    90.90833 -142.71385 
    90.23203 -142.42708 
    89.53831 -142.19405 
    88.83205 -142.01529 
    88.11817 -141.89061 
    87.40128 -141.81973 
    86.68605 -141.80058 
    85.97655 -141.83171 
    85.27654 -141.90379 
    84.58805 -142.01489 
    83.91338 -142.16757 
    83.25503 -142.36095 
    82.61519 -142.59279 
    81.99529 -142.85942 
    81.39650 -143.15820 
    80.81978 -143.48697 
    80.26601 -143.84396 
    79.73602 -144.22760 
    79.18560 -144.57462 
    78.56388 -144.84386 
    77.93001 -145.13480 
    77.28381 -145.45239 
    76.62818 -145.80351 
    75.96984 -146.19635 
    75.31982 -146.63933 
    74.69397 -147.14024 
    74.31121 -147.79816 
    74.31664 -148.61871 
    74.37778 -149.41684 
    74.45815 -150.18036 
    74.53573 -150.90913 
    74.60983 -151.61055 
    74.67217 -152.29089 
Cell 11 100 106.07892 -154.12753 
    96.01326 -154.12753 
    95.96303 -154.76398 
    95.98304 -155.40294 
    96.06188 -156.03839 
    96.19199 -156.66606 
    96.36536 -157.28366 
    96.57806 -157.88919 
    96.82926 -158.48009 
    97.11795 -159.05386 
    97.44293 -159.60809 
    97.80288 -160.14043 
    98.19629 -160.64861 
    98.62150 -161.13051 
    99.07674 -161.58411 
    99.56007 -162.00748 
    100.06944 -162.39888 
    100.60269 -162.75668 
    101.15757 -163.07944 
    101.73171 -163.36581 
    102.32269 -163.61467 
    102.92800 -163.82506 
    103.54509 -163.99614 
    104.17136 -164.12733 
    104.80418 -164.21815 
    105.44091 -164.26836 
    106.07892 -164.27786 
    106.71557 -164.24677 
    107.34826 -164.17538 
    107.97444 -164.06421 
    108.59164 -163.91394 
    109.19749 -163.72551 
    109.78978 -163.50009 
    110.36648 -163.23906 
    110.92584 -162.94406 
    111.46648 -162.61697 
    111.98743 -162.25992 
    112.48824 -161.87508 
    112.96899 -161.46471 
    113.43029 -161.03093 
    113.87322 -160.57555 
    114.29910 -160.09984 
    114.70913 -159.60443 
    115.10406 -159.08916 
    115.48362 -158.55305 
    115.84602 -157.99460 
    116.18761 -157.41205 
    116.50261 -156.80388 
    116.78324 -156.16949 
    117.02020 -155.50974 
    117.20332 -154.82742 
    117.32274 -154.12753 
    117.36996 -153.41716 
    117.33896 -152.70506 
    117.22704 -152.00092 
    117.36653 -151.22937 
    117.55309 -150.39935 
    117.19468 -149.72649 
    116.40041 -149.27061 
    115.60458 -148.89076 
    115.13145 -148.38261 
    114.63292 -147.91269 
    114.11700 -147.47786 
    113.58957 -147.07455 
    113.05435 -146.69945 
    112.51311 -146.34993 
    111.99004 -145.99158 
    111.47348 -145.62706 
    110.93813 -145.28865 
    110.38583 -144.97488 
    109.81757 -144.68477 
    109.23341 -144.41899 
    108.63273 -144.18109 
    108.01501 -143.97813 
    107.38118 -143.81908 
    106.73329 -143.72664 
    106.07892 -143.71457 
    105.42562 -143.74364 
    104.76253 -143.70723 
    104.06065 -143.54739 
    103.32273 -143.39290 
    102.56512 -143.31319 
    101.80331 -143.32858 
    101.12473 -143.59935 
    100.59985 -144.16113 
    100.17679 -144.82727 
    99.81289 -145.50308 
    99.46368 -146.13109 
    99.10326 -146.69920 
    98.72826 -147.22481 
    98.34064 -147.72588 
    97.94286 -148.21634 
    97.57615 -148.73151 
    97.24224 -149.26953 
    96.94266 -149.82834 
    96.67877 -150.40576 
    96.45954 -151.00201 
    96.31470 -151.62051 
    96.24466 -152.25154 
    96.17187 -152.87598 
    96.09569 -153.49944 
Cell 12 100 -115.70395 -134.17584 
    -127.19382 -134.17584 
    -127.21396 -134.89999 
    -127.17765 -135.62531 
    -127.08515 -136.34692 
    -126.93736 -137.06009 
    -126.73576 -137.76030 
    -126.48237 -138.44331 
    -126.17963 -139.10532 
    -125.83037 -139.74289 
    -125.43764 -140.35303 
    -125.00471 -140.93323 
    -124.53485 -141.48140 
    -124.03140 -141.99583 
    -123.49757 -142.47520 
    -122.93651 -142.91850 
    -122.35113 -143.32491 
    -121.74426 -143.69385 
    -121.11850 -144.02487 
    -120.47630 -144.31760 
    -119.45045 -143.63840 
    -118.73380 -143.50078 
    -118.10832 -143.54027 
    -117.49426 -143.56100 
    -116.89000 -143.56436 
    -116.29469 -143.56534 
    -115.70395 -143.57303 
    -115.11176 -143.58842 
    -114.51801 -143.56348 
    -113.92453 -143.50391 
    -113.32893 -143.42593 
    -112.73045 -143.32733 
    -112.13055 -143.20122 
    -111.52229 -143.06232 
    -110.86930 -142.97003 
    -110.09757 -143.01007 
    -109.24577 -143.06476 
    -108.65598 -142.69537 
    -108.14119 -142.22935 
    -107.65895 -141.73061 
    -107.21157 -141.20135 
    -106.80120 -140.64407 
    -106.42978 -140.06142 
    -106.09907 -139.45618 
    -105.81052 -138.83134 
    -105.56535 -138.19000 
    -105.36454 -137.53532 
    -105.20143 -136.87244 
    -105.06742 -136.20486 
    -104.94129 -135.53548 
    -104.85065 -134.85867 
    -104.76797 -134.17584 
    -104.73301 -133.48561 
    -104.36743 -132.74371 
    -104.01927 -131.94687 
    -103.93131 -131.15314 
    -104.20620 -130.44000 
    -104.60266 -129.78053 
    -105.36234 -129.30945 
    -106.12880 -128.91187 
    -106.77031 -128.50638 
    -107.09765 -127.92300 
    -107.41994 -127.32271 
    -107.75598 -126.71220 
    -108.13737 -126.11825 
    -108.56984 -125.55219 
    -109.05678 -125.02679 
    -109.59863 -124.55540 
    -110.19228 -124.15014 
    -110.87166 -123.90671 
    -111.60213 -123.81584 
    -112.32732 -123.78363 
    -113.02795 -123.75354 
    -113.71121 -123.72955 
    -114.38184 -123.71027 
    -115.04411 -123.68806 
    -115.70395 -123.69885 
    -116.35912 -123.76221 
    -117.00537 -123.87405 
    -117.63154 -124.07105 
    -118.24277 -124.28777 
    -118.83997 -124.52419 
    -119.42323 -124.78202 
    -119.99196 -125.06336 
    -120.54476 -125.37044 
    -121.08076 -125.70335 
    -121.61580 -126.03889 
    -122.17738 -126.35080 
    -122.72672 -126.69735 
    -123.26097 -127.07932 
    -123.77702 -127.49722 
    -124.27142 -127.95122 
    -124.74040 -128.44113 
    -125.18011 -128.96628 
    -125.58654 -129.52545 
    -125.95570 -130.11688 
    -126.28374 -130.73827 
    -126.56702 -131.38667 
    -126.80225 -132.05873 
    -126.98656 -132.75052 
    -127.11768 -133.45775 
Cell 13 100 -94.00013 -133.06837 
    -104.12672 -133.06837 
    -104.12309 -133.70526 
    -104.07886 -134.34161 
    -103.99262 -134.97455 
    -103.86602 -135.60150 
    -103.69942 -136.21986 
    -103.49335 -136.82701 
    -103.24855 -137.42035 
    -102.96593 -137.99736 
    -102.64655 -138.55556 
    -102.29168 -139.09254 
    -101.90274 -139.60599 
    -101.48130 -140.09366 
    -101.02910 -140.55347 
    -100.54800 -140.98340 
    -100.04003 -141.38159 
    -99.50733 -141.74634 
    -98.95214 -142.07603 
    -98.37682 -142.36931 
    -97.78382 -142.62488 
    -97.17567 -142.84167 
    -96.54233 -142.96957 
    -95.89512 -143.00226 
    -95.26390 -143.07213 
    -94.63640 -143.18158 
    -94.00013 -143.26759 
    -93.35831 -143.26982 
    -92.71825 -143.21547 
    -92.08456 -143.11015 
    -91.46021 -142.96072 
    -90.84758 -142.77094 
    -90.24899 -142.54269 
    -89.66683 -142.27710 
    -89.10343 -141.97543 
    -88.56096 -141.63914 
    -88.04146 -141.26979 
    -87.51958 -140.90201 
    -87.01563 -140.50612 
    -86.53391 -140.07962 
    -86.07645 -139.62341 
    -85.64532 -139.13850 
    -85.24268 -138.62602 
    -84.87080 -138.08727 
    -84.53199 -137.52374 
    -84.22860 -136.93719 
    -83.96298 -136.32964 
    -83.73743 -135.70338 
    -83.57708 -135.05669 
    -83.47446 -134.39807 
    -83.42523 -133.73369 
    -83.39938 -133.06837 
    -83.38493 -132.40053 
    -83.37982 -131.72672 
    -83.42459 -131.05099 
    -83.57521 -130.39171 
    -83.76986 -129.74435 
    -84.01053 -129.11320 
    -84.29536 -128.50165 
    -84.55227 -127.87437 
    -84.81624 -127.24010 
    -85.12102 -126.61732 
    -85.46765 -126.00970 
    -85.85688 -125.42136 
    -86.28902 -124.85689 
    -86.76384 -124.32120 
    -87.28038 -123.81943 
    -87.83694 -123.35674 
    -88.43100 -122.93817 
    -89.05920 -122.56837 
    -89.71742 -122.25150 
    -90.40086 -121.99094 
    -91.10414 -121.78924 
    -91.82157 -121.64796 
    -92.54725 -121.56765 
    -93.27532 -121.54783 
    -94.00013 -121.58707 
    -94.71643 -121.68307 
    -95.41950 -121.83287 
    -96.10525 -122.03295 
    -96.77026 -122.27945 
    -97.41179 -122.56836 
    -98.02778 -122.89569 
    -98.61672 -123.25762 
    -99.17760 -123.65059 
    -99.70979 -124.07140 
    -100.21288 -124.51726 
    -100.68667 -124.98574 
    -101.13097 -125.47480 
    -101.54558 -125.98273 
    -101.93021 -126.50805 
    -102.28445 -127.04946 
    -102.67376 -127.56393 
    -103.02898 -128.10472 
    -103.32063 -128.68248 
    -103.54248 -129.29030 
    -103.70063 -129.91649 
    -103.81509 -130.54832 
    -103.91147 -131.17769 
    -103.97479 -131.80829 
    -104.08904 -132.43364 
Cell 14 100 -73.42256 -134.33029 
    -83.46944 -134.33029 
    -83.56331 -134.96829 
    -83.66493 -135.62421 
    -83.63652 -136.27870 
    -83.52537 -136.92426 
    -83.34291 -137.55360 
    -83.12110 -138.17021 
    -82.86045 -138.77142 
    -82.56193 -139.35471 
    -82.22633 -139.91734 
    -81.85503 -140.45683 
    -81.44962 -140.97084 
    -81.01188 -141.45714 
    -80.54379 -141.91362 
    -80.04743 -142.33838 
    -79.52507 -142.72968 
    -78.86232 -142.90196 
    -78.21124 -143.04085 
    -77.60014 -143.20810 
    -77.00671 -143.38283 
    -76.41730 -143.54713 
    -75.82672 -143.69389 
    -75.23382 -143.82523 
    -74.63686 -143.94252 
    -74.03436 -144.05449 
    -73.42256 -144.17929 
    -72.79386 -144.32324 
    -72.14026 -144.48077 
    -71.45496 -144.64485 
    -70.79150 -144.57762 
    -70.13084 -144.46115 
    -69.47181 -144.30875 
    -68.81593 -144.11989 
    -68.16493 -143.89389 
    -67.52075 -143.63005 
    -66.88564 -143.32759 
    -66.26215 -142.98575 
    -65.65318 -142.60385 
    -65.06201 -142.18137 
    -64.49228 -141.71806 
    -63.94795 -141.21400 
    -63.43328 -140.66968 
    -62.95276 -140.08611 
    -62.59203 -139.42676 
    -62.69565 -138.57738 
    -62.78400 -137.78697 
    -62.97838 -137.01190 
    -63.11647 -136.29628 
    -63.21544 -135.61975 
    -63.29567 -134.96742 
    -63.37568 -134.33029 
    -63.46718 -133.70395 
    -63.57242 -133.08592 
    -63.68954 -132.47362 
    -63.81825 -131.86432 
    -63.95892 -131.25537 
    -64.11150 -130.64378 
    -64.27362 -130.02513 
    -64.44205 -129.39322 
    -64.61166 -128.73872 
    -64.77393 -128.04669 
    -64.91328 -127.29079 
    -65.00662 -126.42720 
    -65.41960 -125.80801 
    -66.05048 -125.41897 
    -66.68454 -125.05620 
    -67.25580 -124.61303 
    -67.90143 -124.28738 
    -68.59949 -124.08074 
    -69.32398 -123.97847 
    -70.05134 -123.95473 
    -70.74650 -123.90771 
    -71.42341 -123.85035 
    -72.09594 -123.82897 
    -72.76273 -123.84261 
    -73.42256 -123.89050 
    -74.07425 -123.97199 
    -74.71664 -124.08657 
    -75.34856 -124.23385 
    -75.96877 -124.41348 
    -76.60033 -124.55014 
    -77.23623 -124.69808 
    -77.86948 -124.88012 
    -78.49688 -125.10014 
    -79.11362 -125.36263 
    -79.71323 -125.67194 
    -80.28793 -126.03149 
    -80.82926 -126.44296 
    -81.32893 -126.90572 
    -81.77979 -127.41660 
    -82.17680 -127.96997 
    -82.51731 -128.55859 
    -82.80058 -129.17468 
    -83.02932 -129.80969 
    -83.24991 -130.43938 
    -83.42260 -131.08109 
    -83.38018 -131.77361 
    -83.38556 -132.42975 
    -83.39944 -133.06992 
    -83.42397 -133.70107 
Cell 15 100 -54.89718 -132.16014 
    -63.75576 -132.16014 
    -63.64424 -132.71046 
    -63.54406 -133.25250 
    -63.45425 -133.79250 
    -63.37485 -134.33684 
    -63.30513 -134.89204 
    -63.23492 -135.46129 
    -63.15321 -136.04512 
    -63.04975 -136.64204 
    -62.91851 -137.25064 
    -62.77332 -137.88249 
    -62.69186 -138.60846 
    -62.59495 -139.38882 
    -62.13283 -139.86533 
    -61.64155 -140.31268 
    -61.12271 -140.72884 
    -60.57811 -141.11185 
    -60.00970 -141.45978 
    -59.41965 -141.77087 
    -58.81029 -142.04352 
    -58.18411 -142.27626 
    -57.54374 -142.46782 
    -56.89197 -142.61719 
    -56.23166 -142.72365 
    -55.56573 -142.78644 
    -54.89718 -142.80522 
    -54.22905 -142.77985 
    -53.56437 -142.71046 
    -52.90617 -142.59743 
    -52.25743 -142.44131 
    -51.62108 -142.24295 
    -50.99997 -142.00336 
    -50.39686 -141.72382 
    -49.81439 -141.40572 
    -49.25507 -141.05069 
    -48.72128 -140.66054 
    -48.21525 -140.23721 
    -47.73906 -139.78276 
    -47.29463 -139.29941 
    -46.86406 -138.80573 
    -46.41094 -138.32576 
    -45.98493 -137.81602 
    -45.58910 -137.27730 
    -45.22676 -136.71069 
    -45.09403 -136.04147 
    -45.07928 -135.35017 
    -45.04417 -134.68997 
    -45.00314 -134.04753 
    -44.96484 -133.41489 
    -44.93215 -132.78708 
    -44.90576 -132.16014 
    -44.88917 -131.53050 
    -44.87968 -130.89464 
    -44.87091 -130.24753 
    -44.85045 -129.58058 
    -44.79590 -128.87804 
    -44.80813 -128.16560 
    -45.12655 -127.56243 
    -45.48522 -126.98587 
    -45.88025 -126.43782 
    -45.85975 -125.59406 
    -45.38688 -124.29253 
    -46.82067 -124.57579 
    -47.75441 -124.55386 
    -48.28124 -124.16284 
    -48.78455 -123.74682 
    -49.27162 -123.29568 
    -49.78384 -122.85901 
    -50.32207 -122.43754 
    -50.88745 -122.03271 
    -51.48122 -121.64690 
    -52.10454 -121.28352 
    -52.75817 -120.94706 
    -53.44225 -120.64312 
    -54.15593 -120.37819 
    -54.89718 -120.15947 
    -55.66258 -119.99448 
    -56.44718 -119.89067 
    -57.24452 -119.85496 
    -58.04680 -119.89320 
    -58.84508 -120.00977 
    -59.62969 -120.20719 
    -60.39067 -120.48589 
    -61.11829 -120.84400 
    -61.80351 -121.27751 
    -62.43852 -121.78039 
    -63.01704 -122.34492 
    -63.53465 -122.96217 
    -63.98886 -123.62249 
    -64.37911 -124.31601 
    -64.70660 -125.03318 
    -64.97402 -125.76518 
    -64.98649 -126.61350 
    -64.88176 -127.46175 
    -64.72146 -128.27043 
    -64.53667 -129.02809 
    -64.35158 -129.73267 
    -64.17809 -130.38971 
    -64.02074 -131.00757 
    -63.88047 -131.59496 
Cell 16 100 -34.98112 -133.35985 
    -44.96198 -133.35985 
    -44.99966 -133.99016 
    -45.04038 -134.63063 
    -45.07584 -135.28552 
    -45.09221 -135.95593 
    -45.10052 -136.64784 
    -45.06366 -137.35181 
    -44.81177 -137.98579 
    -44.52235 -138.60518 
    -44.19645 -139.20807 
    -43.83486 -139.79247 
    -43.43822 -140.35617 
    -43.00716 -140.89680 
    -42.54242 -141.41180 
    -42.04490 -141.89848 
    -41.51581 -142.35408 
    -40.68608 -142.34943 
    -39.89012 -142.28928 
    -39.18209 -142.28737 
    -38.53883 -142.34560 
    -37.92773 -142.42857 
    -37.33096 -142.51187 
    -36.74368 -142.59949 
    -36.16021 -142.69330 
    -35.57464 -142.79353 
    -34.98112 -142.90004 
    -34.37390 -143.01135 
    -33.74406 -143.15219 
    -33.06806 -143.38846 
    -32.31292 -143.75180 
    -31.50757 -144.05035 
    -30.85390 -143.78403 
    -30.22192 -143.47366 
    -29.61477 -143.12120 
    -29.03540 -142.72881 
    -28.48653 -142.29887 
    -27.97068 -141.83401 
    -27.49011 -141.33696 
    -27.04682 -140.81065 
    -26.64256 -140.25810 
    -26.27878 -139.68246 
    -25.95668 -139.08693 
    -25.67715 -138.47475 
    -25.44081 -137.84918 
    -25.24798 -137.21347 
    -25.22299 -136.53046 
    -25.26900 -135.85350 
    -25.22485 -135.22096 
    -25.14855 -134.60199 
    -25.10006 -133.98152 
    -25.07734 -133.35985 
    -25.07747 -132.73676 
    -25.10157 -132.11177 
    -25.14888 -131.48425 
    -25.21513 -130.85237 
    -25.35498 -130.23213 
    -25.52174 -129.61461 
    -25.71367 -128.99892 
    -25.92973 -128.38380 
    -26.16995 -127.76811 
    -26.43572 -127.15125 
    -26.72987 -126.53382 
    -27.05659 -125.91822 
    -27.42102 -125.30916 
    -27.82863 -124.71397 
    -28.28434 -124.14252 
    -28.79162 -123.60676 
    -29.35162 -123.11982 
    -29.96253 -122.69479 
    -30.61940 -122.34339 
    -31.31432 -122.07460 
    -32.03711 -121.89366 
    -32.77625 -121.80149 
    -33.52010 -121.79469 
    -34.25799 -121.86606 
    -34.98112 -122.00568 
    -35.68311 -122.20213 
    -36.36013 -122.44384 
    -37.01073 -122.72028 
    -37.63523 -123.02279 
    -38.23513 -123.34504 
    -38.81240 -123.68314 
    -39.36889 -124.03537 
    -39.91232 -124.39005 
    -40.49690 -124.66838 
    -41.07080 -124.97812 
    -41.63235 -125.31990 
    -42.17922 -125.69465 
    -42.70837 -126.10348 
    -43.21590 -126.54745 
    -43.69709 -127.02733 
    -44.14655 -127.54329 
    -44.55841 -128.09470 
    -44.79827 -128.74026 
    -44.84079 -129.45613 
    -44.86784 -130.14746 
    -44.87865 -130.81860 
    -44.88826 -131.46996 
    -44.90434 -132.10625 
    -44.92991 -132.73393 
Cell 17 100 -15.01798 -133.94922 
    -25.09888 -133.94922 
    -25.14734 -134.58650 
    -25.22609 -135.23882 
    -25.26556 -135.90405 
    -25.22443 -136.56979 
    -25.18935 -137.25409 
    -24.96036 -137.88568 
    -24.69051 -138.50076 
    -24.38135 -139.09677 
    -24.03462 -139.67136 
    -23.65210 -140.22227 
    -23.23566 -140.74747 
    -22.78726 -141.24506 
    -22.30884 -141.71320 
    -21.80243 -142.15021 
    -21.27010 -142.55452 
    -20.71396 -142.92464 
    -20.13618 -143.25919 
    -19.53900 -143.55687 
    -18.90529 -143.76743 
    -18.13118 -143.53067 
    -17.45719 -143.44931 
    -16.83330 -143.46545 
    -16.22320 -143.48947 
    -15.62029 -143.52257 
    -15.01798 -143.56261 
    -14.41044 -143.60574 
    -13.79189 -143.65472 
    -13.15131 -143.73463 
    -12.47223 -143.86427 
    -11.76655 -143.95610 
    -11.14992 -143.71883 
    -10.55085 -143.44237 
    -9.97191 -143.12799 
    -9.41557 -142.77721 
    -8.88420 -142.39165 
    -8.38002 -141.97313 
    -7.90498 -141.52379 
    -7.46086 -141.04582 
    -7.04955 -140.54128 
    -6.67256 -140.01251 
    -6.33121 -139.46201 
    -6.02662 -138.89226 
    -5.75966 -138.30586 
    -5.53105 -137.70537 
    -5.34127 -137.09337 
    -5.19061 -136.47246 
    -5.07912 -135.84515 
    -5.00677 -135.21393 
    -4.92951 -134.58394 
    -4.88442 -133.94922 
    -4.87452 -133.31105 
    -4.89997 -132.67102 
    -4.96102 -132.03075 
    -5.05807 -131.39195 
    -5.19168 -130.75645 
    -5.36259 -130.12637 
    -5.57161 -129.50409 
    -5.81961 -128.89236 
    -6.10733 -128.29434 
    -6.43536 -127.71358 
    -6.80390 -127.15395 
    -7.21273 -126.61960 
    -7.66100 -126.11483 
    -8.14723 -125.64391 
    -8.66922 -125.21090 
    -9.22409 -124.81951 
    -9.80833 -124.47290 
    -10.41790 -124.17356 
    -10.91508 -123.58646 
    -11.21424 -122.24251 
    -12.02454 -122.29053 
    -12.90558 -122.87563 
    -13.61025 -122.80592 
    -14.32047 -122.86263 
    -15.01798 -123.02119 
    -15.69130 -123.24712 
    -16.33715 -123.50690 
    -16.95857 -123.77630 
    -17.57382 -123.99488 
    -18.17908 -124.22036 
    -18.76792 -124.47796 
    -19.33909 -124.76640 
    -19.89136 -125.08458 
    -20.42345 -125.43156 
    -20.93408 -125.80641 
    -21.43676 -126.19025 
    -21.94975 -126.56763 
    -22.44055 -126.97897 
    -22.90641 -127.42334 
    -23.34457 -127.89960 
    -23.75227 -128.40627 
    -24.12686 -128.94157 
    -24.46583 -129.50340 
    -24.76682 -130.08939 
    -25.02771 -130.69687 
    -25.16356 -131.34427 
    -25.10815 -132.02441 
    -25.07973 -132.67813 
    -25.07735 -133.31633 
Cell 18 100 5.72686 -133.93320 
    -4.38111 -133.93320 
    -4.34875 -134.56709 
    -4.28377 -135.19783 
    -4.19290 -135.82549 
    -4.06233 -136.44664 
    -3.89248 -137.05872 
    -3.68398 -137.65921 
    -3.43758 -138.24565 
    -3.15422 -138.81561 
    -2.83499 -139.36671 
    -2.48115 -139.89667 
    -2.09410 -140.40326 
    -1.67539 -140.88437 
    -1.22670 -141.33800 
    -0.74987 -141.76222 
    -0.24684 -142.15529 
    0.28033 -142.51555 
    0.82947 -142.84151 
    1.50084 -142.91393 
    2.15779 -142.94763 
    2.77658 -143.01323 
    3.37222 -143.10393 
    3.95604 -143.21619 
    4.53747 -143.34824 
    5.12523 -143.49586 
    5.72686 -143.64766 
    6.34658 -143.78328 
    6.98836 -143.91899 
    7.62845 -143.90167 
    8.25098 -143.76401 
    8.86394 -143.58813 
    9.46577 -143.37662 
    10.05502 -143.13101 
    10.63049 -142.85286 
    11.19123 -142.54366 
    11.73667 -142.20499 
    12.26649 -141.83826 
    12.78063 -141.44470 
    13.27922 -141.02533 
    13.76259 -140.58093 
    14.23032 -140.11131 
    14.68175 -139.61615 
    15.11561 -139.09470 
    15.52975 -138.54608 
    15.87091 -137.94951 
    15.67833 -137.16663 
    15.55599 -136.45688 
    15.50121 -135.79776 
    15.48496 -135.16592 
    15.46582 -134.54593 
    15.44200 -133.93320 
    15.40765 -133.32414 
    15.36045 -132.71620 
    15.29968 -132.10709 
    15.22567 -131.49432 
    15.16914 -130.86522 
    15.12049 -130.21400 
    15.08516 -129.52951 
    15.08328 -128.78947 
    15.16848 -127.94136 
    15.05501 -127.15591 
    14.49847 -126.67670 
    13.91353 -126.24541 
    13.30767 -125.86045 
    12.68738 -125.51938 
    12.05795 -125.21921 
    11.42343 -124.95683 
    10.80131 -124.70281 
    10.19392 -124.44021 
    9.57367 -124.21726 
    8.94331 -124.03399 
    8.30545 -123.89027 
    7.66257 -123.78587 
    7.01702 -123.72050 
    6.37107 -123.69379 
    5.72686 -123.64241 
    5.07877 -123.63204 
    4.42960 -123.66428 
    3.78242 -123.74007 
    3.14051 -123.86005 
    2.50733 -124.02450 
    1.88640 -124.23330 
    1.28127 -124.48584 
    0.69542 -124.78104 
    0.13213 -125.11732 
    -0.40553 -125.49268 
    -0.91486 -125.90474 
    -1.39349 -126.35079 
    -1.83947 -126.82794 
    -2.25125 -127.33313 
    -2.62766 -127.86329 
    -2.96784 -128.41537 
    -3.27124 -128.98645 
    -3.53753 -129.57370 
    -3.76653 -130.17450 
    -3.96479 -130.78419 
    -4.12553 -131.40353 
    -4.24749 -132.03049 
    -4.33067 -132.66263 
    -4.37516 -133.29764 
Cell 19 100 25.16948 -132.45303 
    15.33419 -132.45303 
    15.38780 -133.06844 
    15.42793 -133.68367 
    15.45649 -134.30588 
    15.47803 -134.94138 
    15.49602 -135.59613 
    15.54009 -136.26558 
    15.63889 -136.93779 
    15.78759 -137.61078 
    16.12324 -138.19395 
    16.55258 -138.71358 
    17.00970 -139.20340 
    17.49198 -139.66269 
    17.95912 -140.13129 
    18.44378 -140.58301 
    18.95700 -141.00378 
    19.49755 -141.39056 
    20.06314 -141.74144 
    20.66753 -142.02017 
    21.35776 -142.08035 
    22.05757 -142.03050 
    22.70888 -142.03645 
    23.33583 -142.06537 
    23.94999 -142.10631 
    24.55900 -142.15642 
    25.16948 -142.21825 
    25.78889 -142.29829 
    26.42413 -142.38461 
    27.06587 -142.39424 
    27.71785 -142.37828 
    28.39074 -142.36705 
    29.04089 -142.23109 
    29.65295 -141.98088 
    30.24173 -141.67941 
    30.79871 -141.32329 
    31.32994 -140.93217 
    31.83318 -140.50806 
    32.30642 -140.05310 
    32.74784 -139.56958 
    33.15586 -139.05994 
    33.52912 -138.52666 
    33.86651 -137.97234 
    34.16727 -137.39961 
    34.43095 -136.81114 
    34.65743 -136.20958 
    34.84698 -135.59744 
    35.00023 -134.97714 
    35.11813 -134.35085 
    35.20190 -133.72043 
    35.25292 -133.08743 
    35.27258 -132.45303 
    35.26210 -131.81805 
    35.22234 -131.18306 
    35.15357 -130.54846 
    35.05537 -129.91476 
    34.92644 -129.28281 
    34.76470 -128.65402 
    34.56739 -128.03072 
    34.33133 -127.41627 
    34.09445 -126.78908 
    33.86751 -126.13354 
    33.61356 -125.46748 
    33.32456 -124.79491 
    32.99226 -124.12263 
    32.60851 -123.46080 
    32.16627 -122.82278 
    31.66073 -122.22446 
    31.09039 -121.68295 
    30.45767 -121.21507 
    29.76914 -120.83562 
    29.03514 -120.55578 
    28.26884 -120.38183 
    27.48503 -120.31451 
    26.69857 -120.34905 
    25.92302 -120.47585 
    25.16948 -120.68166 
    24.44585 -120.95126 
    23.75661 -121.26902 
    23.10307 -121.62050 
    22.48395 -121.99355 
    21.89625 -122.37905 
    21.32851 -122.75185 
    20.69969 -122.95425 
    20.07978 -123.19490 
    19.47136 -123.47423 
    18.87726 -123.79254 
    18.30060 -124.14999 
    17.74471 -124.54645 
    17.21311 -124.98151 
    16.70951 -125.45433 
    16.23767 -125.96369 
    15.80135 -126.50784 
    15.40422 -127.08453 
    15.13834 -127.73273 
    15.11514 -128.47224 
    15.08426 -129.17615 
    15.10264 -129.86832 
    15.14490 -130.54074 
    15.19863 -131.19342 
    15.26621 -131.82997 
Cell 20 100 46.33016 -133.03307 
    36.27425 -133.03307 
    36.28942 -133.66478 
    36.34431 -134.29457 
    36.43878 -134.91995 
    36.57255 -135.53839 
    36.74514 -136.14743 
    36.95595 -136.74458 
    37.20417 -137.32742 
    37.48886 -137.89362 
    37.80891 -138.44081 
    38.16307 -138.96681 
    38.54992 -139.46944 
    38.96794 -139.94666 
    39.41541 -140.39653 
    39.89055 -140.81721 
    40.39147 -141.20699 
    40.91611 -141.56424 
    41.46236 -141.88756 
    42.02800 -142.17561 
    42.61073 -142.42726 
    43.20819 -142.64153 
    43.81794 -142.81754 
    44.43752 -142.95462 
    45.06446 -143.05208 
    45.69618 -143.10992 
    46.33016 -143.12805 
    46.96391 -143.10623 
    47.59492 -143.04469 
    48.22071 -142.94370 
    48.83886 -142.80380 
    49.44702 -142.62576 
    50.04285 -142.41026 
    50.62417 -142.15829 
    51.18882 -141.87094 
    51.73480 -141.54941 
    52.26016 -141.19501 
    52.76308 -140.80913 
    53.24183 -140.39325 
    53.69481 -139.94893 
    54.12048 -139.47778 
    54.51743 -138.98146 
    54.88428 -138.46167 
    55.21979 -137.92018 
    55.45543 -137.32710 
    55.60133 -136.70378 
    55.59432 -136.04318 
    55.65416 -135.42706 
    55.74328 -134.82870 
    55.85579 -134.23643 
    55.98290 -133.64037 
    56.11571 -133.03307 
    56.23824 -132.40970 
    56.33146 -131.76961 
    56.38408 -131.11517 
    56.39588 -130.44864 
    56.38382 -129.76643 
    56.38972 -129.05020 
    56.36510 -128.31099 
    55.96975 -127.73366 
    55.82458 -127.00773 
    55.63480 -126.27285 
    55.38652 -125.54099 
    55.06670 -124.82891 
    54.66545 -124.15688 
    54.17815 -123.54648 
    53.60673 -123.01773 
    52.95988 -122.58630 
    52.25207 -122.26115 
    51.50153 -122.04336 
    50.72766 -121.92625 
    49.94855 -121.89680 
    49.17888 -121.93803 
    48.42878 -122.03172 
    47.70623 -122.14040 
    47.01457 -122.15465 
    46.33016 -122.21515 
    45.65609 -122.31903 
    44.99491 -122.46345 
    44.34866 -122.64565 
    43.71896 -122.86312 
    43.10714 -123.11362 
    42.51427 -123.39522 
    41.94132 -123.70631 
    41.38922 -124.04553 
    40.85892 -124.41178 
    40.35146 -124.80408 
    39.86794 -125.22157 
    39.40958 -125.66340 
    38.97771 -126.12865 
    38.57370 -126.61636 
    38.19897 -127.12541 
    37.85493 -127.65453 
    37.54309 -128.20233 
    37.25621 -128.76318 
    37.00352 -129.34039 
    36.78694 -129.93228 
    36.60742 -130.53668 
    36.46579 -131.15134 
    36.36272 -131.77388 
    36.29876 -132.40195 
Cell 21 100 64.98634 -133.61400 
    55.98867 -133.61400 
    55.86616 -134.18779 
    55.75243 -134.78052 
    55.65919 -135.39325 
    55.59608 -136.02501 
    55.60090 -136.66351 
    55.42693 -137.39883 
    55.52584 -138.06577 
    55.77800 -138.67633 
    56.07032 -139.27228 
    56.40241 -139.85059 
    56.77348 -140.40826 
    57.18243 -140.94235 
    57.62788 -141.44997 
    58.10815 -141.92830 
    58.62129 -142.37474 
    59.16513 -142.78674 
    59.73727 -143.16202 
    60.33509 -143.49838 
    60.95580 -143.79398 
    61.60514 -144.02025 
    62.40468 -143.66890 
    63.11493 -143.42424 
    63.75744 -143.34169 
    64.37772 -143.28754 
    64.98634 -143.23680 
    65.58878 -143.18953 
    66.19051 -143.14606 
    66.79685 -143.10507 
    67.41257 -143.06355 
    68.04328 -143.02231 
    68.73409 -143.07973 
    69.52888 -143.26741 
    70.23745 -143.16574 
    70.81084 -142.79195 
    71.35647 -142.38173 
    71.87205 -141.93739 
    72.35555 -141.46141 
    72.80513 -140.95633 
    73.21922 -140.42484 
    73.59647 -139.86963 
    73.93578 -139.29349 
    74.23624 -138.69917 
    74.32687 -138.00932 
    74.34157 -137.31801 
    74.23592 -136.61938 
    74.24033 -135.99002 
    74.24255 -135.37971 
    74.23399 -134.78226 
    74.21213 -134.19443 
    74.17860 -133.61400 
    74.12979 -133.03873 
    74.06389 -132.46722 
    73.98255 -131.89789 
    73.88799 -131.32845 
    73.77732 -130.75764 
    73.67007 -130.17586 
    73.57506 -129.57245 
    73.48637 -128.94107 
    73.40643 -128.27043 
    73.35348 -127.53491 
    73.09396 -126.90678 
    72.65106 -126.41634 
    72.17494 -125.95891 
    71.66852 -125.53663 
    71.13488 -125.15125 
    70.62729 -124.72528 
    70.14654 -124.22762 
    69.63680 -123.73125 
    69.09031 -123.24854 
    68.50047 -122.79859 
    67.86418 -122.40553 
    67.18373 -122.09485 
    66.46756 -121.88891 
    65.72946 -121.80241 
    64.98634 -121.83926 
    64.25513 -121.99181 
    63.54979 -122.24255 
    62.87917 -122.56785 
    62.24640 -122.94266 
    61.64968 -123.34483 
    61.08396 -123.75772 
    60.54337 -124.17223 
    60.02210 -124.58409 
    59.51614 -124.99435 
    58.96439 -125.32550 
    58.44267 -125.70406 
    57.95488 -126.12626 
    57.50377 -126.58740 
    57.09092 -127.08234 
    56.71670 -127.60576 
    56.38059 -128.15263 
    56.38422 -128.88493 
    56.38546 -129.56673 
    56.39168 -130.21114 
    56.38929 -130.82066 
    56.36122 -131.39944 
    56.30406 -131.95776 
    56.21922 -132.50645 
    56.11078 -133.05560 
Cell 22 100 84.10620 -131.34639 
    73.89096 -131.34639 
    73.99464 -131.98256 
    74.08069 -132.61292 
    74.14738 -133.24614 
    74.19461 -133.89125 
    74.22560 -134.55679 
    74.24073 -135.25241 
    74.24033 -135.98892 
    74.25732 -136.76085 
    74.43482 -137.48404 
    74.94101 -138.00529 
    75.47119 -138.48988 
    76.02098 -138.93892 
    76.58688 -139.35365 
    77.16628 -139.73531 
    77.75729 -140.08493 
    78.35861 -140.40314 
    78.96938 -140.69025 
    79.58893 -140.94608 
    80.21671 -141.17012 
    80.85208 -141.36154 
    81.49447 -141.51842 
    82.14272 -141.63936 
    82.79549 -141.72171 
    83.45077 -141.76425 
    84.10620 -141.76996 
    84.76015 -141.74068 
    85.41154 -141.67923 
    86.05943 -141.58560 
    86.70183 -141.45569 
    87.33428 -141.28140 
    87.95255 -141.06114 
    88.55312 -140.79657 
    89.13410 -140.49211 
    89.69355 -140.15063 
    90.22902 -139.77373 
    90.73824 -139.36314 
    91.21905 -138.92081 
    91.66946 -138.44878 
    92.08772 -137.94928 
    92.47226 -137.42468 
    92.82195 -136.87756 
    93.13618 -136.31067 
    93.24699 -135.64771 
    93.22202 -134.95560 
    93.29437 -134.33180 
    93.37325 -133.72577 
    93.44857 -133.12854 
    93.51884 -132.53548 
    93.58241 -131.94258 
    93.63900 -131.34639 
    93.69036 -130.74341 
    93.75130 -130.12793 
    93.93224 -129.47197 
    94.13860 -128.77051 
    94.36559 -128.01291 
    94.62503 -127.18169 
    95.01170 -126.21465 
    95.05560 -125.32690 
    94.54850 -124.71951 
    93.87209 -124.25106 
    93.11827 -123.89096 
    92.62233 -123.34921 
    92.21031 -122.71638 
    91.75089 -122.10555 
    91.24372 -121.52244 
    90.68925 -120.97316 
    90.08881 -120.46405 
    89.44472 -120.00147 
    88.76025 -119.59158 
    88.03976 -119.24012 
    87.28851 -118.95213 
    86.51256 -118.73184 
    85.71867 -118.58238 
    84.91407 -118.50573 
    84.10620 -118.50259 
    83.30253 -118.57240 
    82.51028 -118.71333 
    81.73620 -118.92240 
    80.98642 -119.19564 
    80.26625 -119.52824 
    79.58010 -119.91478 
    78.93144 -120.34947 
    78.32277 -120.82636 
    77.75566 -121.33955 
    77.23090 -121.88336 
    76.74856 -122.45253 
    76.30812 -123.04227 
    75.90868 -123.64841 
    75.54906 -124.26731 
    75.22797 -124.89598 
    74.73289 -125.39791 
    74.22986 -125.91682 
    73.75905 -126.47739 
    73.35500 -127.08968 
    73.37690 -127.86023 
    73.44685 -128.60953 
    73.54114 -129.33101 
    73.64632 -130.02501 
    73.76593 -130.69583 
Cell 23 100 103.93653 -133.61314 
    93.38745 -133.61314 
    93.30082 -134.28229 
    93.22242 -134.96664 
    93.24620 -135.65244 
    93.32922 -136.33664 
    93.64584 -136.95679 
    93.99781 -137.54816 
    94.37105 -138.11432 
    94.76318 -138.65623 
    95.17285 -139.17474 
    95.59948 -139.67036 
    96.04308 -140.14317 
    96.50393 -140.59282 
    96.98096 -141.02007 
    97.44714 -141.45746 
    97.93347 -141.87564 
    98.44627 -142.26442 
    98.98410 -142.62157 
    99.54522 -142.94514 
    100.13251 -143.22099 
    100.76653 -143.36940 
    101.42165 -143.40794 
    102.08430 -143.32291 
    102.70921 -143.32835 
    103.32125 -143.39275 
    103.93653 -143.52141 
    104.56882 -143.66312 
    105.21485 -143.73207 
    105.86530 -143.72408 
    106.53228 -143.72293 
    107.21615 -143.70677 
    107.84779 -143.49187 
    108.46436 -143.23526 
    109.06293 -142.93802 
    109.64070 -142.60149 
    110.19498 -142.22716 
    110.72317 -141.81677 
    111.22280 -141.37224 
    111.69161 -140.89565 
    112.12743 -140.38925 
    112.52833 -139.85545 
    112.89253 -139.29680 
    113.21849 -138.71594 
    113.50484 -138.11565 
    113.75048 -137.49876 
    113.95448 -136.86816 
    114.11617 -136.22684 
    114.23511 -135.57770 
    114.31109 -134.92375 
    114.34416 -134.26793 
    114.33460 -133.61314 
    114.28291 -132.96220 
    114.18988 -132.31784 
    114.05646 -131.68266 
    113.88388 -131.05910 
    113.67355 -130.44940 
    113.42709 -129.85556 
    113.14627 -129.27937 
    112.83299 -128.72227 
    112.48922 -128.18544 
    112.11695 -127.66972 
    111.71817 -127.17561 
    111.29471 -126.70335 
    110.84824 -126.25292 
    110.38017 -125.82413 
    109.89160 -125.41669 
    109.38332 -125.03037 
    108.85574 -124.66515 
    108.30894 -124.32131 
    107.74279 -123.99963 
    107.15701 -123.70151 
    106.55135 -123.42907 
    105.92577 -123.18517 
    105.28065 -122.97340 
    104.61696 -122.79801 
    103.93653 -122.66374 
    103.24210 -122.57553 
    102.53745 -122.53828 
    101.82736 -122.55650 
    101.11756 -122.63398 
    100.41451 -122.77346 
    99.72514 -122.97639 
    99.05660 -123.24277 
    98.41581 -123.57100 
    97.80920 -123.95802 
    97.24230 -124.39934 
    96.71959 -124.88937 
    96.15852 -125.33040 
    95.54050 -125.72874 
    95.00712 -126.22610 
    94.72844 -126.92307 
    94.48899 -127.61755 
    94.27850 -128.30360 
    94.07863 -128.97437 
    93.88743 -129.63443 
    93.73444 -130.29828 
    93.67044 -130.97726 
    93.61081 -131.64340 
    93.54406 -132.30028 
    93.46918 -132.95459 
Cell 24 100 -113.20828 -114.13071 
    -123.51205 -114.13071 
    -123.50054 -114.77824 
    -123.44723 -115.42419 
    -123.35222 -116.06577 
    -123.21588 -116.70023 
    -123.03875 -117.32482 
    -122.82156 -117.93688 
    -122.56527 -118.53378 
    -122.27097 -119.11297 
    -121.93998 -119.67201 
    -121.57375 -120.20858 
    -121.17392 -120.72047 
    -120.74227 -121.20560 
    -120.28070 -121.66208 
    -119.79125 -122.08816 
    -119.27605 -122.48228 
    -118.73731 -122.84307 
    -118.17731 -123.16935 
    -117.59837 -123.46014 
    -117.00282 -123.71462 
    -116.33705 -123.76007 
    -115.66480 -123.69821 
    -115.03152 -123.68848 
    -114.41831 -123.70905 
    -113.81200 -123.72665 
    -113.20828 -123.74721 
    -112.60172 -123.77184 
    -111.98692 -123.79875 
    -111.35487 -123.84660 
    -110.68066 -123.97514 
    -110.00006 -124.00459 
    -109.35696 -123.85805 
    -108.73479 -123.63738 
    -108.12569 -123.37592 
    -107.52961 -123.07887 
    -106.94866 -122.74634 
    -106.38515 -122.37847 
    -105.84153 -121.97551 
    -105.32052 -121.53782 
    -104.82498 -121.06598 
    -104.35800 -120.56082 
    -103.92275 -120.02349 
    -103.52251 -119.45551 
    -103.16055 -118.85882 
    -102.84004 -118.23579 
    -102.56404 -117.58924 
    -102.33529 -116.92242 
    -102.15620 -116.23901 
    -102.02873 -115.54302 
    -101.64302 -114.85834 
    -101.24027 -114.13071 
    -100.99149 -113.36210 
    -100.95588 -112.58288 
    -101.15576 -111.83157 
    -101.56818 -111.14204 
    -102.13322 -110.53220 
    -102.77476 -109.99979 
    -103.24672 -109.44316 
    -102.99043 -108.51340 
    -102.76818 -107.50523 
    -104.42778 -107.75130 
    -104.94232 -107.29251 
    -105.44183 -106.83752 
    -105.96495 -106.41735 
    -106.50870 -106.03230 
    -107.07027 -105.68246 
    -107.64714 -105.36776 
    -108.23701 -105.08801 
    -108.83782 -104.84302 
    -109.44770 -104.63257 
    -110.06494 -104.45650 
    -110.68797 -104.31472 
    -111.31527 -104.20720 
    -111.93862 -104.08034 
    -112.56765 -103.94818 
    -113.20828 -103.82439 
    -113.86405 -103.70757 
    -114.53829 -103.60261 
    -115.23194 -103.52232 
    -115.94118 -103.48681 
    -116.65585 -103.52020 
    -117.35981 -103.64516 
    -118.03345 -103.87672 
    -118.65798 -104.21775 
    -119.22004 -104.65770 
    -119.71476 -105.17532 
    -120.14627 -105.74413 
    -120.52550 -106.33868 
    -120.86621 -106.93945 
    -121.18100 -107.53511 
    -121.47846 -108.12208 
    -121.80740 -108.67355 
    -122.14650 -109.21689 
    -122.45119 -109.78133 
    -122.71995 -110.36478 
    -122.95135 -110.96500 
    -123.14419 -111.57961 
    -123.29742 -112.20611 
    -123.41020 -112.84191 
    -123.48190 -113.48435 
