107 25 
Cell 0 100 -122.82146 -143.47166 
    -132.82156 -143.47166 
    -132.80180 -144.09958 
    -132.74268 -144.72501 
    -132.64439 -145.34549 
    -132.50734 -145.95857 
    -132.33205 -146.56184 
    -132.11923 -147.15291 
    -131.87547 -147.73216 
    -131.60466 -148.30028 
    -131.30273 -148.85405 
    -130.96570 -149.38879 
    -130.59471 -149.90227 
    -130.19106 -150.39217 
    -129.75618 -150.85640 
    -129.29172 -151.29286 
    -128.79941 -151.69960 
    -128.28114 -152.07475 
    -127.73896 -152.41656 
    -127.17501 -152.72343 
    -126.59158 -152.99391 
    -125.99105 -153.22667 
    -125.37590 -153.42056 
    -124.74870 -153.57460 
    -124.11208 -153.68797 
    -123.46875 -153.76006 
    -122.82146 -153.79042 
    -122.17299 -153.77882 
    -121.52613 -153.72520 
    -120.88371 -153.62973 
    -120.24848 -153.49274 
    -119.62325 -153.31476 
    -119.01071 -153.09651 
    -118.41354 -152.83896 
    -117.83434 -152.54320 
    -117.27562 -152.21051 
    -116.73980 -151.84235 
    -116.22917 -151.44037 
    -115.74592 -151.00635 
    -115.29210 -150.54221 
    -114.86961 -150.05000 
    -114.48020 -149.53194 
    -114.12547 -148.99031 
    -113.80681 -148.42751 
    -113.52548 -147.84602 
    -113.28256 -147.24838 
    -113.05554 -146.64481 
    -112.85627 -146.03029 
    -112.69110 -145.40413 
    -112.56014 -144.76797 
    -112.46349 -144.12334 
    -112.50712 -143.47166 
    -112.94401 -142.85022 
    -113.28806 -142.26732 
    -113.57809 -141.70840 
    -113.83496 -141.16432 
    -114.07315 -140.62918 
    -114.30323 -140.09906 
    -114.52977 -139.56989 
    -114.76338 -139.04170 
    -115.00980 -138.51424 
    -115.26991 -137.98514 
    -115.54590 -137.45280 
    -115.84134 -136.91690 
    -116.15842 -136.37625 
    -116.52580 -135.86153 
    -116.91459 -135.34155 
    -117.29120 -134.75737 
    -117.57539 -133.92911 
    -117.99498 -133.21487 
    -118.69820 -133.05751 
    -119.42217 -133.00974 
    -120.11195 -132.91881 
    -120.78747 -132.80910 
    -121.45818 -132.68024 
    -122.13155 -132.50580 
    -122.82146 -132.23363 
    -123.54760 -131.92999 
    -124.32477 -131.57172 
    -125.09898 -131.53250 
    -125.80311 -131.85889 
    -126.47357 -132.23161 
    -127.07336 -132.73257 
    -127.56672 -133.38747 
    -128.00792 -134.03754 
    -128.52139 -134.49002 
    -129.01938 -134.94095 
    -129.61511 -135.25955 
    -130.40872 -135.39204 
    -130.40767 -136.34775 
    -130.71059 -136.94521 
    -131.05820 -137.48732 
    -131.37549 -138.04311 
    -131.66214 -138.61145 
    -131.91771 -139.19130 
    -132.14159 -139.78157 
    -132.33311 -140.38115 
    -132.50743 -140.98473 
    -132.64447 -141.59782 
    -132.74274 -142.21832 
    -132.80183 -142.84375 
Cell 1 100 -105.84422 -136.02055 
    -116.41230 -136.02055 
    -115.99258 -136.65903 
    -115.65240 -137.25961 
    -115.34848 -137.83359 
    -115.07108 -138.38960 
    -114.81333 -138.93480 
    -114.57135 -139.47588 
    -114.33815 -140.01749 
    -114.10284 -140.56078 
    -113.86019 -141.10765 
    -113.60230 -141.65714 
    -113.32026 -142.20526 
    -113.00573 -142.74565 
    -112.65018 -143.26817 
    -112.23457 -143.74516 
    -111.73506 -144.12859 
    -111.21577 -144.48476 
    -110.67496 -144.80763 
    -110.11475 -145.09587 
    -109.53735 -145.34833 
    -108.94506 -145.56395 
    -108.34023 -145.74188 
    -107.72527 -145.88136 
    -107.10262 -145.98183 
    -106.47477 -146.04285 
    -105.84422 -146.06415 
    -105.21349 -146.04567 
    -104.58511 -145.98743 
    -103.96159 -145.88965 
    -103.34542 -145.75273 
    -102.73907 -145.57721 
    -102.14498 -145.36377 
    -101.56552 -145.11325 
    -101.00301 -144.82669 
    -100.45971 -144.50519 
    -99.93778 -144.15007 
    -99.43932 -143.76276 
    -98.96632 -143.34479 
    -98.52066 -142.89784 
    -98.10412 -142.42372 
    -97.71575 -141.92624 
    -97.35208 -141.40984 
    -97.01743 -140.87312 
    -96.85648 -140.24986 
    -96.84317 -139.58434 
    -96.79884 -138.95958 
    -96.76167 -138.35255 
    -96.73573 -137.75809 
    -96.72363 -137.17276 
    -96.72659 -136.59419 
    -96.74380 -136.02055 
    -96.77839 -135.45018 
    -96.79844 -134.87781 
    -96.81044 -134.29726 
    -96.83543 -133.70749 
    -96.87430 -133.10605 
    -96.91976 -132.48711 
    -96.97421 -131.84665 
    -97.02940 -131.17456 
    -97.06582 -130.44962 
    -97.02541 -129.61331 
    -97.28905 -128.94310 
    -97.79044 -128.45753 
    -98.33151 -128.02032 
    -98.90464 -127.63203 
    -99.50228 -127.29162 
    -100.11760 -126.99684 
    -100.74478 -126.74470 
    -101.37921 -126.53191 
    -102.01752 -126.35540 
    -102.65741 -126.21255 
    -103.25226 -125.92551 
    -103.86498 -125.64500 
    -104.50435 -125.41438 
    -105.16718 -125.25921 
    -105.84422 -125.20038 
    -106.52203 -125.24709 
    -107.18070 -125.44125 
    -107.81362 -125.69659 
    -108.42235 -125.97943 
    -109.00071 -126.30589 
    -109.56008 -126.63535 
    -110.04755 -127.08801 
    -110.51308 -127.52792 
    -110.98137 -127.92571 
    -111.45242 -128.30153 
    -111.92657 -128.66827 
    -112.40547 -129.03352 
    -112.88580 -129.40808 
    -113.36593 -129.79807 
    -113.84452 -130.20801 
    -114.32504 -130.63847 
    -114.80618 -131.09369 
    -115.29582 -131.57297 
    -115.81358 -132.07341 
    -116.43745 -132.57861 
    -117.29079 -133.08157 
    -117.60712 -133.77666 
    -117.35680 -134.56618 
    -116.92634 -135.32332 
Cell 2 100 -86.85475 -137.16910 
    -96.72365 -137.16910 
    -96.73716 -137.79085 
    -96.76588 -138.42117 
    -96.80650 -139.06749 
    -96.84618 -139.73447 
    -96.89745 -140.43216 
    -96.57223 -141.01651 
    -96.22924 -141.58040 
    -95.86813 -142.12424 
    -95.48814 -142.64801 
    -95.08839 -143.15118 
    -94.68342 -143.64554 
    -94.28745 -144.14886 
    -93.85854 -144.62738 
    -93.39819 -145.07875 
    -92.90809 -145.50081 
    -92.39011 -145.89143 
    -91.84627 -146.24864 
    -91.27875 -146.57057 
    -90.68988 -146.85553 
    -90.08215 -147.10201 
    -89.45813 -147.30859 
    -88.82054 -147.47414 
    -88.17218 -147.59763 
    -87.51594 -147.67831 
    -86.85475 -147.71559 
    -86.19163 -147.70914 
    -85.52959 -147.65881 
    -84.87169 -147.56470 
    -84.22093 -147.42714 
    -83.58035 -147.24667 
    -82.95290 -147.02406 
    -82.34146 -146.76033 
    -81.74888 -146.45665 
    -81.17786 -146.11446 
    -80.63100 -145.73535 
    -80.11080 -145.32114 
    -79.61957 -144.87378 
    -79.15949 -144.39543 
    -78.73255 -143.88837 
    -78.34059 -143.35500 
    -77.98521 -142.79788 
    -77.66787 -142.21964 
    -77.38657 -141.62448 
    -77.09866 -141.03181 
    -76.84361 -140.42192 
    -76.62309 -139.79614 
    -76.43909 -139.15599 
    -76.29401 -138.50323 
    -76.19057 -137.84003 
    -76.13161 -137.16910 
    -76.12000 -136.49373 
    -76.15827 -135.81783 
    -76.24842 -135.14583 
    -76.39166 -134.48264 
    -76.58826 -133.83331 
    -76.83733 -133.20291 
    -77.13689 -132.59622 
    -77.48398 -132.01747 
    -77.87471 -131.47018 
    -78.30459 -130.95705 
    -78.76879 -130.47981 
    -79.26242 -130.03943 
    -79.78078 -129.63608 
    -80.31956 -129.26941 
    -80.87498 -128.93864 
    -81.44386 -128.64290 
    -82.02214 -128.37860 
    -82.57366 -128.07132 
    -83.14171 -127.79102 
    -83.72504 -127.53685 
    -84.32278 -127.30774 
    -84.93447 -127.10261 
    -85.56006 -126.92055 
    -86.19993 -126.76098 
    -86.85475 -126.62395 
    -87.52784 -126.47066 
    -88.22583 -126.31589 
    -88.93765 -126.25016 
    -89.64592 -126.29821 
    -90.38572 -126.30191 
    -91.14955 -126.32166 
    -91.90455 -126.43774 
    -92.63525 -126.65440 
    -93.38799 -126.87436 
    -94.12593 -127.16118 
    -94.83871 -127.51815 
    -95.51535 -127.94650 
    -96.14482 -128.44514 
    -96.71678 -129.01051 
    -97.03317 -129.77405 
    -97.05340 -130.69684 
    -96.99492 -131.59450 
    -96.92457 -132.43060 
    -96.86793 -133.20461 
    -96.82603 -133.92923 
    -96.80388 -134.61459 
    -96.78453 -135.27489 
    -96.74996 -135.91904 
    -96.72797 -136.54793 
Cell 3 100 -54.64817 -154.82417 
    -64.77921 -154.82417 
    -64.73389 -155.45871 
    -64.65159 -156.08791 
    -64.53299 -156.70981 
    -64.37868 -157.32254 
    -64.18920 -157.92424 
    -63.96505 -158.51299 
    -63.70679 -159.08684 
    -63.41504 -159.64380 
    -63.09145 -160.18243 
    -62.73834 -160.70203 
    -62.35330 -161.19841 
    -61.93785 -161.66965 
    -61.49364 -162.11386 
    -61.02241 -162.52931 
    -60.52602 -162.91434 
    -60.00644 -163.26746 
    -59.46571 -163.58723 
    -58.90596 -163.87244 
    -58.32941 -164.12193 
    -57.73834 -164.33473 
    -57.13507 -164.51001 
    -56.52198 -164.64705 
    -55.90150 -164.74532 
    -55.27607 -164.80444 
    -54.64817 -164.82417 
    -54.02026 -164.80444 
    -53.39483 -164.74532 
    -52.77435 -164.64705 
    -52.16127 -164.51001 
    -51.55800 -164.33473 
    -50.96526 -164.12614 
    -50.38567 -163.88243 
    -49.82121 -163.60437 
    -49.27346 -163.29335 
    -48.74375 -162.95090 
    -48.23315 -162.57860 
    -47.74245 -162.17801 
    -47.27225 -161.75063 
    -46.82294 -161.29776 
    -46.39491 -160.82051 
    -45.98862 -160.31969 
    -45.60479 -159.79581 
    -45.24461 -159.24916 
    -44.90986 -158.67984 
    -44.60312 -158.08801 
    -44.32773 -157.47401 
    -44.08784 -156.83867 
    -43.88824 -156.18347 
    -43.73408 -155.51083 
    -43.63055 -154.82417 
    -43.58248 -154.12798 
    -43.59386 -153.42769 
    -43.66747 -152.72949 
    -43.80459 -152.04001 
    -44.00479 -151.36594 
    -44.26593 -150.71356 
    -44.58430 -150.08847 
    -44.95489 -149.49525 
    -45.37180 -148.93721 
    -45.82868 -148.41644 
    -46.31915 -147.93381 
    -46.83722 -147.48921 
    -47.37756 -147.08176 
    -47.93569 -146.71019 
    -48.50806 -146.37305 
    -49.09197 -146.06900 
    -49.68547 -145.79706 
    -50.28718 -145.55659 
    -50.89608 -145.34749 
    -51.51132 -145.16995 
    -52.13206 -145.02458 
    -52.75754 -144.91315 
    -53.38580 -144.83151 
    -54.01700 -144.79204 
    -54.64817 -144.79637 
    -55.27784 -144.81593 
    -55.90752 -144.85538 
    -56.53840 -144.91521 
    -57.16803 -145.00995 
    -57.78888 -145.15805 
    -58.40536 -145.33458 
    -59.00295 -145.56979 
    -59.58174 -145.85004 
    -60.15032 -146.15416 
    -60.69899 -146.49593 
    -61.22442 -146.87485 
    -61.72322 -147.29001 
    -62.19201 -147.74004 
    -62.62764 -148.22298 
    -63.02727 -148.73640 
    -63.38848 -149.27740 
    -63.70944 -149.84270 
    -63.98886 -150.42877 
    -64.22606 -151.03201 
    -64.42088 -151.64883 
    -64.57363 -152.27574 
    -64.68494 -152.90956 
    -64.75567 -153.54730 
    -64.78677 -154.18631 
Cell 4 100 -57.40657 -134.78154 
    -69.46400 -134.78154 
    -69.30303 -135.53000 
    -69.09223 -136.25778 
    -68.83582 -136.96179 
    -68.53805 -137.63962 
    -68.20300 -138.28951 
    -67.83450 -138.91025 
    -67.43610 -139.50108 
    -67.01093 -140.06158 
    -66.56175 -140.59160 
    -66.09090 -141.09108 
    -65.60041 -141.56007 
    -65.09195 -141.99860 
    -64.56696 -142.40659 
    -64.02669 -142.78389 
    -63.47225 -143.13023 
    -62.90470 -143.44521 
    -62.32508 -143.72827 
    -61.73449 -143.97884 
    -61.15226 -144.24208 
    -60.56515 -144.50264 
    -59.95717 -144.71548 
    -59.33247 -144.87744 
    -58.69447 -144.97633 
    -58.05019 -145.01154 
    -57.40657 -144.99670 
    -56.76685 -144.94958 
    -56.13126 -144.87660 
    -55.48988 -144.82922 
    -54.83372 -144.80214 
    -54.15366 -144.79297 
    -53.44997 -144.77478 
    -52.81092 -144.54779 
    -52.19191 -144.26698 
    -51.59174 -143.94424 
    -51.01346 -143.58090 
    -50.45998 -143.17851 
    -49.93412 -142.73889 
    -49.43851 -142.26404 
    -48.97566 -141.75620 
    -48.54786 -141.21777 
    -48.15720 -140.65137 
    -47.80556 -140.05974 
    -47.49458 -139.44577 
    -47.22564 -138.81245 
    -46.99992 -138.16287 
    -46.81829 -137.50015 
    -46.68140 -136.82747 
    -46.58964 -136.14804 
    -46.54316 -135.46501 
    -46.54186 -134.78154 
    -46.58544 -134.10074 
    -46.67337 -133.42561 
    -46.80493 -132.75917 
    -46.97923 -132.10425 
    -47.19518 -131.46365 
    -47.45157 -130.84007 
    -47.74702 -130.23610 
    -48.08003 -129.65424 
    -48.44894 -129.09686 
    -48.85199 -128.56627 
    -49.28727 -128.06467 
    -49.75274 -127.59412 
    -50.24623 -127.15656 
    -50.76545 -126.75380 
    -51.30794 -126.38750 
    -51.85485 -126.03342 
    -52.45438 -125.77354 
    -53.07365 -125.57361 
    -53.68988 -125.39426 
    -54.29565 -125.20709 
    -54.89914 -125.01572 
    -55.50716 -124.82448 
    -56.12465 -124.63406 
    -56.75613 -124.44301 
    -57.40657 -124.24660 
    -58.08268 -124.03511 
    -58.79474 -123.79308 
    -59.52776 -123.66191 
    -60.26885 -123.63369 
    -61.04839 -123.57319 
    -61.78224 -123.72987 
    -62.52897 -123.89589 
    -63.26712 -124.12123 
    -63.99111 -124.40597 
    -64.69637 -124.74799 
    -65.37624 -125.14786 
    -66.02423 -125.60466 
    -66.63393 -126.11647 
    -67.19921 -126.68037 
    -67.71438 -127.29248 
    -68.17441 -127.94806 
    -68.57507 -128.64162 
    -68.91305 -129.36700 
    -69.18608 -130.11771 
    -69.39297 -130.88693 
    -69.53358 -131.66785 
    -69.60878 -132.45384 
    -69.62039 -133.23857 
    -69.57104 -134.01622 
Cell 5 100 -6.39388 -142.92856 
    -16.81238 -142.92856 
    -16.82899 -143.58508 
    -16.80235 -144.24345 
    -16.73218 -144.90070 
    -16.61844 -145.55377 
    -16.46128 -146.19965 
    -16.26112 -146.83527 
    -16.01861 -147.45761 
    -15.73461 -148.06366 
    -15.41025 -148.65051 
    -15.04685 -149.21530 
    -14.64595 -149.75526 
    -14.20934 -150.26776 
    -13.73898 -150.75029 
    -13.23703 -151.20050 
    -12.70584 -151.61623 
    -12.14791 -151.99545 
    -11.56586 -152.33635 
    -10.96250 -152.63736 
    -10.34072 -152.89713 
    -9.70349 -153.11447 
    -9.05387 -153.28851 
    -8.39496 -153.41853 
    -7.72989 -153.50415 
    -7.06182 -153.54515 
    -6.39388 -153.54160 
    -5.72918 -153.49376 
    -5.07076 -153.40216 
    -4.42162 -153.26755 
    -3.78465 -153.09087 
    -3.16264 -152.87329 
    -2.55828 -152.61618 
    -1.97410 -152.32108 
    -1.41251 -151.98964 
    -0.87574 -151.62376 
    -0.36586 -151.22542 
    0.11520 -150.79669 
    0.56576 -150.33983 
    0.98533 -149.85809 
    1.38032 -149.35994 
    1.68687 -148.79958 
    1.95670 -148.22801 
    2.21626 -147.66202 
    2.46327 -147.09641 
    2.69618 -146.52757 
    2.91423 -145.95294 
    3.11684 -145.37048 
    3.30609 -144.77893 
    3.48345 -144.17636 
    3.65171 -143.56058 
    3.81732 -142.92856 
    4.04869 -142.27158 
    4.55430 -141.54549 
    5.17529 -140.72162 
    5.33853 -139.91618 
    5.38543 -139.10123 
    5.30595 -138.29626 
    5.08342 -137.52776 
    4.71446 -136.82169 
    4.21009 -136.19907 
    3.59375 -135.67212 
    2.89694 -135.24252 
    2.15367 -134.90187 
    1.39496 -134.63428 
    0.64487 -134.42017 
    -0.08148 -134.24028 
    -0.77770 -134.07887 
    -1.42196 -133.88466 
    -2.01340 -133.61955 
    -2.61791 -133.39154 
    -3.23317 -133.20090 
    -3.85692 -133.04774 
    -4.47373 -132.86276 
    -5.09677 -132.66081 
    -5.73619 -132.47478 
    -6.39388 -132.15329 
    -7.11929 -131.39857 
    -7.78612 -131.90791 
    -8.45776 -132.10931 
    -9.13363 -132.25798 
    -9.78129 -132.50320 
    -10.41696 -132.76744 
    -11.04103 -133.05286 
    -11.65599 -133.35683 
    -12.24711 -133.70537 
    -12.78054 -134.13809 
    -13.21970 -134.67757 
    -13.61966 -135.23389 
    -13.98785 -135.79735 
    -14.33049 -136.36282 
    -14.65154 -136.92902 
    -14.95239 -137.49716 
    -15.23222 -138.06964 
    -15.55107 -138.61952 
    -15.84583 -139.18628 
    -16.10474 -139.77332 
    -16.32626 -140.37836 
    -16.50895 -140.99901 
    -16.65156 -141.63271 
    -16.75300 -142.27682 
Cell 6 100 11.41308 -150.20604 
    0.85600 -150.20604 
    0.62320 -150.88489 
    0.52478 -151.58156 
    0.53497 -152.28114 
    0.62729 -152.97536 
    0.78494 -153.65933 
    1.00192 -154.32811 
    1.26661 -154.98061 
    1.57640 -155.61380 
    1.92976 -156.22433 
    2.32490 -156.80899 
    2.75975 -157.36470 
    3.23205 -157.88853 
    3.73923 -158.37787 
    4.27857 -158.83018 
    4.84715 -159.24327 
    5.44182 -159.61523 
    6.05944 -159.94427 
    6.69659 -160.22910 
    7.34988 -160.46852 
    8.01583 -160.66170 
    8.69091 -160.80821 
    9.37163 -160.90768 
    10.05451 -160.96027 
    10.73611 -160.96622 
    11.41308 -160.92619 
    12.08218 -160.84105 
    12.74028 -160.71188 
    13.38439 -160.54001 
    14.01171 -160.32703 
    14.61959 -160.07466 
    15.20557 -159.78477 
    15.79737 -159.52313 
    16.39436 -159.26694 
    16.97844 -158.97563 
    17.54764 -158.64954 
    18.09986 -158.28897 
    18.63289 -157.89435 
    19.14433 -157.46617 
    19.63167 -157.00505 
    20.09222 -156.51181 
    20.52318 -155.98749 
    20.92164 -155.43341 
    21.28463 -154.85124 
    21.60921 -154.24297 
    21.89250 -153.61101 
    22.13177 -152.95813 
    22.32453 -152.28751 
    22.46861 -151.60268 
    22.56223 -150.90749 
    22.60408 -150.20604 
    22.59335 -149.50264 
    22.52978 -148.80168 
    22.41369 -148.10756 
    22.24596 -147.42462 
    22.02802 -146.75703 
    21.76177 -146.10870 
    21.44959 -145.48322 
    21.09420 -144.88380 
    20.69862 -144.31326 
    20.26605 -143.77399 
    19.79984 -143.26791 
    19.30334 -142.79659 
    18.77990 -142.36118 
    18.23276 -141.96246 
    17.66501 -141.60100 
    17.07959 -141.27705 
    16.47923 -140.99074 
    15.86651 -140.74202 
    15.24378 -140.53081 
    14.61326 -140.35690 
    13.97702 -140.22018 
    13.33701 -140.12044 
    12.72489 -139.82202 
    12.08856 -139.46968 
    11.41308 -139.07732 
    10.68788 -138.67929 
    9.91360 -138.33646 
    9.10825 -138.12370 
    8.30674 -138.10765 
    7.55210 -138.32317 
    6.88129 -138.76004 
    6.31235 -139.36644 
    5.83946 -140.06767 
    5.39408 -140.72162 
    4.84277 -141.16278 
    4.41452 -141.74623 
    4.02508 -142.33862 
    3.78692 -143.04459 
    3.60163 -143.74385 
    3.41835 -144.39754 
    3.23103 -145.01355 
    3.03664 -145.60104 
    2.83250 -146.16832 
    2.61613 -146.72307 
    2.38614 -147.27301 
    2.14131 -147.82545 
    1.88129 -148.38774 
    1.59592 -148.96584 
    1.24687 -149.56644 
Cell 7 100 33.56792 -131.54169 
    23.15413 -131.54169 
    23.13424 -132.19812 
    23.15761 -132.85681 
    23.22458 -133.51479 
    23.33523 -134.16899 
    23.48945 -134.81638 
    23.68687 -135.45387 
    23.92689 -136.07841 
    24.20868 -136.68697 
    24.53117 -137.27658 
    24.89304 -137.84436 
    25.29277 -138.38750 
    25.72861 -138.90329 
    26.19860 -139.38922 
    26.70061 -139.84285 
    27.23227 -140.26196 
    27.79109 -140.64452 
    28.37441 -140.98865 
    28.97943 -141.29274 
    29.60324 -141.55533 
    30.24282 -141.77528 
    30.89511 -141.95161 
    31.55694 -142.08362 
    32.22515 -142.17084 
    32.89654 -142.21306 
    33.56792 -142.21031 
    34.23615 -142.16286 
    34.89811 -142.07123 
    35.55078 -141.93616 
    36.19118 -141.75859 
    36.81648 -141.53972 
    37.42395 -141.28091 
    38.01101 -140.98372 
    38.57520 -140.64990 
    39.11426 -140.28131 
    39.62607 -139.88000 
    40.10870 -139.44812 
    40.56044 -138.98796 
    41.03257 -138.55145 
    41.48558 -138.09174 
    41.91371 -137.60526 
    42.31561 -137.09314 
    42.68985 -136.55652 
    43.03498 -135.99655 
    43.34944 -135.41446 
    43.63158 -134.81157 
    43.87963 -134.18929 
    44.09176 -133.54921 
    44.26605 -132.89317 
    44.40052 -132.22322 
    44.49321 -131.54169 
    44.54220 -130.85124 
    44.54569 -130.15488 
    44.50207 -129.45589 
    44.40999 -128.75792 
    44.26845 -128.06488 
    44.07685 -127.38091 
    43.83507 -126.71033 
    43.54350 -126.05756 
    43.20309 -125.42702 
    42.81535 -124.82304 
    42.38235 -124.24976 
    41.90671 -123.71104 
    41.39152 -123.21040 
    40.84029 -122.75091 
    40.32609 -122.23988 
    39.77028 -121.76833 
    39.16058 -121.36869 
    38.50550 -121.04881 
    37.81577 -120.81287 
    37.10325 -120.66106 
    36.37992 -120.58968 
    35.65674 -120.59173 
    34.94289 -120.65772 
    34.24856 -120.72334 
    33.56792 -120.55410 
    32.86785 -120.41428 
    32.15020 -120.31922 
    31.41916 -120.27749 
    30.68093 -120.29758 
    29.94356 -120.38702 
    29.21661 -120.55154 
    28.51055 -120.79421 
    27.83392 -121.11157 
    27.35477 -121.75132 
    26.91388 -122.38319 
    26.51807 -123.01987 
    26.18019 -123.67455 
    25.90530 -124.34601 
    25.64433 -124.98672 
    25.39924 -125.60680 
    25.16905 -126.21160 
    24.95101 -126.80450 
    24.73880 -127.38702 
    24.52955 -127.96315 
    24.31873 -128.53644 
    24.09975 -129.11067 
    23.86383 -129.69054 
    23.60042 -130.28250 
    23.21673 -130.89044 
Cell 8 100 46.32898 -148.69405 
    36.29721 -148.69405 
    36.31929 -149.32381 
    36.37243 -149.95186 
    36.46319 -150.57605 
    36.59301 -151.19382 
    36.76168 -151.80264 
    36.96864 -152.40007 
    37.21313 -152.98363 
    37.49426 -153.55098 
    37.81095 -154.09975 
    38.16198 -154.62772 
    38.54602 -155.13266 
    38.96155 -155.61252 
    39.40693 -156.06528 
    39.88038 -156.48906 
    40.38001 -156.88210 
    40.90382 -157.24272 
    41.44968 -157.56946 
    42.01538 -157.86090 
    42.59862 -158.11584 
    43.19702 -158.33322 
    43.80813 -158.51212 
    44.42944 -158.65176 
    45.05841 -158.75160 
    45.69246 -158.81122 
    46.32898 -158.83035 
    46.96535 -158.80896 
    47.59898 -158.74715 
    48.22726 -158.64517 
    48.84761 -158.50346 
    49.45751 -158.32268 
    50.05447 -158.10356 
    50.63607 -157.84708 
    51.19995 -157.55431 
    51.74383 -157.22649 
    52.26553 -156.86501 
    52.76298 -156.47142 
    53.23418 -156.04735 
    53.67729 -155.59457 
    54.09057 -155.11499 
    54.47241 -154.61060 
    54.82135 -154.08347 
    55.13604 -153.53577 
    55.41533 -152.96976 
    55.65815 -152.38773 
    55.86366 -151.79205 
    56.03111 -151.18513 
    56.15992 -150.56940 
    56.25018 -149.94739 
    56.31042 -149.32202 
    56.33127 -148.69405 
    56.31264 -148.06593 
    56.25458 -147.44016 
    56.15732 -146.81918 
    56.02122 -146.20551 
    55.84682 -145.60152 
    55.63479 -145.00961 
    55.38595 -144.43216 
    55.10128 -143.87143 
    54.78412 -143.32825 
    54.43768 -142.80273 
    54.06271 -142.29614 
    53.66157 -141.80829 
    53.23636 -141.33842 
    52.78860 -140.88571 
    52.31880 -140.44975 
    51.82638 -140.03152 
    51.30975 -139.63406 
    50.76685 -139.26309 
    50.29691 -138.67220 
    49.80297 -138.00221 
    49.10055 -137.89948 
    48.32544 -138.22821 
    47.66402 -138.12610 
    46.99585 -138.09445 
    46.32898 -137.95245 
    45.65139 -137.92412 
    44.99817 -138.15962 
    44.38940 -138.52640 
    43.78073 -138.76929 
    43.18329 -139.01262 
    42.60155 -139.27963 
    42.03534 -139.56960 
    41.48516 -139.88318 
    40.95232 -140.22179 
    40.43864 -140.58670 
    39.94636 -140.97879 
    39.47580 -141.39615 
    39.03174 -141.84148 
    38.61658 -142.31380 
    38.23196 -142.81122 
    37.87940 -143.33179 
    37.56028 -143.87341 
    37.27586 -144.43398 
    37.02723 -145.01123 
    36.80425 -145.59927 
    36.57749 -146.19029 
    36.40578 -146.80110 
    36.31918 -147.42952 
    36.29531 -148.06277 
Cell 9 100 68.09566 -150.76610 
    57.26997 -150.76610 
    57.25869 -151.44791 
    57.26689 -152.13409 
    57.31306 -152.82298 
    57.40445 -153.51114 
    57.55880 -154.18973 
    57.75968 -154.85840 
    58.00664 -155.51363 
    58.29892 -156.15190 
    58.63539 -156.76976 
    59.01461 -157.36386 
    59.43483 -157.93095 
    59.89399 -158.46797 
    60.38979 -158.97202 
    60.91964 -159.44041 
    61.48078 -159.87070 
    62.07019 -160.26071 
    62.68478 -160.60844 
    63.32120 -160.91234 
    63.97603 -161.17108 
    64.64580 -161.38367 
    65.32696 -161.54948 
    66.01598 -161.66817 
    66.70934 -161.73988 
    67.40366 -161.76503 
    68.09566 -161.74437 
    68.78225 -161.67914 
    69.46062 -161.57085 
    70.12822 -161.42117 
    70.78290 -161.23222 
    71.42286 -161.00616 
    72.04668 -160.74522 
    72.65335 -160.45169 
    73.24224 -160.12770 
    73.81297 -159.77513 
    74.36539 -159.39565 
    74.89935 -158.99034 
    75.41467 -158.56006 
    75.91074 -158.10495 
    76.38667 -157.62503 
    76.84076 -157.11978 
    77.27068 -156.58875 
    77.67323 -156.03142 
    78.04034 -155.44571 
    78.35044 -154.82625 
    78.62528 -154.18738 
    78.86366 -153.53085 
    79.05289 -152.85631 
    79.18480 -152.16698 
    79.25666 -151.46829 
    79.26608 -150.76610 
    79.21118 -150.06677 
    79.09320 -149.37679 
    78.91457 -148.70229 
    78.67860 -148.04886 
    78.39240 -147.42049 
    78.25214 -146.74486 
    78.07043 -146.07233 
    77.84386 -145.40698 
    77.57087 -144.75294 
    77.25029 -144.11487 
    76.88152 -143.49780 
    76.46462 -142.90712 
    76.00049 -142.34831 
    75.49084 -141.82686 
    74.93833 -141.34796 
    74.34646 -140.91641 
    73.71952 -140.53633 
    73.06249 -140.21103 
    72.38085 -139.94293 
    71.68038 -139.73344 
    70.96700 -139.58296 
    70.24651 -139.49091 
    69.52448 -139.45581 
    68.80601 -139.47545 
    68.09566 -139.54700 
    67.39738 -139.66725 
    66.71445 -139.83273 
    66.04952 -140.03990 
    65.40466 -140.28532 
    64.78138 -140.56580 
    64.18084 -140.87840 
    63.60386 -141.22054 
    63.05107 -141.59003 
    62.52301 -141.98502 
    62.02021 -142.40396 
    61.54324 -142.84558 
    61.09276 -143.30876 
    60.56044 -143.69006 
    60.01448 -144.08076 
    59.46451 -144.49521 
    58.92052 -144.94337 
    58.40084 -145.43633 
    57.93045 -145.98271 
    57.53670 -146.58551 
    57.24326 -147.23994 
    57.06430 -147.93373 
    57.00083 -148.64964 
    57.04068 -149.36954 
    57.16206 -150.07822 
Cell 10 100 82.98527 -133.34064 
    71.65514 -133.34064 
    71.24374 -134.07935 
    70.98701 -134.85637 
    71.29866 -135.56998 
    71.72718 -136.23122 
    72.18419 -136.85011 
    72.65619 -137.43021 
    73.13375 -137.97641 
    73.61150 -138.49391 
    74.08762 -138.98726 
    74.56303 -139.45975 
    75.04042 -139.91319 
    75.52331 -140.34789 
    76.01530 -140.76291 
    76.51951 -141.15640 
    77.03828 -141.52596 
    77.57304 -141.86894 
    78.12427 -142.18275 
    78.69168 -142.46498 
    79.27429 -142.71349 
    79.87064 -142.92650 
    80.47883 -143.10257 
    81.09676 -143.24057 
    81.72209 -143.33968 
    82.35236 -143.40031 
    82.98527 -143.42284 
    83.61852 -143.40599 
    84.24974 -143.34999 
    84.87657 -143.25520 
    85.49673 -143.12216 
    86.10804 -142.95155 
    86.70839 -142.74417 
    87.29581 -142.50099 
    87.86842 -142.22307 
    88.42452 -141.91153 
    88.96249 -141.56758 
    89.48086 -141.19246 
    89.97828 -140.78745 
    90.45351 -140.35378 
    90.90536 -139.89272 
    91.33275 -139.40544 
    91.73457 -138.89311 
    92.10973 -138.35686 
    92.45711 -137.79774 
    92.77544 -137.21684 
    93.06342 -136.61523 
    93.31956 -135.99403 
    93.54221 -135.35448 
    93.72958 -134.69795 
    93.87972 -134.02606 
    93.99057 -133.34064 
    94.05996 -132.64388 
    94.08572 -131.93832 
    94.06574 -131.22693 
    93.99804 -130.51303 
    93.88087 -129.80045 
    93.71282 -129.09329 
    93.49292 -128.39612 
    93.22072 -127.71365 
    92.89602 -127.05109 
    92.40370 -126.49774 
    91.79763 -126.05041 
    91.07468 -125.74416 
    90.34446 -125.50389 
    89.67803 -125.25047 
    89.04962 -124.99376 
    88.44378 -124.73939 
    87.85101 -124.48989 
    87.26489 -124.24597 
    86.68093 -124.00645 
    86.09553 -123.76825 
    85.50522 -123.52608 
    84.90606 -123.27145 
    84.29272 -122.99105 
    83.65696 -122.66444 
    82.98527 -122.37708 
    82.29100 -122.30553 
    81.61144 -122.46571 
    80.94885 -122.66537 
    80.30508 -122.90202 
    79.68169 -123.17326 
    79.07993 -123.47687 
    78.50086 -123.81079 
    77.94543 -124.17321 
    77.41446 -124.56245 
    76.86086 -124.91113 
    76.23963 -125.18656 
    75.60700 -125.48358 
    74.98871 -125.83138 
    74.69931 -126.48590 
    74.38011 -127.08863 
    74.11217 -127.70960 
    73.83791 -128.31183 
    73.55366 -128.90245 
    73.26988 -129.49403 
    72.99177 -130.09355 
    72.72491 -130.70622 
    72.47039 -131.33482 
    72.22159 -131.98087 
    71.96214 -132.64711 
Cell 11 100 118.76522 -141.95273 
    108.60019 -141.95273 
    108.61076 -142.59160 
    108.66216 -143.22905 
    108.75426 -143.86243 
    108.88680 -144.48907 
    109.05928 -145.10638 
    109.27106 -145.71173 
    109.52134 -146.30257 
    109.80909 -146.87640 
    110.13316 -147.43080 
    110.49222 -147.96341 
    110.88478 -148.47200 
    111.30921 -148.95439 
    111.76373 -149.40857 
    112.24641 -149.83261 
    112.75524 -150.22476 
    113.28805 -150.58337 
    113.84258 -150.90698 
    114.41649 -151.19426 
    115.00734 -151.44405 
    115.61265 -151.65535 
    116.22984 -151.82738 
    116.85634 -151.95946 
    117.48949 -152.05115 
    118.12667 -152.10217 
    118.76522 -152.11243 
    119.40250 -152.08203 
    120.03591 -152.01126 
    120.66287 -151.90059 
    121.28092 -151.75073 
    121.88766 -151.56261 
    122.48087 -151.33737 
    123.05849 -151.07640 
    123.61880 -150.78137 
    124.16038 -150.45413 
    124.68224 -150.09680 
    125.18390 -149.71158 
    125.66544 -149.30072 
    126.12748 -148.86635 
    126.57108 -148.41029 
    126.99751 -147.93384 
    127.40803 -147.43762 
    127.80332 -146.92146 
    128.18312 -146.38446 
    128.54567 -145.82507 
    128.88727 -145.24158 
    129.20216 -144.63248 
    129.48257 -143.99718 
    129.71919 -143.33653 
    129.90187 -142.65338 
    130.02074 -141.95273 
    130.06731 -141.24165 
    130.03558 -140.52895 
    129.92287 -139.82430 
    130.05173 -139.05484 
    130.23843 -138.22485 
    129.88017 -137.55200 
    129.08604 -137.09612 
    128.29581 -136.71324 
    127.82174 -136.20529 
    127.32229 -135.73566 
    126.80550 -135.30122 
    126.27728 -134.89844 
    125.74130 -134.52396 
    125.19942 -134.17513 
    124.67661 -133.81641 
    124.16014 -133.45169 
    123.62480 -133.11317 
    123.07249 -132.79932 
    122.50423 -132.50908 
    121.92005 -132.24315 
    121.31933 -132.00513 
    120.70157 -131.80202 
    120.06755 -131.64369 
    119.42028 -131.54086 
    118.76522 -131.50229 
    118.10961 -131.53215 
    117.43871 -131.45229 
    116.71835 -131.22269 
    115.95786 -131.01880 
    115.18547 -130.93539 
    114.45240 -131.05980 
    113.81084 -131.42415 
    113.28593 -131.98593 
    112.86285 -132.65208 
    112.49892 -133.32791 
    112.14969 -133.95592 
    111.78924 -134.52406 
    111.41423 -135.04968 
    111.03545 -135.55811 
    110.64149 -136.05049 
    110.27512 -136.56474 
    109.94151 -137.10185 
    109.64213 -137.65973 
    109.37835 -138.23621 
    109.15137 -138.82899 
    108.96227 -139.43576 
    108.81192 -140.05403 
    108.70110 -140.68134 
    108.63039 -141.31509 
Cell 12 100 -118.95918 -123.26534 
    -128.97173 -123.26534 
    -129.11400 -123.90423 
    -129.49048 -124.59576 
    -129.81163 -125.33556 
    -130.07184 -126.11859 
    -130.26625 -126.93923 
    -130.39049 -127.79132 
    -130.44118 -128.66837 
    -130.41551 -129.56351 
    -130.31158 -130.46980 
    -130.12799 -131.37996 
    -129.86418 -132.28674 
    -129.52019 -133.18279 
    -129.09682 -134.06084 
    -126.29425 -132.13193 
    -124.97034 -131.53902 
    -124.25189 -131.60532 
    -123.68723 -131.86563 
    -123.12049 -132.10858 
    -122.55206 -132.33990 
    -121.97478 -132.54642 
    -121.38035 -132.69519 
    -120.77998 -132.81032 
    -120.17735 -132.90819 
    -119.57101 -132.99011 
    -118.95918 -133.04028 
    -118.33804 -133.13811 
    -117.62523 -133.82466 
    -117.10726 -132.97340 
    -116.55078 -132.64542 
    -116.03817 -132.25528 
    -115.56641 -131.83450 
    -115.12746 -131.40817 
    -114.70705 -130.99991 
    -114.29636 -130.61278 
    -113.88724 -130.24628 
    -113.47649 -129.89276 
    -113.05880 -129.54860 
    -112.63013 -129.20871 
    -112.18755 -128.86732 
    -111.73094 -128.51697 
    -111.26236 -128.14989 
    -110.78516 -127.75905 
    -110.30952 -127.33556 
    -109.82535 -126.88168 
    -109.21424 -126.43166 
    -108.41030 -125.97383 
    -107.30011 -125.48943 
    -105.66969 -124.94420 
    -105.99774 -124.08081 
    -106.38037 -123.26534 
    -106.68710 -122.49325 
    -106.92686 -121.74531 
    -107.17974 -121.01830 
    -107.20414 -120.24716 
    -107.46535 -119.53078 
    -108.03479 -118.94007 
    -108.76872 -118.47008 
    -109.50858 -118.06983 
    -110.11494 -117.65262 
    -110.37787 -117.03065 
    -110.67410 -116.41133 
    -111.00962 -115.80022 
    -111.39075 -115.20579 
    -111.82296 -114.63914 
    -112.30972 -114.11315 
    -112.85147 -113.64114 
    -113.44508 -113.23524 
    -114.08388 -112.90481 
    -114.75829 -112.65512 
    -115.45701 -112.48677 
    -116.16833 -112.39574 
    -116.88159 -112.37424 
    -117.58809 -112.41211 
    -118.28177 -112.49833 
    -118.95918 -112.62258 
    -119.61909 -112.77640 
    -120.26183 -112.95377 
    -120.88853 -113.15133 
    -121.50038 -113.36799 
    -122.09820 -113.60442 
    -122.68208 -113.86234 
    -123.25140 -114.14389 
    -123.80486 -114.45108 
    -124.34063 -114.78553 
    -124.85771 -115.14671 
    -125.35541 -115.53363 
    -125.82769 -115.95111 
    -126.27270 -116.39748 
    -126.68866 -116.87096 
    -127.07393 -117.36963 
    -127.42697 -117.89152 
    -127.74641 -118.43452 
    -128.03098 -118.99648 
    -128.27957 -119.57514 
    -128.49121 -120.16820 
    -128.66507 -120.77329 
    -128.80049 -121.38802 
    -128.89696 -122.00991 
    -128.95410 -122.63651 
Cell 13 100 -77.68369 -109.68802 
    -87.61284 -109.68802 
    -87.85207 -110.32776 
    -87.80932 -110.96719 
    -87.72001 -111.60255 
    -87.59006 -112.23154 
    -87.41988 -112.85149 
    -87.21008 -113.45978 
    -86.96143 -114.05379 
    -86.67490 -114.63098 
    -86.35165 -115.18887 
    -85.99297 -115.72507 
    -85.60036 -116.23725 
    -85.17543 -116.72323 
    -84.71999 -117.18091 
    -84.23595 -117.60833 
    -83.72536 -118.00367 
    -83.19043 -118.36524 
    -82.63342 -118.69154 
    -82.05672 -118.98118 
    -81.46281 -119.23298 
    -80.85423 -119.44592 
    -80.23357 -119.61915 
    -79.60350 -119.75202 
    -78.96670 -119.84406 
    -78.32586 -119.89497 
    -77.68369 -119.90465 
    -77.04289 -119.87319 
    -76.40614 -119.80087 
    -75.77608 -119.68811 
    -75.15527 -119.53557 
    -74.54626 -119.34403 
    -73.95149 -119.11448 
    -73.37331 -118.84805 
    -72.81396 -118.54604 
    -72.26142 -118.23215 
    -71.71739 -117.89993 
    -71.19189 -117.53526 
    -70.68679 -117.13896 
    -70.20403 -116.71188 
    -69.74561 -116.25497 
    -69.31361 -115.76923 
    -68.91023 -115.25583 
    -68.53772 -114.71606 
    -68.19840 -114.15146 
    -67.89465 -113.56377 
    -67.62881 -112.95505 
    -67.40318 -112.32761 
    -67.21990 -111.68410 
    -67.08093 -111.02746 
    -66.98797 -110.36094 
    -66.94234 -109.68802 
    -66.94501 -109.01240 
    -66.99644 -108.33791 
    -67.09668 -107.66843 
    -67.24525 -107.00788 
    -67.44118 -106.36002 
    -67.68306 -105.72849 
    -67.96906 -105.11666 
    -68.23135 -104.49155 
    -68.49596 -103.85730 
    -68.80136 -103.23463 
    -69.14861 -102.62717 
    -69.53841 -102.03909 
    -69.97110 -101.47495 
    -70.44641 -100.93964 
    -70.96340 -100.43832 
    -71.52035 -99.97614 
    -72.11473 -99.55811 
    -72.74319 -99.18890 
    -73.40158 -98.87263 
    -74.08511 -98.61270 
    -74.78841 -98.41164 
    -75.50578 -98.27099 
    -76.23132 -98.19129 
    -76.95917 -98.17207 
    -77.68369 -98.21185 
    -78.39964 -98.30839 
    -79.10229 -98.45865 
    -79.78757 -98.65913 
    -80.45205 -98.90598 
    -81.09303 -99.19517 
    -81.70843 -99.52271 
    -82.29676 -99.88476 
    -82.85702 -100.27777 
    -83.38858 -100.69855 
    -83.81039 -101.25536 
    -84.16339 -101.85542 
    -84.52960 -102.39787 
    -84.89071 -102.92019 
    -85.24394 -103.43363 
    -85.61911 -103.92260 
    -85.97557 -104.42583 
    -86.28198 -104.96107 
    -86.53822 -105.52140 
    -86.75211 -106.09757 
    -86.92919 -106.68398 
    -87.07912 -107.27569 
    -87.21240 -107.87032 
    -87.33542 -108.46873 
    -87.45036 -109.07355 
Cell 14 100 -53.28508 -115.85825 
    -64.08654 -115.85825 
    -64.08000 -116.53741 
    -64.03178 -117.21587 
    -63.94106 -117.89098 
    -63.80719 -118.55987 
    -63.62995 -119.21950 
    -63.40943 -119.86676 
    -63.14613 -120.49850 
    -62.84092 -121.11161 
    -62.49499 -121.70303 
    -62.10987 -122.26984 
    -61.68735 -122.80921 
    -61.22947 -123.31853 
    -60.56511 -123.61069 
    -59.73433 -123.65405 
    -59.02069 -123.75265 
    -58.40479 -123.92562 
    -57.82471 -124.11581 
    -57.25401 -124.29267 
    -56.69174 -124.46249 
    -56.13545 -124.63079 
    -55.58134 -124.80161 
    -55.02444 -124.97630 
    -54.45955 -125.15512 
    -53.88131 -125.33511 
    -53.28508 -125.51207 
    -52.66555 -125.70536 
    -52.00805 -125.96702 
    -51.32645 -126.12572 
    -50.64947 -126.12325 
    -49.98101 -126.02711 
    -49.31832 -125.87713 
    -48.66167 -125.68347 
    -48.01234 -125.44933 
    -47.37137 -125.17676 
    -46.74077 -124.86572 
    -46.12295 -124.51577 
    -45.52066 -124.12650 
    -45.17972 -123.46968 
    -44.90424 -122.79148 
    -44.60562 -122.16424 
    -44.28920 -121.56720 
    -43.95860 -120.98552 
    -43.61428 -120.40898 
    -43.25415 -119.82977 
    -42.87231 -119.24156 
    -42.45829 -118.63809 
    -41.99460 -118.01202 
    -41.44941 -117.35344 
    -40.89401 -116.63783 
    -40.84431 -115.85825 
    -40.85904 -115.07647 
    -40.93843 -114.29850 
    -41.08189 -113.53036 
    -41.28793 -112.77790 
    -41.55427 -112.04668 
    -41.87788 -111.34182 
    -42.25509 -110.66793 
    -42.68170 -110.02899 
    -43.15313 -109.42831 
    -43.66453 -108.86851 
    -44.21094 -108.35146 
    -44.78741 -107.87841 
    -45.38914 -107.44993 
    -46.01078 -107.06513 
    -46.51216 -106.53613 
    -47.08746 -106.09237 
    -47.73686 -105.76608 
    -48.43876 -105.55929 
    -49.16706 -105.45734 
    -49.89806 -105.43407 
    -50.61522 -105.45985 
    -51.30804 -105.49429 
    -51.97251 -105.46824 
    -52.63183 -105.47524 
    -53.28508 -105.51560 
    -53.93118 -105.58879 
    -54.56907 -105.69445 
    -55.19764 -105.83221 
    -55.83003 -105.94630 
    -56.46693 -106.06551 
    -57.10271 -106.21600 
    -57.73553 -106.40056 
    -58.36219 -106.62302 
    -58.97789 -106.88782 
    -59.57618 -107.19928 
    -60.14932 -107.56081 
    -60.68885 -107.97403 
    -61.18651 -108.43830 
    -61.63520 -108.95042 
    -62.02979 -109.50484 
    -62.36950 -110.09309 
    -62.71851 -110.67217 
    -63.02741 -111.27385 
    -63.29594 -111.89467 
    -63.52473 -112.53118 
    -63.71453 -113.18041 
    -63.86580 -113.83987 
    -63.97857 -114.50735 
    -64.05241 -115.18082 
Cell 15 100 -59.48726 -92.31509 
    -69.96334 -92.31509 
    -69.85105 -92.96712 
    -69.75234 -93.61188 
    -69.64526 -94.25283 
    -69.50053 -94.88606 
    -69.31893 -95.50959 
    -69.10120 -96.12152 
    -68.84803 -96.71993 
    -68.56013 -97.30294 
    -68.23820 -97.86861 
    -67.88297 -98.41493 
    -67.49529 -98.93991 
    -67.07609 -99.44147 
    -66.62643 -99.91753 
    -66.14755 -100.36600 
    -65.64086 -100.78480 
    -65.10796 -101.17188 
    -64.55062 -101.52531 
    -63.97086 -101.84322 
    -63.37083 -102.12386 
    -62.75290 -102.36568 
    -62.11957 -102.56726 
    -61.47351 -102.72739 
    -60.81751 -102.84505 
    -60.15443 -102.91947 
    -59.48726 -102.95009 
    -58.81902 -102.93657 
    -58.15275 -102.87885 
    -57.49153 -102.77708 
    -56.83842 -102.63166 
    -56.19643 -102.44324 
    -55.56854 -102.21266 
    -54.95764 -101.94104 
    -54.36653 -101.62968 
    -53.79790 -101.28010 
    -53.25431 -100.89401 
    -52.73820 -100.47330 
    -52.25182 -100.02007 
    -51.79726 -99.53649 
    -51.37643 -99.02496 
    -50.99107 -98.48795 
    -50.58218 -97.96643 
    -50.18703 -97.42794 
    -49.82534 -96.86165 
    -49.50061 -96.26909 
    -49.21639 -95.65230 
    -48.97614 -95.01389 
    -48.78305 -94.35703 
    -48.63997 -93.68542 
    -48.54914 -93.00327 
    -48.51215 -92.31509 
    -48.52979 -91.62571 
    -48.60202 -90.93997 
    -48.72800 -90.26266 
    -48.90607 -89.59830 
    -49.13389 -88.95108 
    -49.40856 -88.32465 
    -49.72677 -87.72215 
    -50.08494 -87.14613 
    -50.47940 -86.59853 
    -50.45625 -85.75368 
    -49.98287 -84.45238 
    -51.41614 -84.73580 
    -52.35087 -84.71561 
    -52.87697 -84.32462 
    -53.36990 -83.89526 
    -53.85767 -83.44427 
    -54.37057 -83.00786 
    -54.90944 -82.58672 
    -55.47540 -82.18230 
    -56.06971 -81.79696 
    -56.69350 -81.43412 
    -57.34754 -81.09827 
    -58.03193 -80.79498 
    -58.74585 -80.53073 
    -59.48726 -80.31272 
    -60.25272 -80.14845 
    -61.03729 -80.04537 
    -61.83451 -80.01037 
    -62.63659 -80.04930 
    -63.43457 -80.16653 
    -64.21881 -80.36458 
    -64.97934 -80.64383 
    -65.70644 -81.00246 
    -66.39110 -81.43640 
    -67.02548 -81.93963 
    -67.60334 -82.50444 
    -68.12026 -83.12188 
    -68.57377 -83.78230 
    -68.96330 -84.47583 
    -69.29009 -85.19292 
    -69.55682 -85.92476 
    -69.76736 -86.66357 
    -69.92624 -87.40289 
    -70.03837 -88.13762 
    -70.10858 -88.86402 
    -70.14134 -89.57959 
    -70.14050 -90.28288 
    -70.10918 -90.97324 
    -70.04963 -91.65057 
Cell 16 100 -34.43605 -124.92341 
    -45.38736 -124.92341 
    -45.29538 -125.60662 
    -45.15195 -126.27715 
    -44.96189 -126.93132 
    -44.73014 -127.56648 
    -44.46141 -128.18085 
    -44.16277 -128.77449 
    -43.85013 -129.35333 
    -43.51965 -129.91716 
    -43.17088 -130.46671 
    -42.82876 -131.02107 
    -42.45229 -131.55502 
    -42.04565 -132.06929 
    -41.60941 -132.56226 
    -41.14486 -133.03296 
    -40.65339 -133.48083 
    -40.13334 -133.90091 
    -39.58535 -134.28996 
    -39.01060 -134.64482 
    -38.40978 -134.95992 
    -37.78587 -135.23309 
    -37.14216 -135.46303 
    -36.48190 -135.64813 
    -35.80840 -135.78668 
    -35.12527 -135.87823 
    -34.43605 -135.92168 
    -33.74447 -135.91573 
    -33.05440 -135.86028 
    -32.36969 -135.75566 
    -31.69409 -135.60265 
    -31.03138 -135.40190 
    -30.38562 -135.15363 
    -29.75925 -134.86211 
    -29.15536 -134.52895 
    -28.57681 -134.15608 
    -28.02637 -133.74557 
    -27.50653 -133.29976 
    -27.01963 -132.82109 
    -26.56782 -132.31216 
    -26.15292 -131.77580 
    -25.77660 -131.21486 
    -25.44022 -130.63234 
    -25.14489 -130.03127 
    -24.90751 -129.40720 
    -24.72277 -128.76917 
    -24.59805 -128.11996 
    -24.56729 -127.45728 
    -24.62143 -126.79565 
    -24.57488 -126.16916 
    -24.53839 -125.54611 
    -24.52527 -124.92341 
    -24.53668 -124.30059 
    -24.57192 -123.67728 
    -24.63011 -123.05282 
    -24.71045 -122.42630 
    -24.80726 -121.79482 
    -24.97369 -121.17699 
    -25.16533 -120.56094 
    -25.38114 -119.94543 
    -25.62117 -119.32932 
    -25.88680 -118.71202 
    -26.18087 -118.09413 
    -26.50756 -117.47807 
    -26.87203 -116.86855 
    -27.27973 -116.27290 
    -27.73559 -115.70102 
    -28.24307 -115.16484 
    -28.80332 -114.67751 
    -29.41453 -114.25214 
    -30.07174 -113.90043 
    -30.76704 -113.63138 
    -31.49023 -113.45023 
    -32.22981 -113.35789 
    -32.97411 -113.35098 
    -33.71246 -113.42230 
    -34.43605 -113.56194 
    -35.13848 -113.75845 
    -35.81596 -114.00030 
    -36.46697 -114.27692 
    -37.09533 -114.56617 
    -37.70174 -114.87263 
    -38.28150 -115.21090 
    -38.83651 -115.57196 
    -39.36924 -115.94997 
    -39.94938 -116.23578 
    -40.52319 -116.54518 
    -41.08467 -116.88660 
    -41.49406 -117.40739 
    -41.90770 -117.90706 
    -42.29697 -118.42029 
    -42.66744 -118.94296 
    -43.02312 -119.47388 
    -43.36807 -120.01299 
    -43.70542 -120.56158 
    -44.03638 -121.12237 
    -44.35916 -121.69920 
    -44.66843 -122.29618 
    -44.95514 -122.91679 
    -45.22673 -123.56023 
    -45.42362 -124.23213 
Cell 17 100 -14.47586 -123.97871 
    -24.55488 -123.97871 
    -24.53099 -124.61133 
    -24.53213 -125.24911 
    -24.55925 -125.90222 
    -24.60537 -126.57953 
    -24.58320 -127.26279 
    -24.37058 -127.89631 
    -24.10205 -128.50845 
    -23.79458 -129.10173 
    -23.44987 -129.67380 
    -23.06967 -130.22249 
    -22.65583 -130.74577 
    -22.21021 -131.24176 
    -21.73476 -131.70866 
    -21.23145 -132.14482 
    -20.70231 -132.54869 
    -20.14938 -132.91875 
    -19.57479 -133.25363 
    -18.98072 -133.55203 
    -18.36942 -133.81274 
    -17.74324 -134.03468 
    -17.10457 -134.21687 
    -16.45589 -134.35844 
    -15.79978 -134.45860 
    -15.13883 -134.51634 
    -14.47586 -134.52826 
    -13.81489 -134.48441 
    -13.16595 -134.34766 
    -12.57037 -133.96761 
    -12.01380 -133.56779 
    -11.46017 -133.26004 
    -10.90735 -132.99171 
    -10.35275 -132.74075 
    -9.78795 -132.50598 
    -9.20461 -132.28487 
    -8.55335 -132.13034 
    -7.89038 -131.93918 
    -7.35721 -131.55931 
    -6.90562 -131.08763 
    -6.49194 -130.58359 
    -6.11269 -130.05490 
    -5.76930 -129.50406 
    -5.46303 -128.93355 
    -5.19493 -128.34599 
    -4.96585 -127.74399 
    -4.77648 -127.13023 
    -4.62729 -126.50740 
    -4.51846 -125.87819 
    -4.44961 -125.24532 
    -4.38333 -124.61369 
    -4.33764 -123.97871 
    -4.32722 -123.34022 
    -4.35221 -122.69980 
    -4.41284 -122.05909 
    -4.50953 -121.41979 
    -4.64285 -120.78378 
    -4.81353 -120.15313 
    -5.02241 -119.53026 
    -5.27032 -118.91793 
    -5.55805 -118.31930 
    -5.88615 -117.73792 
    -6.25484 -117.17770 
    -6.66389 -116.64279 
    -7.11246 -116.13749 
    -7.59904 -115.66608 
    -8.12145 -115.23263 
    -8.67680 -114.84086 
    -9.26155 -114.49393 
    -9.87167 -114.19433 
    -10.37313 -113.61641 
    -10.67226 -112.27246 
    -11.48253 -112.32048 
    -12.36406 -112.90826 
    -13.06852 -112.83849 
    -13.77854 -112.89514 
    -14.47586 -113.05360 
    -15.14900 -113.27940 
    -15.79469 -113.53904 
    -16.41597 -113.80828 
    -17.03343 -114.01763 
    -17.63897 -114.24364 
    -18.22802 -114.50182 
    -18.79933 -114.79086 
    -19.35166 -115.10966 
    -19.88372 -115.45728 
    -20.39418 -115.83285 
    -20.88536 -116.23096 
    -21.39555 -116.60999 
    -21.88336 -117.02261 
    -22.34610 -117.46788 
    -22.78104 -117.94465 
    -23.18550 -118.45140 
    -23.55687 -118.98638 
    -23.89268 -119.54749 
    -24.19061 -120.13237 
    -24.44821 -120.73850 
    -24.66195 -121.36337 
    -24.77361 -122.01431 
    -24.67662 -122.69006 
    -24.60320 -123.34156 
Cell 18 100 16.13354 -123.43183 
    6.01512 -123.43183 
    6.03258 -124.06733 
    6.08293 -124.70152 
    6.17361 -125.33179 
    6.30433 -125.95554 
    6.47466 -126.57019 
    6.68398 -127.17317 
    6.93152 -127.76197 
    7.21630 -128.33412 
    7.53722 -128.88722 
    7.89299 -129.41895 
    8.28218 -129.92703 
    8.70321 -130.40938 
    9.15434 -130.86392 
    9.63372 -131.28877 
    10.13936 -131.68211 
    10.66914 -132.04234 
    11.22088 -132.36794 
    11.79225 -132.65755 
    12.38086 -132.91000 
    12.98426 -133.12433 
    13.59991 -133.29965 
    14.22526 -133.43538 
    14.85771 -133.53107 
    15.49467 -133.58646 
    16.13354 -133.60158 
    16.77180 -133.57661 
    17.40697 -133.51204 
    18.03670 -133.40852 
    18.65878 -133.26697 
    19.27119 -133.08853 
    19.87217 -132.87454 
    20.46022 -132.62648 
    21.03414 -132.34598 
    21.59309 -132.03471 
    22.13656 -131.69427 
    22.66429 -131.32616 
    23.17630 -130.93161 
    23.53654 -130.38371 
    23.81948 -129.79021 
    24.06554 -129.19476 
    24.29114 -128.60880 
    24.50373 -128.03337 
    24.70960 -127.46741 
    24.91331 -126.90799 
    25.11779 -126.35099 
    25.32849 -125.79269 
    25.54900 -125.22793 
    25.78123 -124.65062 
    26.02479 -124.05414 
    26.30546 -123.43183 
    26.67424 -122.76867 
    27.15356 -122.03968 
    27.75677 -121.21458 
    27.71376 -120.45853 
    27.49260 -119.74105 
    27.19989 -119.05035 
    26.84031 -118.39361 
    26.42015 -117.77672 
    25.94694 -117.20406 
    25.42893 -116.67834 
    24.87455 -116.20064 
    24.29196 -115.77057 
    23.68858 -115.38654 
    23.07086 -115.04606 
    22.44405 -114.74615 
    21.81219 -114.48372 
    21.20929 -114.19907 
    20.60170 -113.93652 
    19.98125 -113.71364 
    19.35069 -113.53046 
    18.71265 -113.38686 
    18.06961 -113.28262 
    17.42392 -113.21741 
    16.77785 -113.19088 
    16.13354 -113.14371 
    15.48559 -113.13293 
    14.83650 -113.16473 
    14.18936 -113.24007 
    13.54743 -113.35960 
    12.91417 -113.52361 
    12.29310 -113.73199 
    11.68779 -113.98412 
    11.10170 -114.27894 
    10.53813 -114.61488 
    10.00014 -114.98994 
    9.49046 -115.40173 
    9.01144 -115.84756 
    8.56505 -116.32455 
    8.15284 -116.82962 
    7.77600 -117.35972 
    7.43537 -117.91180 
    7.13153 -118.48293 
    6.86481 -119.07030 
    6.63367 -119.67057 
    6.43362 -120.28014 
    6.27231 -120.89989 
    6.14985 -121.52734 
    6.06622 -122.16003 
    6.02136 -122.79562 
Cell 19 100 23.61344 -103.18891 
    12.42674 -103.18891 
    12.48360 -103.88914 
    12.59164 -104.58129 
    12.74899 -105.26141 
    12.95337 -105.92596 
    13.20220 -106.57172 
    13.49272 -107.19598 
    13.82204 -107.79639 
    14.18723 -108.37101 
    14.58545 -108.91825 
    15.01392 -109.43683 
    15.47003 -109.92573 
    15.95133 -110.38411 
    16.45556 -110.81128 
    16.98061 -111.20663 
    17.51439 -111.58353 
    18.04054 -111.97039 
    18.59203 -112.32281 
    19.16652 -112.63909 
    19.76156 -112.91765 
    20.37459 -113.15707 
    21.00296 -113.35605 
    21.64394 -113.51342 
    22.29462 -113.62841 
    22.95212 -113.70038 
    23.61344 -113.72888 
    24.27561 -113.71372 
    24.93560 -113.65490 
    25.59043 -113.55264 
    26.23710 -113.40740 
    26.87269 -113.21984 
    27.49430 -112.99085 
    28.09915 -112.72152 
    28.68451 -112.41315 
    29.24779 -112.06722 
    29.78653 -111.68544 
    30.29840 -111.26964 
    30.78124 -110.82185 
    31.23309 -110.34424 
    31.65219 -109.83914 
    32.03701 -109.30899 
    32.38630 -108.75633 
    32.69908 -108.18378 
    32.97473 -107.59400 
    33.21296 -106.98963 
    33.41384 -106.37325 
    33.57783 -105.74733 
    33.70570 -105.11411 
    33.79853 -104.47559 
    33.85754 -103.83341 
    33.88400 -103.18891 
    33.87903 -102.54305 
    33.84338 -101.89657 
    33.77727 -101.25006 
    33.68020 -100.60421 
    33.55089 -99.96004 
    33.38723 -99.31920 
    33.18649 -98.68418 
    32.94553 -98.05855 
    32.66123 -97.44701 
    32.39432 -96.80923 
    32.13622 -96.13826 
    31.84229 -95.46151 
    31.50455 -94.78574 
    31.11497 -94.12112 
    30.66657 -93.48111 
    30.15467 -92.88158 
    29.57786 -92.33968 
    28.93866 -91.87225 
    28.24376 -91.49407 
    27.50358 -91.21630 
    26.73142 -91.04519 
    25.94214 -90.98144 
    25.15070 -91.02023 
    24.37075 -91.15187 
    23.61344 -91.36307 
    22.88675 -91.63850 
    22.19521 -91.96245 
    21.54016 -92.32037 
    20.92035 -92.70002 
    20.33281 -93.09216 
    19.77144 -93.48514 
    19.14306 -93.68887 
    18.52374 -93.93077 
    17.91606 -94.21127 
    17.32285 -94.53066 
    16.74721 -94.88906 
    16.19243 -95.28634 
    15.66205 -95.72205 
    15.15973 -96.19539 
    14.68922 -96.70509 
    14.25427 -97.24940 
    13.85851 -97.82610 
    13.50535 -98.43241 
    13.19793 -99.06512 
    12.93893 -99.72055 
    12.73055 -100.39466 
    12.57444 -101.08311 
    12.47161 -101.78137 
    12.42246 -102.48483 
Cell 20 100 65.25690 -102.41210 
    55.16815 -102.41210 
    55.18339 -103.04588 
    55.23859 -103.67771 
    55.33363 -104.30507 
    55.46820 -104.92542 
    55.64182 -105.53623 
    55.85386 -106.13503 
    56.10351 -106.71936 
    56.38979 -107.28683 
    56.71158 -107.83513 
    57.06759 -108.36198 
    57.45639 -108.86525 
    57.87641 -109.34285 
    58.32590 -109.79287 
    58.80307 -110.21344 
    59.30598 -110.60284 
    59.83255 -110.95950 
    60.38065 -111.28198 
    60.94800 -111.56899 
    61.53230 -111.81938 
    62.13115 -112.03219 
    62.74210 -112.20660 
    63.36268 -112.34196 
    63.99036 -112.43778 
    64.62262 -112.49378 
    65.25690 -112.50981 
    65.89069 -112.48592 
    66.52148 -112.42230 
    67.14681 -112.31934 
    67.76425 -112.17757 
    68.37144 -111.99768 
    68.96612 -111.78051 
    69.54607 -111.52704 
    70.10918 -111.23836 
    70.65345 -110.91570 
    71.17698 -110.56039 
    71.67797 -110.17384 
    72.15472 -109.75753 
    72.60564 -109.31303 
    73.02927 -108.84196 
    73.42417 -108.34596 
    73.78905 -107.82677 
    74.12266 -107.28609 
    74.42381 -106.72572 
    74.69138 -106.14748 
    74.92845 -105.55458 
    75.20277 -104.96577 
    75.47972 -104.36221 
    75.76030 -103.73899 
    76.03637 -103.09029 
    76.28869 -102.41210 
    76.48820 -101.70549 
    76.60139 -100.97896 
    76.59859 -100.24856 
    76.46249 -99.53500 
    76.19358 -98.85856 
    75.81018 -98.23376 
    75.34312 -97.66589 
    74.89616 -97.11288 
    74.75101 -96.38696 
    74.56126 -95.65209 
    74.31301 -94.92023 
    73.99322 -94.20816 
    73.59200 -93.53613 
    73.10471 -92.92573 
    72.53332 -92.39698 
    71.88650 -91.96553 
    71.17871 -91.64037 
    70.42818 -91.42257 
    69.65434 -91.30544 
    68.87525 -91.27598 
    68.10560 -91.31718 
    67.35551 -91.41085 
    66.63308 -91.51854 
    65.94135 -91.53314 
    65.25690 -91.59399 
    64.58285 -91.69823 
    63.92171 -91.84299 
    63.27556 -92.02554 
    62.64601 -92.24333 
    62.03436 -92.49413 
    61.44171 -92.77601 
    60.86901 -93.08734 
    60.31718 -93.42678 
    59.78719 -93.79321 
    59.28004 -94.18565 
    58.79685 -94.60324 
    58.33884 -95.04511 
    57.90731 -95.51038 
    57.50365 -95.99805 
    57.12498 -96.50391 
    56.76907 -97.02556 
    56.44575 -97.56813 
    56.15636 -98.12971 
    55.90214 -98.70829 
    55.68421 -99.30175 
    55.50355 -99.90787 
    55.36099 -100.52435 
    55.25724 -101.14885 
    55.19284 -101.77892 
Cell 21 100 64.69092 -126.77261 
    54.68286 -126.77261 
    54.70377 -127.40094 
    54.76412 -128.02666 
    54.86364 -128.64726 
    55.00194 -129.26031 
    55.17844 -129.86339 
    55.39245 -130.45413 
    55.60081 -131.05008 
    55.82471 -131.64684 
    56.08731 -132.23262 
    56.38860 -132.80460 
    56.72834 -133.35983 
    57.10592 -133.89539 
    57.52046 -134.40837 
    57.97075 -134.89590 
    58.45532 -135.35516 
    58.97246 -135.78346 
    59.52014 -136.17821 
    60.09619 -136.53690 
    60.69810 -136.85732 
    61.32322 -137.13730 
    61.96903 -137.37364 
    62.63237 -137.56392 
    63.30936 -137.70874 
    63.99669 -137.80711 
    64.69092 -137.85857 
    65.38872 -137.86386 
    66.08693 -137.82315 
    66.78242 -137.73663 
    67.47179 -137.60339 
    68.14996 -137.41846 
    68.81378 -137.18578 
    69.45998 -136.90738 
    70.06560 -136.54910 
    70.57404 -136.04294 
    70.90069 -135.31963 
    71.09871 -134.51830 
    71.35864 -133.87302 
    71.66396 -133.32072 
    71.91653 -132.75015 
    72.14173 -132.18594 
    72.35440 -131.63600 
    72.56491 -131.10138 
    72.78025 -130.57916 
    73.00526 -130.06448 
    73.24326 -129.55144 
    73.49142 -129.03220 
    73.74725 -128.50020 
    74.00314 -127.94901 
    74.25679 -127.37444 
    74.54748 -126.77261 
    74.85529 -126.13312 
    74.99489 -125.47091 
    74.92333 -124.82067 
    74.80878 -124.17478 
    74.65081 -123.53644 
    74.44926 -122.90900 
    74.20438 -122.29591 
    73.91679 -121.70064 
    73.58755 -121.12663 
    73.21815 -120.57721 
    72.81050 -120.05550 
    72.36691 -119.56436 
    71.89004 -119.10632 
    71.38277 -118.68354 
    70.84824 -118.29778 
    70.32442 -117.89561 
    69.84467 -117.39798 
    69.33590 -116.90151 
    68.79037 -116.41857 
    68.20145 -115.96828 
    67.56603 -115.57476 
    66.88639 -115.26352 
    66.17095 -115.05692 
    65.43349 -114.96967 
    64.69092 -115.00570 
    63.96015 -115.15736 
    63.25513 -115.40717 
    62.58472 -115.73151 
    61.95203 -116.10532 
    61.35524 -116.50645 
    60.78938 -116.91846 
    60.24845 -117.33188 
    59.72722 -117.74367 
    59.22237 -118.15556 
    58.73284 -118.57201 
    58.25953 -118.99839 
    57.80474 -119.43957 
    57.37146 -119.89918 
    56.96286 -120.37940 
    56.58190 -120.88107 
    56.23115 -121.40387 
    55.91275 -121.94677 
    55.62845 -122.50813 
    55.37968 -123.08603 
    55.16758 -123.67829 
    54.99308 -124.28262 
    54.85689 -124.89667 
    54.75956 -125.51798 
    54.70148 -126.14413 
Cell 22 100 73.62409 -80.87395 
    61.49076 -80.87395 
    61.51028 -81.63609 
    61.60403 -82.39243 
    61.76934 -83.13536 
    62.00203 -83.85799 
    62.29663 -84.55446 
    62.64682 -85.22015 
    63.04580 -85.85172 
    63.48666 -86.44704 
    63.96281 -87.00519 
    64.46819 -87.52610 
    64.99753 -88.01046 
    65.54645 -88.45936 
    66.11148 -88.87406 
    66.69002 -89.25580 
    67.28020 -89.60556 
    67.88075 -89.92400 
    68.49081 -90.21134 
    69.10966 -90.46761 
    69.73665 -90.69251 
    70.37144 -90.88455 
    71.01313 -91.04296 
    71.66068 -91.16653 
    72.31278 -91.25404 
    72.96787 -91.30430 
    73.62409 -91.32272 
    74.28051 -91.30743 
    74.93479 -91.24921 
    75.58403 -91.14831 
    76.22533 -91.00513 
    76.85587 -90.82031 
    77.47282 -90.59470 
    78.07346 -90.32934 
    78.65516 -90.02543 
    79.21537 -89.68439 
    79.75167 -89.30783 
    80.26174 -88.89748 
    80.74342 -88.45527 
    81.19474 -87.98325 
    81.61387 -87.48367 
    81.99927 -86.95887 
    82.34977 -86.41143 
    82.66478 -85.84411 
    82.94460 -85.25985 
    83.19101 -84.66176 
    83.40781 -84.05287 
    83.60146 -83.43570 
    83.78141 -82.81156 
    83.95940 -82.17960 
    84.14771 -81.53603 
    84.35567 -80.87395 
    84.58517 -80.18433 
    84.82619 -79.45879 
    85.05433 -78.69351 
    85.23196 -77.89355 
    85.31418 -77.07561 
    85.25845 -76.26758 
    85.03539 -75.50420 
    84.63711 -74.81949 
    84.07985 -74.23853 
    83.40010 -73.77126 
    82.64540 -73.41087 
    82.13864 -72.87826 
    81.72680 -72.24544 
    81.26754 -71.63460 
    80.76054 -71.05146 
    80.20625 -70.50213 
    79.60596 -69.99295 
    78.96201 -69.53029 
    78.27769 -69.12029 
    77.55733 -68.76870 
    76.80617 -68.48058 
    76.03030 -68.26013 
    75.23649 -68.11050 
    74.43193 -68.03369 
    73.62409 -68.03038 
    72.82043 -68.10001 
    72.02815 -68.24077 
    71.25404 -68.44966 
    70.50419 -68.72273 
    69.78394 -69.05518 
    69.09769 -69.44157 
    68.44891 -69.87614 
    67.84010 -70.35291 
    67.27285 -70.86600 
    66.74794 -71.40974 
    66.26543 -71.97884 
    65.82481 -72.56857 
    65.42520 -73.17467 
    65.06541 -73.79359 
    64.74415 -74.42229 
    64.26063 -74.93171 
    63.75838 -75.45023 
    63.28830 -76.01029 
    62.85772 -76.61124 
    62.47417 -77.25112 
    62.14503 -77.92662 
    61.87705 -78.63308 
    61.67601 -79.36456 
    61.54632 -80.11408 
Cell 23 100 90.79890 -116.06441 
    79.24791 -116.06441 
    79.41632 -116.78054 
    79.63397 -117.47487 
    79.89363 -118.14470 
    80.18861 -118.78867 
    80.51311 -119.40646 
    80.86247 -119.99852 
    81.23321 -120.56568 
    81.62299 -121.10891 
    82.03050 -121.62901 
    82.46209 -122.12145 
    83.10584 -122.42866 
    83.73040 -122.70217 
    84.29386 -122.99157 
    84.85574 -123.24845 
    85.40777 -123.48467 
    85.94824 -123.70782 
    86.47810 -123.92392 
    87.00006 -124.13734 
    87.51791 -124.35126 
    88.03600 -124.56776 
    88.55911 -124.78781 
    89.09222 -125.01116 
    89.64037 -125.23509 
    90.20828 -125.45210 
    90.79890 -125.65342 
    91.41703 -125.88918 
    92.08745 -126.26432 
    92.82895 -126.70628 
    93.49835 -126.57807 
    94.15862 -126.40457 
    94.80650 -126.18644 
    95.43876 -125.92461 
    96.05228 -125.62025 
    96.64399 -125.27479 
    97.21099 -124.88988 
    97.75048 -124.46741 
    98.25984 -124.00950 
    98.73662 -123.51842 
    99.17856 -122.99666 
    99.58361 -122.44687 
    99.94994 -121.87183 
    100.27598 -121.27448 
    100.56035 -120.65780 
    100.80197 -120.02490 
    101.00000 -119.37894 
    101.15383 -118.72310 
    101.26317 -118.06057 
    101.32796 -117.39454 
    101.34841 -116.72813 
    101.32500 -116.06441 
    101.25846 -115.40635 
    101.14977 -114.75679 
    101.00018 -114.11841 
    100.81114 -113.49370 
    100.58434 -112.88493 
    100.32163 -112.29409 
    100.02507 -111.72291 
    99.69678 -111.17276 
    99.33897 -110.64471 
    98.95389 -110.13947 
    98.54367 -109.65738 
    98.11037 -109.19848 
    97.65585 -108.76250 
    97.18158 -108.34908 
    96.68867 -107.95784 
    96.17817 -107.58804 
    95.65045 -107.23947 
    95.10561 -106.91219 
    94.54348 -106.60668 
    93.96371 -106.32412 
    93.36597 -106.06633 
    92.75008 -105.83598 
    92.11626 -105.63642 
    91.46534 -105.47173 
    90.79890 -105.34643 
    90.11948 -105.26534 
    89.43061 -105.23327 
    88.73682 -105.25462 
    88.04358 -105.33314 
    87.35707 -105.47154 
    86.68398 -105.67131 
    86.03118 -105.93249 
    85.40535 -106.25357 
    84.81264 -106.63158 
    84.25842 -107.06221 
    83.68594 -107.46631 
    83.04929 -107.81190 
    82.43205 -108.20741 
    81.84248 -108.65501 
    81.28956 -109.15546 
    80.78251 -109.70781 
    80.33023 -110.30921 
    79.94070 -110.95493 
    79.62038 -111.63852 
    79.37380 -112.35217 
    79.20325 -113.08715 
    79.10867 -113.83437 
    79.08772 -114.58494 
    79.13609 -115.33064 
Cell 24 100 -95.87920 -103.00854 
    -106.05299 -103.00854 
    -106.04169 -103.64791 
    -105.98961 -104.28579 
    -105.89681 -104.91951 
    -105.76363 -105.54643 
    -105.59055 -106.16395 
    -105.37825 -106.76949 
    -105.12760 -107.36051 
    -104.83964 -107.93459 
    -104.51554 -108.48933 
    -104.15668 -109.02249 
    -103.76459 -109.53191 
    -103.34090 -110.01554 
    -102.88741 -110.47153 
    -102.40602 -110.89812 
    -101.89875 -111.29375 
    -101.36769 -111.65703 
    -100.81499 -111.98672 
    -100.24286 -112.28180 
    -99.65353 -112.54140 
    -99.04922 -112.76485 
    -98.43215 -112.95164 
    -97.80451 -113.10141 
    -97.16844 -113.21395 
    -96.52600 -113.28918 
    -95.87920 -113.32709 
    -95.22997 -113.32778 
    -94.58017 -113.29138 
    -93.93163 -113.21804 
    -93.28612 -113.10792 
    -92.64540 -112.96114 
    -92.01126 -112.77782 
    -91.38555 -112.55803 
    -90.77019 -112.30180 
    -90.16724 -112.00916 
    -89.57891 -111.68015 
    -89.00762 -111.31485 
    -88.45604 -110.91340 
    -87.93385 -110.46973 
    -87.65826 -109.80949 
    -87.46342 -109.12296 
    -87.32848 -108.43499 
    -87.19301 -107.78381 
    -87.05056 -107.16299 
    -86.89362 -106.56618 
    -86.71121 -105.98740 
    -86.49136 -105.41893 
    -86.21914 -104.85130 
    -85.86753 -104.27331 
    -85.42255 -103.66642 
    -84.95149 -103.00854 
    -84.45671 -102.28990 
    -83.95563 -101.50225 
    -83.74456 -100.69374 
    -84.15894 -99.99930 
    -84.72655 -99.38483 
    -85.37125 -98.84815 
    -85.80885 -98.26980 
    -85.68710 -97.40539 
    -85.46309 -96.39828 
    -87.05276 -96.59576 
    -87.53331 -96.10423 
    -88.04094 -95.64793 
    -88.57232 -95.22751 
    -89.12428 -94.84325 
    -89.69391 -94.49523 
    -90.27856 -94.18336 
    -90.87580 -93.90739 
    -91.48344 -93.66709 
    -92.09951 -93.46216 
    -92.72221 -93.29234 
    -93.34986 -93.15744 
    -93.98090 -93.05732 
    -94.60977 -92.95999 
    -95.23863 -92.82707 
    -95.87920 -92.70251 
    -96.53500 -92.58490 
    -97.20937 -92.47919 
    -97.90324 -92.39816 
    -98.61278 -92.36194 
    -99.32785 -92.39467 
    -100.03230 -92.51903 
    -100.70648 -92.75005 
    -101.33163 -93.09060 
    -101.89436 -93.53017 
    -102.38979 -94.04749 
    -102.82204 -94.61608 
    -103.20203 -95.21051 
    -103.54352 -95.81126 
    -103.85909 -96.40701 
    -104.15729 -96.99416 
    -104.44168 -97.57462 
    -104.71771 -98.14954 
    -105.01630 -98.70895 
    -105.27936 -99.28676 
    -105.50563 -99.88073 
    -105.69402 -100.48853 
    -105.84364 -101.10773 
    -105.95370 -101.73584 
    -106.02362 -102.37032 
