41 25 
Cell 0 100 -118.48766 -151.04253 
    -128.48782 -151.04253 
    -128.46808 -151.67044 
    -128.40895 -152.29588 
    -128.31067 -152.91637 
    -128.17363 -153.52946 
    -127.99834 -154.13274 
    -127.78554 -154.72382 
    -127.53603 -155.30037 
    -127.25082 -155.86011 
    -126.93102 -156.40085 
    -126.57790 -156.92043 
    -126.19285 -157.41681 
    -125.77739 -157.88805 
    -125.33316 -158.33224 
    -124.86192 -158.74770 
    -124.36552 -159.13272 
    -123.84593 -159.48582 
    -123.30520 -159.80559 
    -122.74794 -160.09608 
    -122.17636 -160.35913 
    -121.58974 -160.58977 
    -120.98866 -160.78328 
    -120.37545 -160.93871 
    -119.75255 -161.05519 
    -119.12244 -161.13206 
    -118.48766 -161.16882 
    -117.85080 -161.16512 
    -117.21448 -161.12076 
    -116.58134 -161.03580 
    -115.95403 -160.91035 
    -115.33519 -160.74483 
    -114.72745 -160.53973 
    -114.13340 -160.29579 
    -113.55559 -160.01393 
    -112.99651 -159.69518 
    -112.45860 -159.34082 
    -111.94417 -158.95224 
    -111.45547 -158.53104 
    -110.99466 -158.07892 
    -110.56372 -157.59778 
    -110.16454 -157.08963 
    -109.79886 -156.55661 
    -109.46828 -156.00098 
    -109.17423 -155.42509 
    -108.91819 -154.83134 
    -108.69844 -154.22324 
    -108.49935 -153.60709 
    -108.49870 -152.94801 
    -108.86133 -152.25862 
    -109.09435 -151.63350 
    -109.29244 -151.04253 
    -109.47496 -150.47549 
    -109.65182 -149.92630 
    -109.82993 -149.39099 
    -110.00881 -148.86552 
    -110.14668 -148.33238 
    -110.29550 -147.79903 
    -110.48520 -147.27686 
    -110.69032 -146.75591 
    -110.91374 -146.23598 
    -111.13470 -145.70029 
    -111.36537 -145.15047 
    -111.55469 -144.53204 
    -111.60138 -143.70940 
    -110.92495 -141.90080 
    -111.34423 -141.21045 
    -112.31904 -141.32234 
    -113.21390 -141.44960 
    -113.99925 -141.50418 
    -114.71986 -141.52614 
    -115.39675 -141.52969 
    -116.04344 -141.52293 
    -116.65944 -141.45865 
    -117.26786 -141.38683 
    -117.87511 -141.30652 
    -118.48766 -141.19984 
    -119.11855 -141.01477 
    -119.77859 -140.82373 
    -120.47944 -140.60121 
    -121.24374 -140.30827 
    -121.99053 -140.26180 
    -122.58141 -140.70290 
    -123.14011 -141.15558 
    -123.69447 -141.57138 
    -124.21967 -142.01033 
    -124.71661 -142.46912 
    -125.28127 -142.83046 
    -126.07489 -142.96295 
    -126.07384 -143.91862 
    -126.39368 -144.50209 
    -126.73564 -145.05002 
    -127.04662 -145.61084 
    -127.32636 -146.18341 
    -127.57455 -146.76656 
    -127.79098 -147.35909 
    -127.99840 -147.95230 
    -128.17366 -148.55559 
    -128.31070 -149.16869 
    -128.40898 -149.78917 
    -128.46809 -150.41461 
Cell 1 100 -100.33677 -146.93906 
    -110.61821 -146.93906 
    -110.37840 -147.57083 
    -110.18819 -148.18358 
    -110.02888 -148.78793 
    -109.83447 -149.37766 
    -109.64034 -149.96196 
    -109.45165 -150.54790 
    -109.26038 -151.13818 
    -109.05720 -151.73315 
    -108.82572 -152.32631 
    -108.52876 -152.89088 
    -108.12238 -153.37987 
    -107.67606 -153.83112 
    -107.21008 -154.25839 
    -106.72886 -154.66576 
    -106.23382 -155.05565 
    -105.71497 -155.41374 
    -105.17433 -155.73856 
    -104.61406 -156.02876 
    -104.03635 -156.28314 
    -103.44352 -156.50066 
    -102.83791 -156.68039 
    -102.22195 -156.82155 
    -101.59811 -156.92357 
    -100.96887 -156.98598 
    -100.33677 -157.00850 
    -99.70435 -156.99103 
    -99.07417 -156.93358 
    -98.44875 -156.83636 
    -97.83064 -156.69977 
    -97.22233 -156.52432 
    -96.62627 -156.31073 
    -96.04487 -156.05981 
    -95.48048 -155.77260 
    -94.93540 -155.45024 
    -94.41182 -155.09406 
    -93.91184 -154.70546 
    -93.43749 -154.28604 
    -92.99068 -153.83749 
    -92.57319 -153.36165 
    -92.18670 -152.86043 
    -91.83115 -152.33688 
    -91.49635 -151.79912 
    -91.19062 -151.24290 
    -90.91363 -150.66994 
    -90.93097 -149.99518 
    -90.92941 -149.35445 
    -90.92024 -148.73535 
    -90.90806 -148.13017 
    -90.89639 -147.53299 
    -90.88615 -146.93906 
    -90.87815 -146.34398 
    -90.87782 -145.74411 
    -90.88724 -145.13646 
    -90.90211 -144.51665 
    -90.92501 -143.88100 
    -90.95498 -143.22455 
    -90.98479 -142.53836 
    -90.99548 -141.80363 
    -90.92687 -140.96736 
    -91.32710 -140.39314 
    -91.78237 -139.86224 
    -92.28449 -139.37747 
    -92.82622 -138.94113 
    -93.39987 -138.55379 
    -93.99792 -138.21437 
    -94.61351 -137.92064 
    -95.24083 -137.66957 
    -95.87527 -137.45789 
    -96.51344 -137.28244 
    -97.15308 -137.14064 
    -97.74978 -136.86340 
    -98.36156 -136.58466 
    -98.99978 -136.35567 
    -99.66125 -136.20195 
    -100.33677 -136.14439 
    -101.01291 -136.19217 
    -101.67582 -136.33937 
    -102.31532 -136.56715 
    -102.92714 -136.85023 
    -103.51266 -137.16466 
    -104.11681 -137.39175 
    -104.74120 -137.57916 
    -105.36488 -137.79295 
    -105.96453 -138.07112 
    -106.52829 -138.41718 
    -107.12344 -138.73537 
    -107.71989 -139.07681 
    -108.30951 -139.45215 
    -108.88444 -139.86781 
    -109.43813 -140.32652 
    -109.97004 -140.82561 
    -110.59193 -141.30124 
    -110.94270 -141.94827 
    -111.20058 -142.63777 
    -111.45784 -143.32561 
    -111.58195 -144.05179 
    -111.46786 -144.81569 
    -111.19022 -145.56795 
    -110.89712 -146.27466 
Cell 2 100 -80.46387 -148.29691 
    -90.91142 -148.29691 
    -90.92349 -148.95497 
    -90.93005 -149.61909 
    -90.92334 -150.29216 
    -90.79990 -150.95074 
    -90.49336 -151.55568 
    -90.16888 -152.13939 
    -89.82670 -152.70271 
    -89.46645 -153.24611 
    -89.08738 -153.76955 
    -88.68858 -154.27251 
    -88.26920 -154.75403 
    -87.83353 -155.21747 
    -87.40953 -155.69328 
    -86.95748 -156.14633 
    -86.47546 -156.57115 
    -85.96516 -156.96553 
    -85.42844 -157.32742 
    -84.86742 -157.65491 
    -84.28429 -157.94615 
    -83.68144 -158.19957 
    -83.06142 -158.41367 
    -82.42684 -158.58714 
    -81.78048 -158.71889 
    -81.12518 -158.80798 
    -80.46387 -158.85374 
    -79.79958 -158.85568 
    -79.13531 -158.81352 
    -78.47418 -158.72723 
    -77.81925 -158.59705 
    -77.17358 -158.42337 
    -76.54024 -158.20688 
    -75.92220 -157.94846 
    -75.32238 -157.64925 
    -74.74362 -157.31058 
    -74.18864 -156.93402 
    -73.66005 -156.52132 
    -73.16029 -156.07443 
    -72.69169 -155.59547 
    -72.25637 -155.08675 
    -71.85627 -154.55070 
    -71.49315 -153.98990 
    -71.16856 -153.40704 
    -70.88384 -152.80493 
    -70.63428 -152.18872 
    -70.37632 -151.57455 
    -70.15366 -150.94412 
    -69.96838 -150.29903 
    -69.82224 -149.64125 
    -69.71796 -148.97298 
    -69.65884 -148.29691 
    -69.64783 -147.61642 
    -69.68745 -146.93553 
    -69.77960 -146.25877 
    -69.92544 -145.59109 
    -70.12514 -144.93765 
    -70.37782 -144.30356 
    -70.68144 -143.69365 
    -71.03295 -143.11221 
    -71.42840 -142.56282 
    -71.86324 -142.04817 
    -72.34351 -141.57915 
    -72.86758 -141.16351 
    -73.40134 -140.77606 
    -73.94114 -140.41228 
    -74.48888 -140.07304 
    -75.04924 -139.76480 
    -75.62150 -139.48865 
    -76.18071 -139.19472 
    -76.74937 -138.91516 
    -77.33324 -138.66180 
    -77.93140 -138.43358 
    -78.54340 -138.22939 
    -79.16917 -138.04829 
    -79.80911 -137.88972 
    -80.46387 -137.75369 
    -81.13589 -137.61559 
    -81.83175 -137.46910 
    -82.54041 -137.41130 
    -83.24476 -137.46606 
    -83.99304 -137.43524 
    -84.75626 -137.45558 
    -85.51056 -137.57216 
    -86.23993 -137.79030 
    -86.99175 -138.01062 
    -87.72874 -138.29768 
    -88.44054 -138.65477 
    -89.11620 -139.08311 
    -89.74470 -139.58163 
    -90.31571 -140.14676 
    -90.82019 -140.77260 
    -90.98064 -141.62276 
    -90.98517 -142.51279 
    -90.94865 -143.36314 
    -90.91499 -144.15901 
    -90.89272 -144.90837 
    -90.87970 -145.62259 
    -90.87814 -146.31027 
    -90.88686 -146.98018 
    -90.89848 -147.64043 
Cell 3 100 -59.66922 -154.89030 
    -69.81810 -154.89030 
    -69.77336 -155.52600 
    -69.69151 -156.15642 
    -69.57320 -156.77959 
    -69.41902 -157.39363 
    -69.22950 -157.99663 
    -69.00514 -158.58665 
    -68.74652 -159.16176 
    -68.45427 -159.71992 
    -68.12914 -160.25914 
    -67.77332 -160.77827 
    -67.38754 -161.27545 
    -66.97125 -161.74736 
    -66.52612 -162.19215 
    -66.05391 -162.60806 
    -65.55649 -162.99344 
    -65.03584 -163.34674 
    -64.49403 -163.66660 
    -63.93321 -163.95174 
    -63.35560 -164.20102 
    -62.76350 -164.41348 
    -62.15925 -164.58830 
    -61.54525 -164.72478 
    -60.92394 -164.82239 
    -60.29777 -164.88074 
    -59.66922 -164.89963 
    -59.04079 -164.87900 
    -58.41495 -164.81892 
    -57.79412 -164.71996 
    -57.18043 -164.58351 
    -56.57626 -164.40948 
    -55.98373 -164.19879 
    -55.40485 -163.95256 
    -54.84140 -163.67207 
    -54.29496 -163.35880 
    -53.76683 -163.01425 
    -53.25806 -162.64006 
    -52.76942 -162.23784 
    -52.30146 -161.80910 
    -51.85455 -161.35516 
    -51.42904 -160.87715 
    -51.02533 -160.37589 
    -50.64413 -159.85190 
    -50.28656 -159.30545 
    -49.95439 -158.73668 
    -49.65013 -158.14571 
    -49.37710 -157.53287 
    -49.13940 -156.89897 
    -48.94178 -156.24550 
    -48.78936 -155.57481 
    -48.68093 -154.89030 
    -49.13908 -154.22780 
    -49.59755 -153.61795 
    -49.96106 -153.03838 
    -50.28870 -152.48180 
    -50.60613 -151.94553 
    -50.92250 -151.42723 
    -51.24804 -150.92758 
    -51.58989 -150.44865 
    -51.94061 -149.98558 
    -52.30532 -149.54012 
    -52.68176 -149.10977 
    -53.06374 -148.68735 
    -53.45646 -148.27438 
    -53.85064 -147.85684 
    -54.24614 -147.42609 
    -54.64059 -146.96645 
    -55.02541 -146.44324 
    -55.39614 -145.80956 
    -55.92931 -145.44437 
    -56.54209 -145.26598 
    -57.16051 -145.11949 
    -57.78365 -145.00580 
    -58.41043 -144.92590 
    -59.03908 -144.87440 
    -59.66922 -144.84196 
    -60.30112 -144.84653 
    -60.93281 -144.88802 
    -61.56230 -144.96645 
    -62.18761 -145.08185 
    -62.80708 -145.23299 
    -63.42397 -145.40689 
    -64.02229 -145.63957 
    -64.60249 -145.91673 
    -65.17173 -146.21974 
    -65.72120 -146.56049 
    -66.24755 -146.93848 
    -66.74737 -147.35284 
    -67.21729 -147.80220 
    -67.65411 -148.28464 
    -68.05499 -148.79770 
    -68.41749 -149.33849 
    -68.73974 -149.90375 
    -69.02045 -150.48994 
    -69.25892 -151.09348 
    -69.45497 -151.71072 
    -69.60887 -152.33824 
    -69.72126 -152.97278 
    -69.79296 -153.61137 
    -69.82493 -154.25136 
Cell 4 100 -43.36375 -146.00865 
    -55.27966 -146.00865 
    -54.81515 -146.72911 
    -54.27918 -147.38759 
    -53.72881 -147.98589 
    -53.20757 -148.53610 
    -52.73315 -149.05295 
    -52.29990 -149.54672 
    -51.90765 -150.02910 
    -51.54767 -150.50780 
    -51.20905 -150.98743 
    -50.89156 -151.47792 
    -50.58446 -151.98215 
    -50.27740 -152.50101 
    -49.96261 -153.03574 
    -49.62392 -153.57590 
    -49.23886 -154.09506 
    -48.84743 -154.64954 
    -48.31593 -155.01663 
    -47.76142 -155.35419 
    -47.18350 -155.65625 
    -46.58447 -155.92104 
    -45.96680 -156.14687 
    -45.33308 -156.33229 
    -44.68608 -156.47600 
    -44.02864 -156.57689 
    -43.36375 -156.63408 
    -42.69444 -156.64694 
    -42.02385 -156.61502 
    -41.35514 -156.53812 
    -40.69151 -156.41632 
    -40.03616 -156.24992 
    -39.39225 -156.03951 
    -38.76294 -155.78586 
    -38.15131 -155.49004 
    -37.56034 -155.15335 
    -36.99294 -154.77731 
    -36.45184 -154.36371 
    -35.93967 -153.91449 
    -35.45887 -153.43182 
    -35.01169 -152.91808 
    -34.60020 -152.37573 
    -34.22624 -151.80750 
    -33.89142 -151.21611 
    -33.59713 -150.60448 
    -33.34451 -149.97556 
    -33.13445 -149.33235 
    -32.96760 -148.67793 
    -32.84439 -148.01532 
    -32.76499 -147.34758 
    -32.72935 -146.67770 
    -32.73721 -146.00865 
    -32.78812 -145.34329 
    -32.88144 -144.68443 
    -33.01637 -144.03479 
    -33.19194 -143.39697 
    -33.40706 -142.77353 
    -33.66052 -142.16687 
    -33.95098 -141.57935 
    -34.27700 -141.01317 
    -34.63704 -140.47052 
    -35.02946 -139.95345 
    -35.45749 -139.46803 
    -35.96708 -139.06271 
    -36.49640 -138.69568 
    -37.03486 -138.35834 
    -37.56071 -138.02147 
    -38.08245 -137.68668 
    -38.60618 -137.35466 
    -39.13646 -137.02521 
    -39.67708 -136.69720 
    -40.23144 -136.36841 
    -40.80299 -136.03514 
    -41.39562 -135.69136 
    -42.01433 -135.32692 
    -42.67146 -135.00500 
    -43.36375 -134.85248 
    -44.07652 -134.67952 
    -44.79752 -134.65918 
    -45.52345 -134.68709 
    -46.25216 -134.75902 
    -46.99659 -134.82790 
    -47.74311 -134.94765 
    -48.48719 -135.12079 
    -49.22373 -135.34938 
    -49.94711 -135.63493 
    -50.65127 -135.97824 
    -51.32987 -136.37926 
    -51.97647 -136.83704 
    -52.58467 -137.34962 
    -53.14837 -137.91411 
    -53.66190 -138.52661 
    -54.12025 -139.18236 
    -54.51923 -139.87587 
    -54.85555 -140.60101 
    -55.12698 -141.35126 
    -55.33233 -142.11983 
    -55.47150 -142.89990 
    -55.54538 -143.68488 
    -55.55572 -144.46844 
    -55.50687 -145.24467 
Cell 5 100 -11.62570 -150.41823 
    -22.00208 -150.41823 
    -22.01343 -151.07176 
    -21.98194 -151.72653 
    -21.90740 -152.37956 
    -21.78984 -153.02794 
    -21.62950 -153.66866 
    -21.42682 -154.29877 
    -21.18250 -154.91531 
    -20.89742 -155.51540 
    -20.57273 -156.09619 
    -20.20975 -156.65491 
    -19.81004 -157.18890 
    -19.37534 -157.69563 
    -18.90760 -158.17267 
    -18.40893 -158.61775 
    -17.88162 -159.02878 
    -17.32813 -159.40381 
    -16.75102 -159.74115 
    -16.15299 -160.03920 
    -15.53687 -160.29671 
    -14.90553 -160.51250 
    -14.26194 -160.68571 
    -13.60912 -160.81570 
    -12.95011 -160.90201 
    -12.28795 -160.94446 
    -11.62570 -160.94307 
    -10.96636 -160.89809 
    -10.31291 -160.81000 
    -9.66826 -160.67949 
    -9.03523 -160.50743 
    -8.41656 -160.29494 
    -7.81487 -160.04327 
    -7.23266 -159.75391 
    -6.67230 -159.42842 
    -6.13602 -159.06857 
    -5.62586 -158.67630 
    -5.14373 -158.25357 
    -4.69139 -157.80252 
    -4.24706 -157.34723 
    -3.80655 -156.88680 
    -3.39284 -156.39975 
    -3.00759 -155.88744 
    -2.65591 -155.34941 
    -2.35342 -154.78143 
    -2.11094 -154.18539 
    -1.96341 -153.55769 
    -1.84604 -152.92921 
    -1.73852 -152.30431 
    -1.64406 -151.67920 
    -1.56475 -151.05121 
    -1.50176 -150.41823 
    -1.45528 -149.77837 
    -1.37704 -149.12352 
    -1.18726 -148.42699 
    -0.98180 -147.68535 
    -0.75402 -146.88582 
    -0.47164 -146.00201 
    -0.13403 -145.01067 
    -0.49615 -144.29971 
    -1.00036 -143.67519 
    -1.61678 -143.14632 
    -2.31389 -142.71483 
    -3.05772 -142.37236 
    -3.81720 -142.10301 
    -4.56828 -141.88727 
    -5.29582 -141.70589 
    -5.99340 -141.54315 
    -6.65710 -141.38037 
    -7.24816 -141.11548 
    -7.85228 -140.88765 
    -8.46712 -140.69711 
    -9.09044 -140.54404 
    -9.70574 -140.35342 
    -10.32870 -140.15147 
    -10.97118 -140.01492 
    -11.62570 -139.90807 
    -12.28782 -139.89418 
    -12.95171 -139.92180 
    -13.62146 -139.95610 
    -14.29912 -140.00594 
    -14.98627 -140.07547 
    -15.68641 -140.16203 
    -16.36604 -140.34448 
    -16.99078 -140.65919 
    -17.52674 -141.11967 
    -18.01205 -141.62816 
    -18.45123 -142.16759 
    -18.85121 -142.72385 
    -19.21942 -143.28725 
    -19.56210 -143.85266 
    -19.88319 -144.41881 
    -20.18409 -144.98691 
    -20.46397 -145.55934 
    -20.78189 -146.10965 
    -21.07096 -146.67859 
    -21.32399 -147.26706 
    -21.53947 -147.87280 
    -21.71610 -148.49338 
    -21.85271 -149.12625 
    -21.94830 -149.76878 
Cell 6 100 7.75231 -152.72649 
    -1.81116 -152.72649 
    -1.92184 -153.33513 
    -2.05937 -153.96599 
    -2.29733 -154.64355 
    -2.68745 -155.40697 
    -2.91138 -156.19133 
    -2.73486 -156.87865 
    -2.47045 -157.53694 
    -2.16030 -158.17598 
    -1.80590 -158.79231 
    -1.40901 -159.38257 
    -0.97172 -159.94363 
    -0.49639 -160.47252 
    0.01441 -160.96651 
    0.55789 -161.42303 
    1.13104 -161.83989 
    1.73072 -162.21500 
    2.35360 -162.54669 
    2.99628 -162.83356 
    3.65526 -163.07443 
    4.32698 -163.26857 
    5.00786 -163.41537 
    5.69434 -163.51474 
    6.38287 -163.56671 
    7.06999 -163.57164 
    7.75231 -163.53021 
    8.42656 -163.44342 
    9.08961 -163.31233 
    9.73849 -163.13846 
    10.37040 -162.92329 
    10.98271 -162.66866 
    11.57305 -162.37659 
    12.13915 -162.04901 
    12.73310 -161.78651 
    13.31697 -161.49500 
    13.88593 -161.16870 
    14.43790 -160.80798 
    14.97064 -160.41324 
    15.48179 -159.98495 
    15.96883 -159.52379 
    16.42908 -159.03053 
    16.85973 -158.50624 
    17.25789 -157.95222 
    17.62060 -157.37015 
    17.94491 -156.76202 
    18.22794 -156.13022 
    18.46698 -155.47754 
    18.65953 -154.80714 
    18.80344 -154.12257 
    18.89692 -153.42764 
    18.93867 -152.72649 
    18.92784 -152.02338 
    18.86268 -151.32292 
    18.71248 -150.63571 
    18.51726 -149.96252 
    18.29507 -149.30093 
    18.04705 -148.65051 
    17.77425 -148.01053 
    17.42928 -147.40652 
    17.03391 -146.83621 
    16.60158 -146.29712 
    16.13563 -145.79120 
    15.63941 -145.32001 
    15.11627 -144.88466 
    14.56942 -144.48601 
    14.00198 -144.12456 
    13.41686 -143.80058 
    12.81680 -143.51421 
    12.20437 -143.26538 
    11.58191 -143.05402 
    10.95164 -142.87996 
    10.31562 -142.74303 
    9.67582 -142.64305 
    9.06378 -142.34508 
    8.42764 -141.99236 
    7.75231 -141.59961 
    7.02720 -141.20119 
    6.25473 -140.87199 
    5.45309 -140.67358 
    4.64602 -140.62831 
    3.89127 -140.84344 
    3.22029 -141.27992 
    2.65115 -141.88597 
    2.17801 -142.58687 
    1.73320 -143.24190 
    1.17400 -143.67223 
    0.66296 -144.15694 
    0.20242 -144.68668 
    -0.20778 -145.25146 
    -0.45066 -145.94041 
    -0.66597 -146.61024 
    -0.86076 -147.26047 
    -1.03938 -147.89320 
    -1.20968 -148.50929 
    -1.37418 -149.11305 
    -1.45026 -149.73639 
    -1.49692 -150.35168 
    -1.55478 -150.95107 
    -1.62669 -151.54166 
    -1.71234 -152.13103 
Cell 7 100 27.52295 -145.03870 
    17.32936 -145.03870 
    17.30763 -145.68140 
    17.33990 -146.32512 
    17.43657 -146.96277 
    17.60620 -147.58488 
    17.84752 -148.18243 
    18.09342 -148.77211 
    18.31829 -149.37009 
    18.52403 -149.98589 
    18.71108 -150.63089 
    18.91588 -151.29210 
    19.30009 -151.84123 
    19.72129 -152.36494 
    20.17776 -152.86053 
    20.66756 -153.32544 
    21.18854 -153.75726 
    21.73835 -154.15376 
    22.31448 -154.51286 
    22.91424 -154.83269 
    23.53481 -155.11159 
    24.17322 -155.34811 
    24.82640 -155.54105 
    25.49121 -155.68942 
    26.16442 -155.79254 
    26.84276 -155.84993 
    27.52295 -155.86139 
    28.20169 -155.82697 
    28.87572 -155.74695 
    29.54181 -155.62193 
    30.19681 -155.45268 
    30.83764 -155.24026 
    31.46134 -154.98593 
    32.06508 -154.69121 
    32.64614 -154.35774 
    33.20200 -153.98744 
    33.73028 -153.58235 
    34.22881 -153.14470 
    34.69561 -152.67680 
    35.12891 -152.18117 
    35.52718 -151.66037 
    35.88914 -151.11710 
    36.14869 -150.51276 
    36.39183 -149.91441 
    36.64570 -149.33154 
    36.90859 -148.75475 
    37.18193 -148.17708 
    37.46975 -147.59261 
    37.77955 -146.99524 
    38.12984 -146.37866 
    38.36905 -145.72107 
    38.46150 -145.03870 
    38.50991 -144.34746 
    38.51271 -143.65036 
    38.46833 -142.95076 
    38.37542 -142.25226 
    38.23298 -141.55879 
    38.04043 -140.87453 
    37.79767 -140.20378 
    37.50510 -139.55096 
    37.16370 -138.92049 
    36.77498 -138.31671 
    36.34103 -137.74374 
    35.86449 -137.20546 
    35.34846 -136.70537 
    34.79647 -136.24652 
    34.28396 -135.73297 
    33.71864 -135.27585 
    33.10129 -134.89172 
    32.44059 -134.58818 
    31.74732 -134.36914 
    31.03342 -134.23457 
    30.31087 -134.18048 
    29.59063 -134.19952 
    28.88974 -134.21945 
    28.20338 -134.22353 
    27.52295 -134.04639 
    26.82255 -133.90613 
    26.10452 -133.81068 
    25.37306 -133.76860 
    24.63437 -133.78841 
    23.89650 -133.87764 
    23.16905 -134.04199 
    22.46245 -134.28458 
    21.78722 -134.60544 
    21.15307 -135.00139 
    20.56810 -135.46617 
    20.03813 -135.99110 
    19.56636 -136.56580 
    19.15332 -137.17909 
    18.79714 -137.82008 
    18.49402 -138.47879 
    18.23897 -139.14691 
    18.02651 -139.81799 
    17.85136 -140.48759 
    17.70895 -141.15306 
    17.59582 -141.81317 
    17.50976 -142.46774 
    17.44976 -143.11713 
    17.41586 -143.76187 
    17.39795 -144.40169 
Cell 8 100 45.82064 -152.69864 
    35.78065 -152.69864 
    35.80300 -153.32889 
    35.85695 -153.95735 
    35.94863 -154.58183 
    36.07941 -155.19977 
    36.24905 -155.80864 
    36.45697 -156.40598 
    36.70241 -156.98935 
    36.98445 -157.55638 
    37.30201 -158.10474 
    37.65386 -158.63216 
    38.03863 -159.13647 
    38.45481 -159.61562 
    38.90074 -160.06760 
    39.37464 -160.49052 
    39.87462 -160.88264 
    40.39865 -161.24232 
    40.94461 -161.56810 
    41.51030 -161.85858 
    42.09340 -162.11256 
    42.69155 -162.32901 
    43.30229 -162.50699 
    43.92312 -162.64581 
    44.55151 -162.74487 
    45.18488 -162.80379 
    45.82064 -162.82231 
    46.45620 -162.80042 
    47.08894 -162.73819 
    47.71628 -162.63593 
    48.33568 -162.49406 
    48.94461 -162.31320 
    49.54060 -162.09416 
    50.12124 -161.83788 
    50.68419 -161.54541 
    51.22720 -161.21800 
    51.74809 -160.85706 
    52.24479 -160.46410 
    52.71533 -160.04074 
    53.15788 -159.58876 
    53.57070 -159.11005 
    53.95218 -158.60655 
    54.30088 -158.08037 
    54.61547 -157.53363 
    54.89475 -156.96860 
    55.13771 -156.38753 
    55.34349 -155.79280 
    55.51165 -155.18686 
    55.64356 -154.57246 
    55.71194 -153.94821 
    55.70332 -153.32040 
    55.65311 -152.69864 
    55.59164 -152.08391 
    55.52141 -151.47314 
    55.44750 -150.86221 
    55.37763 -150.24483 
    55.31849 -149.61261 
    55.12664 -149.01413 
    54.87770 -148.43671 
    54.59294 -147.87602 
    54.27576 -147.33286 
    53.92930 -146.80736 
    53.55431 -146.30080 
    53.15314 -145.81296 
    52.72792 -145.34312 
    52.28015 -144.89044 
    51.81035 -144.45451 
    51.31792 -144.03632 
    50.80128 -143.63889 
    50.25839 -143.26794 
    49.78819 -142.67776 
    49.29428 -142.00787 
    48.59192 -141.90524 
    47.81704 -142.23317 
    47.15564 -142.13107 
    46.48749 -142.09944 
    45.82064 -141.95535 
    45.14295 -141.92696 
    44.48961 -142.16243 
    43.88071 -142.52917 
    43.27251 -142.77432 
    42.67511 -143.01767 
    42.09339 -143.28468 
    41.52720 -143.57462 
    40.97707 -143.88820 
    40.44424 -144.22678 
    39.93059 -144.59167 
    39.43833 -144.98375 
    38.96855 -145.40190 
    38.52453 -145.84714 
    38.14170 -146.34607 
    37.83536 -146.89700 
    37.54529 -147.44695 
    37.27013 -147.99796 
    37.00526 -148.55045 
    36.74821 -149.10661 
    36.49843 -149.66968 
    36.25814 -150.24341 
    36.01339 -150.82780 
    35.82540 -151.43594 
    35.78137 -152.06702 
Cell 9 100 66.17146 -152.96811 
    55.67487 -152.96811 
    55.70752 -153.62645 
    55.69199 -154.29198 
    55.64260 -154.97659 
    55.61772 -155.67784 
    55.78437 -156.34308 
    55.99082 -156.99890 
    56.23824 -157.64232 
    56.52724 -158.27007 
    56.85780 -158.87874 
    57.22928 -159.46498 
    57.64048 -160.02554 
    58.08971 -160.55737 
    58.57488 -161.05765 
    59.09367 -161.52368 
    59.64355 -161.95300 
    60.22165 -162.34349 
    60.82507 -162.69315 
    61.45062 -163.00038 
    62.09512 -163.26376 
    62.75520 -163.48227 
    63.42749 -163.65515 
    64.10860 -163.78197 
    64.79514 -163.86278 
    65.48382 -163.89778 
    66.17146 -163.88766 
    66.85504 -163.83342 
    67.53181 -163.73642 
    68.19925 -163.59816 
    68.85518 -163.42052 
    69.49780 -163.20555 
    70.12565 -162.95526 
    70.73769 -162.67184 
    71.33312 -162.35715 
    71.91154 -162.01305 
    72.47266 -161.64096 
    73.01617 -161.24194 
    73.54172 -160.81665 
    74.04859 -160.36523 
    74.53568 -159.88759 
    75.00114 -159.38326 
    75.44244 -158.85165 
    75.85620 -158.29234 
    76.20027 -157.68732 
    76.31120 -156.98271 
    76.43785 -156.30386 
    76.61594 -155.64980 
    76.77177 -154.99023 
    76.87095 -154.31976 
    76.92352 -153.64458 
    76.93242 -152.96811 
    76.89458 -152.29347 
    76.82153 -151.62270 
    76.72249 -150.95540 
    76.60059 -150.29036 
    76.46719 -149.62282 
    76.32854 -148.94662 
    76.05631 -148.31665 
    75.75191 -147.70120 
    75.42484 -147.09573 
    75.07275 -146.50095 
    74.69493 -145.91689 
    74.29104 -145.34331 
    73.86135 -144.77921 
    73.40685 -144.22203 
    72.92764 -143.66901 
    72.42246 -143.11810 
    71.79549 -142.73802 
    71.13844 -142.41273 
    70.45676 -142.14465 
    69.75626 -141.93520 
    69.04118 -141.79129 
    68.31799 -141.71555 
    67.59499 -141.69963 
    66.87865 -141.72751 
    66.17146 -141.78493 
    65.47461 -141.89211 
    64.79160 -142.04543 
    64.12529 -142.24173 
    63.48045 -142.48734 
    62.85719 -142.76784 
    62.25666 -143.08046 
    61.67970 -143.42264 
    61.12693 -143.79214 
    60.59890 -144.18716 
    60.09612 -144.60612 
    59.61917 -145.04776 
    59.16872 -145.51096 
    58.63604 -145.89188 
    58.09005 -146.28259 
    57.54005 -146.69702 
    56.99603 -147.14520 
    56.47632 -147.63817 
    56.00591 -148.18457 
    55.61213 -148.78738 
    55.31866 -149.44182 
    55.37302 -150.19554 
    55.45496 -150.92383 
    55.53886 -151.62491 
    55.61364 -152.30388 
Cell 10 100 84.89653 -142.91162 
    72.34006 -142.91162 
    72.92386 -143.66489 
    73.51118 -144.34993 
    74.01929 -144.98656 
    74.46478 -145.59004 
    74.86033 -146.17258 
    75.21671 -146.74413 
    75.54240 -147.31334 
    75.84435 -147.88809 
    76.12589 -148.47765 
    76.47254 -149.03201 
    76.94550 -149.48929 
    77.42448 -149.92834 
    77.91313 -150.34819 
    78.41465 -150.74687 
    78.93141 -151.12190 
    79.46484 -151.47058 
    80.01549 -151.79019 
    80.58304 -152.07826 
    81.16653 -152.33253 
    81.76445 -152.55116 
    82.37492 -152.73262 
    82.99578 -152.87569 
    83.62466 -152.97945 
    84.25910 -153.04324 
    84.89653 -153.06665 
    85.53435 -153.04950 
    86.17043 -152.99557 
    86.80237 -152.90237 
    87.42780 -152.77028 
    88.04446 -152.59996 
    88.65016 -152.39221 
    89.24284 -152.14801 
    89.82057 -151.86842 
    90.38152 -151.55460 
    90.92404 -151.20778 
    91.44657 -150.82925 
    91.94769 -150.42035 
    92.42612 -149.98238 
    92.88061 -149.51663 
    93.31004 -149.02438 
    93.71326 -148.50688 
    94.08918 -147.96532 
    94.43663 -147.40085 
    94.75439 -146.81462 
    95.04111 -146.20779 
    95.29536 -145.58159 
    95.51551 -144.93730 
    95.69980 -144.27640 
    95.84634 -143.60052 
    95.95310 -142.91162 
    96.01801 -142.21191 
    96.03894 -141.50401 
    96.01388 -140.79088 
    95.94090 -140.07591 
    95.81836 -139.36290 
    95.64493 -138.65604 
    95.23178 -138.04822 
    94.74087 -137.49965 
    94.19935 -137.00787 
    93.69237 -136.52107 
    93.20478 -136.03844 
    92.72655 -135.55875 
    92.25103 -135.07986 
    91.77417 -134.59798 
    91.29257 -134.10823 
    90.78410 -133.63429 
    90.24033 -133.19128 
    89.67825 -132.74994 
    89.09750 -132.30119 
    88.46445 -131.93071 
    87.74733 -131.80847 
    87.02785 -131.73888 
    86.31033 -131.72028 
    85.59872 -131.75064 
    84.89653 -131.82759 
    84.20679 -131.94864 
    83.53211 -132.11115 
    82.87464 -132.31250 
    82.23617 -132.55019 
    81.61813 -132.82176 
    81.02174 -133.12503 
    80.44796 -133.45793 
    79.89763 -133.81865 
    79.37150 -134.20557 
    78.82742 -134.55820 
    78.21067 -134.82980 
    77.58202 -135.12247 
    76.94122 -135.44109 
    76.29104 -135.79254 
    75.65629 -136.19820 
    75.16739 -136.73732 
    74.67581 -137.29274 
    74.18723 -137.87221 
    73.68314 -138.47192 
    73.14874 -139.09453 
    72.66946 -139.77223 
    72.28119 -140.50511 
    72.17856 -141.30496 
    72.19609 -142.11258 
Cell 11 100 110.40595 -150.03052 
    100.24092 -150.03052 
    100.25149 -150.66939 
    100.30289 -151.30684 
    100.39500 -151.94022 
    100.52753 -152.56686 
    100.70001 -153.18417 
    100.91180 -153.78952 
    101.16207 -154.38036 
    101.44982 -154.95419 
    101.77390 -155.50859 
    102.13295 -156.04120 
    102.52551 -156.54979 
    102.94994 -157.03218 
    103.40446 -157.48636 
    103.88715 -157.91040 
    104.39597 -158.30255 
    104.92878 -158.66116 
    105.48331 -158.98477 
    106.05722 -159.27205 
    106.64807 -159.52184 
    107.25338 -159.73314 
    107.87057 -159.90517 
    108.49707 -160.03725 
    109.13023 -160.12894 
    109.76740 -160.17996 
    110.40595 -160.19022 
    111.04324 -160.15982 
    111.67664 -160.08905 
    112.30360 -159.97838 
    112.92165 -159.82852 
    113.52839 -159.64040 
    114.12160 -159.41516 
    114.69923 -159.15419 
    115.25954 -158.85916 
    115.80111 -158.53192 
    116.32297 -158.17459 
    116.82463 -157.78937 
    117.30618 -157.37851 
    117.76821 -156.94414 
    118.21181 -156.48808 
    118.63824 -156.01163 
    119.04876 -155.51541 
    119.44405 -154.99925 
    119.82386 -154.46225 
    120.18640 -153.90286 
    120.52800 -153.31937 
    120.84290 -152.71027 
    121.12331 -152.07497 
    121.35992 -151.41432 
    121.54261 -150.73117 
    121.66148 -150.03052 
    121.70805 -149.31944 
    121.67632 -148.60674 
    121.56361 -147.90208 
    121.69247 -147.13263 
    121.87917 -146.30264 
    121.52090 -145.62981 
    120.72678 -145.17390 
    119.93655 -144.79103 
    119.46247 -144.28308 
    118.96302 -143.81345 
    118.44624 -143.37901 
    117.91801 -142.97623 
    117.38203 -142.60175 
    116.84015 -142.25291 
    116.31734 -141.89420 
    115.80087 -141.52948 
    115.26553 -141.19096 
    114.71323 -140.87711 
    114.14496 -140.58687 
    113.56078 -140.32094 
    112.96006 -140.08292 
    112.34230 -139.87981 
    111.70828 -139.72148 
    111.06101 -139.61865 
    110.40595 -139.58008 
    109.75034 -139.60994 
    109.07944 -139.53008 
    108.35909 -139.30048 
    107.59859 -139.09659 
    106.82620 -139.01318 
    106.09313 -139.13759 
    105.45158 -139.50194 
    104.92666 -140.06372 
    104.50358 -140.72987 
    104.13965 -141.40570 
    103.79042 -142.03371 
    103.42997 -142.60185 
    103.05496 -143.12747 
    102.67618 -143.63589 
    102.28222 -144.12828 
    101.91585 -144.64253 
    101.58224 -145.17964 
    101.28286 -145.73752 
    101.01908 -146.31400 
    100.79211 -146.90678 
    100.60300 -147.51355 
    100.45265 -148.13182 
    100.34184 -148.75912 
    100.27112 -149.39288 
Cell 12 100 -115.78789 -132.13570 
    -127.43271 -132.13570 
    -127.53972 -132.87506 
    -127.58763 -133.62634 
    -127.57542 -134.38429 
    -127.50275 -135.14357 
    -127.36988 -135.89891 
    -127.17773 -136.64525 
    -126.92783 -137.37776 
    -126.62215 -138.09187 
    -126.26308 -138.78345 
    -125.85332 -139.44865 
    -125.39581 -140.08406 
    -124.89368 -140.68660 
    -124.35013 -141.25356 
    -123.42912 -141.37236 
    -121.70477 -140.27959 
    -121.02706 -140.39133 
    -120.44743 -140.61137 
    -119.86348 -140.79678 
    -119.28436 -140.96678 
    -118.71165 -141.13414 
    -118.13111 -141.26193 
    -117.54562 -141.35010 
    -116.96115 -141.42303 
    -116.37630 -141.48819 
    -115.78789 -141.52560 
    -115.19694 -141.52864 
    -114.60205 -141.52255 
    -114.00075 -141.50423 
    -113.39329 -141.46207 
    -112.78159 -141.38812 
    -112.15796 -141.30385 
    -111.50875 -141.22934 
    -110.74496 -141.30876 
    -110.17407 -140.98166 
    -109.67525 -140.54901 
    -109.18520 -140.11699 
    -108.67151 -139.71387 
    -108.12305 -139.33345 
    -107.52936 -138.96774 
    -106.88194 -138.60625 
    -106.20376 -138.21797 
    -105.70675 -137.67786 
    -105.47734 -136.98747 
    -105.29906 -136.28851 
    -105.17187 -135.58505 
    -105.09042 -134.88234 
    -105.04790 -134.18446 
    -105.02892 -133.49487 
    -105.05048 -132.81123 
    -105.09272 -132.13570 
    -104.87940 -131.44939 
    -104.45182 -130.70361 
    -104.11330 -129.90865 
    -104.02887 -129.11650 
    -104.29108 -128.40016 
    -104.86149 -127.80963 
    -105.59637 -127.33993 
    -106.33713 -126.94009 
    -106.94401 -126.52320 
    -107.20737 -125.90158 
    -107.50397 -125.28265 
    -107.83983 -124.67197 
    -108.22123 -124.07803 
    -108.65365 -123.51189 
    -109.14055 -122.98643 
    -109.68238 -122.51495 
    -110.27600 -122.10960 
    -110.91473 -121.77972 
    -111.58902 -121.53056 
    -112.28754 -121.36272 
    -112.99861 -121.27218 
    -113.71155 -121.25113 
    -114.41768 -121.28940 
    -115.11095 -121.37597 
    -115.78789 -121.50052 
    -116.44730 -121.65458 
    -117.08953 -121.83213 
    -117.71569 -122.02979 
    -118.32700 -122.24649 
    -118.92428 -122.48289 
    -119.50763 -122.74072 
    -120.07643 -123.02209 
    -120.62939 -123.32905 
    -121.16470 -123.66321 
    -121.68026 -124.02554 
    -122.17409 -124.41611 
    -122.64587 -124.83268 
    -123.09041 -125.27818 
    -123.50600 -125.75072 
    -123.89117 -126.24832 
    -124.30246 -126.73219 
    -124.79305 -127.18507 
    -125.25903 -127.67892 
    -125.69544 -128.21303 
    -126.09735 -128.78595 
    -126.45994 -129.39558 
    -126.77869 -130.03909 
    -127.04943 -130.71303 
    -127.26849 -131.41341 
Cell 13 100 -89.45464 -124.42447 
    -99.58934 -124.42447 
    -99.58346 -125.06172 
    -99.53702 -125.69817 
    -99.45000 -126.33118 
    -99.32262 -126.95814 
    -99.15524 -127.57639 
    -98.94842 -128.18332 
    -98.70289 -128.77637 
    -98.41958 -129.35298 
    -98.09957 -129.91071 
    -97.74413 -130.44714 
    -97.35470 -130.95996 
    -96.93284 -131.44696 
    -96.48031 -131.90605 
    -95.99898 -132.33522 
    -95.49087 -132.73264 
    -94.95812 -133.09657 
    -94.40298 -133.42548 
    -93.82783 -133.71797 
    -93.23508 -133.97276 
    -92.62727 -134.18883 
    -92.00700 -134.36528 
    -91.37691 -134.50137 
    -90.73968 -134.59662 
    -90.09801 -134.65067 
    -89.45464 -134.66336 
    -88.81226 -134.63474 
    -88.17358 -134.56505 
    -87.54128 -134.45467 
    -86.91795 -134.30420 
    -86.30618 -134.11443 
    -85.70844 -133.88628 
    -85.12714 -133.62086 
    -84.56456 -133.31949 
    -84.02287 -132.98357 
    -83.49571 -132.62622 
    -82.97113 -132.26169 
    -82.46692 -131.86563 
    -81.98501 -131.43892 
    -81.52739 -130.98245 
    -81.09614 -130.49727 
    -80.69341 -129.98451 
    -80.32147 -129.44547 
    -79.98264 -128.88165 
    -79.67926 -128.29482 
    -79.41370 -127.68697 
    -79.18822 -127.06044 
    -79.00498 -126.41785 
    -78.86594 -125.76213 
    -78.77277 -125.09651 
    -78.72684 -124.42447 
    -78.72908 -123.74967 
    -78.77999 -123.07595 
    -78.87962 -122.40717 
    -79.02748 -121.74723 
    -79.22264 -121.09989 
    -79.46369 -120.46877 
    -79.74881 -119.85725 
    -80.00642 -119.23026 
    -80.27052 -118.59605 
    -80.57544 -117.97335 
    -80.92219 -117.36581 
    -81.31153 -116.77758 
    -81.74377 -116.21323 
    -82.21866 -115.67767 
    -82.73526 -115.17604 
    -83.29186 -114.71350 
    -83.88595 -114.29507 
    -84.51416 -113.92543 
    -85.17237 -113.60870 
    -85.85577 -113.34829 
    -86.55901 -113.14673 
    -87.27637 -113.00558 
    -88.00197 -112.92539 
    -88.72993 -112.90569 
    -89.45464 -112.94502 
    -90.17081 -113.04111 
    -90.87376 -113.19098 
    -91.55936 -113.39111 
    -92.22423 -113.63763 
    -92.86562 -113.92656 
    -93.48145 -114.25388 
    -94.07025 -114.61579 
    -94.63099 -115.00871 
    -95.12804 -115.48463 
    -95.57615 -115.99893 
    -96.01620 -116.49290 
    -96.43963 -116.98621 
    -96.84743 -117.48218 
    -97.24107 -117.98298 
    -97.62261 -118.49009 
    -98.04253 -118.97443 
    -98.47927 -119.46313 
    -98.77091 -120.04057 
    -98.99408 -120.64754 
    -99.15502 -121.27263 
    -99.26731 -121.90500 
    -99.36629 -122.53372 
    -99.48030 -123.15794 
    -99.55483 -123.78902 
Cell 14 100 -66.25856 -133.00995 
    -77.02490 -133.00995 
    -76.99258 -133.68527 
    -76.91926 -134.35670 
    -76.80448 -135.02170 
    -76.64803 -135.67751 
    -76.44998 -136.32133 
    -76.21077 -136.95030 
    -75.93118 -137.56154 
    -75.61234 -138.15224 
    -75.25567 -138.71968 
    -74.86283 -139.26132 
    -74.43228 -139.77184 
    -73.95121 -140.23383 
    -73.43881 -140.65614 
    -72.90736 -141.04697 
    -72.36747 -141.41815 
    -71.81783 -141.76996 
    -71.24950 -142.08844 
    -70.66440 -142.37282 
    -70.06053 -142.61264 
    -69.44260 -142.80942 
    -68.81289 -142.95839 
    -68.18038 -143.08450 
    -67.54653 -143.20531 
    -66.90540 -143.29124 
    -66.25856 -143.34245 
    -65.60745 -143.35902 
    -64.95345 -143.34100 
    -64.29784 -143.28844 
    -63.64189 -143.20120 
    -62.98689 -143.07912 
    -62.33416 -142.92184 
    -61.68516 -142.72891 
    -61.04149 -142.49977 
    -60.40499 -142.23370 
    -59.77777 -141.92999 
    -59.16225 -141.58791 
    -58.56124 -141.20677 
    -57.97785 -140.78606 
    -57.41562 -140.32547 
    -56.87838 -139.82506 
    -56.37028 -139.28525 
    -55.89569 -138.70699 
    -55.45913 -138.09178 
    -55.06511 -137.44176 
    -54.71807 -136.75967 
    -54.42223 -136.04900 
    -54.18144 -135.31378 
    -53.99904 -134.55869 
    -53.87779 -133.78888 
    -53.81971 -133.00995 
    -53.82605 -132.22777 
    -53.89726 -131.44835 
    -54.03306 -130.67781 
    -54.23318 -129.92235 
    -54.49841 -129.18884 
    -54.83806 -128.48825 
    -55.30037 -127.85342 
    -55.93324 -127.33356 
    -56.54153 -126.84333 
    -57.13818 -126.38360 
    -57.73246 -125.95654 
    -58.33205 -125.56646 
    -58.85396 -125.12486 
    -59.31830 -124.62061 
    -59.81829 -124.14568 
    -60.35814 -123.71236 
    -60.93466 -123.32581 
    -61.53855 -122.97940 
    -62.17174 -122.68782 
    -62.88553 -122.62882 
    -63.58208 -122.58573 
    -64.25758 -122.52045 
    -64.92971 -122.49104 
    -65.59712 -122.49670 
    -66.25856 -122.53674 
    -66.91283 -122.61066 
    -67.55873 -122.71807 
    -68.19501 -122.85868 
    -68.82040 -123.03226 
    -69.45848 -123.16161 
    -70.10359 -123.29850 
    -70.74427 -123.47734 
    -71.37643 -123.70058 
    -71.99523 -123.97041 
    -72.59516 -124.28837 
    -73.17041 -124.65496 
    -73.71523 -125.06940 
    -74.22442 -125.52951 
    -74.69371 -126.03178 
    -75.12015 -126.57163 
    -75.50209 -127.14383 
    -75.83908 -127.74301 
    -76.13167 -128.36401 
    -76.38097 -129.00221 
    -76.58828 -129.65363 
    -76.75485 -130.31496 
    -76.88160 -130.98349 
    -76.96894 -131.65691 
    -77.01683 -132.33310 
Cell 15 100 -53.84636 -117.07690 
    -64.34453 -117.07690 
    -64.32236 -117.73600 
    -64.25917 -118.39235 
    -64.15379 -119.04315 
    -64.00572 -119.68539 
    -63.81297 -120.31525 
    -63.57270 -120.92783 
    -63.26624 -121.50956 
    -62.90070 -122.05457 
    -62.41512 -122.51480 
    -61.80290 -122.85767 
    -61.20945 -123.16818 
    -60.68151 -123.49554 
    -60.19810 -123.84082 
    -59.74878 -124.21172 
    -59.32355 -124.61562 
    -58.91303 -125.06071 
    -58.45591 -125.46165 
    -57.95628 -125.81093 
    -57.44410 -126.16376 
    -56.92392 -126.54868 
    -56.38611 -126.96858 
    -55.82057 -127.42611 
    -55.19571 -127.75814 
    -54.52265 -127.82634 
    -53.84636 -127.84957 
    -53.16998 -127.82764 
    -52.49669 -127.76057 
    -51.82968 -127.64869 
    -51.17208 -127.49254 
    -50.52697 -127.29293 
    -49.89737 -127.05090 
    -49.28621 -126.76770 
    -48.69629 -126.44484 
    -48.13027 -126.08401 
    -47.59069 -125.68710 
    -47.07990 -125.25614 
    -46.60008 -124.79341 
    -46.15322 -124.30124 
    -45.74113 -123.78213 
    -45.36116 -123.24176 
    -44.94048 -122.72874 
    -44.54483 -122.19047 
    -44.18261 -121.62431 
    -43.85734 -121.03184 
    -43.57257 -120.41506 
    -43.33176 -119.77660 
    -43.13814 -119.11961 
    -42.99453 -118.44781 
    -42.90321 -117.76539 
    -42.86576 -117.07690 
    -42.88298 -116.38715 
    -42.95485 -115.70099 
    -43.08051 -115.02321 
    -43.25832 -114.35836 
    -43.48596 -113.71061 
    -43.76051 -113.08363 
    -44.07866 -112.48058 
    -44.43685 -111.90398 
    -44.83140 -111.35584 
    -44.81005 -110.51165 
    -44.33684 -109.20995 
    -45.77033 -109.49301 
    -46.70388 -109.47094 
    -47.23038 -109.07957 
    -47.73416 -108.66419 
    -48.22145 -108.21347 
    -48.73383 -107.77726 
    -49.27217 -107.35625 
    -49.83759 -106.95190 
    -50.43134 -106.56657 
    -51.05458 -106.20365 
    -51.70808 -105.86765 
    -52.39196 -105.56415 
    -53.10539 -105.29962 
    -53.84636 -105.08127 
    -54.61142 -104.91660 
    -55.39564 -104.81308 
    -56.19257 -104.77760 
    -56.99442 -104.81601 
    -57.79225 -104.93269 
    -58.57640 -105.13018 
    -59.33692 -105.40887 
    -60.06407 -105.76693 
    -60.74885 -106.20032 
    -61.38343 -106.70302 
    -61.96155 -107.26732 
    -62.47879 -107.88429 
    -62.93267 -108.54428 
    -63.32264 -109.23744 
    -63.64990 -109.95422 
    -63.91714 -110.68579 
    -64.12820 -111.42441 
    -64.28764 -112.16360 
    -64.40034 -112.89829 
    -64.47112 -113.62471 
    -64.50443 -114.34038 
    -64.50414 -115.04382 
    -64.47331 -115.73441 
    -64.41425 -116.41203 
Cell 16 100 -34.29273 -129.14793 
    -45.24345 -129.14793 
    -45.15128 -129.83110 
    -45.00768 -130.50154 
    -44.85881 -131.16353 
    -44.80925 -131.84811 
    -44.73678 -132.54141 
    -44.63146 -133.24133 
    -44.44710 -133.92622 
    -44.21386 -134.60213 
    -43.30280 -134.86591 
    -42.48203 -135.09781 
    -41.86685 -135.41379 
    -41.31226 -135.73972 
    -40.77537 -136.05124 
    -40.25477 -136.35480 
    -39.74733 -136.65555 
    -39.24862 -136.95715 
    -38.75395 -137.26285 
    -38.25830 -137.57520 
    -37.75631 -137.89595 
    -37.24221 -138.22551 
    -36.70984 -138.56197 
    -36.15873 -138.92982 
    -35.58377 -139.36758 
    -34.96491 -139.83200 
    -34.29273 -140.21773 
    -33.57911 -140.49057 
    -32.83982 -140.64886 
    -32.09016 -140.69423 
    -31.34392 -140.63280 
    -30.61707 -140.46043 
    -29.93684 -140.14966 
    -29.28408 -139.79185 
    -28.66228 -139.38968 
    -28.07460 -138.94614 
    -27.52391 -138.46442 
    -27.01277 -137.94789 
    -26.54335 -137.40018 
    -26.11748 -136.82501 
    -25.73666 -136.22614 
    -25.40195 -135.60747 
    -25.11409 -134.97287 
    -24.87345 -134.32623 
    -24.85540 -133.58879 
    -24.90097 -132.86639 
    -24.83764 -132.22008 
    -24.70553 -131.60950 
    -24.59647 -130.99759 
    -24.53424 -130.38072 
    -24.49507 -129.76436 
    -24.45581 -129.14793 
    -24.41732 -128.52663 
    -24.43203 -127.90224 
    -24.47234 -127.27460 
    -24.52602 -126.64027 
    -24.66566 -126.01991 
    -24.83225 -125.40227 
    -25.02401 -124.78641 
    -25.23993 -124.17111 
    -25.48003 -123.55523 
    -25.74570 -122.93816 
    -26.03979 -122.32051 
    -26.36646 -121.70467 
    -26.73089 -121.09539 
    -27.13851 -120.49997 
    -27.59427 -119.92830 
    -28.10163 -119.39232 
    -28.66172 -118.90517 
    -29.27276 -118.47996 
    -29.92978 -118.12839 
    -30.62488 -117.85944 
    -31.34785 -117.67838 
    -32.08719 -117.58611 
    -32.83126 -117.57922 
    -33.56937 -117.65054 
    -34.29273 -117.79014 
    -34.99494 -117.98660 
    -35.67220 -118.22835 
    -36.32301 -118.50485 
    -36.94771 -118.80745 
    -37.54781 -119.12982 
    -38.12526 -119.46806 
    -38.68191 -119.82046 
    -39.22272 -120.18032 
    -39.80721 -120.45850 
    -40.38105 -120.76808 
    -40.94254 -121.10969 
    -41.48940 -121.48426 
    -42.01854 -121.89291 
    -42.52609 -122.33671 
    -43.00732 -122.81641 
    -43.45684 -123.33221 
    -43.86878 -123.88345 
    -44.23717 -124.46844 
    -44.55628 -125.08431 
    -44.82108 -125.72707 
    -45.02763 -126.39168 
    -45.17334 -127.07235 
    -45.25722 -127.76279 
    -45.27988 -128.45668 
Cell 17 100 -14.68819 -130.41556 
    -24.53775 -130.41556 
    -24.60392 -131.03940 
    -24.72145 -131.68304 
    -24.85078 -132.35417 
    -24.89034 -133.03503 
    -24.85861 -133.72014 
    -24.68314 -134.37283 
    -24.41242 -134.99144 
    -24.10198 -135.59084 
    -23.75355 -136.16861 
    -23.36896 -136.72250 
    -22.95010 -137.25040 
    -22.49893 -137.75034 
    -22.01750 -138.22047 
    -21.50784 -138.65910 
    -20.97209 -139.06462 
    -20.41241 -139.43549 
    -19.83102 -139.77032 
    -19.23021 -140.06786 
    -18.61228 -140.32668 
    -17.97820 -140.54118 
    -17.32292 -140.67717 
    -16.60521 -140.46497 
    -15.92763 -140.22679 
    -15.29836 -140.11406 
    -14.68819 -140.04530 
    -14.08580 -139.99025 
    -13.48382 -139.94905 
    -12.87538 -139.91862 
    -12.25431 -139.89488 
    -11.60266 -139.91182 
    -10.87984 -140.03433 
    -10.21775 -139.91571 
    -9.64016 -139.59789 
    -9.08559 -139.24384 
    -8.55641 -138.85522 
    -8.05477 -138.43398 
    -7.58274 -137.98209 
    -7.14218 -137.50172 
    -6.73479 -136.99518 
    -6.36210 -136.46481 
    -6.02543 -135.91310 
    -5.72594 -135.34259 
    -5.46456 -134.75586 
    -5.24207 -134.15555 
    -5.05901 -133.54427 
    -4.91577 -132.92468 
    -4.79727 -132.30235 
    -4.68141 -131.67970 
    -4.60074 -131.05020 
    -4.55528 -130.41556 
    -4.54505 -129.77740 
    -4.57018 -129.13736 
    -4.63090 -128.49702 
    -4.72764 -127.85812 
    -4.86096 -127.22250 
    -5.03159 -126.59224 
    -5.24036 -125.96975 
    -5.48812 -125.35778 
    -5.77565 -124.75949 
    -6.10352 -124.17844 
    -6.47195 -123.61849 
    -6.88069 -123.08383 
    -7.32892 -122.57874 
    -7.81515 -122.10748 
    -8.33718 -121.67415 
    -8.89213 -121.28244 
    -9.47650 -120.93552 
    -10.08623 -120.63589 
    -10.58536 -120.05300 
    -10.88451 -118.70906 
    -11.69480 -118.75710 
    -12.57609 -119.34355 
    -13.28066 -119.27388 
    -13.99078 -119.33063 
    -14.68819 -119.48920 
    -15.36140 -119.71515 
    -16.00714 -119.97492 
    -16.62846 -120.24431 
    -17.24531 -120.45622 
    -17.85086 -120.68184 
    -18.43998 -120.93962 
    -19.01139 -121.22828 
    -19.56388 -121.54671 
    -20.09614 -121.89399 
    -20.60683 -122.26924 
    -21.11135 -122.65129 
    -21.62712 -123.02634 
    -22.12097 -123.43571 
    -22.59010 -123.87853 
    -23.03168 -124.35365 
    -23.44293 -124.85963 
    -23.82113 -125.39468 
    -24.16370 -125.95672 
    -24.46823 -126.54337 
    -24.47565 -127.23542 
    -24.43176 -127.91383 
    -24.41934 -128.55925 
    -24.45794 -129.18135 
    -24.49724 -129.79842 
Cell 18 100 8.25481 -131.01091 
    -1.86561 -131.01091 
    -1.84511 -131.64635 
    -1.78861 -132.27969 
    -1.69197 -132.90836 
    -1.55554 -133.52979 
    -1.37983 -134.14139 
    -1.16555 -134.74069 
    -0.91356 -135.32523 
    -0.62489 -135.89256 
    -0.30072 -136.44041 
    0.05762 -136.96652 
    0.44867 -137.46870 
    0.87080 -137.94496 
    1.32227 -138.39331 
    1.80121 -138.81197 
    2.30565 -139.19923 
    2.83349 -139.55356 
    3.38255 -139.87354 
    3.95056 -140.15790 
    4.53520 -140.40558 
    5.13465 -140.61377 
    5.75469 -140.74823 
    6.36739 -140.90514 
    6.99128 -141.01280 
    7.62213 -141.06714 
    8.25481 -141.08142 
    8.88682 -141.05643 
    9.51579 -140.99257 
    10.13945 -140.89053 
    10.75569 -140.75121 
    11.36385 -140.57956 
    11.96362 -140.37830 
    12.55127 -140.14134 
    13.12485 -139.86948 
    13.68251 -139.56358 
    14.22241 -139.22461 
    14.74278 -138.85352 
    15.24453 -138.45419 
    15.74044 -138.04039 
    16.22158 -137.60159 
    16.68780 -137.13783 
    17.13847 -136.64865 
    17.57232 -136.13326 
    17.98722 -135.59064 
    18.38003 -135.01976 
    18.74653 -134.41988 
    19.08146 -133.79073 
    19.37864 -133.13289 
    19.63116 -132.44807 
    19.82951 -131.73914 
    19.90717 -131.01091 
    19.50644 -130.30302 
    19.04619 -129.64764 
    18.65315 -129.02733 
    18.29639 -128.43266 
    17.95808 -127.85813 
    17.62781 -127.29987 
    17.30165 -126.75379 
    16.99794 -126.20433 
    16.68398 -125.66160 
    16.35808 -125.12355 
    16.02105 -124.58612 
    15.67463 -124.04324 
    15.32224 -123.48486 
    15.01214 -122.84270 
    14.61050 -122.26306 
    13.97671 -121.99464 
    13.33998 -121.76102 
    12.72029 -121.52129 
    12.10012 -121.29878 
    11.46988 -121.11594 
    10.83221 -120.97263 
    10.18956 -120.86861 
    9.54430 -120.80360 
    8.89975 -120.75985 
    8.25481 -120.70748 
    7.60590 -120.69667 
    6.95585 -120.72858 
    6.30777 -120.80414 
    5.66494 -120.92400 
    5.03082 -121.08847 
    4.40896 -121.29740 
    3.80293 -121.55018 
    3.21621 -121.84573 
    2.65211 -122.18247 
    2.11370 -122.55840 
    1.60370 -122.97110 
    1.12449 -123.41788 
    0.67802 -123.89583 
    0.26585 -124.40186 
    -0.11083 -124.93291 
    -0.45117 -125.48592 
    -0.75463 -126.05793 
    -1.02085 -126.64612 
    -1.25515 -127.24565 
    -1.45410 -127.85630 
    -1.61417 -128.47699 
    -1.73530 -129.10519 
    -1.81751 -129.73848 
    -1.86089 -130.37448 
Cell 19 100 25.96835 -122.33313 
    14.77381 -122.33313 
    15.09638 -123.01714 
    15.43516 -123.66378 
    15.81886 -124.26925 
    16.18365 -124.84541 
    16.52618 -125.40108 
    16.84753 -125.94432 
    17.15145 -126.48205 
    17.45628 -127.01268 
    17.76817 -127.53712 
    18.07966 -128.06461 
    18.39553 -128.59792 
    18.72276 -129.13719 
    19.06903 -129.68016 
    19.44613 -130.21715 
    19.80114 -130.82158 
    20.33580 -131.20862 
    20.89572 -131.56021 
    21.47847 -131.87460 
    22.08149 -132.15024 
    22.70208 -132.38570 
    23.33746 -132.57977 
    23.98475 -132.73152 
    24.64101 -132.84013 
    25.30322 -132.90512 
    25.96835 -132.92616 
    26.63336 -132.90314 
    27.29519 -132.83614 
    27.95081 -132.72554 
    28.59723 -132.57193 
    29.23151 -132.37611 
    29.85080 -132.13907 
    30.45233 -131.86206 
    31.03343 -131.54648 
    31.59158 -131.19392 
    32.12439 -130.80618 
    32.62963 -130.38524 
    33.10524 -129.93315 
    33.54936 -129.45218 
    33.96036 -128.94470 
    34.33683 -128.41319 
    34.67765 -127.86022 
    34.98198 -127.28841 
    35.24932 -126.70042 
    35.47951 -126.09886 
    35.67275 -125.48628 
    35.82961 -124.86507 
    35.95100 -124.23742 
    36.03806 -123.60523 
    36.09213 -122.97006 
    36.11456 -122.33313 
    36.10651 -121.69529 
    36.06882 -121.05714 
    36.00172 -120.41917 
    35.90474 -119.78190 
    35.77658 -119.14624 
    35.61515 -118.51369 
    35.41767 -117.88662 
    35.18095 -117.26846 
    34.92271 -116.65052 
    34.69633 -115.99188 
    34.44146 -115.32357 
    34.15108 -114.64903 
    33.81716 -113.97500 
    33.43158 -113.31164 
    32.98733 -112.67234 
    32.47963 -112.07300 
    31.90701 -111.53075 
    31.27194 -111.06244 
    30.58102 -110.68287 
    29.84462 -110.40321 
    29.07598 -110.22974 
    28.28989 -110.16320 
    27.50127 -110.19881 
    26.72372 -110.32695 
    25.96835 -110.53436 
    25.24311 -110.80576 
    24.55250 -111.12553 
    23.89785 -111.47919 
    23.27791 -111.85455 
    22.68969 -112.24244 
    22.12658 -112.62993 
    21.49785 -112.83282 
    20.87807 -113.07394 
    20.26985 -113.35372 
    19.67601 -113.67246 
    19.09966 -114.03030 
    18.54411 -114.42711 
    18.01290 -114.86246 
    17.50972 -115.33554 
    17.03833 -115.84509 
    16.60249 -116.38937 
    16.20583 -116.96614 
    15.85181 -117.57265 
    15.54355 -118.20566 
    15.28375 -118.86150 
    15.07464 -119.53610 
    14.91786 -120.22514 
    14.81445 -120.92406 
    14.76483 -121.62827 
Cell 20 100 50.63611 -122.80000 
    40.57645 -122.80000 
    40.59064 -123.43200 
    40.64458 -124.06222 
    40.73817 -124.68813 
    40.87112 -125.30722 
    41.04300 -125.91698 
    41.25318 -126.51496 
    41.50088 -127.09871 
    41.78517 -127.66584 
    42.10494 -128.21404 
    42.45894 -128.74106 
    42.84577 -129.24472 
    43.26389 -129.72298 
    43.71158 -130.17387 
    44.18708 -130.59554 
    44.68846 -130.98624 
    45.21369 -131.34436 
    45.76062 -131.66847 
    46.32704 -131.95724 
    46.91063 -132.20950 
    47.50900 -132.42426 
    48.11973 -132.60065 
    48.74034 -132.73801 
    49.36829 -132.83582 
    50.00106 -132.89375 
    50.63611 -132.91165 
    51.27089 -132.88953 
    51.90289 -132.82755 
    52.52961 -132.72606 
    53.14862 -132.58557 
    53.75754 -132.40677 
    54.35406 -132.19048 
    54.93596 -131.93764 
    55.50109 -131.64935 
    56.04741 -131.32684 
    56.56446 -130.95967 
    56.84038 -130.29967 
    57.13253 -129.71799 
    57.43730 -129.18674 
    57.74198 -128.67847 
    58.04264 -128.18115 
    58.33767 -127.68755 
    58.62762 -127.19337 
    58.91591 -126.69617 
    59.21058 -126.19487 
    59.51978 -125.68647 
    59.85108 -125.16600 
    60.21609 -124.62748 
    60.62640 -124.06206 
    61.09756 -123.45818 
    61.56069 -122.80000 
    61.84906 -122.09454 
    61.96637 -121.36865 
    61.96435 -120.63902 
    61.82909 -119.92612 
    61.56109 -119.25025 
    61.17868 -118.62589 
    60.71266 -118.05833 
    60.27557 -117.50066 
    60.13040 -116.77473 
    59.94062 -116.03988 
    59.69234 -115.30803 
    59.37252 -114.59595 
    58.97128 -113.92394 
    58.48398 -113.31355 
    57.91256 -112.78482 
    57.26572 -112.35339 
    56.55793 -112.02825 
    55.80739 -111.81047 
    55.03354 -111.69337 
    54.25444 -111.66393 
    53.48478 -111.70516 
    52.73469 -111.79886 
    52.01252 -111.90461 
    51.32069 -111.91888 
    50.63611 -111.97942 
    49.96188 -112.08337 
    49.30054 -112.22787 
    48.65415 -112.41017 
    48.02433 -112.62776 
    47.41239 -112.87840 
    46.81942 -113.16015 
    46.24640 -113.47139 
    45.69425 -113.81078 
    45.16392 -114.17721 
    44.65644 -114.56969 
    44.17294 -114.98736 
    43.71461 -115.42935 
    43.28280 -115.89478 
    42.87886 -116.38264 
    42.50422 -116.89184 
    42.16031 -117.42108 
    41.84849 -117.96896 
    41.56531 -118.53160 
    41.31175 -119.10822 
    41.09423 -119.69965 
    40.91373 -120.30371 
    40.77108 -120.91814 
    40.66698 -121.54060 
    40.60197 -122.16870 
Cell 21 100 66.57799 -131.80424 
    56.35283 -131.80424 
    56.24619 -132.45427 
    56.18064 -133.11774 
    56.15409 -133.79271 
    56.20788 -134.46684 
    56.33247 -135.13321 
    56.48178 -135.80162 
    56.70340 -136.45087 
    56.99517 -137.07243 
    57.32815 -137.67436 
    57.70132 -138.25352 
    58.11319 -138.80693 
    58.56211 -139.33165 
    59.04602 -139.82497 
    59.56265 -140.28433 
    60.10950 -140.70735 
    60.68386 -141.09190 
    61.28285 -141.43607 
    61.90342 -141.73822 
    62.54241 -141.99695 
    63.19747 -142.20840 
    63.89185 -142.26607 
    64.61442 -142.09763 
    65.29861 -141.93161 
    65.94790 -141.81931 
    66.57799 -141.75192 
    67.20152 -141.71495 
    67.82871 -141.70477 
    68.47174 -141.73164 
    69.14695 -141.80968 
    69.79601 -141.70830 
    70.41517 -141.49585 
    71.01608 -141.23567 
    71.58466 -140.91133 
    72.11525 -140.52957 
    72.54195 -140.01292 
    72.90000 -139.44624 
    73.28019 -138.94138 
    73.68099 -138.47441 
    74.07471 -138.00607 
    74.46933 -137.53764 
    74.87386 -137.06897 
    75.29508 -136.59651 
    75.72952 -136.11063 
    76.00137 -135.53523 
    76.23940 -134.94342 
    76.44254 -134.33704 
    76.60974 -133.71791 
    76.73991 -133.08800 
    76.83193 -132.44937 
    76.88472 -131.80424 
    76.89719 -131.15501 
    76.86834 -130.50427 
    76.79729 -129.85481 
    76.68336 -129.20963 
    76.52607 -128.57191 
    76.32529 -127.94501 
    76.08123 -127.33236 
    75.79452 -126.73741 
    75.46618 -126.16363 
    75.09771 -125.61430 
    74.69099 -125.09258 
    74.24834 -124.60130 
    73.77236 -124.14301 
    73.26596 -123.71987 
    72.73224 -123.33364 
    72.21396 -122.92338 
    71.73351 -122.42638 
    71.22415 -121.93064 
    70.67812 -121.44849 
    70.08881 -120.99906 
    69.45309 -120.60643 
    68.77328 -120.29611 
    68.05779 -120.09045 
    67.32039 -120.00414 
    66.57799 -120.04108 
    65.84751 -120.19365 
    65.14289 -120.44430 
    64.47298 -120.76942 
    63.84089 -121.14397 
    63.24479 -121.54573 
    62.67970 -121.95829 
    62.06175 -122.20675 
    61.58934 -122.72992 
    61.19423 -123.32080 
    60.79549 -123.84533 
    60.41458 -124.35396 
    60.05783 -124.86098 
    59.72309 -125.36707 
    59.40701 -125.87189 
    59.10487 -126.37471 
    58.81182 -126.87569 
    58.52110 -127.37493 
    58.22613 -127.87416 
    57.92376 -128.37779 
    57.61415 -128.89172 
    57.30201 -129.42258 
    57.00217 -129.97755 
    56.73141 -130.56033 
    56.52121 -131.17152 
Cell 22 100 81.09287 -113.51772 
    68.95955 -113.51772 
    68.97907 -114.27986 
    69.07281 -115.03621 
    69.23813 -115.77914 
    69.47082 -116.50176 
    69.76543 -117.19823 
    70.11563 -117.86392 
    70.51463 -118.49547 
    70.95551 -119.09078 
    71.43168 -119.64890 
    71.93708 -120.16979 
    72.46642 -120.65415 
    73.01530 -121.10307 
    73.58028 -121.51782 
    74.15880 -121.89958 
    74.74895 -122.24937 
    75.34946 -122.56789 
    75.95946 -122.85537 
    76.57830 -123.11168 
    77.20543 -123.33628 
    77.84023 -123.52833 
    78.48191 -123.68674 
    79.12946 -123.81031 
    79.78156 -123.89781 
    80.43665 -123.94807 
    81.09287 -123.96650 
    81.74929 -123.95120 
    82.40357 -123.89299 
    83.05281 -123.79208 
    83.69411 -123.64890 
    84.32465 -123.46410 
    84.94160 -123.23849 
    85.54224 -122.97311 
    86.12395 -122.66921 
    86.68416 -122.32818 
    87.22045 -121.95161 
    87.73052 -121.54127 
    88.21220 -121.09904 
    88.66345 -120.62697 
    89.08251 -120.12733 
    89.46790 -119.60254 
    89.81845 -119.05515 
    90.13349 -118.48785 
    90.41336 -117.90361 
    90.65979 -117.30553 
    90.87659 -116.69665 
    91.07025 -116.07948 
    91.25020 -115.45534 
    91.42820 -114.82338 
    91.61651 -114.17982 
    91.82446 -113.51772 
    92.05396 -112.82811 
    92.29498 -112.10257 
    92.52312 -111.33729 
    92.70075 -110.53732 
    92.78297 -109.71938 
    92.72723 -108.91135 
    92.50418 -108.14797 
    92.10590 -107.46326 
    91.54864 -106.88229 
    90.86889 -106.41503 
    90.11419 -106.05464 
    89.60742 -105.52203 
    89.19558 -104.88921 
    88.73632 -104.27837 
    88.22932 -103.69524 
    87.67503 -103.14590 
    87.07475 -102.63673 
    86.43079 -102.17406 
    85.74648 -101.76407 
    85.02611 -101.41248 
    84.27495 -101.12435 
    83.49908 -100.90390 
    82.70527 -100.75428 
    81.90071 -100.67747 
    81.09287 -100.67416 
    80.28921 -100.74379 
    79.49693 -100.88454 
    78.72282 -101.09344 
    77.97297 -101.36651 
    77.25272 -101.69895 
    76.56647 -102.08534 
    75.91769 -102.51991 
    75.30888 -102.99669 
    74.74163 -103.50977 
    74.21672 -104.05351 
    73.73421 -104.62262 
    73.29359 -105.21234 
    72.89398 -105.81845 
    72.53419 -106.43737 
    72.21293 -107.06607 
    71.72941 -107.57549 
    71.22717 -108.09400 
    70.75709 -108.65408 
    70.32651 -109.25502 
    69.94296 -109.89490 
    69.61382 -110.57040 
    69.34584 -111.27686 
    69.14480 -112.00833 
    69.01511 -112.75786 
Cell 23 100 99.04015 -128.77155 
    87.48531 -128.77155 
    87.65540 -129.48781 
    87.87472 -130.18207 
    88.13603 -130.85162 
    88.43260 -131.49510 
    88.76889 -132.10887 
    89.44571 -132.57025 
    90.01827 -133.01692 
    90.54668 -133.44087 
    91.02454 -133.85840 
    91.46021 -134.27870 
    91.87457 -134.69943 
    92.28550 -135.11458 
    92.69571 -135.52768 
    93.10842 -135.94179 
    93.52799 -136.35837 
    93.95942 -136.77750 
    94.40801 -137.19737 
    94.86679 -137.64037 
    95.31738 -138.17416 
    95.82656 -138.66194 
    96.44360 -138.88441 
    97.07626 -139.06657 
    97.72182 -139.20711 
    98.37744 -139.30492 
    99.04015 -139.35898 
    99.70686 -139.36865 
    100.37443 -139.33350 
    101.03967 -139.25343 
    101.69946 -139.12888 
    102.35132 -138.96230 
    102.99302 -138.75537 
    103.61971 -138.50362 
    104.22788 -138.20801 
    104.81538 -137.87186 
    105.37936 -137.49673 
    105.91706 -137.08430 
    106.42590 -136.63657 
    106.90342 -136.15565 
    107.34735 -135.64386 
    107.75562 -135.10371 
    108.12635 -134.53783 
    108.45788 -133.94899 
    108.74877 -133.34007 
    108.99783 -132.71407 
    109.20408 -132.07401 
    109.36681 -131.42299 
    109.48560 -130.76413 
    109.56022 -130.10054 
    109.59073 -129.43533 
    109.57745 -128.77155 
    109.52098 -128.11215 
    109.42213 -127.46000 
    109.28197 -126.81781 
    109.10183 -126.18814 
    108.88325 -125.57333 
    108.62795 -124.97546 
    108.33788 -124.39637 
    108.01505 -123.83755 
    107.66158 -123.30022 
    107.27966 -122.78519 
    106.87137 -122.29299 
    106.43871 -121.82383 
    105.98350 -121.37762 
    105.50729 -120.95412 
    105.01131 -120.55294 
    104.49644 -120.17379 
    103.96323 -119.81649 
    103.41184 -119.48122 
    102.84220 -119.16864 
    102.25410 -118.87999 
    101.64732 -118.61725 
    101.02184 -118.38310 
    100.37804 -118.18102 
    99.71688 -118.01509 
    99.04015 -117.88988 
    98.35052 -117.81020 
    97.65170 -117.78082 
    96.94838 -117.80611 
    96.24618 -117.88976 
    95.55144 -118.03442 
    94.87099 -118.24145 
    94.21178 -118.51075 
    93.58064 -118.84073 
    92.98380 -119.22826 
    92.42667 -119.66887 
    91.91270 -120.15594 
    91.27560 -120.50314 
    90.65812 -120.90030 
    90.06850 -121.34956 
    89.51576 -121.85168 
    89.00911 -122.40565 
    88.55742 -123.00862 
    88.16865 -123.65581 
    87.84927 -124.34077 
    87.60381 -125.05566 
    87.43454 -125.79173 
    87.34135 -126.53988 
    87.32190 -127.29118 
    87.37185 -128.03745 
Cell 24 100 -105.33094 -111.24489 
    -115.63078 -111.24489 
    -115.61633 -111.89199 
    -115.56016 -112.53714 
    -115.46242 -113.17757 
    -115.32350 -113.81054 
    -115.14400 -114.43334 
    -114.92469 -115.04332 
    -114.66654 -115.63789 
    -114.37069 -116.21453 
    -114.03847 -116.77085 
    -113.67136 -117.30456 
    -113.27102 -117.81349 
    -112.83921 -118.29562 
    -112.37787 -118.74911 
    -111.88901 -119.17223 
    -111.37476 -119.56349 
    -110.83732 -119.92155 
    -110.27895 -120.24528 
    -109.70193 -120.53372 
    -109.10859 -120.78613 
    -108.50120 -121.00193 
    -107.88203 -121.18073 
    -107.25331 -121.32231 
    -106.61719 -121.42658 
    -105.97573 -121.49359 
    -105.33094 -121.52345 
    -104.68471 -121.51640 
    -104.03887 -121.47269 
    -103.39516 -121.39257 
    -102.75531 -121.27632 
    -102.12097 -121.12416 
    -101.49384 -120.93630 
    -100.87565 -120.71286 
    -100.26822 -120.45395 
    -99.67347 -120.15963 
    -99.09351 -119.82998 
    -98.53059 -119.46510 
    -98.05711 -118.99073 
    -97.61970 -118.48622 
    -97.21937 -117.95537 
    -96.80952 -117.43607 
    -96.38477 -116.92230 
    -95.94015 -116.40752 
    -95.47494 -115.88277 
    -94.98017 -115.34305 
    -94.69842 -114.69960 
    -94.46696 -114.03429 
    -94.28500 -113.35201 
    -94.15453 -112.65680 
    -93.76373 -111.97263 
    -93.35899 -111.24489 
    -93.10825 -110.47590 
    -93.07075 -109.69607 
    -93.26884 -108.94392 
    -93.67959 -108.25333 
    -94.24310 -107.64223 
    -94.88328 -107.10837 
    -95.34794 -106.54724 
    -95.12021 -105.63149 
    -94.89807 -104.62399 
    -96.55728 -104.87045 
    -97.03907 -104.38525 
    -97.53840 -103.92720 
    -98.06174 -103.50397 
    -98.60609 -103.11594 
    -99.16864 -102.76321 
    -99.74685 -102.44576 
    -100.33839 -102.16348 
    -100.94118 -101.91618 
    -101.55332 -101.70370 
    -102.17306 -101.52592 
    -102.79877 -101.38275 
    -103.42893 -101.27420 
    -104.06180 -101.19859 
    -104.69056 -101.06631 
    -105.33094 -100.94246 
    -105.98647 -100.82555 
    -106.66048 -100.72048 
    -107.35392 -100.64005 
    -108.06296 -100.60437 
    -108.77747 -100.63758 
    -109.48128 -100.76234 
    -110.15480 -100.99368 
    -110.77925 -101.33446 
    -111.34125 -101.77416 
    -111.83594 -102.29153 
    -112.26746 -102.86008 
    -112.64672 -103.45438 
    -112.98750 -104.05490 
    -113.30239 -104.65033 
    -113.59998 -105.23708 
    -113.94630 -105.77741 
    -114.28465 -106.32255 
    -114.58801 -106.88885 
    -114.85491 -107.47408 
    -115.08408 -108.07590 
    -115.27440 -108.69184 
    -115.42490 -109.31936 
    -115.53483 -109.95584 
    -115.60358 -110.59859 
