79 25 
Cell 0 100 -121.16174 -147.13272 
    -131.16182 -147.13272 
    -131.14207 -147.76064 
    -131.08295 -148.38606 
    -130.98465 -149.00655 
    -130.84760 -149.61963 
    -130.67232 -150.22290 
    -130.46272 -150.81525 
    -130.22226 -151.39627 
    -129.95319 -151.96587 
    -129.65010 -152.51959 
    -129.31195 -153.05420 
    -128.93987 -153.56735 
    -128.53519 -154.05684 
    -128.09935 -154.52052 
    -127.63399 -154.95633 
    -127.14087 -155.36229 
    -126.62191 -155.73657 
    -126.07914 -156.07745 
    -125.51474 -156.38333 
    -124.93098 -156.65273 
    -124.33025 -156.88440 
    -123.71504 -157.07718 
    -123.08791 -157.23012 
    -122.45152 -157.34239 
    -121.80854 -157.41344 
    -121.16174 -157.44281 
    -120.51387 -157.43027 
    -119.86773 -157.37581 
    -119.22612 -157.27959 
    -118.59180 -157.14194 
    -117.96754 -156.96342 
    -117.35605 -156.74480 
    -116.75996 -156.48697 
    -116.18187 -156.19107 
    -115.62427 -155.85838 
    -115.08954 -155.49037 
    -114.57999 -155.08867 
    -114.09779 -154.65506 
    -113.64496 -154.19145 
    -113.22337 -153.69991 
    -112.83479 -153.18260 
    -112.48076 -152.64183 
    -112.16271 -152.07997 
    -111.88187 -151.49950 
    -111.63880 -150.90312 
    -111.40581 -150.30261 
    -111.20667 -149.68875 
    -111.04156 -149.06325 
    -110.91058 -148.42775 
    -110.81383 -147.78375 
    -110.88425 -147.13272 
    -111.29072 -146.51169 
    -111.61486 -145.92668 
    -111.89042 -145.36412 
    -112.13739 -144.81566 
    -112.36594 -144.27480 
    -112.58729 -143.73785 
    -112.80968 -143.20255 
    -113.03986 -142.66768 
    -113.27847 -142.12985 
    -113.53154 -141.58907 
    -113.80291 -141.04497 
    -114.09184 -140.49364 
    -114.43375 -139.96815 
    -114.80106 -139.44400 
    -115.17429 -138.89172 
    -115.49062 -138.19649 
    -115.51987 -136.87019 
    -116.33493 -136.87524 
    -117.10130 -136.87723 
    -117.82050 -136.84944 
    -118.49953 -136.76411 
    -119.16445 -136.66261 
    -119.82412 -136.54437 
    -120.48648 -136.39978 
    -121.16174 -136.14771 
    -121.87048 -135.86755 
    -122.62673 -135.53610 
    -123.43542 -135.21370 
    -124.14307 -135.52119 
    -124.81702 -135.88289 
    -125.41853 -136.38130 
    -125.91314 -137.03548 
    -126.35545 -137.68538 
    -126.86618 -138.14395 
    -127.36485 -138.59488 
    -127.95538 -138.92061 
    -128.74899 -139.05312 
    -128.74794 -140.00880 
    -129.05855 -140.59990 
    -129.40669 -141.14241 
    -129.72447 -141.69865 
    -130.01155 -142.26750 
    -130.26747 -142.84789 
    -130.49164 -143.43875 
    -130.68336 -144.03896 
    -130.84770 -144.64578 
    -130.98473 -145.25888 
    -131.08299 -145.87938 
    -131.14211 -146.50481 
Cell 1 100 -103.87437 -140.00333 
    -114.41087 -140.00333 
    -114.01446 -140.64130 
    -113.70315 -141.24500 
    -113.42136 -141.82451 
    -113.16375 -142.38843 
    -112.92142 -142.94289 
    -112.68890 -143.49326 
    -112.46111 -144.04393 
    -112.22987 -144.59680 
    -111.98626 -145.15128 
    -111.72308 -145.70575 
    -111.43244 -146.25591 
    -111.10585 -146.79414 
    -110.74841 -147.32344 
    -110.26440 -147.72755 
    -109.76868 -148.11615 
    -109.24931 -148.47287 
    -108.70834 -148.79628 
    -108.14790 -149.08504 
    -107.57021 -149.33797 
    -106.97758 -149.55403 
    -106.37236 -149.73236 
    -105.75695 -149.87218 
    -105.13382 -149.97293 
    -104.50546 -150.03418 
    -103.87437 -150.05565 
    -103.24309 -150.03725 
    -102.61414 -149.97903 
    -101.99006 -149.88121 
    -101.37334 -149.74419 
    -100.76646 -149.56847 
    -100.17187 -149.35477 
    -99.59193 -149.10396 
    -99.02900 -148.81702 
    -98.48531 -148.49512 
    -97.96306 -148.13954 
    -97.46433 -147.75172 
    -96.99113 -147.33324 
    -96.54533 -146.88574 
    -96.12872 -146.41107 
    -95.74287 -145.91121 
    -95.37924 -145.39450 
    -95.04466 -144.85750 
    -94.88029 -144.23561 
    -94.86368 -143.57091 
    -94.80726 -142.94942 
    -94.75864 -142.34384 
    -94.72183 -141.74927 
    -94.69928 -141.16241 
    -94.69102 -140.58110 
    -94.69720 -140.00333 
    -94.69988 -139.42612 
    -94.69005 -138.84308 
    -94.68351 -138.25008 
    -94.68768 -137.64459 
    -94.70196 -137.02303 
    -94.71781 -136.37799 
    -94.73130 -135.70093 
    -94.72540 -134.97363 
    -94.62778 -134.13527 
    -94.86623 -133.45853 
    -95.32082 -132.92722 
    -95.82230 -132.44194 
    -96.36346 -132.00502 
    -96.93662 -131.61703 
    -97.53426 -131.27693 
    -98.14954 -130.98245 
    -98.77665 -130.73061 
    -99.41096 -130.51811 
    -100.04913 -130.34186 
    -100.68884 -130.19926 
    -101.28436 -129.91591 
    -101.89665 -129.63576 
    -102.53555 -129.40544 
    -103.19785 -129.25050 
    -103.87437 -129.19185 
    -104.55162 -129.23865 
    -105.21577 -129.38503 
    -105.84169 -129.69025 
    -106.44719 -129.98285 
    -107.03303 -130.28197 
    -107.62555 -130.52893 
    -108.22614 -130.75531 
    -108.69940 -131.22662 
    -109.16683 -131.66373 
    -109.63929 -132.06860 
    -110.11623 -132.45821 
    -110.59675 -132.84473 
    -111.07954 -133.23723 
    -111.56537 -133.64078 
    -112.05236 -134.06168 
    -112.53908 -134.50453 
    -113.02827 -134.97093 
    -113.52872 -135.46033 
    -114.06156 -135.96992 
    -114.69130 -136.48869 
    -115.46571 -137.02718 
    -115.49968 -137.78568 
    -115.32680 -138.55655 
    -114.89149 -139.31018 
Cell 2 100 -84.55864 -141.83476 
    -94.72713 -141.83476 
    -94.76934 -142.47716 
    -94.82379 -143.13156 
    -94.86945 -143.80165 
    -94.90257 -144.49063 
    -94.59561 -145.09598 
    -94.27065 -145.68002 
    -93.92796 -146.24362 
    -93.56717 -146.78725 
    -93.18753 -147.31082 
    -92.78815 -147.81386 
    -92.36819 -148.29538 
    -91.96091 -148.78596 
    -91.53575 -149.26463 
    -91.07909 -149.71663 
    -90.59257 -150.13976 
    -90.07800 -150.53188 
    -89.53735 -150.89099 
    -88.97276 -151.21524 
    -88.38651 -151.50284 
    -87.78103 -151.75226 
    -87.15888 -151.96204 
    -86.52275 -152.13100 
    -85.87540 -152.25806 
    -85.21973 -152.34239 
    -84.55864 -152.38336 
    -83.89515 -152.38060 
    -83.23229 -152.33388 
    -82.57312 -152.24324 
    -81.92068 -152.10895 
    -81.27800 -151.93153 
    -80.64808 -151.71170 
    -80.03386 -151.45041 
    -79.43820 -151.14880 
    -78.86388 -150.80827 
    -78.31352 -150.43044 
    -77.78969 -150.01701 
    -77.29475 -149.57002 
    -76.83094 -149.09155 
    -76.40032 -148.58391 
    -76.00476 -148.04951 
    -75.64595 -147.49092 
    -75.32536 -146.91080 
    -75.04428 -146.31187 
    -74.77222 -145.70949 
    -74.51579 -145.09789 
    -74.29408 -144.47026 
    -74.10915 -143.82811 
    -73.96339 -143.17325 
    -73.85954 -142.50789 
    -73.80045 -141.83476 
    -73.78898 -141.15720 
    -73.82764 -140.47913 
    -73.91847 -139.80504 
    -74.06265 -139.13985 
    -74.26041 -138.48866 
    -74.51086 -137.85657 
    -74.81203 -137.24835 
    -75.16090 -136.66830 
    -75.55355 -136.11996 
    -75.98547 -135.60599 
    -76.45181 -135.12820 
    -76.94762 -134.68755 
    -77.46818 -134.28419 
    -78.00915 -133.91779 
    -78.56671 -133.58759 
    -79.13765 -133.29265 
    -79.71931 -133.03204 
    -80.27634 -132.73442 
    -80.84470 -132.45441 
    -81.42829 -132.20053 
    -82.02625 -131.97177 
    -82.63811 -131.76700 
    -83.26383 -131.58531 
    -83.90379 -131.42615 
    -84.55864 -131.28952 
    -85.23142 -131.14125 
    -85.92863 -130.99023 
    -86.63919 -130.92815 
    -87.34577 -130.97960 
    -88.08910 -130.96915 
    -88.85271 -130.98918 
    -89.60745 -131.10548 
    -90.33768 -131.32272 
    -91.09007 -131.54288 
    -91.82764 -131.82985 
    -92.54003 -132.18692 
    -93.21627 -132.61533 
    -93.84534 -133.11397 
    -94.41690 -133.67931 
    -94.66899 -134.48917 
    -94.72870 -135.38065 
    -94.72040 -136.24829 
    -94.70106 -137.06210 
    -94.68644 -137.82487 
    -94.68675 -138.54395 
    -94.69660 -139.23178 
    -94.69768 -139.90063 
    -94.69131 -140.55470 
    -94.70059 -141.19669 
Cell 3 100 -58.34734 -155.74126 
    -68.48254 -155.74126 
    -68.43767 -156.37608 
    -68.35579 -157.00562 
    -68.23756 -157.62791 
    -68.08357 -158.24110 
    -67.89435 -158.84326 
    -67.67039 -159.43251 
    -67.41226 -160.00688 
    -67.12059 -160.56439 
    -66.79613 -161.10303 
    -66.43978 -161.62076 
    -66.05261 -162.11562 
    -65.63702 -162.58673 
    -65.19281 -163.03094 
    -64.72157 -163.44640 
    -64.22519 -163.83142 
    -63.70560 -164.18454 
    -63.16488 -164.50432 
    -62.60513 -164.78952 
    -62.02858 -165.03902 
    -61.43751 -165.25182 
    -60.83424 -165.42709 
    -60.22115 -165.56413 
    -59.60067 -165.66240 
    -58.97524 -165.72153 
    -58.34734 -165.74210 
    -57.71929 -165.72382 
    -57.09351 -165.66634 
    -56.47240 -165.56999 
    -55.85833 -165.43529 
    -55.25356 -165.26294 
    -54.66023 -165.05382 
    -54.08035 -164.80907 
    -53.51573 -164.52991 
    -52.96796 -164.21779 
    -52.43837 -163.87425 
    -51.92802 -163.50089 
    -51.43771 -163.09926 
    -50.96801 -162.67090 
    -50.51934 -162.21713 
    -50.09205 -161.73907 
    -49.68660 -161.23753 
    -49.30369 -160.71304 
    -48.94450 -160.16589 
    -48.61080 -159.59622 
    -48.30514 -159.00417 
    -48.03085 -158.39008 
    -47.79207 -157.75478 
    -47.59356 -157.09978 
    -47.44046 -156.42746 
    -47.33794 -155.74126 
    -47.29081 -155.04564 
    -47.30305 -154.34604 
    -47.37743 -153.64864 
    -47.51521 -152.96004 
    -47.71595 -152.28691 
    -47.97751 -151.63556 
    -48.29617 -151.01154 
    -48.66691 -150.41940 
    -49.08391 -149.86250 
    -49.56096 -149.35759 
    -50.19249 -148.99498 
    -50.88844 -148.73688 
    -51.54759 -148.50026 
    -52.15847 -148.26019 
    -52.74068 -148.02435 
    -53.30376 -147.79385 
    -53.85425 -147.56836 
    -54.39872 -147.35002 
    -54.94139 -147.13882 
    -55.48528 -146.93274 
    -56.03246 -146.72542 
    -56.58710 -146.51376 
    -57.15364 -146.29219 
    -57.73758 -146.04941 
    -58.34734 -145.75218 
    -58.97937 -145.69534 
    -59.61108 -145.73772 
    -60.24049 -145.81700 
    -60.86560 -145.93326 
    -61.48435 -146.08652 
    -62.10044 -146.26201 
    -62.69775 -146.49615 
    -63.27870 -146.77113 
    -63.84728 -147.07472 
    -64.39603 -147.41595 
    -64.92159 -147.79434 
    -65.42059 -148.20901 
    -65.88965 -148.65855 
    -66.32560 -149.14107 
    -66.72559 -149.65410 
    -67.08723 -150.19475 
    -67.40864 -150.75977 
    -67.68855 -151.34561 
    -67.92626 -151.94870 
    -68.12161 -152.56540 
    -68.27489 -153.19229 
    -68.38674 -153.82614 
    -68.45800 -154.46399 
    -68.48962 -155.10316 
Cell 4 100 -50.11744 -139.04616 
    -62.14170 -139.04616 
    -61.98188 -139.79260 
    -61.77248 -140.51852 
    -61.51770 -141.22087 
    -61.22174 -141.89726 
    -60.88869 -142.54594 
    -60.52233 -143.16574 
    -60.12617 -143.75591 
    -59.70330 -144.31602 
    -59.25644 -144.84595 
    -58.78703 -145.34499 
    -58.26950 -145.79013 
    -57.62499 -146.09622 
    -56.98416 -146.35847 
    -56.36523 -146.59843 
    -55.76921 -146.82516 
    -55.19276 -147.04358 
    -54.63251 -147.25903 
    -54.08427 -147.47612 
    -53.54222 -147.69617 
    -53.00013 -147.91815 
    -52.45261 -148.14104 
    -51.89487 -148.36378 
    -51.32200 -148.58124 
    -50.73080 -148.79533 
    -50.11744 -149.03807 
    -49.46433 -149.42708 
    -48.81049 -149.39177 
    -48.15882 -149.31357 
    -47.51228 -149.19258 
    -46.87379 -149.02910 
    -46.24627 -148.82361 
    -45.63263 -148.57687 
    -45.03568 -148.28984 
    -44.45822 -147.96367 
    -43.90291 -147.59972 
    -43.37235 -147.19957 
    -42.86896 -146.76500 
    -42.39508 -146.29793 
    -41.95286 -145.80049 
    -41.54427 -145.27493 
    -41.17112 -144.72366 
    -40.83501 -144.14922 
    -40.53735 -143.55421 
    -40.27933 -142.94135 
    -40.06194 -142.31339 
    -39.88593 -141.67316 
    -39.75187 -141.02350 
    -39.66009 -140.36723 
    -39.61076 -139.70718 
    -39.60381 -139.04616 
    -39.63902 -138.38692 
    -39.71600 -137.73215 
    -39.83420 -137.08452 
    -39.99290 -136.44662 
    -40.19130 -135.82095 
    -40.42842 -135.21001 
    -40.70319 -134.61615 
    -41.01459 -134.04182 
    -41.37939 -133.50082 
    -41.79619 -133.00041 
    -42.22667 -132.51834 
    -42.65334 -132.03690 
    -43.09208 -131.56491 
    -43.56182 -131.12177 
    -44.04646 -130.69016 
    -44.54846 -130.27086 
    -45.07586 -129.87555 
    -45.62807 -129.50577 
    -46.20453 -129.16328 
    -46.80457 -128.85019 
    -47.42735 -128.56894 
    -48.07175 -128.32227 
    -48.73629 -128.11325 
    -49.42180 -127.98927 
    -50.11744 -128.14542 
    -50.79249 -128.31651 
    -51.44899 -128.50591 
    -52.08819 -128.71510 
    -52.71012 -128.94832 
    -53.30157 -129.24643 
    -53.88770 -129.52356 
    -54.46981 -129.79689 
    -55.04678 -130.07973 
    -55.62189 -130.37254 
    -56.18959 -130.68855 
    -56.74919 -131.02974 
    -57.30555 -131.39160 
    -57.85929 -131.77608 
    -58.41219 -132.18414 
    -58.97668 -132.60954 
    -59.57911 -133.04161 
    -60.28923 -133.45418 
    -61.13261 -133.86282 
    -61.70015 -134.46025 
    -62.06167 -135.16525 
    -62.20935 -135.94148 
    -62.28468 -136.72513 
    -62.29661 -137.50757 
    -62.24786 -138.28297 
Cell 5 100 -8.68350 -146.26349 
    -19.08015 -146.26349 
    -19.09381 -146.91846 
    -19.06444 -147.57491 
    -18.99180 -148.22990 
    -18.87588 -148.88045 
    -18.71688 -149.52353 
    -18.51525 -150.15616 
    -18.27165 -150.77533 
    -17.98697 -151.37811 
    -17.66233 -151.96162 
    -17.29906 -152.52306 
    -16.89872 -153.05971 
    -16.46308 -153.56900 
    -15.99407 -154.04846 
    -15.49386 -154.49580 
    -14.96473 -154.90886 
    -14.40918 -155.28571 
    -13.82980 -155.62457 
    -13.22933 -155.92387 
    -12.61063 -156.18230 
    -11.97662 -156.39870 
    -11.33032 -156.57217 
    -10.67477 -156.70210 
    -10.01305 -156.78799 
    -9.34827 -156.82970 
    -8.68350 -156.82724 
    -8.02180 -156.78090 
    -7.36618 -156.69115 
    -6.71958 -156.55872 
    -6.08486 -156.38452 
    -5.46477 -156.16971 
    -4.86197 -155.91556 
    -4.27898 -155.62357 
    -3.71816 -155.29539 
    -3.18176 -154.93283 
    -2.67184 -154.53783 
    -2.19028 -154.11244 
    -1.73884 -153.65880 
    -1.30563 -153.19177 
    -0.86501 -152.73151 
    -0.45118 -152.24461 
    -0.11265 -151.70271 
    0.14659 -151.11787 
    0.35175 -150.51515 
    0.54808 -149.91853 
    0.73236 -149.32288 
    0.90234 -148.72472 
    1.05663 -148.12152 
    1.19448 -147.51137 
    1.31580 -146.89259 
    1.42289 -146.26349 
    1.51766 -145.62169 
    1.71572 -144.94977 
    2.04340 -144.21722 
    2.46252 -143.40169 
    3.06456 -142.44632 
    3.02705 -141.62695 
    2.80489 -140.85747 
    2.43618 -140.15039 
    1.93192 -139.52673 
    1.31556 -138.99875 
    0.61860 -138.56812 
    -0.12494 -138.22647 
    -0.88405 -137.95793 
    -1.63467 -137.74292 
    -2.36164 -137.56219 
    -3.05859 -137.40005 
    -3.71330 -137.22273 
    -4.30454 -136.95773 
    -4.90885 -136.72983 
    -5.52390 -136.53925 
    -6.14742 -136.38614 
    -6.76345 -136.19823 
    -7.38645 -135.99628 
    -8.02583 -135.81023 
    -8.68350 -135.48454 
    -9.37013 -135.34972 
    -10.03825 -135.53954 
    -10.70529 -135.66487 
    -11.36955 -135.80199 
    -12.03173 -135.95868 
    -12.69194 -136.13933 
    -13.35232 -136.34172 
    -13.99611 -136.59988 
    -14.58467 -136.96472 
    -15.06999 -137.47324 
    -15.50915 -138.01270 
    -15.90912 -138.56898 
    -16.27732 -139.13242 
    -16.61998 -139.69786 
    -16.94105 -140.26402 
    -17.24193 -140.83214 
    -17.52179 -141.40460 
    -17.84149 -141.95407 
    -18.13316 -142.52211 
    -18.38886 -143.11003 
    -18.60706 -143.71555 
    -18.78641 -144.33626 
    -18.92570 -144.96960 
    -19.02390 -145.61293 
Cell 6 100 9.95799 -151.25009 
    0.08798 -151.25009 
    -0.23032 -151.89108 
    -0.65905 -152.59134 
    -0.85525 -153.31282 
    -0.86058 -154.02783 
    -0.74445 -154.72752 
    -0.52988 -155.40253 
    -0.26256 -156.05951 
    0.05037 -156.69685 
    0.40737 -157.31110 
    0.80658 -157.89899 
    1.24588 -158.45738 
    1.72292 -158.98334 
    2.23506 -159.47418 
    2.77950 -159.92740 
    3.35324 -160.34076 
    3.95309 -160.71231 
    4.57575 -161.04034 
    5.21780 -161.32350 
    5.87571 -161.56075 
    6.54598 -161.75117 
    7.22500 -161.89438 
    7.90921 -161.99019 
    8.59507 -162.03868 
    9.27913 -162.04025 
    9.95799 -161.99564 
    10.62838 -161.90567 
    11.28717 -161.77165 
    11.93137 -161.59494 
    12.55818 -161.37717 
    13.16497 -161.12016 
    13.74932 -160.82590 
    14.34197 -160.56653 
    14.93886 -160.31026 
    15.52284 -160.01889 
    16.09193 -159.69273 
    16.64403 -159.33212 
    17.17693 -158.93748 
    17.68825 -158.50929 
    18.17546 -158.04817 
    18.63589 -157.55495 
    19.06672 -157.03067 
    19.46506 -156.47665 
    19.82795 -155.89455 
    20.15243 -155.28636 
    20.43563 -154.65448 
    20.67482 -154.00171 
    20.86752 -153.33119 
    21.01155 -152.64648 
    21.10514 -151.95142 
    21.14697 -151.25009 
    21.13624 -150.54681 
    21.07269 -149.84598 
    20.95662 -149.15199 
    20.78894 -148.46918 
    20.57106 -147.80170 
    20.30489 -147.15347 
    19.99279 -146.52808 
    19.63750 -145.92874 
    19.24202 -145.35826 
    18.80957 -144.81905 
    18.34348 -144.31302 
    17.84711 -143.84172 
    17.32380 -143.40630 
    16.77678 -143.00760 
    16.20915 -142.64610 
    15.62385 -142.32213 
    15.02362 -142.03575 
    14.41100 -141.78697 
    13.78837 -141.57567 
    13.15793 -141.40167 
    12.52177 -141.26485 
    11.88183 -141.16499 
    11.26973 -140.86661 
    10.63344 -140.51408 
    9.95799 -140.12157 
    9.23279 -139.72337 
    8.45849 -139.38037 
    7.65310 -139.16745 
    6.85153 -139.15123 
    6.09681 -139.36661 
    5.42590 -139.80333 
    4.85684 -140.40961 
    4.38382 -141.11072 
    3.93891 -141.76555 
    3.37973 -142.19589 
    2.89607 -142.71370 
    2.51285 -143.32182 
    2.18186 -143.94781 
    1.88493 -144.57147 
    1.63998 -145.20671 
    1.48094 -145.87039 
    1.37706 -146.53268 
    1.26360 -147.15883 
    1.13869 -147.75829 
    1.00082 -148.33974 
    0.84930 -148.91138 
    0.68348 -149.48088 
    0.50296 -150.05565 
    0.30824 -150.64297 
Cell 7 100 30.37018 -136.89221 
    20.00819 -136.89221 
    19.98679 -137.54547 
    20.00828 -138.20122 
    20.07302 -138.85651 
    20.18113 -139.50832 
    20.33254 -140.15364 
    20.52692 -140.78943 
    20.76372 -141.41266 
    21.04214 -142.02034 
    21.36116 -142.60951 
    21.71956 -143.17726 
    22.11585 -143.72079 
    22.54833 -144.23741 
    23.01511 -144.72456 
    23.51405 -145.17984 
    24.04291 -145.60095 
    24.59918 -145.98584 
    25.18028 -146.33261 
    25.78342 -146.63957 
    26.40572 -146.90529 
    27.04421 -147.12849 
    27.69581 -147.30820 
    28.35739 -147.44363 
    29.02577 -147.53430 
    29.69777 -147.57991 
    30.37018 -147.58047 
    31.03984 -147.53618 
    31.70362 -147.44749 
    32.35846 -147.31512 
    33.00135 -147.13997 
    33.62944 -146.92317 
    34.23994 -146.66609 
    34.83021 -146.37025 
    35.39777 -146.03735 
    35.94028 -145.66928 
    36.45558 -145.26804 
    36.94170 -144.83582 
    37.39685 -144.37486 
    37.83632 -143.90338 
    38.28946 -143.44360 
    38.71772 -142.95705 
    39.11973 -142.44484 
    39.49408 -141.90813 
    39.83931 -141.34804 
    40.15384 -140.76584 
    40.43603 -140.16281 
    40.68413 -139.54039 
    40.89629 -138.90018 
    41.07058 -138.24399 
    41.20504 -137.57388 
    41.29770 -136.89221 
    41.34664 -136.20163 
    41.35007 -135.50513 
    41.30636 -134.80603 
    41.21419 -134.10794 
    41.07254 -133.41481 
    40.88083 -132.73076 
    40.63891 -132.06012 
    40.34721 -131.40730 
    40.00665 -130.77672 
    39.61876 -130.17273 
    39.18562 -129.59944 
    38.70984 -129.06076 
    38.19450 -128.56017 
    37.64314 -128.10072 
    37.13687 -127.57866 
    36.57845 -127.10954 
    35.96644 -126.71265 
    35.30943 -126.39578 
    34.61814 -126.16308 
    33.90451 -126.01467 
    33.18048 -125.94682 
    32.45705 -125.95243 
    31.74343 -126.02183 
    31.05078 -126.07439 
    30.37018 -125.90427 
    29.67008 -125.76439 
    28.95239 -125.66926 
    28.22131 -125.62746 
    27.48302 -125.64748 
    26.74559 -125.73689 
    26.01859 -125.90135 
    25.31245 -126.14399 
    24.70229 -126.58236 
    24.20109 -127.17128 
    23.73683 -127.76220 
    23.32047 -128.37057 
    22.99115 -129.03433 
    22.68216 -129.67267 
    22.39187 -130.29198 
    22.11947 -130.89772 
    21.86012 -131.49158 
    21.61099 -132.07681 
    21.36724 -132.65575 
    21.12264 -133.23085 
    20.86954 -133.80527 
    20.59781 -134.38309 
    20.32260 -134.97554 
    20.17666 -135.60448 
    20.07189 -136.24429 
Cell 8 100 46.10179 -150.40858 
    36.07003 -150.40858 
    36.09210 -151.03835 
    36.14524 -151.66638 
    36.23600 -152.29059 
    36.36582 -152.90836 
    36.53450 -153.51718 
    36.74146 -154.11459 
    36.98595 -154.69817 
    37.26707 -155.26552 
    37.58376 -155.81429 
    37.93479 -156.34225 
    38.31883 -156.84720 
    38.73436 -157.32706 
    39.17973 -157.77982 
    39.65319 -158.20360 
    40.15282 -158.59663 
    40.67663 -158.95726 
    41.22248 -159.28400 
    41.78819 -159.57544 
    42.37143 -159.83038 
    42.96983 -160.04776 
    43.58094 -160.22665 
    44.20225 -160.36630 
    44.83122 -160.46614 
    45.46527 -160.52576 
    46.10179 -160.54489 
    46.73816 -160.52350 
    47.37179 -160.46169 
    48.00006 -160.35971 
    48.62042 -160.21800 
    49.23032 -160.03722 
    49.82728 -159.81810 
    50.40887 -159.56161 
    50.97275 -159.26884 
    51.51664 -158.94102 
    52.03834 -158.57954 
    52.53579 -158.18596 
    53.00699 -157.76189 
    53.45010 -157.30911 
    53.86338 -156.82953 
    54.24522 -156.32513 
    54.59415 -155.79800 
    54.90885 -155.25031 
    55.18813 -154.68430 
    55.43097 -154.10226 
    55.63647 -153.50659 
    55.80391 -152.89967 
    55.93274 -152.28394 
    56.02299 -151.66193 
    56.08323 -151.03656 
    56.10408 -150.40858 
    56.08545 -149.78047 
    56.02739 -149.15469 
    55.93013 -148.53372 
    55.79404 -147.92004 
    55.61963 -147.31606 
    55.40760 -146.72415 
    55.15876 -146.14670 
    54.87409 -145.58597 
    54.55693 -145.04279 
    54.21049 -144.51727 
    53.83552 -144.01068 
    53.43438 -143.52283 
    53.00917 -143.05296 
    52.56141 -142.60025 
    52.09161 -142.16429 
    51.59919 -141.74606 
    51.08255 -141.34860 
    50.53965 -140.97763 
    50.06972 -140.38673 
    49.57578 -139.71675 
    48.87336 -139.61401 
    48.09825 -139.94275 
    47.43683 -139.84064 
    46.76866 -139.80899 
    46.10179 -139.66699 
    45.42420 -139.63866 
    44.77098 -139.87416 
    44.16220 -140.24094 
    43.55354 -140.48383 
    42.95610 -140.72716 
    42.37436 -140.99417 
    41.80814 -141.28413 
    41.25797 -141.59772 
    40.72512 -141.93633 
    40.21145 -142.30124 
    39.71917 -142.69333 
    39.24861 -143.11069 
    38.80455 -143.55602 
    38.38939 -144.02834 
    38.00477 -144.52576 
    37.65221 -145.04633 
    37.33310 -145.58795 
    37.04866 -146.14851 
    36.80004 -146.72577 
    36.57706 -147.31381 
    36.35030 -147.90483 
    36.17859 -148.51564 
    36.09199 -149.14406 
    36.06813 -149.77731 
Cell 9 100 67.28056 -151.68820 
    56.48257 -151.68820 
    56.51130 -152.36575 
    56.51588 -153.04810 
    56.54329 -153.73645 
    56.61208 -154.42740 
    56.76814 -155.10390 
    56.96950 -155.77065 
    57.21606 -156.42419 
    57.50730 -157.06110 
    57.84230 -157.67790 
    58.21982 -158.27121 
    58.63817 -158.83781 
    59.09539 -159.37459 
    59.58917 -159.87871 
    60.11708 -160.34737 
    60.67630 -160.77820 
    61.26387 -161.16899 
    61.87672 -161.51776 
    62.51155 -161.82288 
    63.16496 -162.08304 
    63.83351 -162.29715 
    64.51363 -162.46472 
    65.20184 -162.58524 
    65.89465 -162.65887 
    66.58864 -162.68600 
    67.28056 -162.66736 
    67.96734 -162.60413 
    68.64613 -162.49782 
    69.31441 -162.35005 
    69.97001 -162.16290 
    70.61109 -161.93852 
    71.23623 -161.67908 
    71.84444 -161.38692 
    72.43497 -161.06406 
    73.00751 -160.71242 
    73.56183 -160.33362 
    74.09776 -159.92877 
    74.61507 -159.49867 
    75.11318 -159.04352 
    75.59110 -158.56328 
    76.04714 -158.05750 
    76.47891 -157.52565 
    76.88319 -156.96729 
    77.24551 -156.37735 
    77.51749 -155.74129 
    77.76378 -155.09441 
    77.99012 -154.43794 
    78.17236 -153.76593 
    78.29739 -153.07996 
    78.36486 -152.38557 
    78.37339 -151.68820 
    78.32098 -150.99359 
    78.21074 -150.30740 
    78.04642 -149.63451 
    77.83130 -148.97923 
    77.57580 -148.34308 
    77.43717 -147.66692 
    77.25548 -146.99437 
    77.02891 -146.32901 
    76.75591 -145.67496 
    76.43533 -145.03687 
    76.06656 -144.41980 
    75.64964 -143.82912 
    75.18715 -143.26854 
    74.67400 -142.75108 
    74.12337 -142.26988 
    73.53147 -141.83835 
    72.90452 -141.45825 
    72.24748 -141.13297 
    71.56583 -140.86485 
    70.86535 -140.65538 
    70.15195 -140.50488 
    69.43146 -140.41283 
    68.70941 -140.37773 
    67.99092 -140.39737 
    67.28056 -140.46893 
    66.58228 -140.58919 
    65.89934 -140.75467 
    65.23441 -140.96185 
    64.58952 -141.20729 
    63.96624 -141.48778 
    63.36570 -141.80038 
    62.78871 -142.14253 
    62.23592 -142.51204 
    61.70787 -142.90704 
    61.20507 -143.32600 
    60.72809 -143.76762 
    60.27762 -144.23082 
    59.74539 -144.61220 
    59.19942 -145.00290 
    58.64944 -145.41733 
    58.10545 -145.86549 
    57.58576 -146.35844 
    57.11536 -146.90482 
    56.72160 -147.50761 
    56.42815 -148.16205 
    56.24917 -148.85582 
    56.18569 -149.57175 
    56.22553 -150.29163 
    56.34689 -151.00032 
Cell 10 100 83.21160 -136.79245 
    71.54025 -136.79245 
    71.02355 -137.55927 
    71.15571 -138.31546 
    71.53903 -139.01912 
    71.96759 -139.67943 
    72.42452 -140.29738 
    72.89633 -140.87656 
    73.37360 -141.42186 
    73.85168 -141.93811 
    74.33183 -142.42772 
    74.81481 -142.89308 
    75.27905 -143.35483 
    75.76012 -143.78986 
    76.25128 -144.20444 
    76.75462 -144.59760 
    77.27249 -144.96693 
    77.80631 -145.30981 
    78.35661 -145.62364 
    78.92310 -145.90599 
    79.50481 -146.15474 
    80.10028 -146.36810 
    80.70766 -146.54463 
    81.32484 -146.68320 
    81.94951 -146.78293 
    82.57915 -146.84496 
    83.21160 -146.86819 
    83.84451 -146.85213 
    84.47546 -146.79692 
    85.10213 -146.70297 
    85.72224 -146.57077 
    86.33361 -146.40100 
    86.93412 -146.19446 
    87.52180 -145.95209 
    88.09478 -145.67491 
    88.65133 -145.36409 
    89.18983 -145.02078 
    89.70883 -144.64626 
    90.20693 -144.24173 
    90.68290 -143.80847 
    91.13555 -143.34772 
    91.56376 -142.86064 
    91.96642 -142.34843 
    92.34245 -141.81218 
    92.69066 -141.25296 
    93.00983 -140.67184 
    93.29860 -140.06992 
    93.55548 -139.44830 
    93.77882 -138.80826 
    93.96682 -138.15115 
    94.11751 -137.47859 
    94.22881 -136.79245 
    94.29858 -136.09491 
    94.32460 -135.38855 
    94.30479 -134.67632 
    94.23714 -133.96158 
    94.11991 -133.24812 
    93.95128 -132.54031 
    93.53572 -131.93428 
    93.00152 -131.41040 
    92.32776 -131.00716 
    91.72484 -130.60722 
    91.16982 -130.20883 
    90.64162 -129.81520 
    90.12737 -129.42790 
    89.61891 -129.04733 
    89.11101 -128.67261 
    88.60012 -128.30150 
    88.08382 -127.92992 
    87.56019 -127.55122 
    87.02740 -127.15485 
    86.48245 -126.72580 
    85.89989 -126.32225 
    85.27904 -125.95454 
    84.62949 -125.56876 
    83.91838 -125.55856 
    83.21160 -125.63277 
    82.51698 -125.75166 
    81.83717 -125.91267 
    81.17442 -126.11318 
    80.53061 -126.35069 
    79.90728 -126.62279 
    79.30569 -126.92724 
    78.72691 -127.26199 
    78.17185 -127.62518 
    77.64135 -128.01514 
    77.08845 -128.36465 
    76.46791 -128.64073 
    75.98488 -129.09676 
    75.60732 -129.65155 
    75.27938 -130.23035 
    74.97372 -130.80728 
    74.65664 -131.36330 
    74.32679 -131.90799 
    73.99283 -132.45442 
    73.66187 -133.01144 
    73.33858 -133.58452 
    73.02354 -134.17661 
    72.71082 -134.78931 
    72.38421 -135.42462 
    72.01342 -136.08792 
Cell 11 100 115.21886 -145.37967 
    105.05383 -145.37967 
    105.06440 -146.01854 
    105.11580 -146.65599 
    105.20791 -147.28937 
    105.34044 -147.91602 
    105.51292 -148.53333 
    105.72471 -149.13867 
    105.97498 -149.72951 
    106.26273 -150.30334 
    106.58681 -150.85774 
    106.94586 -151.39035 
    107.33842 -151.89894 
    107.76286 -152.38133 
    108.21737 -152.83551 
    108.70006 -153.25955 
    109.20889 -153.65170 
    109.74169 -154.01031 
    110.29622 -154.33392 
    110.87013 -154.62120 
    111.46098 -154.87099 
    112.06629 -155.08229 
    112.68349 -155.25432 
    113.30998 -155.38640 
    113.94314 -155.47809 
    114.58031 -155.52911 
    115.21886 -155.53937 
    115.85615 -155.50897 
    116.48956 -155.43820 
    117.11652 -155.32753 
    117.73457 -155.17767 
    118.34130 -154.98955 
    118.93451 -154.76431 
    119.51214 -154.50334 
    120.07245 -154.20831 
    120.61402 -153.88107 
    121.13588 -153.52374 
    121.63754 -153.13852 
    122.11909 -152.72766 
    122.58112 -152.29329 
    123.02472 -151.83723 
    123.45116 -151.36078 
    123.86167 -150.86456 
    124.25697 -150.34840 
    124.63677 -149.81140 
    124.99931 -149.25201 
    125.34091 -148.66852 
    125.65581 -148.05942 
    125.93623 -147.42412 
    126.17284 -146.76347 
    126.35552 -146.08032 
    126.47439 -145.37967 
    126.52096 -144.66859 
    126.48923 -143.95589 
    126.37652 -143.25124 
    126.50538 -142.48178 
    126.69208 -141.65179 
    126.33381 -140.97896 
    125.53969 -140.52306 
    124.74946 -140.14018 
    124.27538 -139.63223 
    123.77593 -139.16260 
    123.25915 -138.72816 
    122.73092 -138.32538 
    122.19495 -137.95090 
    121.65306 -137.60207 
    121.13025 -137.24335 
    120.61378 -136.87863 
    120.07845 -136.54012 
    119.52614 -136.22626 
    118.95787 -135.93602 
    118.37370 -135.67009 
    117.77297 -135.43207 
    117.15521 -135.22896 
    116.52119 -135.07063 
    115.87392 -134.96780 
    115.21886 -134.92923 
    114.56326 -134.95909 
    113.89235 -134.87923 
    113.17200 -134.64963 
    112.41151 -134.44574 
    111.63911 -134.36234 
    110.90604 -134.48674 
    110.26449 -134.85109 
    109.73957 -135.41287 
    109.31649 -136.07903 
    108.95256 -136.75485 
    108.60333 -137.38286 
    108.24288 -137.95100 
    107.86787 -138.47662 
    107.48909 -138.98505 
    107.09513 -139.47743 
    106.72876 -139.99168 
    106.39515 -140.52879 
    106.09577 -141.08667 
    105.83199 -141.66315 
    105.60502 -142.25594 
    105.41591 -142.86270 
    105.26556 -143.48097 
    105.15475 -144.10828 
    105.08403 -144.74203 
Cell 12 100 -117.49292 -127.15288 
    -127.95277 -127.15288 
    -128.26721 -127.83074 
    -128.52861 -128.54701 
    -128.73251 -129.29695 
    -128.87517 -130.07535 
    -128.95352 -130.87665 
    -128.96506 -131.69502 
    -128.90817 -132.52448 
    -128.78174 -133.35896 
    -128.58545 -134.19241 
    -128.31935 -135.01874 
    -127.98420 -135.83202 
    -127.58112 -136.62633 
    -127.11184 -137.39598 
    -124.63355 -135.78442 
    -123.36876 -135.24028 
    -122.77545 -135.47681 
    -122.20359 -135.72156 
    -121.63714 -135.95979 
    -121.06807 -136.18268 
    -120.49624 -136.39613 
    -119.89999 -136.52782 
    -119.30228 -136.63791 
    -118.70317 -136.73303 
    -118.10076 -136.81422 
    -117.49292 -136.86209 
    -116.88115 -136.87666 
    -116.26476 -136.87482 
    -115.63911 -136.87093 
    -115.03460 -136.72740 
    -114.50847 -136.33807 
    -114.01836 -135.92860 
    -113.56666 -135.49661 
    -113.13665 -135.07692 
    -112.71873 -134.67581 
    -112.30582 -134.29230 
    -111.89207 -133.92314 
    -111.47268 -133.56378 
    -111.04427 -133.20856 
    -110.60477 -132.85124 
    -110.15160 -132.48666 
    -109.68637 -132.10706 
    -109.21407 -131.70421 
    -108.74505 -131.26932 
    -108.27396 -130.80293 
    -107.39643 -130.43343 
    -106.45514 -129.98691 
    -105.37769 -129.46399 
    -105.14866 -128.71233 
    -105.37120 -127.91551 
    -105.63631 -127.15288 
    -105.76548 -126.41505 
    -105.77556 -125.67263 
    -105.78378 -124.91924 
    -105.73841 -124.13483 
    -105.99942 -123.41841 
    -106.56866 -122.82766 
    -107.30241 -122.35759 
    -108.04209 -121.95724 
    -108.64847 -121.54002 
    -108.91132 -120.91798 
    -109.20748 -120.29857 
    -109.54295 -119.68736 
    -109.92403 -119.09283 
    -110.35622 -118.52608 
    -110.84296 -117.99999 
    -111.38470 -117.52787 
    -111.97832 -117.12186 
    -112.61714 -116.79132 
    -113.29160 -116.54153 
    -113.99036 -116.37309 
    -114.70174 -116.28197 
    -115.41507 -116.26039 
    -116.12165 -116.29818 
    -116.81542 -116.38434 
    -117.49292 -116.50854 
    -118.15293 -116.66232 
    -118.79578 -116.83968 
    -119.42258 -117.03722 
    -120.03455 -117.25388 
    -120.63247 -117.49033 
    -121.21646 -117.74828 
    -121.78588 -118.02987 
    -122.33942 -118.33712 
    -122.87528 -118.67163 
    -123.39330 -119.03172 
    -123.89111 -119.41880 
    -124.36349 -119.83646 
    -124.80858 -120.28301 
    -125.22459 -120.75668 
    -125.60989 -121.25555 
    -125.96294 -121.77764 
    -126.28236 -122.32085 
    -126.56688 -122.88300 
    -126.81539 -123.46185 
    -127.02694 -124.05509 
    -127.20068 -124.66035 
    -127.33597 -125.27522 
    -127.43229 -125.89724 
    -127.59032 -126.51760 
Cell 13 100 -82.89194 -115.93306 
    -93.07004 -115.93306 
    -93.06208 -116.57291 
    -93.01325 -117.21168 
    -92.92360 -117.84670 
    -92.79335 -118.47531 
    -92.62292 -119.09485 
    -92.41293 -119.70268 
    -92.16415 -120.29623 
    -91.87754 -120.87294 
    -91.55427 -121.43034 
    -91.19563 -121.96605 
    -90.80312 -122.47776 
    -90.37836 -122.96327 
    -89.92313 -123.42052 
    -89.43935 -123.84753 
    -88.92909 -124.24249 
    -88.39452 -124.60373 
    -87.83791 -124.92973 
    -87.26163 -125.21914 
    -86.66818 -125.47076 
    -86.06007 -125.68357 
    -85.43990 -125.85674 
    -84.81033 -125.98960 
    -84.17401 -126.08170 
    -83.53365 -126.13271 
    -82.89194 -126.14258 
    -82.25157 -126.11134 
    -81.61523 -126.03929 
    -80.98552 -125.92686 
    -80.36504 -125.77469 
    -79.75630 -125.58356 
    -79.16175 -125.35444 
    -78.58372 -125.08847 
    -78.02448 -124.78693 
    -77.46901 -124.47823 
    -76.92499 -124.14586 
    -76.39951 -123.78105 
    -75.89446 -123.38461 
    -75.41177 -122.95741 
    -74.95343 -122.50037 
    -74.52153 -122.01452 
    -74.11825 -121.50101 
    -73.74585 -120.96117 
    -73.40666 -120.39649 
    -73.10305 -119.80875 
    -72.83736 -119.19999 
    -72.61187 -118.57253 
    -72.42873 -117.92902 
    -72.28992 -117.27241 
    -72.19710 -116.60592 
    -72.15161 -115.93306 
    -72.15440 -115.25751 
    -72.20596 -114.58311 
    -72.30630 -113.91374 
    -72.45496 -113.25330 
    -72.65096 -112.60557 
    -72.89291 -111.97417 
    -73.17896 -111.36248 
    -73.44047 -110.73707 
    -73.70507 -110.10290 
    -74.01048 -109.48030 
    -74.35770 -108.87292 
    -74.74748 -108.28490 
    -75.18014 -107.72083 
    -75.65540 -107.18559 
    -76.17234 -106.68433 
    -76.72924 -106.22220 
    -77.32355 -105.80421 
    -77.95194 -105.43504 
    -78.61027 -105.11880 
    -79.29372 -104.85888 
    -79.99695 -104.65781 
    -80.71424 -104.51717 
    -81.43970 -104.43745 
    -82.16748 -104.41821 
    -82.89194 -104.45796 
    -83.60782 -104.55445 
    -84.31042 -104.70467 
    -84.99564 -104.90510 
    -85.66007 -105.15188 
    -86.30102 -105.44100 
    -86.91638 -105.76847 
    -87.48539 -106.17147 
    -87.98103 -106.67604 
    -88.46316 -107.15423 
    -88.91368 -107.64484 
    -89.30674 -108.17889 
    -89.67661 -108.70811 
    -90.02825 -109.23161 
    -90.36678 -109.74934 
    -90.73488 -110.23483 
    -91.07816 -110.73792 
    -91.39594 -111.25794 
    -91.69469 -111.79080 
    -91.97414 -112.33717 
    -92.22853 -112.89941 
    -92.43280 -113.48338 
    -92.61847 -114.07763 
    -92.86662 -114.67296 
    -93.03728 -115.29477 
Cell 14 100 -60.68293 -124.02643 
    -71.04192 -124.02643 
    -71.05791 -124.67917 
    -71.03528 -125.33424 
    -70.97274 -125.98931 
    -70.86927 -126.64184 
    -70.72414 -127.28901 
    -70.53696 -127.92791 
    -70.30770 -128.55550 
    -70.03672 -129.16872 
    -69.72470 -129.76451 
    -69.37262 -130.33986 
    -68.98177 -130.89183 
    -68.55369 -131.41757 
    -68.09021 -131.91438 
    -67.59334 -132.37968 
    -67.06533 -132.81105 
    -66.50864 -133.20627 
    -65.92585 -133.56326 
    -65.31978 -133.88023 
    -64.69333 -134.15555 
    -64.04954 -134.38779 
    -63.39156 -134.57587 
    -62.72262 -134.71889 
    -62.04599 -134.81621 
    -61.31378 -134.05353 
    -60.68293 -133.64494 
    -60.09682 -133.34239 
    -59.54696 -133.01855 
    -59.03732 -132.65303 
    -58.55981 -132.29539 
    -58.10580 -131.95801 
    -57.66738 -131.64282 
    -57.23786 -131.34758 
    -56.81080 -131.06981 
    -56.38097 -130.80524 
    -55.94253 -130.55103 
    -55.48896 -130.30486 
    -55.01372 -130.06352 
    -54.51462 -129.81886 
    -53.98361 -129.56859 
    -53.42069 -129.30275 
    -52.83115 -129.00932 
    -52.12748 -128.72983 
    -51.27203 -128.45485 
    -50.21627 -128.17047 
    -49.08409 -127.79512 
    -48.66948 -127.11095 
    -48.42405 -126.36494 
    -48.25315 -125.59667 
    -48.14588 -124.81519 
    -48.10320 -124.02643 
    -48.12606 -123.23642 
    -48.21459 -122.45131 
    -48.36804 -121.67724 
    -48.58475 -120.92014 
    -48.86229 -120.18567 
    -49.19744 -119.47900 
    -49.58636 -118.80478 
    -50.02465 -118.16699 
    -50.50754 -117.56893 
    -51.02999 -117.01316 
    -51.58689 -116.50153 
    -52.17310 -116.03517 
    -52.78366 -115.61456 
    -53.41386 -115.23963 
    -53.90247 -114.69392 
    -54.47608 -114.24600 
    -55.12432 -113.91537 
    -55.82561 -113.70412 
    -56.55389 -113.59767 
    -57.28541 -113.56994 
    -58.00366 -113.59138 
    -58.70101 -113.63687 
    -59.37719 -113.69050 
    -60.03617 -113.74655 
    -60.68293 -113.80751 
    -61.32130 -113.87982 
    -61.95866 -113.92793 
    -62.59809 -113.98677 
    -63.23793 -114.07536 
    -63.87766 -114.19406 
    -64.51631 -114.34441 
    -65.15199 -114.52917 
    -65.78147 -114.75222 
    -66.39988 -115.01795 
    -67.00076 -115.33069 
    -67.57629 -115.69379 
    -68.11799 -116.10889 
    -68.61758 -116.57529 
    -69.06791 -117.08977 
    -69.46384 -117.64672 
    -69.80278 -118.23879 
    -70.08487 -118.85767 
    -70.31264 -119.49503 
    -70.49043 -120.14336 
    -70.62344 -120.79656 
    -70.71697 -121.45012 
    -70.79403 -122.09763 
    -70.90058 -122.73564 
    -70.98862 -123.37805 
Cell 15 100 -56.95487 -102.59976 
    -67.43095 -102.59976 
    -67.31866 -103.25179 
    -67.21995 -103.89655 
    -67.11286 -104.53751 
    -66.96814 -105.17073 
    -66.78654 -105.79427 
    -66.56881 -106.40619 
    -66.31564 -107.00461 
    -66.02773 -107.58761 
    -65.70580 -108.15327 
    -65.35058 -108.69960 
    -64.96290 -109.22458 
    -64.54369 -109.72614 
    -64.09404 -110.20221 
    -63.61516 -110.65067 
    -63.10847 -111.06947 
    -62.57556 -111.45655 
    -62.01823 -111.80997 
    -61.43847 -112.12788 
    -60.83844 -112.40853 
    -60.22050 -112.65035 
    -59.58718 -112.85193 
    -58.94112 -113.01205 
    -58.28511 -113.12972 
    -57.62204 -113.20414 
    -56.95487 -113.23476 
    -56.28662 -113.22124 
    -55.62036 -113.16351 
    -54.95914 -113.06175 
    -54.30602 -112.91633 
    -53.66404 -112.72791 
    -53.03614 -112.49733 
    -52.42524 -112.22571 
    -51.83413 -111.91434 
    -51.26550 -111.56477 
    -50.72192 -111.17868 
    -50.20581 -110.75797 
    -49.71942 -110.30473 
    -49.26486 -109.82116 
    -48.84404 -109.30962 
    -48.45867 -108.77261 
    -48.04979 -108.25110 
    -47.65463 -107.71261 
    -47.29295 -107.14632 
    -46.96822 -106.55376 
    -46.68400 -105.93697 
    -46.44374 -105.29856 
    -46.25066 -104.64170 
    -46.10758 -103.97009 
    -46.01675 -103.28793 
    -45.97976 -102.59976 
    -45.99739 -101.91038 
    -46.06963 -101.22464 
    -46.19560 -100.54733 
    -46.37367 -99.88297 
    -46.60149 -99.23575 
    -46.87617 -98.60932 
    -47.19437 -98.00682 
    -47.55254 -97.43079 
    -47.94701 -96.88320 
    -47.92386 -96.03835 
    -47.45048 -94.73705 
    -48.88374 -95.02047 
    -49.81848 -95.00027 
    -50.34457 -94.60929 
    -50.83751 -94.17993 
    -51.32528 -93.72894 
    -51.83817 -93.29253 
    -52.37704 -92.87138 
    -52.94301 -92.46696 
    -53.53732 -92.08163 
    -54.16111 -91.71879 
    -54.81515 -91.38293 
    -55.49954 -91.07964 
    -56.21346 -90.81540 
    -56.95487 -90.59739 
    -57.72033 -90.43312 
    -58.50489 -90.33004 
    -59.30212 -90.29504 
    -60.10419 -90.33397 
    -60.90218 -90.45119 
    -61.68641 -90.64925 
    -62.44695 -90.92850 
    -63.17405 -91.28712 
    -63.85870 -91.72107 
    -64.49309 -92.22430 
    -65.07095 -92.78911 
    -65.58787 -93.40655 
    -66.04137 -94.06696 
    -66.43091 -94.76050 
    -66.75770 -95.47759 
    -67.02443 -96.20943 
    -67.23496 -96.94823 
    -67.39384 -97.68755 
    -67.50597 -98.42229 
    -67.57619 -99.14869 
    -67.60895 -99.86426 
    -67.60811 -100.56755 
    -67.57678 -101.25790 
    -67.51723 -101.93523 
Cell 16 100 -34.10599 -126.35460 
    -45.05867 -126.35460 
    -44.96665 -127.03790 
    -44.82317 -127.70850 
    -44.63306 -128.36275 
    -44.40124 -128.99797 
    -44.13243 -129.61238 
    -43.85629 -130.21501 
    -43.49992 -130.77504 
    -43.14251 -131.32246 
    -42.76152 -131.84756 
    -42.35611 -132.34866 
    -41.93016 -132.82732 
    -41.49773 -133.29591 
    -41.05679 -133.75645 
    -40.60761 -134.21371 
    -40.15019 -134.67374 
    -39.67065 -135.12311 
    -39.16445 -135.55589 
    -38.62848 -135.96539 
    -38.05713 -136.33405 
    -37.45396 -136.65860 
    -36.82342 -136.93831 
    -36.16934 -137.17108 
    -35.49535 -137.35257 
    -34.80617 -137.48366 
    -34.10599 -137.56169 
    -33.39964 -137.58167 
    -32.69250 -137.54352 
    -31.98986 -137.44774 
    -31.29675 -137.29587 
    -30.61845 -137.08813 
    -29.96171 -136.82185 
    -29.32670 -136.51111 
    -28.71663 -136.15781 
    -28.13450 -135.76416 
    -27.58305 -135.33266 
    -27.06487 -134.86584 
    -26.58226 -134.36656 
    -26.13725 -133.83774 
    -25.73162 -133.28249 
    -25.36683 -132.70396 
    -25.04411 -132.10544 
    -24.76435 -131.49020 
    -24.59653 -130.82941 
    -24.51563 -130.15169 
    -24.51419 -129.47116 
    -24.45409 -128.83279 
    -24.35561 -128.21458 
    -24.27984 -127.59592 
    -24.23602 -126.97556 
    -24.21651 -126.35460 
    -24.21162 -125.73210 
    -24.22859 -125.10680 
    -24.27242 -124.47875 
    -24.33627 -123.84616 
    -24.47584 -123.22557 
    -24.64237 -122.60769 
    -24.83412 -121.99158 
    -25.05004 -121.37605 
    -25.29019 -120.75992 
    -25.55593 -120.14262 
    -25.85012 -119.52475 
    -26.17692 -118.90871 
    -26.54149 -118.29923 
    -26.94930 -117.70364 
    -27.40525 -117.13183 
    -27.91282 -116.59573 
    -28.47314 -116.10849 
    -29.08441 -115.68321 
    -29.74168 -115.33160 
    -30.43702 -115.06266 
    -31.16023 -114.88162 
    -31.89981 -114.78941 
    -32.64410 -114.78261 
    -33.38243 -114.85405 
    -34.10599 -114.99379 
    -34.80838 -115.19041 
    -35.48579 -115.43236 
    -36.13673 -115.70907 
    -36.76154 -116.01189 
    -37.36609 -116.32103 
    -37.94429 -116.66016 
    -38.49763 -117.02188 
    -39.03543 -117.38798 
    -39.61996 -117.66597 
    -40.19386 -117.97536 
    -40.75544 -118.31680 
    -41.30239 -118.69121 
    -41.83166 -119.09971 
    -42.33935 -119.54337 
    -42.82074 -120.02296 
    -43.27043 -120.53867 
    -43.68255 -121.08984 
    -44.05112 -121.67477 
    -44.37043 -122.29062 
    -44.63542 -122.93338 
    -44.84216 -123.59802 
    -44.98806 -124.27873 
    -45.07212 -124.96925 
    -45.09496 -125.66323 
Cell 17 100 -14.32927 -126.62826 
    -24.22511 -126.62826 
    -24.25560 -127.25277 
    -24.31584 -127.88985 
    -24.40922 -128.55112 
    -24.49221 -129.23766 
    -24.51067 -129.93639 
    -24.28956 -130.57181 
    -24.01964 -131.18820 
    -23.71026 -131.78549 
    -23.36315 -132.36133 
    -22.98009 -132.91344 
    -22.56300 -133.43979 
    -22.11376 -133.93837 
    -21.63442 -134.40744 
    -21.12697 -134.84526 
    -20.59351 -135.25024 
    -20.03616 -135.62086 
    -19.45711 -135.95575 
    -18.85863 -136.25362 
    -18.24302 -136.51326 
    -17.61270 -136.73360 
    -16.97009 -136.91356 
    -16.31763 -137.05156 
    -15.65725 -137.14029 
    -14.99002 -137.13042 
    -14.32927 -136.80641 
    -13.70915 -136.48482 
    -13.11150 -136.26791 
    -12.52372 -136.09331 
    -11.93925 -135.93680 
    -11.34987 -135.79793 
    -10.74794 -135.67368 
    -10.12801 -135.55640 
    -9.51239 -135.39014 
    -8.72512 -135.45900 
    -8.19440 -135.07219 
    -7.69105 -134.65250 
    -7.21710 -134.20195 
    -6.77448 -133.72269 
    -6.36490 -133.21696 
    -5.98994 -132.68713 
    -5.65096 -132.13568 
    -5.34912 -131.56514 
    -5.08543 -130.97809 
    -4.86067 -130.37714 
    -4.67546 -129.76497 
    -4.53019 -129.14424 
    -4.42174 -128.51822 
    -4.31958 -127.89278 
    -4.23881 -127.26309 
    -4.19328 -126.62826 
    -4.18300 -125.98991 
    -4.20809 -125.34966 
    -4.26882 -124.70912 
    -4.36558 -124.07001 
    -4.49895 -123.43419 
    -4.66965 -122.80374 
    -4.87852 -122.18107 
    -5.12640 -121.56894 
    -5.41408 -120.97050 
    -5.74210 -120.38931 
    -6.11070 -119.82926 
    -6.51963 -119.29451 
    -6.96805 -118.78935 
    -7.45448 -118.31806 
    -7.97672 -117.88471 
    -8.53188 -117.49302 
    -9.11644 -117.14615 
    -9.72637 -116.84658 
    -10.22649 -116.26581 
    -10.52563 -114.92186 
    -11.33591 -114.96989 
    -12.21729 -115.55684 
    -12.92182 -115.48710 
    -13.63190 -115.54378 
    -14.32928 -115.70229 
    -15.00247 -115.92815 
    -15.64821 -116.18784 
    -16.26952 -116.45715 
    -16.88644 -116.66875 
    -17.49194 -116.89456 
    -18.08098 -117.15253 
    -18.65230 -117.44137 
    -19.20465 -117.75998 
    -19.73677 -118.10740 
    -20.24731 -118.48279 
    -20.74730 -118.87019 
    -21.26113 -119.24658 
    -21.75287 -119.65704 
    -22.21978 -120.10066 
    -22.65906 -120.57632 
    -23.06796 -121.08252 
    -23.44380 -121.61750 
    -23.78405 -122.17918 
    -24.08599 -122.76530 
    -24.30691 -123.38633 
    -24.31422 -124.06456 
    -24.25454 -124.73491 
    -24.22121 -125.37862 
    -24.21377 -126.00638 
Cell 18 100 13.18604 -127.63091 
    3.06242 -127.63091 
    3.07350 -128.26714 
    3.12507 -128.90190 
    3.21703 -129.53261 
    3.34907 -130.15662 
    3.52074 -130.77136 
    3.73140 -131.37427 
    3.98025 -131.96283 
    4.26632 -132.53458 
    4.58845 -133.08711 
    4.94536 -133.61812 
    5.33558 -134.12538 
    5.75753 -134.60675 
    6.20946 -135.06023 
    6.68949 -135.48390 
    7.19563 -135.87601 
    7.72576 -136.23494 
    8.27768 -136.55919 
    8.84906 -136.84747 
    9.43752 -137.09860 
    10.04059 -137.31161 
    10.65576 -137.48570 
    11.28048 -137.62022 
    11.91215 -137.71480 
    12.54819 -137.76921 
    13.18604 -137.78345 
    13.82317 -137.75774 
    14.45713 -137.69257 
    15.08557 -137.58861 
    15.70633 -137.44678 
    16.31739 -137.26822 
    16.91701 -137.05426 
    17.50372 -136.80643 
    18.07634 -136.52632 
    18.63405 -136.21559 
    19.17634 -135.87584 
    19.70300 -135.50856 
    20.21405 -135.11499 
    20.53055 -134.52786 
    20.80793 -133.93628 
    21.06712 -133.35686 
    21.31127 -132.78734 
    21.54748 -132.22766 
    21.78173 -131.67574 
    22.01887 -131.12807 
    22.26235 -130.57999 
    22.51630 -130.02652 
    22.78420 -129.46187 
    23.06806 -128.87930 
    23.38743 -128.27274 
    23.83998 -127.63091 
    24.41094 -126.92471 
    24.97446 -126.14169 
    24.90368 -125.39565 
    24.75810 -124.65971 
    24.53831 -123.94234 
    24.24696 -123.25159 
    23.88859 -122.59468 
    23.46800 -121.97836 
    22.97932 -121.41591 
    22.35967 -120.96588 
    21.72591 -120.56612 
    21.09861 -120.20052 
    20.47286 -119.87124 
    19.87273 -119.54810 
    19.31536 -119.19463 
    18.75814 -118.85069 
    18.19761 -118.51491 
    17.63137 -118.18411 
    17.03350 -117.91333 
    16.40297 -117.73024 
    15.76495 -117.58673 
    15.12194 -117.48256 
    14.47631 -117.41743 
    13.83029 -117.39097 
    13.18604 -117.34047 
    12.53794 -117.32957 
    11.88869 -117.36128 
    11.24136 -117.43655 
    10.59925 -117.55603 
    9.96580 -117.72002 
    9.34455 -117.92841 
    8.73905 -118.18056 
    8.15277 -118.47543 
    7.58903 -118.81144 
    7.05088 -119.18659 
    6.54105 -119.59850 
    6.06190 -120.04446 
    5.61538 -120.52159 
    5.20307 -121.02682 
    4.82615 -121.55710 
    4.48547 -122.10937 
    4.18160 -122.68068 
    3.91487 -123.26823 
    3.68224 -123.86810 
    3.48225 -124.47797 
    3.32105 -125.09801 
    3.19872 -125.72573 
    3.11526 -126.35868 
    3.07059 -126.99451 
Cell 19 100 25.11099 -110.93174 
    13.92243 -110.93174 
    13.97912 -111.63210 
    14.08701 -112.32439 
    14.24422 -113.00468 
    14.44849 -113.66940 
    14.69724 -114.31537 
    14.98769 -114.93983 
    15.31697 -115.54045 
    15.68215 -116.11529 
    16.08038 -116.66273 
    16.50890 -117.18153 
    16.96518 -117.67054 
    17.46719 -118.10976 
    18.06350 -118.43656 
    18.62556 -118.77127 
    19.17196 -119.10612 
    19.70884 -119.44416 
    20.25959 -119.75640 
    20.81874 -120.05325 
    21.37699 -120.36276 
    21.93727 -120.69945 
    22.50716 -121.07300 
    23.13514 -121.28949 
    23.78805 -121.40388 
    24.44767 -121.47498 
    25.11099 -121.50238 
    25.77500 -121.48586 
    26.43666 -121.42548 
    27.09293 -121.32146 
    27.74083 -121.17429 
    28.37739 -120.98469 
    28.99971 -120.75353 
    29.60500 -120.48199 
    30.19051 -120.17136 
    30.75367 -119.82318 
    31.29200 -119.43917 
    31.80319 -119.02122 
    32.28508 -118.57137 
    32.73574 -118.09185 
    33.15341 -117.58501 
    33.53659 -117.05330 
    33.88406 -116.49930 
    34.19487 -115.92564 
    34.46842 -115.33501 
    34.70445 -114.73006 
    34.90309 -114.11339 
    35.06480 -113.48744 
    35.19041 -112.85449 
    35.28102 -112.21651 
    35.33789 -111.57516 
    35.36233 -110.93174 
    35.35548 -110.28721 
    35.31814 -109.64228 
    35.25053 -108.99752 
    35.15220 -108.35359 
    35.02186 -107.71150 
    34.85745 -107.07285 
    34.65624 -106.44009 
    34.41510 -105.81676 
    34.13089 -105.20753 
    33.87936 -104.56114 
    33.62156 -103.89119 
    33.32804 -103.21541 
    32.99085 -102.54054 
    32.60191 -101.87677 
    32.15427 -101.23749 
    31.64322 -100.63860 
    31.06731 -100.09723 
    30.42909 -99.63020 
    29.73521 -99.25230 
    28.99608 -98.97467 
    28.22498 -98.80357 
    27.43675 -98.73969 
    26.64634 -98.77822 
    25.86737 -98.90948 
    25.11099 -99.12016 
    24.38516 -99.39497 
    23.69439 -99.71818 
    23.04001 -100.07528 
    22.42077 -100.45402 
    21.83367 -100.84517 
    21.26974 -101.22984 
    20.64139 -101.43336 
    20.02208 -101.67505 
    19.41439 -101.95533 
    18.82114 -102.27451 
    18.24542 -102.63270 
    17.69055 -103.02978 
    17.16005 -103.46532 
    16.65759 -103.93848 
    16.18693 -104.44803 
    15.75180 -104.99222 
    15.35585 -105.56881 
    15.00250 -106.17505 
    14.69486 -106.80770 
    14.43564 -107.46311 
    14.22705 -108.13722 
    14.07073 -108.82570 
    13.96770 -109.52402 
    13.91834 -110.22756 
Cell 20 100 58.22605 -110.34171 
    48.14272 -110.34171 
    48.15736 -110.97517 
    48.21193 -111.60678 
    48.30632 -112.23399 
    48.44023 -112.85428 
    48.61319 -113.46511 
    48.82458 -114.06401 
    49.07359 -114.64852 
    49.35927 -115.21626 
    49.68048 -115.76488 
    50.03597 -116.29214 
    50.42430 -116.79587 
    50.84391 -117.27399 
    51.29307 -117.72458 
    51.76998 -118.14575 
    52.27270 -118.53579 
    52.79916 -118.89310 
    53.34723 -119.21624 
    53.91464 -119.50391 
    54.49908 -119.75496 
    55.09814 -119.96840 
    55.70940 -120.14340 
    56.33035 -120.27932 
    56.95846 -120.37566 
    57.59121 -120.43212 
    58.22605 -120.44855 
    58.86043 -120.42498 
    59.49186 -120.36161 
    60.11784 -120.25882 
    60.71267 -120.02647 
    61.26533 -119.69566 
    61.80498 -119.38104 
    62.33698 -119.07789 
    62.85938 -118.76970 
    63.37539 -118.45577 
    63.88935 -118.13657 
    64.41269 -117.82008 
    64.95902 -117.51160 
    65.55498 -117.22403 
    66.00505 -116.77705 
    66.40150 -116.28152 
    66.76658 -115.76170 
    67.10025 -115.22034 
    67.40137 -114.65929 
    67.66883 -114.08037 
    67.90154 -113.48547 
    68.16802 -112.89437 
    68.44516 -112.29111 
    68.72597 -111.66815 
    69.00229 -111.01969 
    69.25489 -110.34171 
    69.45471 -109.63525 
    69.56824 -108.90885 
    69.56577 -108.17854 
    69.43002 -107.46501 
    69.16145 -106.78857 
    68.77840 -106.16373 
    68.31168 -105.59576 
    67.86531 -105.04247 
    67.72016 -104.31656 
    67.53040 -103.58170 
    67.28214 -102.84985 
    66.96234 -102.13778 
    66.56111 -101.46576 
    66.07383 -100.85536 
    65.50243 -100.32662 
    64.85561 -99.89519 
    64.14783 -99.57003 
    63.39730 -99.35223 
    62.62346 -99.23512 
    61.84437 -99.20566 
    61.07471 -99.24687 
    60.32463 -99.34055 
    59.60239 -99.44680 
    58.91058 -99.46133 
    58.22605 -99.52212 
    57.55189 -99.62630 
    56.89066 -99.77104 
    56.24440 -99.95356 
    55.61474 -100.17135 
    55.00299 -100.42215 
    54.41023 -100.70405 
    53.83743 -101.01541 
    53.28551 -101.35490 
    52.75542 -101.72138 
    52.24819 -102.11389 
    51.76493 -102.53156 
    51.30685 -102.97351 
    50.87528 -103.43887 
    50.47157 -103.92664 
    50.09715 -104.43571 
    49.74630 -104.96030 
    49.42299 -105.50218 
    49.13353 -106.06310 
    48.87915 -106.64101 
    48.66098 -107.23383 
    48.48001 -107.83935 
    48.33707 -108.45528 
    48.23287 -109.07928 
    48.16796 -109.70891 
Cell 21 100 65.71810 -128.98015 
    55.70790 -128.98015 
    55.72900 -129.60861 
    55.78955 -130.23442 
    55.88930 -130.85509 
    56.02781 -131.46819 
    56.20593 -132.07083 
    56.35416 -132.68759 
    56.54291 -133.29767 
    56.77264 -133.89796 
    57.04143 -134.48653 
    57.34926 -135.06047 
    57.69569 -135.61687 
    58.08009 -136.15273 
    58.50140 -136.66516 
    58.95833 -137.15131 
    59.44935 -137.60835 
    59.97257 -138.03366 
    60.52595 -138.42464 
    61.10714 -138.77895 
    61.71362 -139.09431 
    62.34271 -139.36855 
    62.99354 -139.59160 
    63.66243 -139.75635 
    64.34172 -139.87529 
    65.02803 -139.94855 
    65.71810 -139.97784 
    66.40965 -139.97200 
    67.10188 -139.93390 
    67.79450 -139.86505 
    68.48547 -139.75833 
    69.16140 -139.57753 
    69.82145 -139.34402 
    70.46358 -139.06482 
    70.95564 -138.50720 
    71.09515 -137.45302 
    71.46991 -136.89684 
    71.82735 -136.36496 
    72.15496 -135.83472 
    72.44820 -135.30014 
    72.71954 -134.77223 
    72.98212 -134.25777 
    73.24641 -133.75775 
    73.51727 -133.26778 
    73.79803 -132.78229 
    74.09030 -132.29494 
    74.39293 -131.79877 
    74.70047 -131.28644 
    75.00333 -130.75140 
    75.30177 -130.19084 
    75.63944 -129.60435 
    76.10839 -128.98015 
    76.13033 -128.32507 
    76.03553 -127.67675 
    75.95190 -127.02795 
    75.83716 -126.38202 
    75.67898 -125.74366 
    75.47723 -125.11623 
    75.23215 -124.50317 
    74.94437 -123.90797 
    74.61494 -123.33405 
    74.24536 -122.78474 
    73.83755 -122.26315 
    73.39383 -121.77216 
    72.91682 -121.31429 
    72.40946 -120.89168 
    71.87486 -120.50610 
    71.35230 -120.10207 
    70.87257 -119.60419 
    70.36382 -119.10750 
    69.81826 -118.62433 
    69.22929 -118.17382 
    68.59379 -117.78008 
    67.91404 -117.46864 
    67.19847 -117.26185 
    66.46085 -117.17442 
    65.71810 -117.21030 
    64.99546 -117.49402 
    64.31567 -117.87875 
    63.67498 -118.26971 
    63.06447 -118.64493 
    62.47433 -118.99686 
    61.89682 -119.32870 
    61.33110 -119.65731 
    60.77520 -119.98904 
    60.25109 -120.36552 
    59.75829 -120.77717 
    59.28438 -121.20311 
    58.82943 -121.64445 
    58.39603 -122.10426 
    57.98732 -122.58469 
    57.60627 -123.08656 
    57.25546 -123.60959 
    56.93703 -124.15271 
    56.65273 -124.71431 
    56.40399 -125.29243 
    56.19195 -125.88492 
    56.01753 -126.48946 
    55.88145 -127.10371 
    55.78426 -127.72521 
    55.72634 -128.35152 
Cell 22 100 76.77601 -94.74647 
    64.64268 -94.74647 
    64.66221 -95.50861 
    64.75595 -96.26495 
    64.92126 -97.00788 
    65.15395 -97.73051 
    65.44856 -98.42697 
    65.79876 -99.09267 
    66.19773 -99.72423 
    66.63860 -100.31956 
    67.11474 -100.87769 
    67.62012 -101.39861 
    68.14946 -101.88297 
    68.69838 -102.33186 
    69.26341 -102.74657 
    69.84194 -103.12832 
    70.43211 -103.47810 
    71.03261 -103.79662 
    71.64260 -104.08410 
    72.26144 -104.34041 
    72.88857 -104.56501 
    73.52337 -104.75706 
    74.16505 -104.91547 
    74.81260 -105.03904 
    75.46470 -105.12654 
    76.11979 -105.17680 
    76.77601 -105.19521 
    77.43243 -105.17992 
    78.08671 -105.12170 
    78.73594 -105.02080 
    79.37724 -104.87762 
    80.00777 -104.69281 
    80.62472 -104.46720 
    81.22536 -104.20184 
    81.80707 -103.89793 
    82.36728 -103.55690 
    82.90357 -103.18034 
    83.41364 -102.76999 
    83.89533 -102.32778 
    84.34664 -101.85577 
    84.76577 -101.35617 
    85.15118 -100.83138 
    85.50168 -100.28394 
    85.81668 -99.71662 
    86.09651 -99.13236 
    86.34293 -98.53428 
    86.55972 -97.92539 
    86.75339 -97.30822 
    86.93333 -96.68408 
    87.11134 -96.05212 
    87.29964 -95.40856 
    87.50760 -94.74647 
    87.73709 -94.05685 
    87.97812 -93.33131 
    88.20625 -92.56603 
    88.38390 -91.76607 
    88.46612 -90.94812 
    88.41039 -90.14009 
    88.18733 -89.37671 
    87.78905 -88.69200 
    87.23179 -88.11103 
    86.55204 -87.64377 
    85.79734 -87.28337 
    85.29056 -86.75078 
    84.87872 -86.11796 
    84.41946 -85.50712 
    83.91246 -84.92398 
    83.35816 -84.37465 
    82.75788 -83.86547 
    82.11393 -83.40281 
    81.42961 -82.99281 
    80.70924 -82.64122 
    79.95808 -82.35310 
    79.18222 -82.13264 
    78.38840 -81.98302 
    77.58385 -81.90621 
    76.77601 -81.90290 
    75.97234 -81.97253 
    75.18007 -82.11328 
    74.40595 -82.32218 
    73.65611 -82.59525 
    72.93585 -82.92770 
    72.24961 -83.31409 
    71.60083 -83.74866 
    70.99202 -84.22543 
    70.42477 -84.73852 
    69.89986 -85.28226 
    69.41734 -85.85136 
    68.97673 -86.44109 
    68.57712 -87.04720 
    68.21733 -87.66611 
    67.89606 -88.29482 
    67.41254 -88.80423 
    66.91029 -89.32275 
    66.44022 -89.88281 
    66.00964 -90.48376 
    65.62609 -91.12364 
    65.29695 -91.79915 
    65.02898 -92.50560 
    64.82793 -93.23708 
    64.69824 -93.98660 
Cell 23 100 94.51780 -121.70786 
    82.95219 -121.70786 
    83.12100 -122.42489 
    83.33917 -123.12005 
    83.59945 -123.79065 
    83.89513 -124.43530 
    84.22045 -125.05367 
    84.68420 -125.60126 
    85.37383 -126.01068 
    85.99917 -126.39102 
    86.53973 -126.77090 
    87.02416 -127.15231 
    87.50449 -127.50979 
    87.97544 -127.85154 
    88.43652 -128.18376 
    88.88930 -128.51155 
    89.33666 -128.83910 
    89.78238 -129.16969 
    90.23083 -129.50583 
    90.68690 -129.84894 
    91.15608 -130.19859 
    91.64487 -130.54982 
    92.15891 -130.89516 
    92.70123 -131.23068 
    93.26006 -131.66394 
    93.84643 -132.37897 
    94.51780 -132.42842 
    95.19256 -132.43279 
    95.86749 -132.39175 
    96.53936 -132.30527 
    97.20493 -132.17355 
    97.86096 -131.99706 
    98.50425 -131.77649 
    99.13165 -131.51279 
    99.74010 -131.20718 
    100.32663 -130.86111 
    100.88840 -130.47624 
    101.42271 -130.05446 
    101.92699 -129.59785 
    102.39890 -129.10870 
    102.83624 -128.58948 
    103.23702 -128.04276 
    103.59951 -127.47129 
    103.92215 -126.87795 
    104.20367 -126.26569 
    104.44298 -125.63752 
    104.63931 -124.99654 
    104.79205 -124.34584 
    104.90096 -123.68855 
    104.96597 -123.02777 
    104.98727 -122.36655 
    104.96536 -121.70786 
    104.90093 -121.05461 
    104.79494 -120.40956 
    104.64857 -119.77531 
    104.46325 -119.15430 
    104.24060 -118.54874 
    103.98242 -117.96056 
    103.69067 -117.39144 
    103.36742 -116.84274 
    103.01480 -116.31551 
    102.63496 -115.81040 
    102.22998 -115.32779 
    101.80749 -114.86239 
    101.36327 -114.41817 
    100.89204 -114.00273 
    100.39565 -113.61769 
    99.88756 -113.24648 
    99.36332 -112.89389 
    98.82143 -112.56217 
    98.26168 -112.25189 
    97.68368 -111.96428 
    97.08706 -111.70127 
    96.47162 -111.46557 
    95.83759 -111.26067 
    95.18578 -111.09068 
    94.51780 -110.96024 
    93.83620 -110.87428 
    93.14457 -110.83762 
    92.44746 -110.85477 
    91.75040 -110.92954 
    91.05964 -111.06473 
    90.38193 -111.26186 
    89.72421 -111.52097 
    89.09325 -111.84065 
    88.49530 -112.21793 
    87.93578 -112.64849 
    87.39629 -113.09944 
    86.75867 -113.44523 
    86.14051 -113.84106 
    85.55006 -114.28911 
    84.99632 -114.79011 
    84.48854 -115.34310 
    84.03561 -115.94524 
    83.64553 -116.59177 
    83.32477 -117.27623 
    83.07787 -117.99081 
    82.90712 -118.72675 
    82.81245 -119.47495 
    82.79154 -120.22649 
    82.84008 -120.97316 
Cell 24 100 -99.49834 -106.42045 
    -109.67069 -106.42045 
    -109.66119 -107.05984 
    -109.61088 -107.69796 
    -109.51980 -108.33215 
    -109.38827 -108.95975 
    -109.21675 -109.57815 
    -109.00588 -110.18475 
    -108.75653 -110.77702 
    -108.46968 -111.35249 
    -108.14653 -111.90876 
    -107.78842 -112.44354 
    -107.39685 -112.95467 
    -106.97348 -113.44007 
    -106.52009 -113.89785 
    -106.03857 -114.32624 
    -105.53095 -114.72363 
    -104.99933 -115.08862 
    -104.44585 -115.41994 
    -103.87275 -115.71655 
    -103.28226 -115.97755 
    -102.67664 -116.20223 
    -102.05811 -116.39009 
    -101.42889 -116.54073 
    -100.79113 -116.65395 
    -100.14693 -116.72964 
    -99.49834 -116.76780 
    -98.84729 -116.76851 
    -98.19569 -116.73190 
    -97.54539 -116.65814 
    -96.89819 -116.54737 
    -96.25587 -116.39975 
    -95.62025 -116.21539 
    -94.99319 -115.99438 
    -94.37665 -115.73677 
    -93.77270 -115.44261 
    -93.18560 -115.10918 
    -92.80117 -114.51594 
    -92.54090 -113.82936 
    -92.32012 -113.16125 
    -92.07549 -112.56116 
    -91.80631 -112.00903 
    -91.52184 -111.48249 
    -91.22067 -110.97113 
    -90.89468 -110.46902 
    -90.53387 -109.96973 
    -90.17162 -109.45088 
    -89.81074 -108.90780 
    -89.42126 -108.34275 
    -88.98962 -107.74801 
    -88.42570 -107.11708 
    -87.72996 -106.42045 
    -87.19695 -105.64651 
    -87.16318 -104.86215 
    -87.36554 -104.10600 
    -87.78104 -103.41196 
    -88.34971 -102.79804 
    -88.99537 -102.26203 
    -89.43752 -101.68619 
    -89.30387 -100.81599 
    -89.07958 -99.80850 
    -90.68441 -100.01675 
    -91.16553 -99.52695 
    -91.67352 -99.07246 
    -92.20502 -98.65386 
    -92.75688 -98.27143 
    -93.32619 -97.92521 
    -93.91028 -97.61507 
    -94.50674 -97.34077 
    -95.11341 -97.10201 
    -95.72832 -96.89847 
    -96.34969 -96.72989 
    -96.97586 -96.59605 
    -97.60530 -96.49679 
    -98.22857 -96.36918 
    -98.85760 -96.23621 
    -99.49834 -96.11161 
    -100.15431 -95.99400 
    -100.82886 -95.88830 
    -101.52290 -95.80730 
    -102.23261 -95.77114 
    -102.94785 -95.80396 
    -103.65243 -95.92841 
    -104.32675 -96.15955 
    -104.95203 -96.50024 
    -105.51485 -96.93994 
    -106.01036 -97.45742 
    -106.44268 -98.02618 
    -106.82271 -98.62079 
    -107.16421 -99.22172 
    -107.47977 -99.81763 
    -107.77795 -100.40496 
    -108.06229 -100.98560 
    -108.33195 -101.56413 
    -108.62327 -102.12659 
    -108.88748 -102.70303 
    -109.11508 -103.29578 
    -109.30495 -103.90254 
    -109.45614 -104.52090 
    -109.56788 -105.14837 
    -109.63955 -105.78242 
