119 25 
Cell 0 100 -123.60540 -141.90071 
    -133.60550 -141.90071 
    -133.58575 -142.52863 
    -133.52663 -143.15405 
    -133.42833 -143.77454 
    -133.29128 -144.38762 
    -133.11600 -144.99089 
    -132.90318 -145.58197 
    -132.65514 -146.15919 
    -132.38155 -146.72543 
    -132.08015 -147.27896 
    -131.74367 -147.81351 
    -131.37325 -148.32683 
    -130.97017 -148.81670 
    -130.53589 -149.28093 
    -130.07199 -149.71748 
    -129.58025 -150.12437 
    -129.06252 -150.49974 
    -128.52083 -150.84184 
    -127.95735 -151.14908 
    -127.37434 -151.41997 
    -126.77417 -151.65317 
    -126.15932 -151.84755 
    -125.53235 -152.00212 
    -124.89590 -152.11604 
    -124.25266 -152.18871 
    -123.60540 -152.21965 
    -122.95688 -152.20862 
    -122.30991 -152.15558 
    -121.66729 -152.06064 
    -121.03181 -151.92416 
    -120.40626 -151.74667 
    -119.79334 -151.52887 
    -119.19575 -151.27170 
    -118.61607 -150.97627 
    -118.05684 -150.64384 
    -117.52047 -150.27589 
    -117.00928 -149.87405 
    -116.52545 -149.44009 
    -116.07105 -148.97594 
    -115.64799 -148.48366 
    -115.25802 -147.96544 
    -114.90274 -147.42358 
    -114.58358 -146.86050 
    -114.30179 -146.27866 
    -114.05845 -145.68062 
    -113.83459 -145.07544 
    -113.63514 -144.46063 
    -113.46984 -143.83417 
    -113.33878 -143.19769 
    -113.24208 -142.55272 
    -113.37278 -141.90071 
    -113.79485 -141.28348 
    -114.13109 -140.70383 
    -114.41501 -140.14755 
    -114.66690 -139.60570 
    -114.90092 -139.07245 
    -115.12772 -138.54416 
    -115.35243 -138.01715 
    -115.58304 -137.49037 
    -115.82671 -136.96420 
    -116.08578 -136.43739 
    -116.35925 -135.90617 
    -116.65229 -135.37131 
    -116.97025 -134.83501 
    -117.33795 -134.32466 
    -117.72543 -133.80762 
    -118.09870 -133.22354 
    -118.36875 -132.37529 
    -118.72291 -131.52490 
    -119.47480 -131.46802 
    -120.19566 -131.40660 
    -120.88483 -131.30479 
    -121.56118 -131.18451 
    -122.23413 -131.04597 
    -122.91042 -130.85423 
    -123.60540 -130.56651 
    -124.33869 -130.24544 
    -125.11363 -129.96184 
    -125.86970 -130.03085 
    -126.57661 -130.32861 
    -127.23604 -130.72675 
    -127.84068 -131.20360 
    -128.34892 -131.82021 
    -128.78964 -132.47060 
    -129.30370 -132.92165 
    -129.80138 -133.37270 
    -130.39905 -133.68860 
    -131.19267 -133.82109 
    -131.19160 -134.77678 
    -131.49123 -135.37698 
    -131.83850 -135.91901 
    -132.15550 -136.47466 
    -132.44186 -137.04283 
    -132.69716 -137.62245 
    -132.92081 -138.21248 
    -133.11612 -138.81049 
    -133.29138 -139.41377 
    -133.42842 -140.02687 
    -133.52667 -140.64737 
    -133.58578 -141.27280 
Cell 1 100 -106.64961 -134.53102 
    -117.18927 -134.53102 
    -116.77287 -135.16792 
    -116.43536 -135.76726 
    -116.13563 -136.34058 
    -115.86029 -136.89592 
    -115.60587 -137.44107 
    -115.36752 -137.98268 
    -115.13612 -138.52448 
    -114.90273 -139.06821 
    -114.66215 -139.61592 
    -114.40557 -140.16605 
    -114.12466 -140.71492 
    -113.81086 -141.25587 
    -113.45597 -141.77905 
    -113.04073 -142.25656 
    -112.53903 -142.63712 
    -112.01980 -142.99307 
    -111.47905 -143.31573 
    -110.91893 -143.60378 
    -110.34165 -143.85605 
    -109.74950 -144.07152 
    -109.14484 -144.24930 
    -108.53005 -144.38864 
    -107.90760 -144.48900 
    -107.27995 -144.54996 
    -106.64961 -144.57121 
    -106.01910 -144.55269 
    -105.39094 -144.49446 
    -104.76763 -144.39671 
    -104.15167 -144.25984 
    -103.54553 -144.08440 
    -102.95163 -143.87106 
    -102.37234 -143.62068 
    -101.81000 -143.33426 
    -101.26683 -143.01292 
    -100.74502 -142.65799 
    -100.24665 -142.27087 
    -99.77372 -141.85310 
    -99.32810 -141.40637 
    -98.91158 -140.93248 
    -98.52226 -140.43588 
    -98.15858 -139.91960 
    -97.82388 -139.38301 
    -97.52607 -138.82423 
    -97.57599 -138.12352 
    -97.54572 -137.48906 
    -97.51940 -136.87526 
    -97.50316 -136.27579 
    -97.49982 -135.68690 
    -97.51157 -135.10594 
    -97.53871 -134.53102 
    -97.58118 -133.96048 
    -97.61079 -133.38914 
    -97.63874 -132.81210 
    -97.67503 -132.22673 
    -97.72691 -131.63187 
    -97.79447 -131.02502 
    -97.86983 -130.39957 
    -97.95358 -129.75034 
    -98.03438 -129.06361 
    -98.08533 -128.30872 
    -98.09377 -127.45301 
    -98.59510 -126.96733 
    -99.13616 -126.53001 
    -99.70927 -126.14159 
    -100.30692 -125.80106 
    -100.92226 -125.50616 
    -101.54948 -125.25391 
    -102.18395 -125.04102 
    -102.82233 -124.86440 
    -103.46229 -124.72145 
    -104.05687 -124.43295 
    -104.66977 -124.15231 
    -105.30933 -123.92159 
    -105.97236 -123.76633 
    -106.64961 -123.70744 
    -107.32710 -123.76271 
    -107.98646 -123.94877 
    -108.62028 -124.20047 
    -109.22723 -124.49185 
    -109.80387 -124.82321 
    -110.33955 -125.21133 
    -110.80627 -125.69767 
    -111.27477 -126.11788 
    -111.74613 -126.50020 
    -112.22045 -126.86343 
    -112.69741 -127.22049 
    -113.17629 -127.58081 
    -113.65851 -127.94923 
    -114.14275 -128.33217 
    -114.62601 -128.73582 
    -115.10844 -129.16289 
    -115.59331 -129.61418 
    -116.09102 -130.08823 
    -116.62687 -130.58075 
    -117.27167 -131.07970 
    -118.07257 -131.59811 
    -118.40486 -132.28859 
    -118.14477 -133.07884 
    -117.70452 -133.83551 
Cell 2 100 -87.73493 -135.14708 
    -97.51073 -135.14708 
    -97.50024 -135.76146 
    -97.50602 -136.38145 
    -97.52538 -137.01471 
    -97.55427 -137.66826 
    -97.56059 -138.33963 
    -97.45380 -138.99504 
    -97.11079 -139.55902 
    -96.74963 -140.10295 
    -96.36961 -140.62682 
    -95.96980 -141.13007 
    -95.57392 -141.63205 
    -95.17728 -142.13591 
    -94.74763 -142.61484 
    -94.28648 -143.06654 
    -93.79556 -143.48882 
    -93.27673 -143.87956 
    -92.73203 -144.23677 
    -92.16367 -144.55861 
    -91.57397 -144.84338 
    -90.96543 -145.08954 
    -90.34067 -145.29575 
    -89.70238 -145.46080 
    -89.05339 -145.58372 
    -88.39658 -145.66374 
    -87.73493 -145.70033 
    -87.07143 -145.69312 
    -86.40912 -145.64198 
    -85.75103 -145.54704 
    -85.10021 -145.40865 
    -84.45966 -145.22734 
    -83.83234 -145.00389 
    -83.22115 -144.73935 
    -82.62891 -144.43491 
    -82.05832 -144.09200 
    -81.51199 -143.71222 
    -80.99239 -143.29741 
    -80.50182 -142.84955 
    -80.04247 -142.37077 
    -79.61632 -141.86339 
    -79.22517 -141.32979 
    -78.87063 -140.77254 
    -78.55412 -140.19427 
    -78.27056 -139.60068 
    -77.98310 -139.00810 
    -77.72854 -138.39836 
    -77.50847 -137.77278 
    -77.32491 -137.13290 
    -77.18023 -136.48045 
    -77.07713 -135.81761 
    -77.01850 -135.14708 
    -77.00714 -134.47214 
    -77.04562 -133.79671 
    -77.13591 -133.12521 
    -77.27923 -132.46251 
    -77.47583 -131.81369 
    -77.72484 -131.18381 
    -78.02431 -130.57761 
    -78.37122 -129.99934 
    -78.76172 -129.45250 
    -79.19131 -128.93977 
    -79.65518 -128.46292 
    -80.14844 -128.02289 
    -80.66637 -127.61982 
    -81.20469 -127.25337 
    -81.75964 -126.92279 
    -82.32802 -126.62715 
    -82.90298 -126.35780 
    -83.45441 -126.05051 
    -84.02236 -125.77020 
    -84.60561 -125.51601 
    -85.20325 -125.28686 
    -85.81486 -125.08168 
    -86.44037 -124.89955 
    -87.08017 -124.73992 
    -87.73493 -124.60281 
    -88.40764 -124.45477 
    -89.10534 -124.29919 
    -89.81698 -124.23261 
    -90.52518 -124.27979 
    -91.26578 -124.28026 
    -92.02962 -124.29993 
    -92.78463 -124.41592 
    -93.51536 -124.63253 
    -94.26814 -124.85239 
    -95.00613 -125.13914 
    -95.71898 -125.49603 
    -96.39568 -125.92432 
    -97.02524 -126.42290 
    -97.59728 -126.98824 
    -98.09210 -127.62216 
    -98.06631 -128.59059 
    -97.98138 -129.51405 
    -97.87280 -130.37657 
    -97.77826 -131.17064 
    -97.70280 -131.90833 
    -97.65183 -132.60086 
    -97.61695 -133.26198 
    -97.58418 -133.90283 
    -97.53876 -134.53027 
Cell 3 100 -52.86289 -153.73567 
    -62.99395 -153.73567 
    -62.94861 -154.37021 
    -62.86629 -154.99939 
    -62.74768 -155.62129 
    -62.59336 -156.23404 
    -62.40387 -156.83572 
    -62.17970 -157.42445 
    -61.92142 -157.99829 
    -61.62967 -158.55525 
    -61.30617 -159.09393 
    -60.95306 -159.61353 
    -60.56802 -160.10991 
    -60.15257 -160.58115 
    -59.70836 -161.02536 
    -59.23713 -161.44081 
    -58.74074 -161.82584 
    -58.22116 -162.17896 
    -57.68043 -162.49873 
    -57.12068 -162.78394 
    -56.54414 -163.03343 
    -55.95306 -163.24623 
    -55.34979 -163.42151 
    -54.73670 -163.55855 
    -54.11622 -163.65681 
    -53.49080 -163.71594 
    -52.86289 -163.73567 
    -52.23498 -163.71594 
    -51.60955 -163.65681 
    -50.98907 -163.55855 
    -50.37599 -163.42151 
    -49.77272 -163.24623 
    -49.18015 -163.03720 
    -48.60059 -162.79352 
    -48.03616 -162.51547 
    -47.48842 -162.20448 
    -46.95872 -161.86206 
    -46.44813 -161.48978 
    -45.95745 -161.08922 
    -45.48724 -160.66187 
    -45.03794 -160.20903 
    -44.60990 -159.73181 
    -44.20360 -159.23102 
    -43.81976 -158.70718 
    -43.45955 -158.16055 
    -43.12479 -157.59126 
    -42.81802 -156.99945 
    -42.54261 -156.38547 
    -42.30270 -155.75014 
    -42.10307 -155.09496 
    -41.94887 -154.42232 
    -41.84532 -153.73567 
    -41.79721 -153.03947 
    -41.80856 -152.33919 
    -41.88214 -151.64098 
    -42.01923 -150.95149 
    -42.21940 -150.27739 
    -42.48051 -149.62500 
    -42.79886 -148.99989 
    -43.16943 -148.40665 
    -43.58633 -147.84859 
    -44.04319 -147.32779 
    -44.53365 -146.84512 
    -45.05172 -146.40050 
    -45.59205 -145.99301 
    -46.15018 -145.62140 
    -46.72256 -145.28423 
    -47.30647 -144.98016 
    -47.89999 -144.70819 
    -48.50171 -144.46771 
    -49.11063 -144.25856 
    -49.72590 -144.08102 
    -50.34669 -143.93571 
    -50.97204 -143.82349 
    -51.60081 -143.74530 
    -52.23163 -143.70215 
    -52.86289 -143.67651 
    -53.49540 -143.68222 
    -54.12754 -143.72495 
    -54.75733 -143.80464 
    -55.38278 -143.92136 
    -56.00375 -144.06909 
    -56.62026 -144.24564 
    -57.21787 -144.48087 
    -57.79658 -144.76132 
    -58.36517 -145.06548 
    -58.91385 -145.40726 
    -59.43928 -145.78618 
    -59.93808 -146.20137 
    -60.40687 -146.65140 
    -60.84250 -147.13437 
    -61.24212 -147.64780 
    -61.60334 -148.18881 
    -61.92429 -148.75414 
    -62.20370 -149.34023 
    -62.44088 -149.94348 
    -62.63570 -150.56030 
    -62.78843 -151.18723 
    -62.89973 -151.82104 
    -62.97044 -152.45879 
    -63.00153 -153.09781 
Cell 4 100 -61.04169 -132.20782 
    -73.09610 -132.20782 
    -72.93471 -132.95607 
    -72.72351 -133.68358 
    -72.46675 -134.38727 
    -72.16866 -135.06474 
    -71.83334 -135.71425 
    -71.46465 -136.33456 
    -71.06609 -136.92494 
    -70.64082 -137.48500 
    -70.19160 -138.01454 
    -69.72078 -138.51355 
    -69.23036 -138.98209 
    -68.72205 -139.42017 
    -68.19726 -139.82773 
    -67.65723 -140.20464 
    -67.10309 -140.55063 
    -66.53587 -140.86528 
    -65.95663 -141.14807 
    -65.38717 -141.44244 
    -64.82019 -141.75122 
    -64.23149 -142.02504 
    -63.62288 -142.26091 
    -62.99685 -142.45712 
    -62.35604 -142.61198 
    -61.70332 -142.72424 
    -61.04169 -142.79309 
    -60.37415 -142.81810 
    -59.70375 -142.79872 
    -59.03347 -142.73528 
    -58.36615 -142.62837 
    -57.70472 -142.47795 
    -57.05262 -142.28307 
    -56.41478 -142.04051 
    -55.79341 -141.75441 
    -55.19156 -141.42616 
    -54.61227 -141.05716 
    -54.05851 -140.64903 
    -53.53307 -140.20369 
    -53.03859 -139.72324 
    -52.57755 -139.20996 
    -52.15222 -138.66640 
    -51.76464 -138.09521 
    -51.41667 -137.49922 
    -51.10985 -136.88139 
    -50.84553 -136.24477 
    -50.62480 -135.59248 
    -50.44847 -134.92770 
    -50.31709 -134.25365 
    -50.23096 -133.57353 
    -50.19017 -132.89055 
    -50.19452 -132.20782 
    -50.24360 -131.52847 
    -50.33683 -130.85548 
    -50.47339 -130.19182 
    -50.65231 -129.54028 
    -50.87243 -128.90364 
    -51.13249 -128.28450 
    -51.43102 -127.68539 
    -51.76649 -127.10874 
    -52.13721 -126.55687 
    -52.54137 -126.03198 
    -52.97704 -125.53617 
    -53.44219 -125.07142 
    -53.93465 -124.63960 
    -54.45213 -124.24242 
    -54.97124 -123.85257 
    -55.47212 -123.43159 
    -55.99861 -123.03450 
    -56.55019 -122.66291 
    -57.12609 -122.31815 
    -57.72596 -122.00307 
    -58.34891 -121.72015 
    -58.99363 -121.47153 
    -59.65870 -121.26037 
    -60.34225 -121.09052 
    -61.04169 -120.96493 
    -61.75392 -120.88718 
    -62.47520 -120.86043 
    -63.20115 -120.88754 
    -63.93005 -120.95837 
    -64.67490 -121.02596 
    -65.42197 -121.14449 
    -66.16677 -121.31646 
    -66.90418 -121.54400 
    -67.62854 -121.82861 
    -68.33379 -122.17110 
    -69.01358 -122.57146 
    -69.66143 -123.02873 
    -70.27094 -123.54098 
    -70.83598 -124.10529 
    -71.35085 -124.71777 
    -71.81055 -125.37370 
    -72.21082 -126.06754 
    -72.54839 -126.79318 
    -72.82098 -127.54408 
    -73.02741 -128.31343 
    -73.16755 -129.09444 
    -73.24227 -129.88043 
    -73.25341 -130.66513 
    -73.20359 -131.44266 
Cell 5 100 -5.36982 -141.41487 
    -15.79973 -141.41487 
    -15.81738 -142.07217 
    -15.79167 -142.73146 
    -15.72231 -143.38971 
    -15.60923 -144.04390 
    -15.45260 -144.69096 
    -15.25282 -145.32782 
    -15.01053 -145.95145 
    -14.72660 -146.55881 
    -14.40214 -147.14696 
    -14.03846 -147.71301 
    -13.63716 -148.25421 
    -13.19998 -148.76788 
    -12.72891 -149.25150 
    -12.22612 -149.70271 
    -11.69396 -150.11931 
    -11.13498 -150.49930 
    -10.55179 -150.84084 
    -9.94721 -151.14233 
    -9.32416 -151.40240 
    -8.68565 -151.61993 
    -8.03471 -151.79395 
    -7.37451 -151.92383 
    -6.70819 -152.00914 
    -6.03890 -152.04967 
    -5.36982 -152.04549 
    -4.70405 -151.99690 
    -4.04468 -151.90440 
    -3.39470 -151.76881 
    -2.75702 -151.59103 
    -2.13445 -151.37231 
    -1.52968 -151.11397 
    -0.94524 -150.81757 
    -0.38356 -150.48485 
    0.15315 -150.11768 
    0.66279 -149.71805 
    1.14348 -149.28810 
    1.59350 -148.83005 
    1.97609 -148.31314 
    2.31090 -147.76891 
    2.60950 -147.21219 
    2.89741 -146.66142 
    3.17278 -146.11121 
    3.43449 -145.55786 
    3.68190 -144.99870 
    3.91556 -144.43187 
    4.13779 -143.85602 
    4.34918 -143.26888 
    4.55356 -142.66849 
    4.75817 -142.05208 
    4.97777 -141.41487 
    5.46346 -140.73329 
    5.99091 -139.97968 
    6.21196 -139.20554 
    6.35863 -138.40352 
    6.40538 -137.58888 
    6.32582 -136.78424 
    6.10325 -136.01605 
    5.73430 -135.31033 
    5.22998 -134.68803 
    4.61373 -134.16141 
    3.91705 -133.73210 
    3.17394 -133.39174 
    2.41544 -133.12442 
    1.66557 -132.91055 
    0.93949 -132.73085 
    0.24356 -132.56961 
    -0.39737 -132.37003 
    -0.98888 -132.10489 
    -1.59346 -131.87689 
    -2.20880 -131.68623 
    -2.83261 -131.53310 
    -3.44964 -131.34894 
    -4.07268 -131.14699 
    -4.71212 -130.96097 
    -5.36982 -130.65677 
    -6.10118 -129.79027 
    -6.76606 -130.36250 
    -7.44376 -130.54291 
    -8.12889 -130.66898 
    -8.78846 -130.89339 
    -9.41411 -131.20018 
    -10.02468 -131.52280 
    -10.62123 -131.86259 
    -11.20410 -132.22151 
    -11.73638 -132.65205 
    -12.19565 -133.16385 
    -12.59561 -133.72018 
    -12.96379 -134.28366 
    -13.30642 -134.84914 
    -13.62746 -135.41534 
    -13.92831 -135.98349 
    -14.20813 -136.55597 
    -14.52971 -137.10455 
    -14.82574 -137.67101 
    -15.08595 -138.25792 
    -15.30876 -138.86299 
    -15.49273 -139.48383 
    -15.63659 -140.11787 
    -15.73923 -140.76248 
Cell 6 100 11.98228 -149.76186 
    1.26638 -149.76186 
    1.13077 -150.44458 
    1.08954 -151.13792 
    1.12889 -151.83224 
    1.23445 -152.52142 
    1.39698 -153.20122 
    1.61301 -153.86734 
    1.87579 -154.51761 
    2.18340 -155.14883 
    2.53436 -155.75769 
    2.92691 -156.34096 
    3.35903 -156.89561 
    3.82849 -157.41878 
    4.33277 -157.90776 
    4.86918 -158.36011 
    5.43486 -158.77361 
    6.02672 -159.14630 
    6.64163 -159.47646 
    7.27623 -159.76270 
    7.92718 -160.00386 
    8.59102 -160.19907 
    9.26427 -160.34781 
    9.94345 -160.44974 
    10.62511 -160.50494 
    11.30583 -160.51364 
    11.98228 -160.47650 
    12.65121 -160.39423 
    13.30950 -160.26793 
    13.95417 -160.09888 
    14.58238 -159.88861 
    15.19150 -159.63882 
    15.77902 -159.35133 
    16.36673 -159.07928 
    16.96375 -158.82314 
    17.54789 -158.53186 
    18.11714 -158.20578 
    18.66943 -157.84523 
    19.20251 -157.45062 
    19.71401 -157.02245 
    20.20141 -156.56131 
    20.66202 -156.06805 
    21.09303 -155.54372 
    21.49154 -154.98962 
    21.85459 -154.40741 
    22.17921 -153.79910 
    22.46253 -153.16710 
    22.70184 -152.51418 
    22.89462 -151.84349 
    23.03873 -151.15862 
    23.13236 -150.46336 
    23.17422 -149.76186 
    23.16348 -149.05840 
    23.09990 -148.35738 
    22.98380 -147.66321 
    22.81604 -146.98021 
    22.59807 -146.31258 
    22.33179 -145.66420 
    22.01956 -145.03867 
    21.66413 -144.43921 
    21.26849 -143.86864 
    20.83587 -143.32935 
    20.36960 -142.82326 
    19.87305 -142.35193 
    19.34955 -141.91650 
    18.80235 -141.51781 
    18.23454 -141.15636 
    17.64906 -140.83243 
    17.04865 -140.54614 
    16.43588 -140.29747 
    15.81311 -140.08627 
    15.18255 -139.91243 
    14.54627 -139.77574 
    13.90624 -139.67606 
    13.29410 -139.37766 
    12.65776 -139.02539 
    11.98227 -138.63312 
    11.25708 -138.23517 
    10.48281 -137.89241 
    9.67749 -137.67973 
    8.87601 -137.66376 
    8.12141 -137.87933 
    7.45065 -138.31627 
    6.88177 -138.92273 
    6.40894 -139.62401 
    5.96331 -140.27748 
    5.44325 -140.76166 
    5.02372 -141.35040 
    4.75402 -142.06456 
    4.52329 -142.75740 
    4.29971 -143.40628 
    4.07556 -144.01729 
    3.84672 -144.59888 
    3.61073 -145.15956 
    3.36419 -145.70650 
    3.10481 -146.24701 
    2.83102 -146.78844 
    2.54201 -147.33801 
    2.22939 -147.90140 
    1.86914 -148.48427 
    1.50896 -149.10294 
Cell 7 100 34.97818 -129.23909 
    24.56111 -129.23909 
    24.54096 -129.89574 
    24.56410 -130.55469 
    24.63087 -131.21294 
    24.74137 -131.86746 
    24.89547 -132.51515 
    25.09281 -133.15298 
    25.33280 -133.77786 
    25.61460 -134.38676 
    25.93713 -134.97672 
    26.29908 -135.54482 
    26.69894 -136.08827 
    27.13495 -136.60437 
    27.60515 -137.09056 
    28.10739 -137.54445 
    28.63932 -137.96378 
    29.19843 -138.34651 
    29.78205 -138.69081 
    30.38740 -138.99500 
    31.01154 -139.25766 
    31.65147 -139.47763 
    32.30410 -139.65393 
    32.96627 -139.78589 
    33.63480 -139.87300 
    34.30650 -139.91510 
    34.97818 -139.91217 
    35.64667 -139.86452 
    36.30887 -139.77263 
    36.96174 -139.63730 
    37.60231 -139.45943 
    38.22775 -139.24025 
    38.83532 -138.98111 
    39.42242 -138.68359 
    39.98662 -138.34943 
    40.52565 -137.98050 
    41.03738 -137.57886 
    41.51990 -137.14667 
    41.97148 -136.68620 
    42.44290 -136.24893 
    42.89589 -135.78920 
    43.32401 -135.30269 
    43.72589 -134.79056 
    44.10012 -134.25392 
    44.44523 -133.69395 
    44.75967 -133.11186 
    45.04178 -132.50896 
    45.28981 -131.88667 
    45.50193 -131.24660 
    45.67619 -130.59056 
    45.81064 -129.92061 
    45.90331 -129.23909 
    45.95228 -128.54866 
    45.95575 -127.85230 
    45.91211 -127.15333 
    45.82002 -126.45538 
    45.67847 -125.76235 
    45.48687 -125.07841 
    45.24508 -124.40785 
    44.95350 -123.75510 
    44.61309 -123.12459 
    44.22535 -122.52062 
    43.79236 -121.94736 
    43.31673 -121.40867 
    42.80154 -120.90805 
    42.25033 -120.44857 
    41.73313 -119.94169 
    41.17762 -119.47034 
    40.56822 -119.07084 
    39.91347 -118.75106 
    39.22407 -118.51518 
    38.51190 -118.36340 
    37.78891 -118.29200 
    37.06607 -118.29397 
    36.35254 -118.35986 
    35.65879 -118.42106 
    34.97818 -118.25133 
    34.27809 -118.11153 
    33.56043 -118.01647 
    32.82939 -117.97474 
    32.09114 -117.99484 
    31.35377 -118.08430 
    30.62682 -118.24883 
    29.92075 -118.49151 
    29.24606 -118.81241 
    28.70713 -119.35750 
    28.27492 -120.01286 
    27.88610 -120.66624 
    27.54280 -121.32122 
    27.25926 -121.99054 
    27.01460 -122.65105 
    26.78314 -123.28505 
    26.56524 -123.90008 
    26.35907 -124.50070 
    26.16153 -125.09029 
    25.96590 -125.67088 
    25.76999 -126.24718 
    25.56886 -126.82319 
    25.35535 -127.40343 
    25.11930 -127.99363 
    24.81658 -128.59978 
Cell 8 100 46.42635 -147.95924 
    36.39458 -147.95924 
    36.41665 -148.58900 
    36.46979 -149.21706 
    36.56056 -149.84125 
    36.69038 -150.45901 
    36.85905 -151.06784 
    37.06601 -151.66527 
    37.31050 -152.24883 
    37.59162 -152.81618 
    37.90831 -153.36494 
    38.25935 -153.89291 
    38.64339 -154.39786 
    39.05892 -154.87772 
    39.50429 -155.33047 
    39.97775 -155.75426 
    40.47738 -156.14729 
    41.00119 -156.50792 
    41.54704 -156.83466 
    42.11275 -157.12610 
    42.69599 -157.38104 
    43.29439 -157.59842 
    43.90549 -157.77731 
    44.52681 -157.91696 
    45.15578 -158.01680 
    45.78983 -158.07642 
    46.42635 -158.09555 
    47.06272 -158.07416 
    47.69635 -158.01234 
    48.32462 -157.91037 
    48.94498 -157.76866 
    49.55488 -157.58788 
    50.15184 -157.36876 
    50.73343 -157.11227 
    51.29731 -156.81950 
    51.84119 -156.49168 
    52.36290 -156.13020 
    52.86034 -155.73662 
    53.33155 -155.31255 
    53.77466 -154.85977 
    54.18793 -154.38019 
    54.56978 -153.87579 
    54.91871 -153.34866 
    55.23341 -152.80096 
    55.51269 -152.23495 
    55.75552 -151.65292 
    55.96102 -151.05725 
    56.12847 -150.45033 
    56.25729 -149.83459 
    56.34755 -149.21259 
    56.40778 -148.58722 
    56.42863 -147.95924 
    56.41000 -147.33113 
    56.35195 -146.70535 
    56.25469 -146.08438 
    56.11859 -145.47070 
    55.94419 -144.86671 
    55.73215 -144.27481 
    55.48332 -143.69736 
    55.19865 -143.13663 
    54.88149 -142.59344 
    54.53505 -142.06793 
    54.16008 -141.56134 
    53.75893 -141.07349 
    53.33373 -140.60362 
    52.88596 -140.15091 
    52.41617 -139.71495 
    51.92375 -139.29672 
    51.40711 -138.89926 
    50.86421 -138.52829 
    50.39428 -137.93739 
    49.90033 -137.26741 
    49.19792 -137.16467 
    48.42281 -137.49341 
    47.76139 -137.39130 
    47.09322 -137.35965 
    46.42635 -137.21765 
    45.74876 -137.18932 
    45.09554 -137.42482 
    44.48676 -137.79160 
    43.87810 -138.03448 
    43.28066 -138.27782 
    42.69892 -138.54483 
    42.13270 -138.83479 
    41.58253 -139.14838 
    41.04968 -139.48698 
    40.53601 -139.85190 
    40.04373 -140.24399 
    39.57317 -140.66135 
    39.12910 -141.10667 
    38.71394 -141.57899 
    38.32933 -142.07642 
    37.97677 -142.59698 
    37.65765 -143.13861 
    37.37322 -143.69917 
    37.12460 -144.27643 
    36.90162 -144.86447 
    36.67486 -145.45549 
    36.50314 -146.06630 
    36.41654 -146.69472 
    36.39268 -147.32797 
Cell 9 100 68.44460 -150.37175 
    57.61327 -150.37175 
    57.59360 -151.05444 
    57.60260 -151.74141 
    57.65273 -152.43040 
    57.74890 -153.11794 
    57.90290 -153.79695 
    58.10369 -154.46600 
    58.35077 -155.12155 
    58.64327 -155.76007 
    58.98004 -156.37814 
    59.35961 -156.97238 
    59.78023 -157.53954 
    60.23980 -158.07657 
    60.73599 -158.58058 
    61.26625 -159.04889 
    61.82776 -159.47905 
    62.41755 -159.86885 
    63.03246 -160.21638 
    63.66919 -160.52000 
    64.32430 -160.77841 
    64.99429 -160.99069 
    65.67564 -161.15611 
    66.36481 -161.27440 
    67.05827 -161.34567 
    67.75262 -161.37044 
    68.44460 -161.34937 
    69.13112 -161.28375 
    69.80937 -161.17505 
    70.47681 -161.02501 
    71.13128 -160.83571 
    71.77097 -160.60930 
    72.39450 -160.34807 
    73.00085 -160.05429 
    73.58939 -159.73010 
    74.15973 -159.37737 
    74.71176 -158.99776 
    75.24529 -158.59238 
    75.76021 -158.16208 
    76.25588 -157.70705 
    76.73139 -157.22719 
    77.18509 -156.72209 
    77.61465 -156.19125 
    78.01685 -155.63414 
    78.38499 -155.04935 
    78.70316 -154.43341 
    78.98405 -153.79622 
    79.22498 -153.13968 
    79.41572 -152.46460 
    79.54912 -151.77458 
    79.62193 -151.07497 
    79.63155 -150.37175 
    79.57616 -149.67142 
    79.45659 -148.98061 
    79.27496 -148.30574 
    79.03461 -147.65269 
    78.74183 -147.02597 
    78.60107 -146.35051 
    78.41937 -145.67798 
    78.19280 -145.01263 
    77.91981 -144.35860 
    77.59923 -143.72052 
    77.23045 -143.10345 
    76.81356 -142.51277 
    76.34943 -141.95396 
    75.83978 -141.43251 
    75.28727 -140.95361 
    74.69540 -140.52206 
    74.06846 -140.14198 
    73.41143 -139.81668 
    72.72979 -139.54858 
    72.02932 -139.33910 
    71.31593 -139.18861 
    70.59545 -139.09656 
    69.87342 -139.06146 
    69.15495 -139.08110 
    68.44460 -139.15266 
    67.74632 -139.27290 
    67.06339 -139.43839 
    66.39846 -139.64555 
    65.75359 -139.89098 
    65.13032 -140.17145 
    64.52978 -140.48405 
    63.95279 -140.82619 
    63.40001 -141.19568 
    62.87195 -141.59067 
    62.36915 -142.00961 
    61.89217 -142.45123 
    61.44170 -142.91441 
    60.90938 -143.29572 
    60.36342 -143.68642 
    59.81345 -144.10086 
    59.26945 -144.54903 
    58.74978 -145.04198 
    58.27939 -145.58836 
    57.88564 -146.19116 
    57.59220 -146.84560 
    57.41324 -147.53938 
    57.34977 -148.25529 
    57.38962 -148.97519 
    57.51100 -149.68387 
Cell 10 100 83.08852 -131.68405 
    71.88564 -131.68405 
    71.59254 -132.40730 
    71.17971 -133.18848 
    71.39518 -133.91467 
    71.82343 -134.57643 
    72.28023 -135.19588 
    72.75210 -135.77652 
    73.22960 -136.32330 
    73.70735 -136.84138 
    74.18355 -137.33531 
    74.65912 -137.80836 
    75.13673 -138.26234 
    75.61990 -138.69754 
    76.11224 -139.11304 
    76.61686 -139.50694 
    77.13609 -139.87686 
    77.67133 -140.22017 
    78.22309 -140.53421 
    78.79106 -140.81660 
    79.37424 -141.06522 
    79.97117 -141.27827 
    80.57994 -141.45430 
    81.19843 -141.59221 
    81.82433 -141.69112 
    82.45517 -141.75082 
    83.08852 -141.77307 
    83.72218 -141.75589 
    84.35377 -141.69952 
    84.98090 -141.60431 
    85.60133 -141.47079 
    86.21283 -141.29970 
    86.81332 -141.09183 
    87.40080 -140.84813 
    87.97343 -140.56967 
    88.52946 -140.25760 
    89.06730 -139.91313 
    89.58548 -139.53754 
    90.08266 -139.13205 
    90.55757 -138.69797 
    91.00907 -138.23651 
    91.43606 -137.74890 
    91.83743 -137.23628 
    92.21213 -136.69980 
    92.55900 -136.14052 
    92.87682 -135.55951 
    93.16428 -134.95787 
    93.41988 -134.33670 
    93.64201 -133.69724 
    93.82887 -133.04088 
    93.97853 -132.36919 
    94.08893 -131.68405 
    94.15791 -130.98763 
    94.18330 -130.28246 
    94.16300 -129.57147 
    94.09504 -128.85806 
    93.97766 -128.14595 
    93.80948 -127.43932 
    93.58951 -126.74266 
    93.31730 -126.06073 
    92.99299 -125.39848 
    92.61738 -124.76093 
    92.18427 -124.15939 
    91.54594 -123.74200 
    90.88966 -123.37669 
    90.12970 -123.17272 
    89.38616 -123.01610 
    88.70106 -122.84010 
    88.04945 -122.66014 
    87.41888 -122.48154 
    86.80123 -122.30680 
    86.19080 -122.13622 
    85.58325 -121.96770 
    84.97454 -121.79716 
    84.35989 -121.62014 
    83.73380 -121.42767 
    83.08852 -121.20368 
    82.41312 -120.94904 
    81.71546 -120.81521 
    81.05318 -121.01443 
    80.40967 -121.25061 
    79.78645 -121.52135 
    79.18481 -121.82443 
    78.60582 -122.15783 
    78.05038 -122.51971 
    77.51933 -122.90842 
    76.96574 -123.25677 
    76.34428 -123.53167 
    75.71136 -123.82818 
    75.06682 -124.15118 
    74.55493 -124.62445 
    74.26498 -125.27338 
    73.98164 -125.90465 
    73.73312 -126.54088 
    73.48682 -127.16584 
    73.23493 -127.78275 
    72.98864 -128.40240 
    72.75496 -129.03084 
    72.53603 -129.67105 
    72.32779 -130.32466 
    72.11829 -130.99385 
Cell 11 100 120.28509 -140.48404 
    110.12006 -140.48404 
    110.13062 -141.12291 
    110.18202 -141.76036 
    110.27413 -142.39374 
    110.40666 -143.02039 
    110.57915 -143.63770 
    110.79093 -144.24304 
    111.04121 -144.83388 
    111.32896 -145.40771 
    111.65303 -145.96211 
    112.01208 -146.49472 
    112.40465 -147.00331 
    112.82908 -147.48570 
    113.28359 -147.93988 
    113.76628 -148.36392 
    114.27511 -148.75607 
    114.80791 -149.11469 
    115.36244 -149.43829 
    115.93636 -149.72557 
    116.52721 -149.97536 
    117.13251 -150.18666 
    117.74971 -150.35869 
    118.37621 -150.49077 
    119.00936 -150.58246 
    119.64654 -150.63348 
    120.28509 -150.64374 
    120.92237 -150.61334 
    121.55578 -150.54257 
    122.18274 -150.43190 
    122.80079 -150.28204 
    123.40752 -150.09392 
    124.00073 -149.86868 
    124.57836 -149.60771 
    125.13867 -149.31268 
    125.68024 -148.98544 
    126.20210 -148.62811 
    126.70377 -148.24289 
    127.18531 -147.83203 
    127.64735 -147.39766 
    128.09094 -146.94160 
    128.51738 -146.46515 
    128.92789 -145.96893 
    129.32318 -145.45277 
    129.70299 -144.91577 
    130.06554 -144.35638 
    130.40714 -143.77289 
    130.72203 -143.16379 
    131.00244 -142.52849 
    131.23906 -141.86784 
    131.42174 -141.18469 
    131.54060 -140.48404 
    131.58717 -139.77296 
    131.55545 -139.06026 
    131.44273 -138.35561 
    131.57159 -137.58615 
    131.75830 -136.75616 
    131.40004 -136.08331 
    130.60591 -135.62743 
    129.81567 -135.24455 
    129.34161 -134.73660 
    128.84216 -134.26697 
    128.32538 -133.83253 
    127.79714 -133.42975 
    127.26117 -133.05527 
    126.71928 -132.70644 
    126.19647 -132.34772 
    125.68001 -131.98300 
    125.14467 -131.64449 
    124.59236 -131.33063 
    124.02409 -131.04039 
    123.43992 -130.77446 
    122.83920 -130.53644 
    122.22144 -130.33333 
    121.58742 -130.17500 
    120.94015 -130.07217 
    120.28509 -130.03360 
    119.62948 -130.06346 
    118.95857 -129.98360 
    118.23822 -129.75400 
    117.47773 -129.55011 
    116.70534 -129.46671 
    115.97227 -129.59111 
    115.33071 -129.95546 
    114.80579 -130.51724 
    114.38271 -131.18340 
    114.01878 -131.85922 
    113.66956 -132.48723 
    113.30910 -133.05537 
    112.93410 -133.58099 
    112.55531 -134.08942 
    112.16135 -134.58180 
    111.79498 -135.09605 
    111.46137 -135.63316 
    111.16199 -136.19104 
    110.89822 -136.76752 
    110.67124 -137.36031 
    110.48213 -137.96707 
    110.33179 -138.58534 
    110.22097 -139.21265 
    110.15025 -139.84641 
Cell 12 100 -119.53561 -121.66611 
    -129.54720 -121.66611 
    -129.52509 -122.29459 
    -129.93594 -122.97997 
    -130.29198 -123.71799 
    -130.58702 -124.50363 
    -130.81566 -125.33121 
    -130.97299 -126.19449 
    -131.05513 -127.08678 
    -131.05872 -128.00099 
    -130.98151 -128.92990 
    -130.82152 -129.86580 
    -130.57793 -130.80110 
    -130.25047 -131.72803 
    -129.83960 -132.63875 
    -126.82686 -130.47971 
    -125.59472 -130.00575 
    -124.85931 -130.05492 
    -124.26894 -130.27599 
    -123.70360 -130.52351 
    -123.13641 -130.76067 
    -122.55386 -130.95532 
    -121.95853 -131.10271 
    -121.35823 -131.22060 
    -120.75568 -131.32387 
    -120.14869 -131.41060 
    -119.53561 -131.46283 
    -118.91628 -131.51027 
    -118.24629 -131.87216 
    -117.68842 -131.34946 
    -117.14398 -130.98090 
    -116.63662 -130.58829 
    -116.17170 -130.16238 
    -115.73295 -129.74718 
    -115.31071 -129.35117 
    -114.89687 -128.97560 
    -114.48483 -128.61790 
    -114.06913 -128.27396 
    -113.64503 -127.93894 
    -113.20982 -127.60643 
    -112.76241 -127.26939 
    -112.30007 -126.92303 
    -111.82416 -126.55994 
    -111.34066 -126.17133 
    -110.86196 -125.74762 
    -110.40614 -125.28072 
    -109.80857 -124.82661 
    -108.98430 -124.37523 
    -107.81828 -123.90131 
    -105.98306 -123.37819 
    -106.34354 -122.49608 
    -106.76220 -121.66611 
    -107.12471 -120.88528 
    -107.43735 -120.13774 
    -107.76790 -119.42130 
    -107.77969 -118.64770 
    -108.04094 -117.93126 
    -108.61040 -117.34052 
    -109.34438 -116.87048 
    -110.08429 -116.47019 
    -110.69102 -116.05315 
    -110.95398 -115.43118 
    -111.25024 -114.81184 
    -111.58579 -114.20073 
    -111.96696 -113.60630 
    -112.39920 -113.03967 
    -112.88599 -112.51368 
    -113.42777 -112.04169 
    -114.02141 -111.63580 
    -114.66023 -111.30539 
    -115.33467 -111.05573 
    -116.03340 -110.88740 
    -116.74475 -110.79639 
    -117.45802 -110.77493 
    -118.16453 -110.81283 
    -118.85821 -110.89908 
    -119.53561 -111.02337 
    -120.19552 -111.17722 
    -120.83826 -111.35462 
    -121.46494 -111.55221 
    -122.07678 -111.76890 
    -122.67458 -112.00536 
    -123.25845 -112.26331 
    -123.82774 -112.54487 
    -124.38116 -112.85208 
    -124.91692 -113.18654 
    -125.43381 -113.54794 
    -125.93143 -113.93488 
    -126.40366 -114.35238 
    -126.84861 -114.79874 
    -127.26451 -115.27221 
    -127.64972 -115.77087 
    -128.00272 -116.29272 
    -128.32210 -116.83570 
    -128.60661 -117.39761 
    -128.85516 -117.97623 
    -129.06677 -118.56925 
    -129.24060 -119.17429 
    -129.37599 -119.78896 
    -129.47244 -120.41080 
    -129.52957 -121.03734 
Cell 13 100 -75.41530 -106.93943 
    -85.17706 -106.93943 
    -85.30045 -107.56135 
    -85.50142 -108.21360 
    -85.45404 -108.85442 
    -85.32427 -109.48362 
    -85.15425 -110.10381 
    -84.94456 -110.71233 
    -84.69602 -111.30660 
    -84.40955 -111.88406 
    -84.08633 -112.44223 
    -83.72765 -112.97871 
    -83.33498 -113.49117 
    -82.90999 -113.97742 
    -82.45444 -114.43535 
    -81.97026 -114.86301 
    -81.45951 -115.25858 
    -80.92439 -115.62035 
    -80.36716 -115.94682 
    -79.79022 -116.23662 
    -79.19606 -116.48854 
    -78.58721 -116.70156 
    -77.96628 -116.87485 
    -77.33593 -117.00774 
    -76.69884 -117.09976 
    -76.05773 -117.15063 
    -75.41530 -117.16023 
    -74.77425 -117.12866 
    -74.13725 -117.05619 
    -73.50697 -116.94327 
    -72.88597 -116.79052 
    -72.27679 -116.59877 
    -71.68188 -116.36898 
    -71.10358 -116.10229 
    -70.54416 -115.80000 
    -69.99352 -115.48280 
    -69.44949 -115.15066 
    -68.92399 -114.78608 
    -68.41888 -114.38986 
    -67.93610 -113.96287 
    -67.47764 -113.50603 
    -67.04560 -113.02037 
    -66.64216 -112.50703 
    -66.26958 -111.96733 
    -65.93019 -111.40278 
    -65.62637 -110.81514 
    -65.36044 -110.20645 
    -65.13473 -109.57903 
    -64.95136 -108.93553 
    -64.81232 -108.27890 
    -64.71926 -107.61237 
    -64.67355 -106.93943 
    -64.67612 -106.26378 
    -64.72748 -105.58924 
    -64.82764 -104.91972 
    -64.97614 -104.25911 
    -65.17202 -103.61118 
    -65.41385 -102.97958 
    -65.69981 -102.36767 
    -65.96250 -101.74271 
    -66.22709 -101.10841 
    -66.53249 -100.48569 
    -66.87974 -99.87820 
    -67.26956 -99.29007 
    -67.70226 -98.72588 
    -68.17759 -98.19054 
    -68.69460 -97.68919 
    -69.25159 -97.22697 
    -69.84600 -96.80891 
    -70.47449 -96.43967 
    -71.13293 -96.12338 
    -71.81649 -95.86343 
    -72.51984 -95.66236 
    -73.23725 -95.52171 
    -73.96284 -95.44201 
    -74.69073 -95.42279 
    -75.41530 -95.46260 
    -76.13129 -95.55914 
    -76.83398 -95.70943 
    -77.51929 -95.90995 
    -78.18380 -96.15682 
    -78.82481 -96.44604 
    -79.44023 -96.77362 
    -80.02858 -97.13572 
    -80.58885 -97.52878 
    -81.12041 -97.94961 
    -81.62291 -98.39539 
    -82.09604 -98.86380 
    -82.41055 -99.49025 
    -82.67778 -100.11951 
    -82.96874 -100.69068 
    -83.31161 -101.20242 
    -83.66302 -101.70527 
    -83.99198 -102.22436 
    -84.28954 -102.76353 
    -84.51392 -103.33703 
    -84.67737 -103.93000 
    -84.80313 -104.52905 
    -84.91142 -105.12794 
    -85.00878 -105.72749 
    -85.09753 -106.33028 
Cell 14 100 -50.32758 -113.80789 
    -60.91938 -113.80789 
    -60.90671 -114.47347 
    -60.85408 -115.13770 
    -60.76070 -115.79812 
    -60.62601 -116.45208 
    -60.44978 -117.09679 
    -60.23209 -117.72936 
    -59.97338 -118.34686 
    -59.67447 -118.94639 
    -59.33646 -119.52510 
    -58.96075 -120.08025 
    -58.54897 -120.60921 
    -58.10302 -121.10951 
    -57.59454 -121.54642 
    -57.05280 -121.93728 
    -56.49554 -122.29736 
    -55.93094 -122.63737 
    -55.35784 -122.95789 
    -54.77263 -123.25410 
    -54.17262 -123.51933 
    -53.55687 -123.74660 
    -52.92748 -123.93384 
    -52.28581 -124.07330 
    -51.63599 -124.16504 
    -50.98199 -124.20942 
    -50.32758 -124.23770 
    -49.67007 -124.25871 
    -49.00916 -124.24428 
    -48.34625 -124.19438 
    -47.68273 -124.10889 
    -47.02000 -123.98759 
    -46.35950 -123.83013 
    -45.70280 -123.63605 
    -45.12433 -123.27257 
    -44.80378 -122.51202 
    -44.45609 -121.88930 
    -44.09052 -121.34721 
    -43.71535 -120.84921 
    -43.33428 -120.37504 
    -42.94860 -119.91232 
    -42.55443 -119.45541 
    -42.15396 -118.99503 
    -41.74480 -118.52631 
    -41.32134 -118.04591 
    -40.87556 -117.55021 
    -40.39452 -117.03534 
    -39.85651 -116.49641 
    -39.22306 -115.92619 
    -38.49159 -115.30312 
    -37.86592 -114.59191 
    -37.81386 -113.80789 
    -37.82679 -113.02141 
    -37.90503 -112.23856 
    -38.04795 -111.46542 
    -38.25410 -110.70795 
    -38.52119 -109.97176 
    -38.84618 -109.26208 
    -39.22537 -108.58359 
    -39.65455 -107.94035 
    -40.12908 -107.33572 
    -40.64405 -106.77240 
    -41.19447 -106.25233 
    -41.77532 -105.77678 
    -42.38170 -105.34639 
    -43.00899 -104.96124 
    -43.56897 -104.50546 
    -44.14238 -104.06158 
    -44.78992 -103.73492 
    -45.49000 -103.52752 
    -46.21660 -103.42474 
    -46.94599 -103.40042 
    -47.66170 -103.42497 
    -48.34265 -103.40253 
    -49.01016 -103.37946 
    -49.67219 -103.39078 
    -50.32758 -103.43576 
    -50.97523 -103.51382 
    -51.61404 -103.62447 
    -52.24290 -103.76741 
    -52.87226 -103.89703 
    -53.50947 -104.01505 
    -54.14571 -104.16438 
    -54.77914 -104.34785 
    -55.40653 -104.56932 
    -56.02308 -104.83322 
    -56.62233 -105.14391 
    -57.19651 -105.50478 
    -57.73716 -105.91750 
    -58.23599 -106.38140 
    -58.68589 -106.89330 
    -59.08171 -107.44765 
    -59.42087 -108.03712 
    -59.70350 -108.65344 
    -59.93998 -109.28465 
    -60.19457 -109.90128 
    -60.40981 -110.53197 
    -60.58681 -111.17377 
    -60.72626 -111.82423 
    -60.82842 -112.48133 
    -60.89300 -113.14317 
Cell 15 100 -60.57257 -87.90738 
    -71.04865 -87.90738 
    -70.93636 -88.55941 
    -70.83765 -89.20416 
    -70.73057 -89.84512 
    -70.58584 -90.47835 
    -70.40424 -91.10188 
    -70.18651 -91.71381 
    -69.93334 -92.31222 
    -69.64544 -92.89523 
    -69.32351 -93.46089 
    -68.96828 -94.00722 
    -68.58060 -94.53220 
    -68.16140 -95.03376 
    -67.71175 -95.50982 
    -67.23286 -95.95829 
    -66.72617 -96.37708 
    -66.19327 -96.76417 
    -65.63593 -97.11759 
    -65.05617 -97.43550 
    -64.45614 -97.71615 
    -63.83821 -97.95797 
    -63.20488 -98.15955 
    -62.55883 -98.31967 
    -61.90282 -98.43734 
    -61.23975 -98.51176 
    -60.57257 -98.54237 
    -59.90433 -98.52885 
    -59.23806 -98.47113 
    -58.57684 -98.36937 
    -57.92373 -98.22395 
    -57.28174 -98.03552 
    -56.65385 -97.80495 
    -56.04295 -97.53333 
    -55.45184 -97.22196 
    -54.88321 -96.87238 
    -54.33963 -96.48630 
    -53.82352 -96.06559 
    -53.33713 -95.61235 
    -52.88257 -95.12878 
    -52.46175 -94.61724 
    -52.07638 -94.08023 
    -51.66749 -93.55872 
    -51.27234 -93.02023 
    -50.91065 -92.45393 
    -50.58593 -91.86137 
    -50.30170 -91.24458 
    -50.06145 -90.60618 
    -49.86837 -89.94932 
    -49.72528 -89.27771 
    -49.63446 -88.59555 
    -49.59746 -87.90738 
    -49.61510 -87.21799 
    -49.68733 -86.53226 
    -49.81331 -85.85494 
    -49.99138 -85.19059 
    -50.21920 -84.54337 
    -50.49387 -83.91694 
    -50.81208 -83.31444 
    -51.17025 -82.73841 
    -51.56472 -82.19082 
    -51.54156 -81.34597 
    -51.06818 -80.04466 
    -52.50145 -80.32809 
    -53.43618 -80.30789 
    -53.96228 -79.91691 
    -54.45521 -79.48755 
    -54.94298 -79.03656 
    -55.45588 -78.60014 
    -55.99475 -78.17900 
    -56.56071 -77.77458 
    -57.15503 -77.38924 
    -57.77882 -77.02641 
    -58.43285 -76.69055 
    -59.11724 -76.38726 
    -59.83117 -76.12302 
    -60.57257 -75.90501 
    -61.33804 -75.74074 
    -62.12260 -75.63766 
    -62.91983 -75.60265 
    -63.72190 -75.64159 
    -64.51988 -75.75881 
    -65.30412 -75.95686 
    -66.06465 -76.23611 
    -66.79176 -76.59474 
    -67.47641 -77.02869 
    -68.11079 -77.53191 
    -68.68865 -78.09673 
    -69.20557 -78.71416 
    -69.65908 -79.37458 
    -70.04861 -80.06812 
    -70.37540 -80.78521 
    -70.64214 -81.51704 
    -70.85267 -82.25585 
    -71.01155 -82.99517 
    -71.12368 -83.72990 
    -71.19389 -84.45631 
    -71.22665 -85.17188 
    -71.22581 -85.87517 
    -71.19449 -86.56552 
    -71.13494 -87.24285 
Cell 16 100 -34.22568 -124.49066 
    -45.17677 -124.49066 
    -45.08481 -125.17386 
    -44.94141 -125.84438 
    -44.75138 -126.49854 
    -44.51966 -127.13371 
    -44.25095 -127.74807 
    -43.99320 -128.35789 
    -43.71605 -128.95648 
    -43.41014 -129.53986 
    -43.07567 -130.10704 
    -42.72661 -130.66695 
    -42.34163 -131.20476 
    -41.92372 -131.71960 
    -41.47411 -132.20946 
    -40.99441 -132.67265 
    -40.48645 -133.10786 
    -39.95045 -133.51146 
    -39.38798 -133.88084 
    -38.80091 -134.21352 
    -38.19095 -134.50578 
    -37.56108 -134.75597 
    -36.91449 -134.96286 
    -36.25434 -135.12526 
    -35.58389 -135.24199 
    -34.90655 -135.31270 
    -34.22568 -135.33678 
    -33.54476 -135.31361 
    -32.86730 -135.24336 
    -32.19679 -135.12648 
    -31.53662 -134.96387 
    -30.89015 -134.75636 
    -30.26085 -134.50467 
    -29.65123 -134.21185 
    -29.06413 -133.87950 
    -28.50214 -133.50952 
    -27.96776 -133.10394 
    -27.46326 -132.66502 
    -26.99072 -132.19511 
    -26.55205 -131.69667 
    -26.14889 -131.17236 
    -25.78270 -130.62485 
    -25.45469 -130.05690 
    -25.16586 -129.47134 
    -24.92556 -128.86697 
    -24.73118 -128.24980 
    -24.58681 -127.62252 
    -24.51072 -126.98504 
    -24.42405 -126.36042 
    -24.37861 -125.73463 
    -24.34698 -125.11217 
    -24.34155 -124.49066 
    -24.35935 -123.86993 
    -24.40050 -123.24945 
    -24.46393 -122.62851 
    -24.54858 -122.00600 
    -24.65267 -121.38020 
    -24.76342 -120.74429 
    -24.95502 -120.12822 
    -25.17080 -119.51270 
    -25.41080 -118.89657 
    -25.67640 -118.27924 
    -25.97044 -117.66133 
    -26.29711 -117.04524 
    -26.66156 -116.43569 
    -27.06924 -115.84001 
    -27.52509 -115.26810 
    -28.03257 -114.73188 
    -28.59282 -114.24451 
    -29.20403 -113.81911 
    -29.86125 -113.46736 
    -30.55656 -113.19827 
    -31.27977 -113.01708 
    -32.01936 -112.92472 
    -32.76369 -112.91778 
    -33.50206 -112.98908 
    -34.22568 -113.12869 
    -34.92815 -113.32520 
    -35.60566 -113.56702 
    -36.25671 -113.84364 
    -36.88760 -114.12317 
    -37.49474 -114.42953 
    -38.05830 -114.81059 
    -38.53258 -115.33804 
    -39.02622 -115.75852 
    -39.50169 -116.17701 
    -39.95915 -116.59923 
    -40.39383 -117.03465 
    -40.80955 -117.47955 
    -41.21481 -117.92744 
    -41.61430 -118.37827 
    -42.01263 -118.83311 
    -42.41413 -119.29411 
    -42.82155 -119.76505 
    -43.23217 -120.25253 
    -43.64477 -120.76138 
    -44.05310 -121.29754 
    -44.44152 -121.86768 
    -44.78397 -122.47655 
    -45.06081 -123.12186 
    -45.21300 -123.79940 
Cell 17 100 -14.49678 -122.89606 
    -24.43660 -122.89606 
    -24.38269 -123.51804 
    -24.35158 -124.14101 
    -24.34403 -124.77453 
    -24.36310 -125.42931 
    -24.40629 -126.11586 
    -24.41248 -126.82197 
    -24.14207 -127.43479 
    -23.83264 -128.02850 
    -23.48594 -128.60075 
    -23.10373 -129.14938 
    -22.68791 -129.67236 
    -22.24037 -130.16779 
    -21.76310 -130.63391 
    -21.25807 -131.06906 
    -20.72734 -131.47169 
    -20.17300 -131.84036 
    -19.59718 -132.17366 
    -19.00210 -132.47035 
    -18.39001 -132.72925 
    -17.76326 -132.94926 
    -17.12428 -133.12949 
    -16.47553 -133.26906 
    -15.81961 -133.36732 
    -15.15912 -133.42368 
    -14.49678 -133.43738 
    -13.83549 -133.40688 
    -13.17904 -133.32706 
    -12.53671 -133.17113 
    -11.93947 -132.85612 
    -11.41210 -132.38976 
    -10.88288 -132.02371 
    -10.35012 -131.70816 
    -9.81507 -131.41205 
    -9.27127 -131.13014 
    -8.70662 -130.86554 
    -8.07471 -130.65901 
    -7.39373 -130.46005 
    -6.94838 -129.98448 
    -6.53643 -129.48143 
    -6.15878 -128.95396 
    -5.81683 -128.40453 
    -5.51181 -127.83559 
    -5.24474 -127.24974 
    -5.01650 -126.64957 
    -4.82771 -126.03773 
    -4.67886 -125.41688 
    -4.57016 -124.78967 
    -4.48744 -124.16054 
    -4.40651 -123.53089 
    -4.36079 -122.89606 
    -4.35034 -122.25771 
    -4.37527 -121.61742 
    -4.43583 -120.97684 
    -4.53243 -120.33765 
    -4.66565 -119.70174 
    -4.83622 -119.07118 
    -5.04497 -118.44838 
    -5.29275 -117.83611 
    -5.58034 -117.23752 
    -5.90830 -116.65617 
    -6.27685 -116.09595 
    -6.68576 -115.56103 
    -7.13418 -115.05569 
    -7.62063 -114.58423 
    -8.14291 -114.15072 
    -8.69813 -113.75887 
    -9.28278 -113.41183 
    -9.89281 -113.11213 
    -10.39404 -112.53374 
    -10.69318 -111.18980 
    -11.50345 -111.23783 
    -12.38498 -111.82565 
    -13.08945 -111.75593 
    -13.79947 -111.81262 
    -14.49678 -111.97113 
    -15.16991 -112.19699 
    -15.81558 -112.45668 
    -16.43683 -112.72597 
    -17.05461 -112.93397 
    -17.66026 -113.15988 
    -18.24942 -113.41797 
    -18.82086 -113.70693 
    -19.37332 -114.02567 
    -19.90552 -114.37325 
    -20.41612 -114.74879 
    -20.92443 -115.12637 
    -21.43655 -115.50596 
    -21.92621 -115.91936 
    -22.39068 -116.36566 
    -22.82721 -116.84365 
    -23.23309 -117.35183 
    -23.60569 -117.88840 
    -23.94252 -118.45124 
    -24.24125 -119.03796 
    -24.49976 -119.64590 
    -24.71599 -120.27222 
    -24.72860 -120.94424 
    -24.61311 -121.61807 
    -24.51324 -122.26588 
Cell 18 100 17.31697 -121.63547 
    7.19922 -121.63547 
    7.21916 -122.27077 
    7.26968 -122.90473 
    7.36049 -123.53477 
    7.49131 -124.15827 
    7.66171 -124.77265 
    7.87107 -125.37537 
    8.11861 -125.96389 
    8.40336 -126.53577 
    8.72421 -127.08860 
    9.07988 -127.62006 
    9.46895 -128.12791 
    9.88981 -128.61003 
    10.34076 -129.06438 
    10.81993 -129.48904 
    11.32534 -129.88223 
    11.85488 -130.24234 
    12.40636 -130.56784 
    12.97746 -130.85739 
    13.56580 -131.10983 
    14.16893 -131.32416 
    14.78431 -131.49954 
    15.40940 -131.63533 
    16.04160 -131.73111 
    16.67831 -131.78665 
    17.31697 -131.80194 
    17.95503 -131.77718 
    18.59004 -131.71281 
    19.21963 -131.60953 
    19.84159 -131.46822 
    20.45393 -131.29004 
    21.05487 -131.07631 
    21.64290 -130.82852 
    22.21684 -130.54831 
    22.77586 -130.23730 
    23.31941 -129.89711 
    23.84727 -129.52924 
    24.35943 -129.13492 
    24.79383 -128.65671 
    25.08520 -128.06190 
    25.33296 -127.45943 
    25.55422 -126.86298 
    25.75963 -126.27686 
    25.95580 -125.70059 
    26.14756 -125.13174 
    26.33710 -124.56628 
    26.53056 -124.00111 
    26.73131 -123.43135 
    26.94149 -122.85133 
    27.16137 -122.25482 
    27.40968 -121.63547 
    27.72118 -120.98089 
    28.12158 -120.27053 
    28.62778 -119.47782 
    28.90069 -118.66127 
    28.67961 -117.94353 
    28.38694 -117.25256 
    28.02737 -116.59554 
    27.60719 -115.97838 
    27.13392 -115.40544 
    26.61582 -114.87946 
    26.06131 -114.40152 
    25.47856 -113.97123 
    24.87500 -113.58698 
    24.25707 -113.24633 
    23.63004 -112.94627 
    22.99793 -112.68371 
    22.39258 -112.40298 
    21.78500 -112.14043 
    21.16457 -111.91756 
    20.53403 -111.73438 
    19.89601 -111.59078 
    19.25299 -111.48653 
    18.60732 -111.42131 
    17.96126 -111.39477 
    17.31697 -111.34684 
    16.66899 -111.33608 
    16.01988 -111.36791 
    15.37271 -111.44328 
    14.73076 -111.56285 
    14.09749 -111.72691 
    13.47641 -111.93533 
    12.87110 -112.18750 
    12.28501 -112.48236 
    11.72145 -112.81834 
    11.18347 -113.19344 
    10.67381 -113.60526 
    10.19481 -114.05114 
    9.74844 -114.52814 
    9.33626 -115.03325 
    8.95946 -115.56338 
    8.61887 -116.11549 
    8.31506 -116.68662 
    8.04838 -117.27400 
    7.81740 -117.87432 
    7.61742 -118.48389 
    7.45618 -119.10365 
    7.33378 -119.73107 
    7.25021 -120.36374 
    7.20541 -120.99931 
Cell 19 100 22.94965 -99.91042 
    11.76295 -99.91042 
    11.81981 -100.61064 
    11.92785 -101.30280 
    12.08520 -101.98292 
    12.28957 -102.64746 
    12.53841 -103.29323 
    12.82893 -103.91749 
    13.15824 -104.51790 
    13.52344 -105.09251 
    13.92165 -105.63976 
    14.35012 -106.15833 
    14.80623 -106.64723 
    15.28754 -107.10561 
    15.79177 -107.53278 
    16.31681 -107.92813 
    16.85060 -108.30503 
    17.37674 -108.69192 
    17.92819 -109.04440 
    18.50266 -109.36074 
    19.09771 -109.63929 
    19.71077 -109.87864 
    20.33917 -110.07754 
    20.98015 -110.23490 
    21.63083 -110.34988 
    22.28832 -110.42185 
    22.94965 -110.45036 
    23.61181 -110.43520 
    24.27181 -110.37638 
    24.92663 -110.27412 
    25.57330 -110.12888 
    26.20889 -109.94133 
    26.83050 -109.71233 
    27.43535 -109.44301 
    28.02071 -109.13464 
    28.58399 -108.78872 
    29.12273 -108.40693 
    29.63460 -107.99113 
    30.11744 -107.54334 
    30.56929 -107.06574 
    30.98839 -106.56065 
    31.37321 -106.03049 
    31.72250 -105.47784 
    32.03529 -104.90529 
    32.31094 -104.31551 
    32.54916 -103.71114 
    32.75005 -103.09476 
    32.91404 -102.46883 
    33.04192 -101.83562 
    33.13474 -101.19709 
    33.19376 -100.55492 
    33.22022 -99.91042 
    33.21525 -99.26456 
    33.17960 -98.61807 
    33.11349 -97.97156 
    33.01643 -97.32571 
    32.88711 -96.68154 
    32.72345 -96.04070 
    32.52272 -95.40567 
    32.28176 -94.78004 
    31.99745 -94.16850 
    31.73053 -93.53073 
    31.47242 -92.85976 
    31.17849 -92.18301 
    30.84076 -91.50723 
    30.45117 -90.84263 
    30.00278 -90.20261 
    29.49088 -89.60307 
    28.91406 -89.06118 
    28.27487 -88.59375 
    27.57996 -88.21558 
    26.83979 -87.93780 
    26.06763 -87.76669 
    25.27835 -87.70294 
    24.48691 -87.74173 
    23.70695 -87.87337 
    22.94965 -88.08456 
    22.22296 -88.35999 
    21.53141 -88.68394 
    20.87636 -89.04187 
    20.25656 -89.42152 
    19.66901 -89.81365 
    19.10765 -90.20664 
    18.47926 -90.41036 
    17.85994 -90.65228 
    17.25226 -90.93278 
    16.65906 -91.25217 
    16.08341 -91.61057 
    15.52863 -92.00784 
    14.99825 -92.44356 
    14.49593 -92.91689 
    14.02543 -93.42659 
    13.59048 -93.97091 
    13.19471 -94.54760 
    12.84156 -95.15392 
    12.53413 -95.78662 
    12.27513 -96.44205 
    12.06676 -97.11617 
    11.91065 -97.80461 
    11.80782 -98.50288 
    11.75867 -99.20634 
Cell 20 100 68.31156 -99.06933 
    58.22281 -99.06933 
    58.23804 -99.70310 
    58.29325 -100.33494 
    58.38829 -100.96230 
    58.52285 -101.58264 
    58.69648 -102.19346 
    58.90852 -102.79225 
    59.15817 -103.37659 
    59.44445 -103.94406 
    59.76624 -104.49236 
    60.12225 -105.01921 
    60.51105 -105.52248 
    60.93106 -106.00008 
    61.38055 -106.45010 
    61.85773 -106.87067 
    62.36064 -107.26007 
    62.88721 -107.61673 
    63.43530 -107.93921 
    64.00266 -108.22622 
    64.58695 -108.47661 
    65.18581 -108.68941 
    65.79676 -108.86382 
    66.41734 -108.99918 
    67.04502 -109.09501 
    67.67728 -109.15101 
    68.31156 -109.16704 
    68.94535 -109.14314 
    69.57614 -109.07953 
    70.20147 -108.97657 
    70.81891 -108.83480 
    71.42610 -108.65491 
    72.02077 -108.43774 
    72.60072 -108.18427 
    73.16384 -107.89558 
    73.70811 -107.57293 
    74.23164 -107.21761 
    74.73263 -106.83106 
    75.20937 -106.41476 
    75.66030 -105.97025 
    76.08392 -105.49918 
    76.47883 -105.00319 
    76.84370 -104.48399 
    77.17731 -103.94331 
    77.47847 -103.38295 
    77.74604 -102.80470 
    77.98311 -102.21181 
    78.25742 -101.62299 
    78.53438 -101.01943 
    78.81496 -100.39622 
    79.09103 -99.74751 
    79.34335 -99.06933 
    79.54286 -98.36272 
    79.65605 -97.63618 
    79.65325 -96.90578 
    79.51715 -96.19222 
    79.24824 -95.51579 
    78.86484 -94.89099 
    78.39778 -94.32311 
    77.95082 -93.77010 
    77.80567 -93.04418 
    77.61592 -92.30932 
    77.36767 -91.57746 
    77.04787 -90.86539 
    76.64665 -90.19336 
    76.15937 -89.58295 
    75.58797 -89.05421 
    74.94115 -88.62276 
    74.23337 -88.29760 
    73.48284 -88.07980 
    72.70900 -87.96267 
    71.92991 -87.93320 
    71.16026 -87.97440 
    70.41016 -88.06808 
    69.68774 -88.17577 
    68.99601 -88.19037 
    68.31156 -88.25121 
    67.63750 -88.35545 
    66.97637 -88.50022 
    66.33022 -88.68277 
    65.70067 -88.90056 
    65.08902 -89.15136 
    64.49636 -89.43324 
    63.92366 -89.74457 
    63.37184 -90.08401 
    62.84184 -90.45043 
    62.33469 -90.84288 
    61.85151 -91.26047 
    61.39350 -91.70234 
    60.96197 -92.16760 
    60.55830 -92.65527 
    60.17964 -93.16114 
    59.82373 -93.68279 
    59.50040 -94.22536 
    59.21102 -94.78694 
    58.95680 -95.36552 
    58.73887 -95.95898 
    58.55820 -96.56509 
    58.41565 -97.18158 
    58.31190 -97.80608 
    58.24750 -98.43615 
Cell 21 100 64.34093 -125.94056 
    54.33404 -125.94056 
    54.35488 -126.56882 
    54.41515 -127.19448 
    54.51458 -127.81503 
    54.65279 -128.42805 
    54.82920 -129.03111 
    55.03955 -129.62323 
    55.24239 -130.22202 
    55.47044 -130.81715 
    55.73694 -131.40082 
    56.04185 -131.97020 
    56.38485 -132.52240 
    56.76532 -133.05453 
    57.18224 -133.56380 
    57.63444 -134.04732 
    58.12043 -134.50235 
    58.63840 -134.92630 
    59.18641 -135.31659 
    59.76220 -135.67087 
    60.36330 -135.98691 
    60.98708 -136.26265 
    61.63084 -136.49570 
    62.29149 -136.68410 
    62.96560 -136.82741 
    63.64988 -136.92453 
    64.34093 -136.97484 
    65.03538 -136.97841 
    65.72987 -136.93512 
    66.42107 -136.84505 
    67.10555 -136.70801 
    67.77908 -136.52206 
    68.43837 -136.28949 
    69.08011 -136.01181 
    69.69225 -135.67458 
    70.24785 -135.24837 
    70.70747 -134.70335 
    71.03545 -134.03284 
    71.19473 -133.23912 
    71.47141 -132.63652 
    71.73449 -132.05704 
    71.95657 -131.47363 
    72.14902 -130.89572 
    72.32600 -130.33038 
    72.50117 -129.78047 
    72.68235 -129.24316 
    72.87320 -128.71286 
    73.07574 -128.18327 
    73.29007 -127.64770 
    73.51305 -127.09927 
    73.73671 -126.53169 
    73.96761 -125.94056 
    74.24520 -125.31744 
    74.54272 -124.65178 
    74.57241 -123.98880 
    74.45795 -123.34295 
    74.30006 -122.70464 
    74.09861 -122.07722 
    73.85383 -121.46413 
    73.56633 -120.86886 
    73.23718 -120.29483 
    72.86787 -119.74538 
    72.46031 -119.22363 
    72.01681 -118.73244 
    71.54000 -118.27434 
    71.03280 -117.85149 
    70.49832 -117.46564 
    69.97432 -117.06377 
    69.49452 -116.56622 
    68.98574 -116.06985 
    68.44020 -115.58700 
    67.85129 -115.13681 
    67.21588 -114.74339 
    66.53626 -114.43224 
    65.82086 -114.22573 
    65.08345 -114.13857 
    64.34093 -114.17467 
    63.61023 -114.32641 
    62.90529 -114.57627 
    62.23496 -114.90066 
    61.60236 -115.27452 
    61.00567 -115.67567 
    60.43991 -116.08769 
    59.89907 -116.50112 
    59.37794 -116.91290 
    58.87319 -117.32477 
    58.38374 -117.74120 
    57.91052 -118.16753 
    57.45581 -118.60865 
    57.02261 -119.06819 
    56.61407 -119.54835 
    56.23317 -120.04993 
    55.88246 -120.57265 
    55.56409 -121.11545 
    55.27982 -121.67672 
    55.03106 -122.25452 
    54.81895 -122.84668 
    54.64443 -123.45092 
    54.50821 -124.06487 
    54.41085 -124.68610 
    54.35271 -125.31216 
Cell 22 100 72.26087 -74.94618 
    60.12754 -74.94618 
    60.14707 -75.70832 
    60.24082 -76.46467 
    60.40613 -77.20760 
    60.63882 -77.93022 
    60.93342 -78.62669 
    61.28362 -79.29238 
    61.68259 -79.92394 
    62.12346 -80.51927 
    62.59960 -81.07741 
    63.10498 -81.59833 
    63.63432 -82.08269 
    64.18324 -82.53158 
    64.74828 -82.94629 
    65.32681 -83.32803 
    65.91697 -83.67782 
    66.51748 -83.99632 
    67.12746 -84.28381 
    67.74631 -84.54012 
    68.37344 -84.76472 
    69.00823 -84.95677 
    69.64992 -85.11518 
    70.29746 -85.23875 
    70.94956 -85.32626 
    71.60465 -85.37651 
    72.26087 -85.39492 
    72.91729 -85.37963 
    73.57157 -85.32142 
    74.22080 -85.22051 
    74.86211 -85.07733 
    75.49264 -84.89252 
    76.10958 -84.66692 
    76.71023 -84.40155 
    77.29193 -84.09765 
    77.85214 -83.75661 
    78.38844 -83.38005 
    78.89851 -82.96970 
    79.38020 -82.52750 
    79.83150 -82.05548 
    80.25063 -81.55589 
    80.63604 -81.03110 
    80.98655 -80.48367 
    81.30155 -79.91634 
    81.58138 -79.33208 
    81.82779 -78.73399 
    82.04459 -78.12511 
    82.23824 -77.50793 
    82.41819 -76.88380 
    82.59619 -76.25184 
    82.78450 -75.60828 
    82.99246 -74.94618 
    83.22195 -74.25657 
    83.46298 -73.53103 
    83.69112 -72.76575 
    83.86876 -71.96578 
    83.95098 -71.14783 
    83.89525 -70.33981 
    83.67220 -69.57642 
    83.27391 -68.89172 
    82.71665 -68.31075 
    82.03690 -67.84348 
    81.28220 -67.48309 
    80.77542 -66.95049 
    80.36358 -66.31767 
    79.90432 -65.70683 
    79.39732 -65.12370 
    78.84303 -64.57436 
    78.24274 -64.06519 
    77.59879 -63.60252 
    76.91447 -63.19253 
    76.19411 -62.84093 
    75.44295 -62.55281 
    74.66708 -62.33236 
    73.87327 -62.18274 
    73.06871 -62.10592 
    72.26087 -62.10262 
    71.45721 -62.17225 
    70.66493 -62.31300 
    69.89082 -62.52190 
    69.14097 -62.79497 
    68.42072 -63.12741 
    67.73447 -63.51381 
    67.08569 -63.94837 
    66.47688 -64.42515 
    65.90963 -64.93823 
    65.38472 -65.48197 
    64.90221 -66.05108 
    64.46159 -66.64080 
    64.06198 -67.24691 
    63.70219 -67.86583 
    63.38093 -68.49453 
    62.89740 -69.00394 
    62.39516 -69.52246 
    61.92508 -70.08253 
    61.49450 -70.68347 
    61.11095 -71.32336 
    60.78181 -71.99886 
    60.51384 -72.70531 
    60.31280 -73.43679 
    60.18311 -74.18632 
Cell 23 100 89.01013 -113.59264 
    77.46567 -113.59264 
    77.63396 -114.30836 
    77.85145 -115.00230 
    78.11089 -115.67178 
    78.40560 -116.31541 
    78.72980 -116.93291 
    79.07883 -117.52471 
    79.44920 -118.09167 
    79.83860 -118.63473 
    80.24570 -119.15472 
    80.66997 -119.65212 
    81.11145 -120.12699 
    81.57188 -120.57762 
    82.14950 -120.89847 
    82.80283 -121.09597 
    83.40146 -121.31231 
    83.98823 -121.50589 
    84.56457 -121.67908 
    85.12901 -121.84043 
    85.68324 -121.99543 
    86.23055 -122.14733 
    86.77462 -122.29936 
    87.31983 -122.45351 
    87.87103 -122.60960 
    88.43298 -122.76607 
    89.01013 -122.91950 
    89.60592 -123.06239 
    90.22356 -123.19791 
    90.87583 -123.37298 
    91.63019 -123.79708 
    92.37564 -123.95061 
    93.02534 -123.73388 
    93.65958 -123.47322 
    94.27521 -123.16978 
    94.86914 -122.82496 
    95.43842 -122.44041 
    95.98022 -122.01804 
    96.49189 -121.55990 
    96.97093 -121.06833 
    97.41507 -120.54581 
    97.82220 -119.99498 
    98.19048 -119.41866 
    98.51829 -118.81979 
    98.80423 -118.20139 
    99.04720 -117.56659 
    99.24633 -116.91858 
    99.40102 -116.26056 
    99.51092 -115.59576 
    99.57600 -114.92741 
    99.59645 -114.25867 
    99.57275 -113.59264 
    99.50563 -112.93231 
    99.39610 -112.28059 
    99.24540 -111.64015 
    99.05501 -111.01355 
    98.82663 -110.40306 
    98.56214 -109.81073 
    98.26362 -109.23827 
    97.93322 -108.68713 
    97.57321 -108.15834 
    97.18584 -107.65264 
    96.77330 -107.17039 
    96.33765 -106.71163 
    95.88079 -106.27613 
    95.40425 -105.86347 
    94.90931 -105.47311 
    94.39682 -105.10457 
    93.86729 -104.75750 
    93.32083 -104.43192 
    92.75731 -104.12834 
    92.17641 -103.84785 
    91.57779 -103.59227 
    90.96130 -103.36421 
    90.32719 -103.16702 
    89.67627 -103.00471 
    89.01013 -102.88178 
    88.33131 -102.80301 
    87.64331 -102.77315 
    86.95068 -102.79659 
    86.25883 -102.87702 
    85.57395 -103.01716 
    84.90269 -103.21844 
    84.25190 -103.48087 
    83.62821 -103.80296 
    83.03777 -104.18169 
    82.48586 -104.61275 
    81.90048 -104.99854 
    81.26424 -105.34411 
    80.64743 -105.73953 
    80.05826 -106.18700 
    79.50571 -106.68728 
    78.99902 -107.23940 
    78.54707 -107.84052 
    78.15781 -108.48592 
    77.83774 -109.16917 
    77.59135 -109.88245 
    77.42096 -110.61704 
    77.32647 -111.36386 
    77.30556 -112.11401 
    77.35391 -112.85929 
Cell 24 100 -94.26366 -101.75539 
    -104.44421 -101.75539 
    -104.43201 -102.39513 
    -104.37897 -103.03325 
    -104.28521 -103.66710 
    -104.15104 -104.29404 
    -103.97700 -104.91144 
    -103.76375 -105.51674 
    -103.51219 -106.10741 
    -103.22336 -106.68102 
    -102.89848 -107.23521 
    -102.53890 -107.76771 
    -102.14617 -108.27637 
    -101.72195 -108.75919 
    -101.26804 -109.21429 
    -100.78635 -109.63996 
    -100.27888 -110.03463 
    -99.74775 -110.39693 
    -99.19510 -110.72565 
    -98.62314 -111.01976 
    -98.03410 -111.27842 
    -97.43019 -111.50098 
    -96.81364 -111.68692 
    -96.18662 -111.83592 
    -95.55125 -111.94777 
    -94.90960 -112.02239 
    -94.26366 -112.05982 
    -93.61534 -112.06013 
    -92.96650 -112.02346 
    -92.31894 -111.94997 
    -91.67442 -111.83982 
    -91.03468 -111.69315 
    -90.40151 -111.51005 
    -89.77673 -111.29059 
    -89.16225 -111.03481 
    -88.56012 -110.74273 
    -87.97253 -110.41438 
    -87.40190 -110.04983 
    -86.85081 -109.64927 
    -86.32207 -109.21303 
    -85.81992 -108.74065 
    -85.47824 -108.13837 
    -85.27971 -107.45677 
    -85.15408 -106.76342 
    -85.06151 -106.08559 
    -84.96181 -105.43825 
    -84.85441 -104.81264 
    -84.73448 -104.20206 
    -84.58678 -103.60135 
    -84.38345 -103.00355 
    -84.08652 -102.39568 
    -83.69478 -101.75539 
    -83.21642 -101.06035 
    -82.77156 -100.30360 
    -82.41241 -99.49464 
    -82.54543 -98.74666 
    -83.11240 -98.13213 
    -83.75646 -97.59529 
    -84.19353 -97.01675 
    -84.07169 -96.15230 
    -83.84788 -95.14533 
    -85.43499 -95.34099 
    -85.91489 -94.84869 
    -86.42197 -94.39156 
    -86.95290 -93.97021 
    -87.50453 -93.58501 
    -88.07397 -93.23601 
    -88.65854 -92.92313 
    -89.25582 -92.64617 
    -89.86365 -92.40488 
    -90.48001 -92.19899 
    -91.10313 -92.02827 
    -91.73130 -91.89252 
    -92.36297 -91.79163 
    -92.99438 -91.70805 
    -93.62318 -91.57520 
    -94.26366 -91.45068 
    -94.91937 -91.33311 
    -95.59365 -91.22741 
    -96.28743 -91.14639 
    -96.99688 -91.11018 
    -97.71186 -91.14290 
    -98.41621 -91.26723 
    -99.09032 -91.49822 
    -99.71539 -91.83873 
    -100.27804 -92.27824 
    -100.77340 -92.79549 
    -101.20560 -93.36402 
    -101.58553 -93.95837 
    -101.92698 -94.55904 
    -102.24252 -95.15470 
    -102.54070 -95.74176 
    -102.82509 -96.32214 
    -103.11333 -96.89024 
    -103.41176 -97.45061 
    -103.67451 -98.02937 
    -103.90035 -98.62424 
    -104.08823 -99.23286 
    -104.23721 -99.85283 
    -104.34657 -100.48162 
    -104.41570 -101.11668 
