113 25 
Cell 0 100 -123.20795 -142.68716 
    -133.20805 -142.68716 
    -133.18831 -143.31508 
    -133.12917 -143.94051 
    -133.03088 -144.56099 
    -132.89383 -145.17407 
    -132.71855 -145.77734 
    -132.50572 -146.36841 
    -132.25963 -146.94656 
    -131.98727 -147.51364 
    -131.68561 -148.06725 
    -131.34885 -148.60187 
    -130.97813 -149.11522 
    -130.57477 -149.60507 
    -130.14020 -150.06926 
    -129.67603 -150.50574 
    -129.18402 -150.91252 
    -128.66605 -151.28775 
    -128.12415 -151.62968 
    -127.56046 -151.93671 
    -126.97726 -152.20737 
    -126.37695 -152.44034 
    -125.76198 -152.63446 
    -125.13493 -152.78874 
    -124.49843 -152.90239 
    -123.85519 -152.97476 
    -123.20795 -153.00543 
    -122.55949 -152.99414 
    -121.91261 -152.94083 
    -121.27012 -152.84563 
    -120.63480 -152.70892 
    -120.00942 -152.53120 
    -119.39673 -152.31320 
    -118.79936 -152.05588 
    -118.21994 -151.76031 
    -117.66097 -151.42780 
    -117.12488 -151.05978 
    -116.61398 -150.65791 
    -116.13043 -150.22395 
    -115.67632 -149.75984 
    -115.25353 -149.26762 
    -114.86382 -148.74953 
    -114.50879 -148.20782 
    -114.18986 -147.64490 
    -113.90828 -147.06325 
    -113.66511 -146.46544 
    -113.43962 -145.86108 
    -113.24024 -145.24643 
    -113.07499 -144.62013 
    -112.94396 -143.98381 
    -112.84727 -143.33900 
    -112.92649 -142.68716 
    -113.35849 -142.06749 
    -113.69974 -141.48599 
    -113.98758 -140.92828 
    -114.24267 -140.38527 
    -114.47937 -139.85107 
    -114.70850 -139.32199 
    -114.93400 -138.79375 
    -115.16660 -138.26639 
    -115.41212 -137.73978 
    -115.67166 -137.21173 
    -115.94691 -136.68031 
    -116.24169 -136.14542 
    -116.55842 -135.60612 
    -116.92578 -135.09334 
    -117.31409 -134.57497 
    -117.69064 -133.99329 
    -117.97804 -133.17400 
    -118.35951 -132.38373 
    -119.08181 -132.26573 
    -119.80431 -132.21185 
    -120.49348 -132.11501 
    -121.16930 -132.00020 
    -121.84105 -131.86707 
    -122.51575 -131.68512 
    -123.20795 -131.40556 
    -123.93734 -131.09377 
    -124.71540 -130.75444 
    -125.47894 -130.78220 
    -126.18382 -131.09691 
    -126.85015 -131.47762 
    -127.45828 -131.95204 
    -127.95255 -132.60439 
    -128.39351 -133.25465 
    -128.90718 -133.70660 
    -129.40503 -134.15761 
    -130.00160 -134.47505 
    -130.79521 -134.60754 
    -130.79416 -135.56323 
    -131.09555 -136.16197 
    -131.44298 -136.70406 
    -131.76010 -137.25980 
    -132.04662 -137.82806 
    -132.30202 -138.40782 
    -132.52576 -138.99799 
    -132.71867 -139.59694 
    -132.89392 -140.20023 
    -133.03096 -140.81332 
    -133.12923 -141.43382 
    -133.18832 -142.05925 
Cell 1 100 -106.24837 -135.26128 
    -116.80547 -135.26128 
    -116.38635 -135.89909 
    -116.04678 -136.49910 
    -115.74372 -137.07260 
    -115.46696 -137.62820 
    -115.21008 -138.17311 
    -114.96914 -138.71407 
    -114.73683 -139.25565 
    -114.50203 -139.79875 
    -114.26019 -140.34573 
    -114.00304 -140.89537 
    -113.72159 -141.44366 
    -113.40744 -141.98409 
    -113.05229 -142.50671 
    -112.63914 -142.98637 
    -112.13846 -143.36829 
    -111.61919 -143.72433 
    -111.07841 -144.04709 
    -110.51825 -144.33522 
    -109.94092 -144.58759 
    -109.34871 -144.80312 
    -108.74397 -144.98096 
    -108.12910 -145.12038 
    -107.50655 -145.22078 
    -106.87881 -145.28175 
    -106.24837 -145.30304 
    -105.61777 -145.28453 
    -104.98950 -145.22629 
    -104.36610 -145.12854 
    -103.75005 -144.99164 
    -103.14381 -144.81616 
    -102.54982 -144.60277 
    -101.97045 -144.35233 
    -101.40803 -144.06583 
    -100.86480 -143.74443 
    -100.34294 -143.38940 
    -99.84454 -143.00220 
    -99.37157 -142.58434 
    -98.92593 -142.13751 
    -98.50941 -141.66351 
    -98.12051 -141.16650 
    -97.75684 -140.65018 
    -97.42216 -140.11353 
    -97.20486 -139.51683 
    -97.21889 -138.83630 
    -97.17923 -138.20802 
    -97.14724 -137.59805 
    -97.12644 -137.00137 
    -97.11762 -136.41476 
    -97.12350 -135.83537 
    -97.14603 -135.26128 
    -97.18608 -134.69113 
    -97.20825 -134.11923 
    -97.22880 -133.54070 
    -97.26217 -132.95401 
    -97.30364 -132.35495 
    -97.35943 -131.74190 
    -97.42672 -131.11012 
    -97.49854 -130.45102 
    -97.55921 -129.74696 
    -97.56906 -128.95538 
    -97.69285 -128.18353 
    -98.19421 -127.69791 
    -98.73528 -127.26064 
    -99.30839 -126.87228 
    -99.90604 -126.53179 
    -100.52136 -126.23695 
    -101.14856 -125.98475 
    -101.78301 -125.77190 
    -102.42136 -125.59533 
    -103.06129 -125.45243 
    -103.65599 -125.16461 
    -104.26881 -124.88403 
    -104.90828 -124.65335 
    -105.57121 -124.49812 
    -106.24837 -124.43927 
    -106.92580 -124.49393 
    -107.58611 -124.67210 
    -108.21883 -124.93180 
    -108.82626 -125.22105 
    -109.40449 -125.54776 
    -109.95475 -125.90005 
    -110.42701 -126.38123 
    -110.89373 -126.81141 
    -111.36323 -127.20157 
    -111.83557 -127.57117 
    -112.31036 -127.93359 
    -112.78854 -128.29671 
    -113.27019 -128.66736 
    -113.75171 -129.05399 
    -114.23185 -129.46094 
    -114.71079 -129.89087 
    -115.19427 -130.34323 
    -115.68619 -130.82018 
    -116.21098 -131.31680 
    -116.84200 -131.81921 
    -117.67165 -132.32828 
    -118.05794 -133.00848 
    -117.75580 -133.80754 
    -117.32076 -134.56467 
Cell 2 100 -87.29936 -136.16183 
    -97.12019 -136.16183 
    -97.12312 -136.77989 
    -97.14051 -137.40506 
    -97.17068 -138.04489 
    -97.21070 -138.70663 
    -97.20766 -139.38123 
    -97.01759 -140.00955 
    -96.67459 -140.57349 
    -96.31346 -141.11737 
    -95.93346 -141.64119 
    -95.53368 -142.14441 
    -95.13345 -142.64276 
    -94.73711 -143.14633 
    -94.30779 -143.62505 
    -93.84701 -144.07657 
    -93.35645 -144.49870 
    -92.83802 -144.88936 
    -92.29372 -145.24654 
    -91.72575 -145.56839 
    -91.13645 -145.85321 
    -90.52831 -146.09949 
    -89.90390 -146.30585 
    -89.26596 -146.47110 
    -88.61729 -146.59425 
    -87.96077 -146.67458 
    -87.29936 -146.71147 
    -86.63607 -146.70459 
    -85.97392 -146.65381 
    -85.31595 -146.55927 
    -84.66519 -146.42125 
    -84.02466 -146.24033 
    -83.39731 -146.01729 
    -82.78604 -145.75313 
    -82.19366 -145.44907 
    -81.62291 -145.10649 
    -81.07636 -144.72705 
    -80.55650 -144.31255 
    -80.06566 -143.86494 
    -79.60598 -143.38640 
    -79.17947 -142.87920 
    -78.78796 -142.34573 
    -78.43303 -141.78857 
    -78.11613 -141.21036 
    -77.83339 -140.61618 
    -77.54569 -140.02359 
    -77.29090 -139.41377 
    -77.07062 -138.78813 
    -76.88684 -138.14813 
    -76.74197 -137.49554 
    -76.63871 -136.83255 
    -76.57993 -136.16183 
    -76.56844 -135.48671 
    -76.60680 -134.81105 
    -76.69701 -134.13933 
    -76.84029 -133.47639 
    -77.03687 -132.82735 
    -77.28590 -132.19722 
    -77.58541 -131.59079 
    -77.93239 -131.01230 
    -78.32298 -130.46526 
    -78.75270 -129.95232 
    -79.21671 -129.47528 
    -79.71014 -129.03508 
    -80.22826 -128.63188 
    -80.76678 -128.26530 
    -81.32195 -127.93463 
    -81.89056 -127.63893 
    -82.46712 -127.37202 
    -83.01859 -127.06473 
    -83.58659 -126.78444 
    -84.16987 -126.53025 
    -84.76756 -126.30112 
    -85.37920 -126.09596 
    -86.00475 -125.91387 
    -86.64458 -125.75427 
    -87.29936 -125.61720 
    -87.97227 -125.46618 
    -88.67015 -125.31096 
    -89.38190 -125.24477 
    -90.09017 -125.29236 
    -90.83025 -125.29488 
    -91.59409 -125.31459 
    -92.34909 -125.43061 
    -93.07980 -125.64725 
    -93.83257 -125.86715 
    -94.57053 -126.15393 
    -95.28335 -126.51086 
    -95.96002 -126.93917 
    -96.58954 -127.43778 
    -97.16154 -128.00313 
    -97.61533 -128.66685 
    -97.56042 -129.64996 
    -97.48652 -130.56139 
    -97.39464 -131.41136 
    -97.31818 -132.19510 
    -97.26424 -132.92406 
    -97.22623 -133.61305 
    -97.20230 -134.27275 
    -97.17036 -134.91484 
    -97.13497 -135.54303 
Cell 3 100 -53.75544 -154.28078 
    -63.88650 -154.28078 
    -63.84116 -154.91531 
    -63.75884 -155.54449 
    -63.64023 -156.16640 
    -63.48591 -156.77914 
    -63.29641 -157.38083 
    -63.07225 -157.96956 
    -62.81397 -158.54340 
    -62.52222 -159.10036 
    -62.19872 -159.63904 
    -61.84561 -160.15863 
    -61.46057 -160.65501 
    -61.04512 -161.12625 
    -60.60091 -161.57047 
    -60.12968 -161.98592 
    -59.63329 -162.37094 
    -59.11370 -162.72406 
    -58.57298 -163.04384 
    -58.01323 -163.32904 
    -57.43668 -163.57854 
    -56.84561 -163.79134 
    -56.24234 -163.96661 
    -55.62925 -164.10365 
    -55.00877 -164.20192 
    -54.38334 -164.26105 
    -53.75544 -164.28078 
    -53.12753 -164.26105 
    -52.50210 -164.20192 
    -51.88162 -164.10365 
    -51.26854 -163.96661 
    -50.66527 -163.79134 
    -50.07270 -163.58231 
    -49.49314 -163.33862 
    -48.92870 -163.06058 
    -48.38097 -162.74959 
    -47.85127 -162.40717 
    -47.34068 -162.03488 
    -46.84999 -161.63432 
    -46.37979 -161.20697 
    -45.93048 -160.75414 
    -45.50245 -160.27692 
    -45.09615 -159.77612 
    -44.71230 -159.25229 
    -44.35210 -158.70566 
    -44.01734 -158.13637 
    -43.71057 -157.54456 
    -43.43516 -156.93057 
    -43.19525 -156.29524 
    -42.99561 -155.64006 
    -42.84142 -154.96742 
    -42.73787 -154.28078 
    -42.68976 -153.58458 
    -42.70110 -152.88429 
    -42.77468 -152.18608 
    -42.91177 -151.49660 
    -43.11195 -150.82249 
    -43.37306 -150.17010 
    -43.69141 -149.54500 
    -44.06198 -148.95175 
    -44.47887 -148.39369 
    -44.93574 -147.87289 
    -45.42620 -147.39023 
    -45.94426 -146.94560 
    -46.48460 -146.53812 
    -47.04273 -146.16650 
    -47.61510 -145.82933 
    -48.19902 -145.52527 
    -48.79253 -145.25330 
    -49.39426 -145.01282 
    -50.00318 -144.80367 
    -50.61845 -144.62613 
    -51.23923 -144.48082 
    -51.86459 -144.36859 
    -52.49336 -144.29041 
    -53.12418 -144.24725 
    -53.75544 -144.22162 
    -54.38795 -144.22733 
    -55.02008 -144.27005 
    -55.64988 -144.34975 
    -56.27533 -144.46646 
    -56.89630 -144.61420 
    -57.51281 -144.79074 
    -58.11042 -145.02597 
    -58.68913 -145.30643 
    -59.25771 -145.61058 
    -59.80639 -145.95236 
    -60.33183 -146.33128 
    -60.83062 -146.74648 
    -61.29942 -147.19650 
    -61.73505 -147.67947 
    -62.13467 -148.19290 
    -62.49588 -148.73392 
    -62.81683 -149.29924 
    -63.09624 -149.88533 
    -63.33343 -150.48859 
    -63.52824 -151.10541 
    -63.68098 -151.73233 
    -63.79227 -152.36615 
    -63.86299 -153.00389 
    -63.89407 -153.64291 
Cell 4 100 -59.24347 -133.54037 
    -71.29845 -133.54037 
    -71.13709 -134.28865 
    -70.92592 -135.01620 
    -70.66918 -135.71994 
    -70.37110 -136.39746 
    -70.03579 -137.04701 
    -69.66709 -137.66737 
    -69.26853 -138.25781 
    -68.84325 -138.81790 
    -68.39401 -139.34749 
    -67.92317 -139.84654 
    -67.43273 -140.31512 
    -66.92438 -140.75323 
    -66.39955 -141.16083 
    -65.85948 -141.53777 
    -65.30530 -141.88377 
    -64.73804 -142.19843 
    -64.15875 -142.48125 
    -63.57714 -142.74988 
    -63.00885 -143.05064 
    -62.42186 -143.32245 
    -61.81485 -143.55522 
    -61.19051 -143.74712 
    -60.55158 -143.89513 
    -59.90141 -143.99800 
    -59.24347 -144.05684 
    -58.58079 -144.07343 
    -57.91603 -144.04814 
    -57.25101 -143.98518 
    -56.58616 -143.88991 
    -55.92261 -143.76093 
    -55.26460 -143.58984 
    -54.62708 -143.35069 
    -54.00631 -143.06674 
    -53.40477 -142.74069 
    -52.82553 -142.37390 
    -52.27155 -141.96799 
    -51.74560 -141.52480 
    -51.25036 -141.04640 
    -50.78830 -140.53510 
    -50.36172 -139.99335 
    -49.97268 -139.42380 
    -49.62304 -138.82925 
    -49.31440 -138.21263 
    -49.04812 -137.57700 
    -48.82532 -136.92543 
    -48.64684 -136.26112 
    -48.51327 -135.58727 
    -48.42495 -134.90707 
    -48.38197 -134.22372 
    -48.38421 -133.54037 
    -48.43127 -132.86012 
    -48.52259 -132.18602 
    -48.65741 -131.52098 
    -48.83475 -130.86787 
    -49.05352 -130.22946 
    -49.31242 -129.60840 
    -49.61007 -129.00723 
    -49.94490 -128.42845 
    -50.31525 -127.87435 
    -50.71932 -127.34721 
    -51.15518 -126.84916 
    -51.62080 -126.38221 
    -52.11399 -125.94824 
    -52.63246 -125.54903 
    -53.17378 -125.18616 
    -53.67190 -124.76099 
    -54.23775 -124.43501 
    -54.81118 -124.12129 
    -55.39450 -123.81900 
    -55.98873 -123.52330 
    -56.59443 -123.22305 
    -57.22107 -122.93857 
    -57.87288 -122.69100 
    -58.54748 -122.47796 
    -59.24347 -122.28038 
    -59.95536 -122.22520 
    -60.67707 -122.19229 
    -61.40284 -122.22054 
    -62.13169 -122.29149 
    -62.87660 -122.35874 
    -63.62365 -122.47730 
    -64.36846 -122.64922 
    -65.10587 -122.87670 
    -65.83025 -123.16127 
    -66.53552 -123.50372 
    -67.21534 -123.90404 
    -67.86322 -124.36127 
    -68.47277 -124.87348 
    -69.03785 -125.43776 
    -69.55276 -126.05023 
    -70.01250 -126.70614 
    -70.41283 -127.39997 
    -70.75044 -128.12561 
    -71.02309 -128.87650 
    -71.22957 -129.64586 
    -71.36974 -130.42688 
    -71.44451 -131.21291 
    -71.45570 -131.99762 
    -71.40591 -132.77518 
Cell 5 100 -5.88582 -142.17560 
    -16.30981 -142.17560 
    -16.32701 -142.83250 
    -16.30091 -143.49133 
    -16.23121 -144.14909 
    -16.11787 -144.80273 
    -15.96104 -145.44923 
    -15.76114 -146.08551 
    -15.51879 -146.70853 
    -15.23488 -147.31529 
    -14.91052 -147.90285 
    -14.54702 -148.46832 
    -14.14595 -149.00897 
    -13.70907 -149.52211 
    -13.23837 -150.00528 
    -12.73601 -150.45605 
    -12.20434 -150.87228 
    -11.64585 -151.25195 
    -11.06321 -151.59323 
    -10.45922 -151.89456 
    -9.83677 -152.15456 
    -9.19885 -152.37204 
    -8.54852 -152.54611 
    -7.88890 -152.67612 
    -7.22315 -152.76161 
    -6.55440 -152.80240 
    -5.88582 -152.79855 
    -5.22051 -152.75035 
    -4.56155 -152.65831 
    -3.91191 -152.52319 
    -3.27452 -152.34595 
    -2.65216 -152.12778 
    -2.04753 -151.87001 
    -1.46317 -151.57422 
    -0.90148 -151.24208 
    -0.36468 -150.87552 
    0.14512 -150.47647 
    0.62603 -150.04707 
    1.07634 -149.58954 
    1.49222 -149.10405 
    1.85354 -148.57816 
    2.14191 -148.00809 
    2.42127 -147.44743 
    2.68900 -146.88963 
    2.94340 -146.33031 
    3.18353 -145.76642 
    3.40869 -145.19556 
    3.62048 -144.61639 
    3.82027 -144.02715 
    4.00983 -143.42570 
    4.19413 -142.80977 
    4.38275 -142.17560 
    4.71927 -141.50838 
    5.36261 -140.75459 
    5.69709 -139.96603 
    5.84455 -139.16376 
    5.89135 -138.34897 
    5.81183 -137.54417 
    5.58927 -136.77583 
    5.22032 -136.06995 
    4.71597 -135.44749 
    4.09967 -134.92072 
    3.40293 -134.49127 
    2.65974 -134.15079 
    1.90114 -133.88333 
    1.15116 -133.66934 
    0.42495 -133.48956 
    -0.27112 -133.32825 
    -0.91361 -133.13116 
    -1.50508 -132.86606 
    -2.10964 -132.63806 
    -2.72494 -132.44742 
    -3.34873 -132.29428 
    -3.96566 -132.10974 
    -4.58869 -131.90779 
    -5.22812 -131.72176 
    -5.88582 -131.40999 
    -6.61588 -130.57169 
    -7.28141 -131.12840 
    -7.95453 -131.33105 
    -8.64038 -131.44728 
    -9.28738 -131.70668 
    -9.91802 -131.99142 
    -10.53514 -132.29529 
    -11.14054 -132.61729 
    -11.72611 -132.97276 
    -12.26320 -133.39790 
    -12.71164 -133.92461 
    -13.11159 -134.48093 
    -13.47978 -135.04440 
    -13.82241 -135.60988 
    -14.14346 -136.17607 
    -14.44430 -136.74422 
    -14.72413 -137.31670 
    -15.04375 -137.86621 
    -15.33918 -138.43275 
    -15.59879 -139.01967 
    -15.82100 -139.62468 
    -16.00439 -140.24538 
    -16.14769 -140.87923 
    -16.24980 -141.52356 
Cell 6 100 11.70191 -149.98398 
    1.04923 -149.98398 
    0.87243 -150.66531 
    0.80701 -151.36032 
    0.83409 -152.05713 
    0.93414 -152.74867 
    1.09475 -153.43045 
    1.31135 -154.09789 
    1.57513 -154.74928 
    1.88387 -155.38148 
    2.23607 -155.99118 
    2.62997 -156.57513 
    3.06350 -157.13029 
    3.53442 -157.65376 
    4.04018 -158.14288 
    4.57809 -158.59520 
    5.14525 -159.00845 
    5.73854 -159.38074 
    6.35482 -159.71030 
    6.99071 -159.99579 
    7.64283 -160.23604 
    8.30773 -160.43018 
    8.98189 -160.57776 
    9.66184 -160.67839 
    10.34409 -160.73224 
    11.02523 -160.73952 
    11.70191 -160.70090 
    12.37089 -160.61716 
    13.02905 -160.48940 
    13.67340 -160.31889 
    14.30112 -160.10725 
    14.90957 -159.85616 
    15.49627 -159.56744 
    16.08624 -159.30116 
    16.68324 -159.04498 
    17.26735 -158.75371 
    17.83657 -158.42761 
    18.38882 -158.06706 
    18.92187 -157.67245 
    19.43334 -157.24428 
    19.92071 -156.78316 
    20.38128 -156.28992 
    20.81227 -155.76559 
    21.21075 -155.21152 
    21.57378 -154.62932 
    21.89838 -154.02104 
    22.18169 -153.38907 
    22.42097 -152.73616 
    22.61375 -152.06552 
    22.75785 -151.38066 
    22.85148 -150.68546 
    22.89334 -149.98398 
    22.88261 -149.28055 
    22.81904 -148.57956 
    22.70295 -147.88542 
    22.53521 -147.20245 
    22.31726 -146.53484 
    22.05100 -145.88649 
    21.73881 -145.26097 
    21.38340 -144.66153 
    20.98779 -144.09097 
    20.55520 -143.55168 
    20.08896 -143.04561 
    19.59245 -142.57428 
    19.06898 -142.13884 
    18.52180 -141.74014 
    17.95403 -141.37868 
    17.36858 -141.05473 
    16.76820 -140.76843 
    16.15545 -140.51973 
    15.53270 -140.30852 
    14.90215 -140.13464 
    14.26589 -139.99792 
    13.62587 -139.89821 
    13.01374 -139.59978 
    12.37739 -139.24747 
    11.70191 -138.85513 
    10.97670 -138.45715 
    10.20243 -138.11436 
    9.39708 -137.90164 
    8.59558 -137.88562 
    7.84095 -138.10118 
    7.17016 -138.53809 
    6.60124 -139.14452 
    6.12838 -139.84576 
    5.68292 -140.49957 
    5.16478 -140.98639 
    4.70829 -141.53015 
    4.37952 -142.18643 
    4.16518 -142.90652 
    3.96112 -143.58025 
    3.75757 -144.21207 
    3.54956 -144.81033 
    3.33441 -145.38390 
    3.10934 -145.94063 
    2.87174 -146.48787 
    2.62012 -147.03313 
    2.35338 -147.58368 
    2.07169 -148.14691 
    1.75132 -148.72693 
    1.35468 -149.33299 
Cell 7 100 34.27157 -130.39229 
    23.85612 -130.39229 
    23.83611 -131.04883 
    23.85938 -131.70766 
    23.92625 -132.36577 
    24.03683 -133.02013 
    24.19099 -133.66766 
    24.38839 -134.30531 
    24.62839 -134.93002 
    24.91019 -135.53874 
    25.23270 -136.12852 
    25.59462 -136.69646 
    25.99441 -137.23975 
    26.43035 -137.75569 
    26.90044 -138.24174 
    27.40256 -138.69550 
    27.93435 -139.11472 
    28.49332 -139.49734 
    29.07679 -139.84155 
    29.68196 -140.14569 
    30.30594 -140.40831 
    30.94570 -140.62827 
    31.59814 -140.80460 
    32.26014 -140.93655 
    32.92850 -141.02373 
    33.60004 -141.06589 
    34.27157 -141.06305 
    34.93992 -141.01549 
    35.60200 -140.92374 
    36.25476 -140.78853 
    36.89524 -140.61082 
    37.52060 -140.39178 
    38.12812 -140.13283 
    38.71519 -139.83548 
    39.27939 -139.50148 
    39.81842 -139.13274 
    40.33019 -138.73126 
    40.81276 -138.29924 
    41.26442 -137.83893 
    41.73625 -137.40208 
    42.18925 -136.94237 
    42.61737 -136.45587 
    43.01926 -135.94374 
    43.39350 -135.40712 
    43.73862 -134.84715 
    44.05307 -134.26506 
    44.33519 -133.66216 
    44.58324 -133.03987 
    44.79536 -132.39981 
    44.96964 -131.74377 
    45.10409 -131.07381 
    45.19677 -130.39229 
    45.24575 -129.70186 
    45.24923 -129.00549 
    45.20560 -128.30650 
    45.11352 -127.60855 
    44.97198 -126.91551 
    44.78038 -126.23156 
    44.53859 -125.56100 
    44.24702 -124.90824 
    43.90660 -124.27771 
    43.51886 -123.67374 
    43.08587 -123.10046 
    42.61024 -122.56176 
    42.09505 -122.06113 
    41.54383 -121.60164 
    41.02817 -121.09263 
    40.47251 -120.62117 
    39.86295 -120.22160 
    39.20804 -119.90176 
    38.51847 -119.66584 
    37.80612 -119.51405 
    37.08295 -119.44265 
    36.35994 -119.44466 
    35.64624 -119.51060 
    34.95219 -119.57410 
    34.27157 -119.40462 
    33.57149 -119.26481 
    32.85383 -119.16975 
    32.12280 -119.12801 
    31.38455 -119.14811 
    30.64718 -119.23756 
    29.92024 -119.40208 
    29.21417 -119.64477 
    28.53947 -119.96565 
    28.03422 -120.56381 
    27.59384 -121.20119 
    27.19952 -121.84364 
    26.85650 -122.49604 
    26.58631 -123.17535 
    26.33283 -123.82479 
    26.09388 -124.45084 
    25.86824 -125.05938 
    25.65440 -125.65496 
    25.44897 -126.24068 
    25.24771 -126.81950 
    25.04563 -127.39460 
    24.83653 -127.96979 
    24.61213 -128.54965 
    24.36228 -129.14046 
    23.99444 -129.74571 
Cell 8 100 46.37766 -148.32664 
    36.34590 -148.32664 
    36.36797 -148.95641 
    36.42111 -149.58446 
    36.51188 -150.20865 
    36.64169 -150.82642 
    36.81037 -151.43524 
    37.01732 -152.03267 
    37.26182 -152.61623 
    37.54294 -153.18358 
    37.85963 -153.73235 
    38.21066 -154.26031 
    38.59471 -154.76526 
    39.01023 -155.24512 
    39.45561 -155.69788 
    39.92906 -156.12166 
    40.42870 -156.51469 
    40.95250 -156.87532 
    41.49836 -157.20206 
    42.06406 -157.49350 
    42.64730 -157.74844 
    43.24570 -157.96582 
    43.85681 -158.14471 
    44.47813 -158.28436 
    45.10710 -158.38420 
    45.74114 -158.44382 
    46.37766 -158.46295 
    47.01404 -158.44156 
    47.64766 -158.37975 
    48.27594 -158.27777 
    48.89629 -158.13606 
    49.50620 -157.95528 
    50.10315 -157.73616 
    50.68475 -157.47968 
    51.24863 -157.18690 
    51.79251 -156.85909 
    52.31421 -156.49760 
    52.81166 -156.10402 
    53.28287 -155.67995 
    53.72598 -155.22717 
    54.13925 -154.74759 
    54.52110 -154.24319 
    54.87003 -153.71606 
    55.18472 -153.16837 
    55.46401 -152.60236 
    55.70684 -152.02032 
    55.91234 -151.42465 
    56.07979 -150.81773 
    56.20861 -150.20200 
    56.29886 -149.57999 
    56.35910 -148.95462 
    56.37995 -148.32664 
    56.36132 -147.69853 
    56.30326 -147.07275 
    56.20601 -146.45178 
    56.06991 -145.83810 
    55.89550 -145.23412 
    55.68347 -144.64221 
    55.43464 -144.06476 
    55.14997 -143.50403 
    54.83281 -142.96085 
    54.48637 -142.43533 
    54.11139 -141.92874 
    53.71025 -141.44089 
    53.28505 -140.97102 
    52.83728 -140.51831 
    52.36749 -140.08235 
    51.87506 -139.66412 
    51.35843 -139.26666 
    50.81553 -138.89569 
    50.34560 -138.30479 
    49.85165 -137.63481 
    49.14923 -137.53207 
    48.37413 -137.86081 
    47.71270 -137.75870 
    47.04453 -137.72705 
    46.37766 -137.58505 
    45.70008 -137.55672 
    45.04686 -137.79222 
    44.43808 -138.15900 
    43.82941 -138.40189 
    43.23198 -138.64522 
    42.65023 -138.91223 
    42.08402 -139.20219 
    41.53385 -139.51578 
    41.00100 -139.85439 
    40.48733 -140.21930 
    39.99504 -140.61139 
    39.52448 -141.02875 
    39.08042 -141.47408 
    38.66526 -141.94640 
    38.28065 -142.44382 
    37.92809 -142.96439 
    37.60897 -143.50601 
    37.32454 -144.06657 
    37.07592 -144.64383 
    36.85293 -145.23187 
    36.62617 -145.82289 
    36.45446 -146.43370 
    36.36786 -147.06212 
    36.34400 -147.69537 
Cell 9 100 68.27013 -150.56891 
    57.44134 -150.56891 
    57.42543 -151.25121 
    57.43407 -151.93782 
    57.48242 -152.62677 
    57.57644 -153.31458 
    57.73060 -153.99341 
    57.93143 -154.66229 
    58.17846 -155.31769 
    58.47085 -155.95610 
    58.80750 -156.57408 
    59.18690 -157.16826 
    59.60734 -157.73538 
    60.06673 -158.27242 
    60.56274 -158.77644 
    61.09282 -159.24478 
    61.65416 -159.67500 
    62.24379 -160.06490 
    62.85855 -160.41252 
    63.49514 -160.71626 
    64.15013 -160.97484 
    64.82002 -161.18724 
    65.50128 -161.35284 
    66.19038 -161.47133 
    66.88380 -161.54279 
    67.57814 -161.56773 
    68.27013 -161.54684 
    68.95668 -161.48140 
    69.63499 -161.37286 
    70.30250 -161.22299 
    70.95707 -161.03386 
    71.59688 -160.80760 
    72.22054 -160.54651 
    72.82703 -160.25282 
    73.41573 -159.92873 
    73.98625 -159.57608 
    74.53844 -159.19652 
    75.07217 -158.79117 
    75.58728 -158.36089 
    76.08313 -157.90581 
    76.55882 -157.42592 
    77.01270 -156.92076 
    77.44242 -156.38983 
    77.84477 -155.83261 
    78.21246 -155.24741 
    78.52700 -154.62990 
    78.80517 -153.99196 
    79.04495 -153.33542 
    79.23502 -152.66057 
    79.36774 -151.97086 
    79.44013 -151.27167 
    79.44965 -150.56891 
    79.39448 -149.86902 
    79.27563 -149.17859 
    79.09534 -148.50389 
    78.85696 -147.85066 
    78.56714 -147.22321 
    78.42661 -146.54767 
    78.24491 -145.87514 
    78.01833 -145.20979 
    77.74534 -144.55576 
    77.42476 -143.91768 
    77.05598 -143.30061 
    76.63909 -142.70993 
    76.17496 -142.15112 
    75.66531 -141.62967 
    75.11280 -141.15077 
    74.52093 -140.71922 
    73.89399 -140.33913 
    73.23697 -140.01384 
    72.55532 -139.74574 
    71.85485 -139.53625 
    71.14146 -139.38577 
    70.42098 -139.29372 
    69.69895 -139.25862 
    68.98048 -139.27826 
    68.27013 -139.34982 
    67.57185 -139.47006 
    66.88892 -139.63553 
    66.22399 -139.84270 
    65.57912 -140.08813 
    64.95585 -140.36861 
    64.35531 -140.68120 
    63.77832 -141.02335 
    63.22554 -141.39284 
    62.69748 -141.78783 
    62.19468 -142.20677 
    61.71770 -142.64839 
    61.26722 -143.11157 
    60.73491 -143.49287 
    60.18895 -143.88358 
    59.63898 -144.29802 
    59.09499 -144.74619 
    58.57531 -145.23914 
    58.10492 -145.78552 
    57.71117 -146.38832 
    57.41774 -147.04276 
    57.23877 -147.73654 
    57.17530 -148.45245 
    57.21515 -149.17235 
    57.33653 -149.88103 
Cell 10 100 83.02220 -132.53105 
    71.75758 -132.53105 
    71.40802 -133.26175 
    71.07414 -134.04045 
    71.33230 -134.76102 
    71.76070 -135.42252 
    72.21761 -136.04167 
    72.68956 -136.62204 
    73.16709 -137.16852 
    73.64485 -137.68629 
    74.12102 -138.17992 
    74.59650 -138.65268 
    75.07401 -139.10637 
    75.55704 -139.54131 
    76.04920 -139.95654 
    76.55362 -140.35022 
    77.07262 -140.71996 
    77.60760 -141.06308 
    78.15910 -141.37700 
    78.72678 -141.65930 
    79.30966 -141.90785 
    79.90628 -142.12086 
    80.51476 -142.29692 
    81.13295 -142.43486 
    81.75855 -142.53387 
    82.38909 -142.59406 
    83.02220 -142.61644 
    83.65565 -142.59944 
    84.28703 -142.54324 
    84.91401 -142.44826 
    85.53429 -142.31499 
    86.14568 -142.14413 
    86.74609 -141.93652 
    87.33353 -141.69308 
    87.90614 -141.41492 
    88.46220 -141.10312 
    89.00011 -140.75893 
    89.51838 -140.38358 
    90.01567 -139.97835 
    90.49075 -139.54448 
    90.94243 -139.08324 
    91.36961 -138.59581 
    91.77122 -138.08334 
    92.14616 -137.54700 
    92.49329 -136.98781 
    92.81138 -136.40686 
    93.09911 -135.80524 
    93.35499 -135.18407 
    93.57739 -134.54456 
    93.76453 -133.88812 
    93.91444 -133.21634 
    94.02507 -132.53105 
    94.09427 -131.83446 
    94.11987 -131.12909 
    94.09974 -130.41789 
    94.03191 -129.70424 
    93.91465 -128.99188 
    93.74654 -128.28499 
    93.52662 -127.58805 
    93.25442 -126.90585 
    92.93009 -126.24332 
    92.55165 -125.60750 
    91.96542 -125.13258 
    91.35268 -124.70822 
    90.59750 -124.46419 
    89.86027 -124.26524 
    89.18357 -124.05066 
    88.54345 -123.83096 
    87.92452 -123.61375 
    87.31880 -123.40032 
    86.71996 -123.19157 
    86.12347 -122.98633 
    85.52555 -122.78114 
    84.92224 -122.57068 
    84.30884 -122.34628 
    83.67886 -122.09382 
    83.02220 -121.79952 
    82.33099 -121.54456 
    81.64874 -121.65896 
    80.98629 -121.85841 
    80.34264 -122.09483 
    79.71931 -122.36582 
    79.11761 -122.66917 
    78.53857 -123.00285 
    77.98312 -123.36501 
    77.45211 -123.75400 
    76.89851 -124.10251 
    76.27716 -124.37769 
    75.64439 -124.67448 
    75.00009 -124.99779 
    74.62258 -125.58228 
    74.31745 -126.20668 
    74.03291 -126.82627 
    73.77958 -127.44987 
    73.51211 -128.05594 
    73.24246 -128.65898 
    72.97999 -129.26814 
    72.73028 -129.88853 
    72.49400 -130.52269 
    72.26516 -131.17213 
    72.02859 -131.83940 
Cell 11 100 119.52515 -141.21838 
    109.36012 -141.21838 
    109.37069 -141.85725 
    109.42209 -142.49471 
    109.51420 -143.12808 
    109.64673 -143.75473 
    109.81921 -144.37204 
    110.03100 -144.97739 
    110.28127 -145.56822 
    110.56902 -146.14206 
    110.89310 -146.69646 
    111.25215 -147.22906 
    111.64471 -147.73766 
    112.06915 -148.22005 
    112.52366 -148.67422 
    113.00635 -149.09827 
    113.51517 -149.49042 
    114.04798 -149.84903 
    114.60251 -150.17264 
    115.17642 -150.45992 
    115.76727 -150.70970 
    116.37258 -150.92101 
    116.98978 -151.09303 
    117.61627 -151.22511 
    118.24943 -151.31680 
    118.88660 -151.36783 
    119.52515 -151.37808 
    120.16244 -151.34769 
    120.79585 -151.27692 
    121.42281 -151.16624 
    122.04086 -151.01639 
    122.64759 -150.82826 
    123.24080 -150.60303 
    123.81843 -150.34206 
    124.37874 -150.04703 
    124.92031 -149.71979 
    125.44217 -149.36246 
    125.94383 -148.97723 
    126.42538 -148.56638 
    126.88741 -148.13200 
    127.33101 -147.67595 
    127.75745 -147.19949 
    128.16795 -146.70328 
    128.56325 -146.18712 
    128.94305 -145.65012 
    129.30560 -145.09073 
    129.64720 -144.50723 
    129.96210 -143.89813 
    130.24251 -143.26283 
    130.47913 -142.60219 
    130.66180 -141.91904 
    130.78067 -141.21838 
    130.82724 -140.50731 
    130.79552 -139.79460 
    130.68280 -139.08995 
    130.81166 -138.32050 
    130.99837 -137.49051 
    130.64011 -136.81766 
    129.84598 -136.36177 
    129.05574 -135.97890 
    128.58168 -135.47095 
    128.08223 -135.00131 
    127.56544 -134.56688 
    127.03721 -134.16409 
    126.50124 -133.78961 
    125.95935 -133.44078 
    125.43654 -133.08206 
    124.92007 -132.71735 
    124.38474 -132.37883 
    123.83243 -132.06497 
    123.26416 -131.77473 
    122.67999 -131.50880 
    122.07926 -131.27078 
    121.46150 -131.06767 
    120.82748 -130.90935 
    120.18021 -130.80652 
    119.52515 -130.76794 
    118.86954 -130.79781 
    118.19864 -130.71794 
    117.47829 -130.48834 
    116.71780 -130.28445 
    115.94540 -130.20105 
    115.21233 -130.32545 
    114.57078 -130.68980 
    114.04586 -131.25159 
    113.62278 -131.91774 
    113.25885 -132.59357 
    112.90962 -133.22157 
    112.54917 -133.78972 
    112.17416 -134.31534 
    111.79538 -134.82376 
    111.40142 -135.31615 
    111.03505 -135.83040 
    110.70144 -136.36751 
    110.40206 -136.92538 
    110.13828 -137.50186 
    109.91131 -138.09465 
    109.72220 -138.70142 
    109.57185 -139.31969 
    109.46104 -139.94699 
    109.39032 -140.58075 
Cell 12 100 -119.25242 -122.46761 
    -129.26460 -122.46761 
    -129.31642 -123.10078 
    -129.71068 -123.78879 
    -130.04990 -124.52734 
    -130.32820 -125.31138 
    -130.54041 -126.13529 
    -130.68192 -126.99286 
    -130.74905 -127.87751 
    -130.73874 -128.78226 
    -130.64888 -129.70001 
    -130.47777 -130.62329 
    -130.22470 -131.54466 
    -129.88957 -132.45656 
    -129.47299 -133.35141 
    -126.57708 -131.32159 
    -125.28829 -130.77527 
    -124.55563 -130.82413 
    -123.98360 -131.07359 
    -123.41637 -131.31647 
    -122.84866 -131.55067 
    -122.26900 -131.75166 
    -121.67427 -131.90012 
    -121.07394 -132.01640 
    -120.47156 -132.11809 
    -119.86494 -132.20334 
    -119.25242 -132.25301 
    -118.63135 -132.33932 
    -117.95148 -132.76556 
    -117.40285 -132.16335 
    -116.85006 -131.82416 
    -116.34299 -131.42191 
    -115.87475 -130.99861 
    -115.43610 -130.57770 
    -115.01498 -130.17548 
    -114.60292 -129.79404 
    -114.19447 -129.42926 
    -113.78226 -129.07988 
    -113.36156 -128.74072 
    -112.92953 -128.40520 
    -112.48494 -128.06616 
    -112.02692 -127.71723 
    -111.55564 -127.35213 
    -111.07582 -126.96273 
    -110.59888 -126.53965 
    -110.13058 -126.07920 
    -109.52844 -125.62712 
    -108.72194 -125.17137 
    -107.62100 -124.68642 
    -105.82196 -124.16427 
    -106.16663 -123.29089 
    -106.56779 -122.46761 
    -106.90333 -121.69067 
    -107.18079 -120.94260 
    -107.47389 -120.22073 
    -107.49704 -119.44934 
    -107.75826 -118.73293 
    -108.32771 -118.14220 
    -109.06165 -117.67220 
    -109.80152 -117.27193 
    -110.40804 -116.85479 
    -110.67097 -116.23282 
    -110.96722 -115.61349 
    -111.30275 -115.00237 
    -111.68389 -114.40794 
    -112.11611 -113.84129 
    -112.60288 -113.31531 
    -113.14465 -112.84330 
    -113.73827 -112.43741 
    -114.37708 -112.10698 
    -115.05151 -111.85730 
    -115.75022 -111.68896 
    -116.46156 -111.59794 
    -117.17482 -111.57645 
    -117.88133 -111.61433 
    -118.57501 -111.70055 
    -119.25242 -111.82483 
    -119.91233 -111.97865 
    -120.55507 -112.15604 
    -121.18176 -112.35361 
    -121.79362 -112.57028 
    -122.39143 -112.80672 
    -122.97531 -113.06466 
    -123.54462 -113.34621 
    -124.09806 -113.65341 
    -124.63383 -113.98787 
    -125.15086 -114.34911 
    -125.64853 -114.73604 
    -126.12080 -115.15353 
    -126.56578 -115.59991 
    -126.98171 -116.07338 
    -127.36696 -116.57205 
    -127.71998 -117.09393 
    -128.03940 -117.63692 
    -128.32394 -118.19887 
    -128.57253 -118.77752 
    -128.78415 -119.37056 
    -128.95799 -119.97564 
    -129.09340 -120.59034 
    -129.18985 -121.21222 
    -129.24698 -121.83880 
Cell 13 100 -76.55265 -108.31998 
    -86.37479 -108.31998 
    -86.56618 -108.94998 
    -86.67969 -109.59933 
    -86.59046 -110.23480 
    -86.46059 -110.86391 
    -86.29047 -111.48399 
    -86.08070 -112.09241 
    -85.83208 -112.68655 
    -85.54557 -113.26389 
    -85.22231 -113.82191 
    -84.86361 -114.35825 
    -84.47095 -114.87057 
    -84.04597 -115.35667 
    -83.59045 -115.81448 
    -83.10632 -116.24200 
    -82.59564 -116.63744 
    -82.06059 -116.99911 
    -81.50346 -117.32547 
    -80.92664 -117.61517 
    -80.33259 -117.86700 
    -79.72386 -118.07997 
    -79.10307 -118.25321 
    -78.47286 -118.38607 
    -77.83591 -118.47808 
    -77.19495 -118.52895 
    -76.55265 -118.53857 
    -75.91174 -118.50703 
    -75.27487 -118.43462 
    -74.64471 -118.32176 
    -74.02383 -118.16910 
    -73.41475 -117.97744 
    -72.81993 -117.74776 
    -72.24171 -117.48119 
    -71.68234 -117.17904 
    -71.13055 -116.86385 
    -70.58651 -116.53167 
    -70.06100 -116.16705 
    -69.55589 -115.77078 
    -69.07310 -115.34374 
    -68.61465 -114.88686 
    -68.18263 -114.40116 
    -67.77921 -113.88778 
    -67.40665 -113.34805 
    -67.06729 -112.78345 
    -66.76350 -112.19579 
    -66.49761 -111.58707 
    -66.27193 -110.95963 
    -66.08861 -110.31611 
    -65.94960 -109.65946 
    -65.85659 -108.99292 
    -65.81093 -108.31998 
    -65.81355 -107.64434 
    -65.86494 -106.96981 
    -65.96516 -106.30031 
    -66.11369 -105.63972 
    -66.30961 -104.99181 
    -66.55148 -104.36024 
    -66.83747 -103.74837 
    -67.10002 -103.12336 
    -67.36462 -102.48909 
    -67.67004 -101.86639 
    -68.01729 -101.25892 
    -68.40710 -100.67081 
    -68.83981 -100.10664 
    -69.31513 -99.57133 
    -69.83214 -99.06999 
    -70.38911 -98.60780 
    -70.98351 -98.18976 
    -71.61198 -97.82054 
    -72.27040 -97.50426 
    -72.95395 -97.24433 
    -73.65728 -97.04326 
    -74.37467 -96.90262 
    -75.10023 -96.82293 
    -75.82811 -96.80370 
    -76.55265 -96.84351 
    -77.26862 -96.94006 
    -77.97128 -97.09034 
    -78.65657 -97.29084 
    -79.32107 -97.53770 
    -79.96206 -97.82691 
    -80.57746 -98.15447 
    -81.16579 -98.51656 
    -81.72606 -98.90959 
    -82.25761 -99.33040 
    -82.76009 -99.77618 
    -83.12440 -100.37610 
    -83.43678 -100.98913 
    -83.76567 -101.54651 
    -84.09584 -102.07971 
    -84.46117 -102.57410 
    -84.83138 -103.06615 
    -85.16399 -103.58586 
    -85.43347 -104.14098 
    -85.63615 -104.72357 
    -85.80120 -105.31496 
    -85.93933 -105.90989 
    -86.06038 -106.50629 
    -86.17091 -107.10491 
    -86.27318 -107.70842 
Cell 14 100 -51.66264 -114.78355 
    -62.36557 -114.78355 
    -62.35469 -115.45623 
    -62.30297 -116.12773 
    -62.20960 -116.79549 
    -62.07403 -117.45673 
    -61.89602 -118.10857 
    -61.67570 -118.74799 
    -61.41355 -119.37197 
    -61.11043 -119.97751 
    -60.76751 -120.56167 
    -60.38626 -121.12162 
    -59.96840 -121.65467 
    -59.51593 -122.15827 
    -58.81647 -122.40160 
    -58.13562 -122.60802 
    -57.50834 -122.82946 
    -56.92366 -123.07359 
    -56.36486 -123.33685 
    -55.81576 -123.60938 
    -55.26633 -123.88542 
    -54.71394 -124.17449 
    -54.15322 -124.48371 
    -53.57252 -124.79546 
    -52.95359 -125.00244 
    -52.31378 -125.13306 
    -51.66264 -125.20673 
    -51.00513 -125.23445 
    -50.34400 -125.22171 
    -49.68110 -125.17120 
    -49.01790 -125.08414 
    -48.35583 -124.96087 
    -47.69629 -124.80141 
    -47.04082 -124.60541 
    -46.39115 -124.37236 
    -45.74918 -124.10167 
    -45.21534 -123.65750 
    -44.93019 -122.92168 
    -44.61463 -122.28893 
    -44.27935 -121.71693 
    -43.93183 -121.17903 
    -43.57237 -120.66147 
    -43.20471 -120.15112 
    -42.82867 -119.64007 
    -42.44150 -119.12269 
    -42.03697 -118.59462 
    -41.60643 -118.05101 
    -41.13487 -117.48662 
    -40.59624 -116.89457 
    -39.93963 -116.26451 
    -39.23633 -115.56535 
    -39.18497 -114.78355 
    -39.19833 -113.99936 
    -39.27668 -113.21883 
    -39.41943 -112.44803 
    -39.62510 -111.69283 
    -39.89143 -110.95885 
    -40.21538 -110.25126 
    -40.59328 -109.57470 
    -41.02092 -108.93321 
    -41.49370 -108.33014 
    -42.00674 -107.76813 
    -42.55507 -107.24911 
    -43.13370 -106.77434 
    -43.73779 -106.34444 
    -44.36273 -105.95947 
    -44.89887 -105.47401 
    -45.47309 -105.03036 
    -46.12139 -104.70405 
    -46.82220 -104.49708 
    -47.54946 -104.39483 
    -48.27944 -104.37111 
    -48.99566 -104.39632 
    -49.68039 -104.39220 
    -50.34674 -104.36707 
    -51.00787 -104.37620 
    -51.66264 -104.41888 
    -52.30997 -104.49459 
    -52.94876 -104.60289 
    -53.57789 -104.74347 
    -54.20699 -104.87396 
    -54.84396 -104.99247 
    -55.47990 -105.14227 
    -56.11296 -105.32614 
    -56.73994 -105.54797 
    -57.35604 -105.81219 
    -57.95481 -106.12312 
    -58.52848 -106.48418 
    -59.06859 -106.89701 
    -59.56689 -107.36097 
    -60.01624 -107.87286 
    -60.41152 -108.42712 
    -60.75016 -109.01643 
    -61.05068 -109.62243 
    -61.35268 -110.22376 
    -61.61379 -110.84361 
    -61.83513 -111.47831 
    -62.01769 -112.12482 
    -62.16209 -112.78067 
    -62.26847 -113.44372 
    -62.33653 -114.11200 
Cell 15 100 -60.02992 -90.11124 
    -70.50600 -90.11124 
    -70.39371 -90.76327 
    -70.29500 -91.40802 
    -70.18791 -92.04897 
    -70.04318 -92.68221 
    -69.86159 -93.30573 
    -69.64385 -93.91766 
    -69.39069 -94.51608 
    -69.10278 -95.09908 
    -68.78085 -95.66475 
    -68.42563 -96.21107 
    -68.03795 -96.73605 
    -67.61874 -97.23762 
    -67.16909 -97.71368 
    -66.69021 -98.16215 
    -66.18352 -98.58094 
    -65.65061 -98.96803 
    -65.09328 -99.32145 
    -64.51351 -99.63936 
    -63.91349 -99.92001 
    -63.29556 -100.16183 
    -62.66223 -100.36340 
    -62.01617 -100.52353 
    -61.36016 -100.64120 
    -60.69709 -100.71561 
    -60.02992 -100.74623 
    -59.36167 -100.73271 
    -58.69541 -100.67499 
    -58.03419 -100.57323 
    -57.38108 -100.42780 
    -56.73909 -100.23938 
    -56.11119 -100.00880 
    -55.50029 -99.73718 
    -54.90918 -99.42582 
    -54.34056 -99.07624 
    -53.79697 -98.69016 
    -53.28086 -98.26945 
    -52.79447 -97.81621 
    -52.33991 -97.33263 
    -51.91909 -96.82110 
    -51.53372 -96.28409 
    -51.12484 -95.76257 
    -50.72968 -95.22408 
    -50.36800 -94.65779 
    -50.04327 -94.06523 
    -49.75905 -93.44844 
    -49.51879 -92.81004 
    -49.32571 -92.15318 
    -49.18262 -91.48157 
    -49.09180 -90.79941 
    -49.05481 -90.11124 
    -49.07244 -89.42185 
    -49.14468 -88.73611 
    -49.27065 -88.05880 
    -49.44872 -87.39445 
    -49.67654 -86.74722 
    -49.95122 -86.12080 
    -50.26942 -85.51830 
    -50.62759 -84.94227 
    -51.02206 -84.39468 
    -50.99891 -83.54983 
    -50.52553 -82.24852 
    -51.95879 -82.53194 
    -52.89353 -82.51175 
    -53.41962 -82.12077 
    -53.91255 -81.69141 
    -54.40033 -81.24042 
    -54.91322 -80.80400 
    -55.45209 -80.38286 
    -56.01806 -79.97844 
    -56.61237 -79.59310 
    -57.23616 -79.23026 
    -57.89020 -78.89441 
    -58.57459 -78.59112 
    -59.28851 -78.32687 
    -60.02992 -78.10886 
    -60.79538 -77.94460 
    -61.57994 -77.84151 
    -62.37717 -77.80651 
    -63.17924 -77.84544 
    -63.97723 -77.96267 
    -64.76147 -78.16072 
    -65.52200 -78.43997 
    -66.24910 -78.79860 
    -66.93375 -79.23254 
    -67.56814 -79.73577 
    -68.14600 -80.30058 
    -68.66292 -80.91802 
    -69.11642 -81.57844 
    -69.50596 -82.27197 
    -69.83275 -82.98907 
    -70.09948 -83.72090 
    -70.31001 -84.45971 
    -70.46889 -85.19903 
    -70.58102 -85.93376 
    -70.65124 -86.66016 
    -70.68400 -87.37573 
    -70.68316 -88.07903 
    -70.65183 -88.76938 
    -70.59229 -89.44671 
Cell 16 100 -34.33546 -124.69482 
    -45.28650 -124.69482 
    -45.19453 -125.37802 
    -45.05113 -126.04853 
    -44.86109 -126.70270 
    -44.62936 -127.33785 
    -44.36065 -127.95220 
    -44.08632 -128.55547 
    -43.79485 -129.14607 
    -43.47918 -129.72162 
    -43.13924 -130.28188 
    -42.79361 -130.84003 
    -42.41264 -131.37685 
    -41.99983 -131.89215 
    -41.55612 -132.38405 
    -41.08297 -132.85117 
    -40.58204 -133.29251 
    -40.05276 -133.70384 
    -39.49627 -134.08231 
    -38.91417 -134.42509 
    -38.30777 -134.72774 
    -37.68001 -134.98830 
    -37.03415 -135.20552 
    -36.37339 -135.37807 
    -35.70103 -135.50449 
    -35.02057 -135.58438 
    -34.33546 -135.61694 
    -33.64928 -135.60126 
    -32.96572 -135.53738 
    -32.28843 -135.42570 
    -31.62097 -135.26706 
    -30.96688 -135.06223 
    -30.32990 -134.81171 
    -29.71251 -134.51909 
    -29.11768 -134.18593 
    -28.54812 -133.81421 
    -28.00643 -133.40598 
    -27.49502 -132.96349 
    -27.01608 -132.48918 
    -26.57160 -131.98557 
    -26.16331 -131.45541 
    -25.79278 -130.90144 
    -25.46126 -130.32655 
    -25.16982 -129.73367 
    -24.93098 -129.12024 
    -24.74099 -128.49355 
    -24.60534 -127.85633 
    -24.54889 -127.20759 
    -24.53895 -126.56361 
    -24.48533 -125.93919 
    -24.44973 -125.31678 
    -24.44057 -124.69482 
    -24.45494 -124.07320 
    -24.49298 -123.45142 
    -24.55343 -122.82880 
    -24.63535 -122.20426 
    -24.73825 -121.57650 
    -24.87330 -120.94849 
    -25.06491 -120.33244 
    -25.28069 -119.71693 
    -25.52069 -119.10081 
    -25.78630 -118.48350 
    -26.08034 -117.86560 
    -26.40701 -117.24952 
    -26.77145 -116.63998 
    -27.17913 -116.04431 
    -27.63498 -115.47240 
    -28.14245 -114.93620 
    -28.70268 -114.44884 
    -29.31388 -114.02345 
    -29.97109 -113.67170 
    -30.66640 -113.40262 
    -31.38959 -113.22144 
    -32.12917 -113.12908 
    -32.87349 -113.12214 
    -33.61185 -113.19344 
    -34.33546 -113.33305 
    -35.03792 -113.52954 
    -35.71541 -113.77137 
    -36.36645 -114.04798 
    -36.99654 -114.33060 
    -37.60349 -114.63685 
    -38.18382 -114.97498 
    -38.73940 -115.33597 
    -39.27267 -115.71407 
    -39.78381 -116.10960 
    -40.24650 -116.55897 
    -40.69688 -117.00519 
    -41.11988 -117.47015 
    -41.52025 -117.94786 
    -41.90728 -118.43087 
    -42.28537 -118.91888 
    -42.65860 -119.41280 
    -43.03067 -119.91459 
    -43.40386 -120.42756 
    -43.77730 -120.95654 
    -44.14421 -121.50777 
    -44.49574 -122.08611 
    -44.81730 -122.69530 
    -45.09079 -123.33611 
    -45.32274 -124.00356 
Cell 17 100 -14.49635 -123.43512 
    -24.49456 -123.43512 
    -24.45564 -124.06170 
    -24.44065 -124.69138 
    -24.45071 -125.33401 
    -24.49066 -126.00122 
    -24.54104 -126.69884 
    -24.39982 -127.35618 
    -24.13039 -127.96855 
    -23.82200 -128.56194 
    -23.47635 -129.13400 
    -23.09523 -129.68257 
    -22.68047 -130.20561 
    -22.23400 -130.70125 
    -21.75773 -131.16771 
    -21.25367 -131.60332 
    -20.72385 -132.00655 
    -20.17034 -132.37589 
    -19.59525 -132.70998 
    -19.00079 -133.00754 
    -18.38922 -133.26738 
    -17.76286 -133.48839 
    -17.12413 -133.66966 
    -16.47552 -133.81030 
    -15.81959 -133.90959 
    -15.15895 -133.96687 
    -14.49635 -133.98061 
    -13.83500 -133.94701 
    -13.18037 -133.85220 
    -12.55273 -133.62395 
    -11.99321 -133.18419 
    -11.45154 -132.80609 
    -10.90952 -132.49442 
    -10.36621 -132.21211 
    -9.81745 -131.94601 
    -9.25524 -131.69380 
    -8.66733 -131.45808 
    -7.96307 -131.33250 
    -7.38419 -131.00880 
    -6.93663 -130.53418 
    -6.52371 -130.03067 
    -6.14515 -129.50262 
    -5.80236 -128.95250 
    -5.49660 -128.38278 
    -5.22889 -127.79606 
    -5.00011 -127.19495 
    -4.81092 -126.58211 
    -4.66180 -125.96021 
    -4.55294 -125.33192 
    -4.48430 -124.69994 
    -4.40510 -124.07001 
    -4.35940 -123.43512 
    -4.34896 -122.79670 
    -4.37392 -122.15636 
    -4.43451 -121.51572 
    -4.53115 -120.87649 
    -4.66442 -120.24053 
    -4.83504 -119.60993 
    -5.04384 -118.98711 
    -5.29168 -118.37481 
    -5.57933 -117.77621 
    -5.90735 -117.19485 
    -6.27597 -116.63463 
    -6.68494 -116.09972 
    -7.13342 -115.59440 
    -7.61993 -115.12296 
    -8.14227 -114.68947 
    -8.69754 -114.29765 
    -9.28223 -113.95067 
    -9.89230 -113.65102 
    -10.39362 -113.07281 
    -10.69275 -111.72886 
    -11.50303 -111.77689 
    -12.38455 -112.36467 
    -13.08902 -112.29493 
    -13.79903 -112.35160 
    -14.49635 -112.51009 
    -15.16949 -112.73592 
    -15.81517 -112.99559 
    -16.43643 -113.26486 
    -17.05406 -113.47350 
    -17.65966 -113.69945 
    -18.24878 -113.95757 
    -18.82016 -114.24657 
    -19.37256 -114.56534 
    -19.90470 -114.91293 
    -20.41523 -115.28848 
    -20.91471 -115.67666 
    -21.42576 -116.05605 
    -21.91440 -116.46911 
    -22.37789 -116.91494 
    -22.81351 -117.39235 
    -23.21857 -117.89983 
    -23.59043 -118.43561 
    -23.92663 -118.99757 
    -24.22485 -119.58334 
    -24.48287 -120.19031 
    -24.69825 -120.81572 
    -24.75958 -121.47730 
    -24.64372 -122.15321 
    -24.55693 -122.80216 
Cell 18 100 16.72800 -122.52884 
    6.61008 -122.52884 
    6.62924 -123.16420 
    6.67965 -123.79824 
    6.77037 -124.42836 
    6.90111 -125.05196 
    7.07144 -125.66644 
    7.28074 -126.26927 
    7.52823 -126.85792 
    7.81296 -127.42992 
    8.13380 -127.98289 
    8.48948 -128.51448 
    8.87857 -129.02246 
    9.29947 -129.50470 
    9.75047 -129.95915 
    10.22971 -130.38393 
    10.73520 -130.77724 
    11.26483 -131.13742 
    11.81640 -131.46300 
    12.38762 -131.75262 
    12.97608 -132.00513 
    13.57932 -132.21948 
    14.19484 -132.39488 
    14.82005 -132.53069 
    15.45238 -132.62646 
    16.08922 -132.68198 
    16.72800 -132.69720 
    17.36618 -132.67239 
    18.00129 -132.60796 
    18.63098 -132.50459 
    19.25304 -132.36319 
    19.86545 -132.18491 
    20.46644 -131.97105 
    21.05452 -131.72316 
    21.62850 -131.44281 
    22.18753 -131.13167 
    22.73108 -130.79137 
    23.25893 -130.42337 
    23.77105 -130.02892 
    24.14660 -129.49536 
    24.45502 -128.92117 
    24.70053 -128.32123 
    24.92371 -127.72999 
    25.13195 -127.14895 
    25.33185 -126.57751 
    25.52872 -126.01329 
    25.72699 -125.45278 
    25.93044 -124.89162 
    26.14204 -124.32466 
    26.36355 -123.74609 
    26.59650 -123.14971 
    26.84345 -122.52884 
    27.18517 -121.87093 
    27.62792 -121.15186 
    28.22730 -120.33523 
    28.31052 -119.55495 
    28.08936 -118.83731 
    27.79664 -118.14645 
    27.43702 -117.48956 
    27.01680 -116.87252 
    26.54353 -116.29972 
    26.02542 -115.77387 
    25.47094 -115.29605 
    24.88822 -114.86589 
    24.28471 -114.48177 
    23.66685 -114.14122 
    23.03989 -113.84127 
    22.40787 -113.57880 
    21.80368 -113.29622 
    21.19609 -113.03366 
    20.57565 -112.81078 
    19.94511 -112.62761 
    19.30708 -112.48400 
    18.66405 -112.37975 
    18.01837 -112.31454 
    17.37230 -112.28799 
    16.72800 -112.24051 
    16.08004 -112.22974 
    15.43095 -112.26157 
    14.78379 -112.33693 
    14.14186 -112.45648 
    13.50860 -112.62052 
    12.88753 -112.82892 
    12.28223 -113.08108 
    11.69614 -113.37592 
    11.13259 -113.71188 
    10.59461 -114.08695 
    10.08495 -114.49876 
    9.60595 -114.94462 
    9.15957 -115.42161 
    8.74738 -115.92670 
    8.37056 -116.45680 
    8.02996 -117.00890 
    7.72614 -117.58002 
    7.45944 -118.16739 
    7.22845 -118.76770 
    7.02843 -119.37726 
    6.86716 -119.99700 
    6.74473 -120.62443 
    6.66113 -121.25710 
    6.61630 -121.89266 
Cell 19 100 23.28154 -101.54967 
    12.09484 -101.54967 
    12.15170 -102.24989 
    12.25974 -102.94205 
    12.41709 -103.62217 
    12.62147 -104.28671 
    12.87031 -104.93248 
    13.16083 -105.55674 
    13.49014 -106.15715 
    13.85533 -106.73177 
    14.25355 -107.27901 
    14.68202 -107.79758 
    15.13813 -108.28648 
    15.61944 -108.74487 
    16.12366 -109.17204 
    16.64871 -109.56738 
    17.18250 -109.94428 
    17.70864 -110.33116 
    18.26009 -110.68365 
    18.83456 -110.99998 
    19.42961 -111.27854 
    20.04267 -111.51789 
    20.67107 -111.71679 
    21.31204 -111.87415 
    21.96273 -111.98914 
    22.62022 -112.06110 
    23.28154 -112.08961 
    23.94371 -112.07446 
    24.60370 -112.01563 
    25.25853 -111.91338 
    25.90520 -111.76814 
    26.54078 -111.58058 
    27.16240 -111.35159 
    27.76724 -111.08226 
    28.35260 -110.77390 
    28.91589 -110.42797 
    29.45462 -110.04618 
    29.96649 -109.63038 
    30.44934 -109.18259 
    30.90119 -108.70499 
    31.32029 -108.19990 
    31.70511 -107.66975 
    32.05439 -107.11709 
    32.36718 -106.54454 
    32.64283 -105.95476 
    32.88106 -105.35039 
    33.08194 -104.73401 
    33.24593 -104.10809 
    33.37381 -103.47487 
    33.46664 -102.83634 
    33.52565 -102.19418 
    33.55212 -101.54967 
    33.54715 -100.90381 
    33.51150 -100.25732 
    33.44538 -99.61081 
    33.34832 -98.96496 
    33.21901 -98.32079 
    33.05535 -97.67995 
    32.85461 -97.04492 
    32.61366 -96.41930 
    32.32935 -95.80775 
    32.06242 -95.16998 
    31.80432 -94.49902 
    31.51039 -93.82227 
    31.17266 -93.14648 
    30.78307 -92.48188 
    30.33468 -91.84186 
    29.82278 -91.24232 
    29.24596 -90.70043 
    28.60676 -90.23300 
    27.91186 -89.85483 
    27.17168 -89.57705 
    26.39952 -89.40594 
    25.61024 -89.34219 
    24.81881 -89.38098 
    24.03885 -89.51262 
    23.28154 -89.72382 
    22.55485 -89.99924 
    21.86331 -90.32320 
    21.20826 -90.68112 
    20.58845 -91.06077 
    20.00091 -91.45290 
    19.43955 -91.84589 
    18.81116 -92.04961 
    18.19184 -92.29153 
    17.58416 -92.57203 
    16.99096 -92.89142 
    16.41531 -93.24982 
    15.86053 -93.64709 
    15.33015 -94.08281 
    14.82783 -94.55614 
    14.35732 -95.06584 
    13.92237 -95.61016 
    13.52661 -96.18685 
    13.17346 -96.79317 
    12.86603 -97.42587 
    12.60703 -98.08131 
    12.39865 -98.75542 
    12.24254 -99.44386 
    12.13972 -100.14213 
    12.09057 -100.84559 
Cell 20 100 66.78423 -100.74072 
    56.69548 -100.74072 
    56.71072 -101.37449 
    56.76592 -102.00632 
    56.86096 -102.63368 
    56.99553 -103.25403 
    57.16915 -103.86485 
    57.38119 -104.46364 
    57.63084 -105.04797 
    57.91712 -105.61545 
    58.23891 -106.16374 
    58.59492 -106.69060 
    58.98372 -107.19386 
    59.40374 -107.67146 
    59.85323 -108.12148 
    60.33040 -108.54205 
    60.83331 -108.93146 
    61.35988 -109.28812 
    61.90797 -109.61060 
    62.47533 -109.89761 
    63.05962 -110.14799 
    63.65847 -110.36080 
    64.26943 -110.53521 
    64.89001 -110.67057 
    65.51769 -110.76640 
    66.14995 -110.82240 
    66.78423 -110.83842 
    67.41802 -110.81453 
    68.04881 -110.75092 
    68.67414 -110.64796 
    69.29158 -110.50619 
    69.89877 -110.32629 
    70.49345 -110.10912 
    71.07339 -109.85565 
    71.63651 -109.56697 
    72.18078 -109.24432 
    72.70431 -108.88900 
    73.20530 -108.50245 
    73.68204 -108.08614 
    74.13297 -107.64164 
    74.55659 -107.17057 
    74.95150 -106.67458 
    75.31638 -106.15538 
    75.64999 -105.61470 
    75.95114 -105.05434 
    76.21871 -104.47609 
    76.45578 -103.88319 
    76.73009 -103.29438 
    77.00705 -102.69082 
    77.28763 -102.06760 
    77.56370 -101.41890 
    77.81602 -100.74072 
    78.01553 -100.03410 
    78.12872 -99.30757 
    78.12592 -98.57717 
    77.98982 -97.86361 
    77.72091 -97.18717 
    77.33751 -96.56238 
    76.87045 -95.99450 
    76.42349 -95.44149 
    76.27834 -94.71557 
    76.08859 -93.98071 
    75.84034 -93.24885 
    75.52055 -92.53677 
    75.11932 -91.86475 
    74.63204 -91.25434 
    74.06065 -90.72559 
    73.41383 -90.29414 
    72.70604 -89.96899 
    71.95551 -89.75118 
    71.18167 -89.63406 
    70.40258 -89.60459 
    69.63293 -89.64579 
    68.88284 -89.73946 
    68.16041 -89.84715 
    67.46868 -89.86176 
    66.78423 -89.92260 
    66.11018 -90.02684 
    65.44904 -90.17161 
    64.80289 -90.35416 
    64.17334 -90.57195 
    63.56169 -90.82275 
    62.96904 -91.10462 
    62.39634 -91.41595 
    61.84451 -91.75539 
    61.31451 -92.12182 
    60.80737 -92.51427 
    60.32418 -92.93185 
    59.86617 -93.37373 
    59.43464 -93.83899 
    59.03098 -94.32666 
    58.65231 -94.83253 
    58.29640 -95.35417 
    57.97308 -95.89674 
    57.68369 -96.45833 
    57.42947 -97.03690 
    57.21154 -97.63036 
    57.03088 -98.23648 
    56.88832 -98.85297 
    56.78457 -99.47746 
    56.72017 -100.10754 
Cell 21 100 64.50726 -126.34906 
    54.49985 -126.34906 
    54.52073 -126.97736 
    54.58103 -127.60303 
    54.68050 -128.22362 
    54.81875 -128.83664 
    54.99521 -129.43971 
    55.20917 -130.03044 
    55.41600 -130.62708 
    55.64172 -131.22293 
    55.90598 -131.80760 
    56.20880 -132.37825 
    56.54989 -132.93198 
    56.92863 -133.46587 
    57.34409 -133.97707 
    57.79507 -134.46271 
    58.28011 -134.92000 
    58.79744 -135.34630 
    59.34509 -135.73901 
    59.92083 -136.09572 
    60.52219 -136.41418 
    61.14654 -136.69231 
    61.79122 -136.92735 
    62.45314 -137.11716 
    63.12867 -137.26170 
    63.81452 -137.35991 
    64.50726 -137.41121 
    65.20354 -137.41597 
    65.90005 -137.37411 
    66.59356 -137.28583 
    67.28062 -137.15057 
    67.95667 -136.96524 
    68.61845 -136.73273 
    69.26266 -136.45479 
    69.87286 -136.10905 
    70.41025 -135.65068 
    70.81728 -135.03404 
    71.04185 -134.24802 
    71.27972 -133.56099 
    71.55077 -132.96335 
    71.81203 -132.39209 
    72.03586 -131.81891 
    72.23615 -131.25395 
    72.42991 -130.70457 
    72.62567 -130.16930 
    72.82879 -129.64378 
    73.04278 -129.12242 
    73.26938 -128.59879 
    73.50762 -128.06598 
    73.75009 -127.51670 
    73.98455 -126.94532 
    74.25207 -126.34906 
    74.55685 -125.71680 
    74.81073 -125.04743 
    74.73921 -124.39721 
    74.62470 -123.75134 
    74.46677 -123.11302 
    74.26527 -122.48559 
    74.02044 -121.87250 
    73.73289 -121.27723 
    73.40369 -120.70322 
    73.03433 -120.15378 
    72.62673 -119.63205 
    72.18318 -119.14089 
    71.70634 -118.68282 
    71.19911 -118.26001 
    70.66460 -117.87421 
    70.14072 -117.47215 
    69.66094 -116.97456 
    69.15216 -116.47815 
    68.60663 -115.99525 
    68.01771 -115.54502 
    67.38229 -115.15154 
    66.70267 -114.84035 
    65.98724 -114.63380 
    65.24981 -114.54660 
    64.50726 -114.58267 
    63.77653 -114.73438 
    63.07155 -114.98422 
    62.40118 -115.30858 
    61.76854 -115.68243 
    61.17180 -116.08356 
    60.60600 -116.49558 
    60.06511 -116.90901 
    59.54393 -117.32080 
    59.03914 -117.73267 
    58.54966 -118.14912 
    58.07639 -118.57548 
    57.62165 -119.01662 
    57.18841 -119.47620 
    56.77985 -119.95639 
    56.39892 -120.45800 
    56.04819 -120.98077 
    55.72980 -121.52361 
    55.44553 -122.08493 
    55.19676 -122.66277 
    54.98466 -123.25498 
    54.81015 -123.85927 
    54.67395 -124.47325 
    54.57660 -125.09453 
    54.51849 -125.72062 
Cell 22 100 72.94248 -77.91006 
    60.80915 -77.91006 
    60.82868 -78.67220 
    60.92243 -79.42855 
    61.08774 -80.17148 
    61.32043 -80.89410 
    61.61503 -81.59058 
    61.96523 -82.25626 
    62.36420 -82.88783 
    62.80507 -83.48315 
    63.28121 -84.04129 
    63.78659 -84.56221 
    64.31593 -85.04657 
    64.86485 -85.49546 
    65.42989 -85.91017 
    66.00842 -86.29192 
    66.59858 -86.64170 
    67.19909 -86.96021 
    67.80907 -87.24769 
    68.42792 -87.50401 
    69.05505 -87.72861 
    69.68984 -87.92065 
    70.33153 -88.07906 
    70.97907 -88.20264 
    71.63117 -88.29014 
    72.28626 -88.34039 
    72.94248 -88.35880 
    73.59890 -88.34351 
    74.25318 -88.28530 
    74.90241 -88.18439 
    75.54372 -88.04121 
    76.17425 -87.85641 
    76.79119 -87.63080 
    77.39184 -87.36543 
    77.97354 -87.06153 
    78.53375 -86.72050 
    79.07005 -86.34393 
    79.58012 -85.93359 
    80.06181 -85.49138 
    80.51311 -85.01936 
    80.93224 -84.51978 
    81.31765 -83.99498 
    81.66816 -83.44755 
    81.98316 -82.88022 
    82.26299 -82.29597 
    82.50940 -81.69788 
    82.72620 -81.08899 
    82.91985 -80.47182 
    83.09980 -79.84768 
    83.27780 -79.21572 
    83.46611 -78.57216 
    83.67407 -77.91006 
    83.90356 -77.22045 
    84.14459 -76.49491 
    84.37273 -75.72963 
    84.55037 -74.92966 
    84.63259 -74.11172 
    84.57686 -73.30369 
    84.35381 -72.54031 
    83.95552 -71.85560 
    83.39826 -71.27463 
    82.71851 -70.80737 
    81.96381 -70.44697 
    81.45703 -69.91438 
    81.04519 -69.28156 
    80.58593 -68.67072 
    80.07893 -68.08758 
    79.52464 -67.53825 
    78.92435 -67.02907 
    78.28040 -66.56641 
    77.59608 -66.15641 
    76.87572 -65.80482 
    76.12456 -65.51669 
    75.34869 -65.29625 
    74.55488 -65.14662 
    73.75032 -65.06981 
    72.94248 -65.06650 
    72.13882 -65.13613 
    71.34654 -65.27689 
    70.57243 -65.48578 
    69.82258 -65.75885 
    69.10233 -66.09129 
    68.41608 -66.47769 
    67.76730 -66.91225 
    67.15849 -67.38903 
    66.59124 -67.90211 
    66.06633 -68.44585 
    65.58382 -69.01496 
    65.14320 -69.60468 
    64.74359 -70.21079 
    64.38380 -70.82971 
    64.06254 -71.45841 
    63.57901 -71.96783 
    63.07677 -72.48634 
    62.60669 -73.04641 
    62.17611 -73.64735 
    61.79256 -74.28724 
    61.46342 -74.96275 
    61.19545 -75.66920 
    60.99441 -76.40067 
    60.86472 -77.15020 
Cell 23 100 89.91919 -114.83136 
    78.37149 -114.83136 
    78.53983 -115.54729 
    78.75739 -116.24142 
    79.01694 -116.91107 
    79.31178 -117.55488 
    79.63612 -118.17253 
    79.98531 -118.76446 
    80.35585 -119.33152 
    80.74544 -119.87467 
    81.15273 -120.39472 
    81.57723 -120.89215 
    82.02109 -121.36523 
    82.64645 -121.66092 
    83.27096 -121.91101 
    83.85332 -122.16373 
    84.42769 -122.38976 
    84.99218 -122.59508 
    85.54508 -122.78783 
    86.08755 -122.97400 
    86.62244 -123.15801 
    87.15367 -123.34276 
    87.68584 -123.52966 
    88.22382 -123.71880 
    88.77235 -123.90952 
    89.33611 -124.09903 
    89.91919 -124.28114 
    90.52399 -124.44435 
    91.15903 -124.64565 
    91.87189 -125.06780 
    92.62082 -125.35352 
    93.28194 -125.18082 
    93.93074 -124.96339 
    94.56403 -124.70213 
    95.17862 -124.39822 
    95.77146 -124.05306 
    96.33961 -123.66832 
    96.88029 -123.24588 
    97.39081 -122.78783 
    97.86873 -122.29647 
    98.31178 -121.77431 
    98.71787 -121.22398 
    99.08519 -120.64828 
    99.41209 -120.05013 
    99.69726 -119.43257 
    99.93954 -118.79870 
    100.13811 -118.15169 
    100.29235 -117.49474 
    100.40195 -116.83105 
    100.46687 -116.16384 
    100.48730 -115.49625 
    100.46371 -114.83136 
    100.39687 -114.17216 
    100.28773 -113.52151 
    100.13756 -112.88210 
    99.94781 -112.25645 
    99.72020 -111.64682 
    99.45659 -111.05524 
    99.15901 -110.48343 
    98.82964 -109.93280 
    98.47072 -109.40440 
    98.08447 -108.89894 
    97.67307 -108.41679 
    97.23859 -107.95799 
    96.78286 -107.52229 
    96.30744 -107.10929 
    95.81354 -106.71849 
    95.30204 -106.34934 
    94.77341 -106.00156 
    94.22778 -105.67515 
    93.66496 -105.37063 
    93.08463 -105.08913 
    92.48647 -104.83246 
    91.87030 -104.60328 
    91.23635 -104.40493 
    90.58545 -104.24144 
    89.91919 -104.11733 
    89.24009 -104.03741 
    88.55168 -104.00645 
    87.85850 -104.02885 
    87.16599 -104.10833 
    86.48032 -104.24759 
    85.80817 -104.44811 
    85.15639 -104.70991 
    84.53165 -105.03148 
    83.94010 -105.40983 
    83.38706 -105.84066 
    82.80795 -106.23535 
    82.17151 -106.58092 
    81.55449 -106.97638 
    80.96512 -107.42390 
    80.41238 -107.92426 
    79.90551 -108.47649 
    79.45340 -109.07774 
    79.06400 -109.72330 
    78.74380 -110.40671 
    78.49731 -111.12017 
    78.32684 -111.85495 
    78.23229 -112.60197 
    78.21135 -113.35232 
    78.25970 -114.09781 
Cell 24 100 -95.08021 -102.36521 
    -105.25762 -102.36521 
    -105.24587 -103.00478 
    -105.19331 -103.64279 
    -105.10002 -104.27660 
    -104.96635 -104.90354 
    -104.79277 -105.52101 
    -104.58000 -106.12644 
    -104.32889 -106.71731 
    -104.04047 -107.29116 
    -103.71597 -107.84563 
    -103.35674 -108.37846 
    -102.96432 -108.88751 
    -102.54034 -109.37075 
    -102.08663 -109.82629 
    -101.60508 -110.25243 
    -101.09769 -110.64758 
    -100.56659 -111.01036 
    -100.01390 -111.33955 
    -99.44184 -111.63415 
    -98.85263 -111.89327 
    -98.24852 -112.11626 
    -97.63170 -112.30262 
    -97.00436 -112.45199 
    -96.36864 -112.56417 
    -95.72659 -112.63908 
    -95.08021 -112.67673 
    -94.43143 -112.67722 
    -93.78212 -112.64066 
    -93.13406 -112.56725 
    -92.48905 -112.45709 
    -91.84884 -112.31035 
    -91.21519 -112.12714 
    -90.58995 -111.90749 
    -89.97504 -111.65148 
    -89.37251 -111.35911 
    -88.78457 -111.03042 
    -88.21362 -110.66549 
    -87.66227 -110.26451 
    -87.13356 -109.82761 
    -86.66625 -109.32584 
    -86.46690 -108.62315 
    -86.31014 -107.93087 
    -86.19543 -107.24966 
    -86.07793 -106.60136 
    -85.95332 -105.97881 
    -85.81528 -105.37557 
    -85.65347 -104.78559 
    -85.45450 -104.20142 
    -85.17865 -103.61607 
    -84.79105 -103.01255 
    -84.30682 -102.36521 
    -83.83452 -101.65770 
    -83.38514 -100.88778 
    -82.94713 -100.05070 
    -83.36119 -99.35628 
    -83.92847 -98.74179 
    -84.57285 -98.20505 
    -85.01019 -97.62662 
    -84.88810 -96.76205 
    -84.66419 -95.75500 
    -86.25283 -95.95174 
    -86.73304 -95.45983 
    -87.24038 -95.00312 
    -87.77151 -94.58224 
    -88.32330 -94.19751 
    -88.89282 -93.84901 
    -89.47742 -93.53662 
    -90.07466 -93.26015 
    -90.68238 -93.01936 
    -91.29858 -92.81393 
    -91.92148 -92.64365 
    -92.54939 -92.50832 
    -93.18073 -92.40779 
    -93.81086 -92.31728 
    -94.43968 -92.18439 
    -95.08021 -92.05985 
    -95.73596 -91.94227 
    -96.41029 -91.83656 
    -97.10411 -91.75555 
    -97.81361 -91.71933 
    -98.52863 -91.75206 
    -99.23302 -91.87640 
    -99.90717 -92.10741 
    -100.53227 -92.44794 
    -101.09496 -92.88748 
    -101.59035 -93.40477 
    -102.02258 -93.97334 
    -102.40253 -94.56773 
    -102.74400 -95.16843 
    -103.05954 -95.76413 
    -103.35773 -96.35123 
    -103.64213 -96.93166 
    -103.92448 -97.50304 
    -104.22300 -98.06294 
    -104.48591 -98.64124 
    -104.71198 -99.23566 
    -104.90012 -99.84389 
    -105.04943 -100.46348 
    -105.15914 -101.09195 
    -105.22868 -101.72672 
