21 25 
Cell 0 100 -116.20633 -152.10811 
    -126.20650 -152.10811 
    -126.18677 -152.73602 
    -126.12763 -153.36147 
    -126.02935 -153.98195 
    -125.89230 -154.59505 
    -125.71702 -155.19832 
    -125.50420 -155.78940 
    -125.25470 -156.36595 
    -124.96948 -156.92569 
    -124.64968 -157.46642 
    -124.29656 -157.98601 
    -123.91151 -158.48239 
    -123.49605 -158.95361 
    -123.05183 -159.39783 
    -122.58076 -159.81346 
    -122.09576 -160.21422 
    -121.58564 -160.58453 
    -121.05213 -160.92258 
    -120.49725 -161.22679 
    -119.92316 -161.49576 
    -119.33208 -161.72816 
    -118.72633 -161.92288 
    -118.10836 -162.07892 
    -117.48065 -162.19542 
    -116.84577 -162.27171 
    -116.20633 -162.30730 
    -115.56499 -162.30185 
    -114.92445 -162.25522 
    -114.28741 -162.16745 
    -113.65657 -162.03876 
    -113.03464 -161.86957 
    -112.42429 -161.66046 
    -111.82815 -161.41222 
    -111.24880 -161.12582 
    -110.68877 -160.80240 
    -110.15048 -160.44327 
    -109.63628 -160.04993 
    -109.14841 -159.62402 
    -108.68899 -159.16736 
    -108.25999 -158.68188 
    -107.86330 -158.16968 
    -107.50059 -157.63293 
    -107.17341 -157.07401 
    -106.88312 -156.49529 
    -106.90176 -155.79205 
    -107.15643 -155.04860 
    -107.30716 -154.39302 
    -107.42105 -153.78398 
    -107.51612 -153.20595 
    -107.59772 -152.64972 
    -107.71340 -152.10811 
    -107.84785 -151.58223 
    -107.99198 -151.07040 
    -108.14040 -150.56946 
    -108.28104 -150.07324 
    -108.42941 -149.58124 
    -108.56011 -149.08076 
    -108.61401 -148.53543 
    -108.59860 -147.92572 
    -108.45023 -147.18593 
    -108.09303 -146.21346 
    -107.62177 -145.00635 
    -107.22501 -143.67409 
    -107.74767 -143.10056 
    -108.33562 -142.59406 
    -108.98006 -142.16200 
    -109.70776 -141.86800 
    -110.51930 -141.76344 
    -111.48432 -142.07333 
    -112.31699 -142.28477 
    -113.06086 -142.42734 
    -113.74531 -142.52306 
    -114.38572 -142.56412 
    -115.00388 -142.58971 
    -115.60826 -142.60204 
    -116.20633 -142.61032 
    -116.80750 -142.55276 
    -117.42033 -142.49828 
    -118.04874 -142.44980 
    -118.70109 -142.39169 
    -119.39422 -142.29678 
    -120.15018 -142.14709 
    -120.74272 -142.46777 
    -121.30721 -142.82964 
    -121.89008 -143.15195 
    -122.42053 -143.55499 
    -122.99996 -143.89601 
    -123.79358 -144.02850 
    -123.79253 -144.98419 
    -124.09853 -145.57912 
    -124.44142 -146.12497 
    -124.75356 -146.68387 
    -125.03471 -147.25467 
    -125.28452 -147.83624 
    -125.50429 -148.42679 
    -125.71709 -149.01788 
    -125.89236 -149.62115 
    -126.02939 -150.23425 
    -126.12766 -150.85475 
    -126.18678 -151.48019 
Cell 1 100 -97.79223 -151.01231 
    -108.00919 -151.01231 
    -107.83206 -151.64397 
    -107.68064 -152.26151 
    -107.56446 -152.87646 
    -107.46830 -153.49670 
    -107.35813 -154.12045 
    -107.22570 -154.74728 
    -107.04723 -155.36739 
    -106.80939 -155.96954 
    -106.41629 -156.48531 
    -106.00654 -156.98036 
    -105.57905 -157.45413 
    -105.13272 -157.90550 
    -104.66672 -158.33290 
    -104.18231 -158.73659 
    -103.68734 -159.12624 
    -103.16859 -159.48410 
    -102.62809 -159.80870 
    -102.06796 -160.09871 
    -101.49044 -160.35294 
    -100.89780 -160.57030 
    -100.29241 -160.74989 
    -99.67668 -160.89096 
    -99.05307 -160.99290 
    -98.42408 -161.05528 
    -97.79223 -161.07780 
    -97.16006 -161.06033 
    -96.53012 -161.00294 
    -95.90495 -160.90582 
    -95.28705 -160.76933 
    -94.67894 -160.59402 
    -94.08307 -160.38058 
    -93.50184 -160.12985 
    -92.93761 -159.84283 
    -92.39264 -159.52071 
    -91.86914 -159.16473 
    -91.36923 -158.77638 
    -90.89491 -158.35721 
    -90.44810 -157.90892 
    -90.03058 -157.43332 
    -89.64403 -156.93233 
    -89.28751 -156.40958 
    -88.95264 -155.87192 
    -88.64684 -155.31581 
    -88.36975 -154.74294 
    -88.21982 -154.12257 
    -88.24632 -153.46329 
    -88.26188 -152.83032 
    -88.27240 -152.21494 
    -88.28085 -151.61072 
    -88.28961 -151.01231 
    -88.30327 -150.41531 
    -88.32488 -149.81631 
    -88.35566 -149.21219 
    -88.39421 -148.59932 
    -88.44586 -147.97549 
    -88.51028 -147.33733 
    -88.58435 -146.67941 
    -88.65829 -145.99089 
    -88.71666 -145.25278 
    -88.78151 -144.46564 
    -89.23676 -143.93462 
    -89.73886 -143.44969 
    -90.28059 -143.01323 
    -90.85426 -142.62575 
    -91.45235 -142.28621 
    -92.06799 -141.99236 
    -92.69537 -141.74118 
    -93.32990 -141.52937 
    -93.96817 -141.35384 
    -94.60790 -141.21196 
    -95.20428 -140.93294 
    -95.81629 -140.65408 
    -96.45474 -140.42502 
    -97.11646 -140.27126 
    -97.79223 -140.21368 
    -98.46861 -140.26147 
    -99.13177 -140.40872 
    -99.77151 -140.63660 
    -100.38355 -140.91977 
    -100.96928 -141.23433 
    -101.57165 -141.46660 
    -102.19596 -141.65390 
    -102.81960 -141.86758 
    -103.44288 -142.10832 
    -104.06546 -142.37796 
    -104.68578 -142.67944 
    -105.30067 -143.01665 
    -105.90499 -143.39392 
    -106.49155 -143.81561 
    -107.04795 -144.28764 
    -107.56364 -144.81119 
    -107.81531 -145.50208 
    -108.07710 -146.17264 
    -108.32407 -146.84247 
    -108.51865 -147.52710 
    -108.60644 -148.23570 
    -108.57246 -148.95587 
    -108.40205 -149.67198 
    -108.20048 -150.35748 
Cell 2 100 -77.98312 -151.51477 
    -88.28225 -151.51477 
    -88.27314 -152.16216 
    -88.26217 -152.81331 
    -88.24595 -153.47252 
    -88.22511 -154.14445 
    -88.00372 -154.77066 
    -87.67904 -155.35365 
    -87.33675 -155.91626 
    -86.97649 -156.45892 
    -86.59751 -156.98163 
    -86.19888 -157.48387 
    -85.77975 -157.96471 
    -85.33945 -158.42282 
    -84.87762 -158.85666 
    -84.42026 -159.29593 
    -83.94245 -159.71709 
    -83.43678 -160.10835 
    -82.90506 -160.46774 
    -82.34930 -160.79337 
    -81.77164 -161.08345 
    -81.17435 -161.33636 
    -80.55991 -161.55067 
    -79.93084 -161.72505 
    -79.28983 -161.85837 
    -78.63963 -161.94968 
    -77.98312 -161.99826 
    -77.32322 -162.00360 
    -76.66291 -161.96536 
    -76.00519 -161.88347 
    -75.35310 -161.75803 
    -74.70967 -161.58942 
    -74.07790 -161.37822 
    -73.46077 -161.12527 
    -72.86117 -160.83157 
    -72.28194 -160.49841 
    -71.72579 -160.12726 
    -71.19537 -159.71976 
    -70.69314 -159.27782 
    -70.22145 -158.80347 
    -69.78247 -158.29893 
    -69.37822 -157.76660 
    -69.01050 -157.20897 
    -68.68092 -156.62871 
    -68.39089 -156.02853 
    -68.14155 -155.41133 
    -67.88068 -154.79726 
    -67.75886 -154.13991 
    -67.70840 -153.47478 
    -67.63538 -152.82199 
    -67.54111 -152.17172 
    -67.42322 -151.51477 
    -67.27521 -150.84109 
    -67.18460 -150.15060 
    -67.25925 -149.46909 
    -67.40301 -148.79826 
    -67.60123 -148.14148 
    -67.85284 -147.50391 
    -68.15584 -146.89040 
    -68.50717 -146.30533 
    -68.90290 -145.75229 
    -69.33847 -145.23405 
    -69.80894 -144.75250 
    -70.30935 -144.30861 
    -70.85049 -143.91930 
    -71.53396 -143.71907 
    -72.18982 -143.54097 
    -72.78575 -143.32503 
    -73.36888 -143.12149 
    -73.93610 -142.91441 
    -74.49547 -142.70595 
    -75.05286 -142.49637 
    -75.61218 -142.28055 
    -76.17316 -142.02657 
    -76.74876 -141.74379 
    -77.34863 -141.42969 
    -77.98312 -141.15689 
    -78.65173 -140.88742 
    -79.34938 -140.69972 
    -80.06610 -140.59540 
    -80.77773 -140.63048 
    -81.51424 -140.64714 
    -82.27763 -140.66809 
    -83.03203 -140.78531 
    -83.76176 -141.00348 
    -84.51350 -141.22453 
    -85.25033 -141.51233 
    -85.96188 -141.87012 
    -86.63719 -142.29913 
    -87.26527 -142.79825 
    -87.83578 -143.36394 
    -88.33971 -143.99026 
    -88.76445 -144.67274 
    -88.68680 -145.63037 
    -88.60168 -146.51805 
    -88.50928 -147.34717 
    -88.43398 -148.11908 
    -88.37872 -148.84564 
    -88.33900 -149.53929 
    -88.31068 -150.21010 
    -88.29295 -150.86613 
Cell 3 100 -57.63382 -154.42894 
    -67.78934 -154.42894 
    -67.74390 -155.06502 
    -67.66177 -155.69577 
    -67.54317 -156.31924 
    -67.38864 -156.93355 
    -67.19875 -157.53677 
    -66.97400 -158.12698 
    -66.71496 -158.70219 
    -66.42228 -159.26044 
    -66.10028 -159.80193 
    -65.74530 -160.32227 
    -65.35831 -160.81918 
    -64.94086 -161.29070 
    -64.49461 -161.73494 
    -64.02137 -162.15016 
    -63.52301 -162.53471 
    -63.00154 -162.88710 
    -62.45902 -163.20593 
    -61.89762 -163.48997 
    -61.31958 -163.73811 
    -60.72720 -163.94937 
    -60.12283 -164.12296 
    -59.50885 -164.25819 
    -58.88773 -164.35458 
    -58.26189 -164.41176 
    -57.63382 -164.42975 
    -57.00592 -164.40921 
    -56.38049 -164.35008 
    -55.76001 -164.25182 
    -55.14693 -164.11478 
    -54.54366 -163.93950 
    -53.95214 -163.72780 
    -53.37410 -163.48132 
    -52.81151 -163.20070 
    -52.26594 -162.88737 
    -51.73868 -162.54291 
    -51.23075 -162.16891 
    -50.74294 -161.76700 
    -50.27575 -161.33864 
    -49.82957 -160.88518 
    -49.40471 -160.40775 
    -49.00158 -159.90714 
    -48.62087 -159.38385 
    -48.26370 -158.83818 
    -47.93183 -158.27023 
    -47.62777 -157.68010 
    -47.56231 -157.01486 
    -47.88340 -156.28893 
    -48.08810 -155.63484 
    -48.22803 -155.02071 
    -48.34225 -154.42894 
    -48.45522 -153.85147 
    -48.57601 -153.28467 
    -48.71031 -152.72670 
    -48.87149 -152.17915 
    -49.04823 -151.63931 
    -49.25704 -151.11234 
    -49.47957 -150.59184 
    -49.73079 -150.08421 
    -49.98959 -149.57776 
    -50.26487 -149.07507 
    -50.54269 -148.56264 
    -50.80400 -148.01530 
    -51.02892 -147.39543 
    -51.15621 -146.59885 
    -51.51772 -146.01085 
    -52.09845 -145.70659 
    -52.68883 -145.43404 
    -53.28752 -145.19257 
    -53.89354 -144.98207 
    -54.50611 -144.80284 
    -55.12443 -144.65550 
    -55.74759 -144.54094 
    -56.37447 -144.46017 
    -57.00351 -144.41043 
    -57.63382 -144.37761 
    -58.26594 -144.38179 
    -58.89788 -144.42294 
    -59.52767 -144.50105 
    -60.15331 -144.61618 
    -60.77466 -144.76245 
    -61.39235 -144.93599 
    -61.99150 -145.16841 
    -62.56979 -145.45045 
    -63.13946 -145.75345 
    -63.68936 -146.09422 
    -64.21613 -146.47229 
    -64.71636 -146.88681 
    -65.18666 -147.33635 
    -65.62385 -147.81902 
    -66.02505 -148.33235 
    -66.38785 -148.87347 
    -66.71035 -149.43909 
    -66.99126 -150.02567 
    -67.22988 -150.62959 
    -67.36855 -151.26595 
    -67.49195 -151.89780 
    -67.59293 -152.52913 
    -67.67326 -153.16066 
    -67.73259 -153.79358 
Cell 4 100 -39.27830 -150.48026 
    -49.53479 -150.48026 
    -49.25882 -151.10818 
    -49.02460 -151.71150 
    -48.83495 -152.30328 
    -48.67058 -152.89178 
    -48.53284 -153.48723 
    -48.40762 -154.09482 
    -48.28625 -154.71907 
    -48.15115 -155.35814 
    -47.97419 -155.99884 
    -47.73501 -156.62440 
    -47.45140 -157.24162 
    -46.94493 -157.67970 
    -46.42198 -158.08749 
    -45.88375 -158.46487 
    -45.33133 -158.81152 
    -44.76574 -159.12706 
    -44.21716 -159.46400 
    -43.66154 -159.79510 
    -43.08332 -160.09064 
    -42.48482 -160.34891 
    -41.86849 -160.56836 
    -41.23690 -160.74762 
    -40.59279 -160.88548 
    -39.93895 -160.98093 
    -39.27830 -161.03319 
    -38.61383 -161.04164 
    -37.94859 -161.00598 
    -37.28566 -160.92603 
    -36.62815 -160.80191 
    -35.97916 -160.63396 
    -35.34177 -160.42279 
    -34.71904 -160.16919 
    -34.11392 -159.87424 
    -33.52933 -159.53918 
    -32.96804 -159.16559 
    -32.43273 -158.75513 
    -31.92591 -158.30975 
    -31.44995 -157.83157 
    -31.00705 -157.32283 
    -30.59917 -156.78601 
    -30.22813 -156.22366 
    -29.89548 -155.63850 
    -29.60259 -155.03329 
    -29.35055 -154.41093 
    -29.14026 -153.77431 
    -28.97239 -153.12636 
    -28.84735 -152.47006 
    -28.76536 -151.80835 
    -28.72640 -151.14412 
    -28.73028 -150.48026 
    -28.77660 -149.81955 
    -28.86479 -149.16472 
    -28.99413 -148.51845 
    -29.16375 -147.88329 
    -29.37265 -147.26172 
    -29.61970 -146.65614 
    -29.90367 -146.06889 
    -30.22320 -145.50217 
    -30.57685 -144.95815 
    -30.96309 -144.43890 
    -31.38029 -143.94644 
    -31.82668 -143.48271 
    -32.27459 -143.02206 
    -32.72391 -142.55736 
    -33.20007 -142.11429 
    -33.72402 -141.72810 
    -34.29613 -141.41774 
    -34.90618 -141.18901 
    -35.51587 -140.97743 
    -36.12178 -140.76547 
    -36.73020 -140.55606 
    -37.34599 -140.35074 
    -37.97326 -140.14980 
    -38.61592 -139.95201 
    -39.27830 -139.75409 
    -39.96600 -139.54955 
    -40.68448 -139.34921 
    -41.41167 -139.29677 
    -42.13974 -139.33568 
    -42.89221 -139.35779 
    -43.65380 -139.42900 
    -44.39715 -139.60216 
    -45.13295 -139.83069 
    -45.85561 -140.11609 
    -46.55906 -140.45915 
    -47.23700 -140.85983 
    -47.88298 -141.31720 
    -48.49063 -141.82930 
    -49.05384 -142.39322 
    -49.56696 -143.00511 
    -50.02499 -143.66020 
    -50.42372 -144.35301 
    -50.75989 -145.07744 
    -51.03124 -145.82693 
    -51.15249 -146.62209 
    -51.00180 -147.47017 
    -50.66411 -148.30830 
    -50.25471 -149.09361 
    -49.86889 -149.81395 
Cell 5 100 -13.10817 -152.50513 
    -23.48123 -152.50513 
    -23.49176 -153.15840 
    -23.45949 -153.81281 
    -23.38424 -154.46539 
    -23.26603 -155.11322 
    -23.10510 -155.75333 
    -22.90193 -156.38275 
    -22.65719 -156.99855 
    -22.37180 -157.59785 
    -22.04691 -158.17783 
    -21.68383 -158.73570 
    -21.28412 -159.26886 
    -20.84952 -159.77473 
    -20.38199 -160.25096 
    -19.88364 -160.69525 
    -19.35673 -161.10553 
    -18.80374 -161.47990 
    -18.22720 -161.81660 
    -17.62984 -162.11415 
    -17.01443 -162.37120 
    -16.38385 -162.58664 
    -15.74108 -162.75961 
    -15.08908 -162.88943 
    -14.43092 -162.97572 
    -13.76960 -163.01826 
    -13.10817 -163.01707 
    -12.44963 -162.97241 
    -11.79692 -162.88470 
    -11.15296 -162.75471 
    -10.52054 -162.58328 
    -9.90240 -162.37149 
    -9.30112 -162.12064 
    -8.71921 -161.83214 
    -8.15903 -161.50758 
    -7.62276 -161.14874 
    -7.11247 -160.75749 
    -6.63007 -160.33580 
    -6.17728 -159.88577 
    -5.72949 -159.43416 
    -5.28904 -158.97366 
    -4.87540 -158.48659 
    -4.49022 -157.97424 
    -4.13521 -157.43805 
    -3.81781 -156.87683 
    -3.54550 -156.29124 
    -3.31732 -155.68636 
    -3.19071 -155.05150 
    -3.11178 -154.41203 
    -3.04346 -153.77660 
    -2.98780 -153.14185 
    -2.94699 -152.50513 
    -2.92202 -151.86427 
    -2.86387 -151.21097 
    -2.71600 -150.52272 
    -2.55961 -149.79672 
    -2.39650 -149.02470 
    -2.21391 -148.19179 
    -1.98888 -147.27278 
    -1.97470 -146.38445 
    -2.47895 -145.75961 
    -3.09544 -145.23045 
    -3.79268 -144.79868 
    -4.53665 -144.45593 
    -5.29631 -144.18634 
    -6.04762 -143.97038 
    -6.77539 -143.78880 
    -7.47324 -143.62589 
    -8.14015 -143.46832 
    -8.73113 -143.20345 
    -9.33517 -142.97563 
    -9.94994 -142.78508 
    -10.57318 -142.63199 
    -11.18824 -142.44048 
    -11.81747 -142.28818 
    -12.45720 -142.15822 
    -13.10817 -142.09483 
    -13.76409 -142.07953 
    -14.42724 -142.06364 
    -15.10146 -142.05595 
    -15.78949 -142.06207 
    -16.49468 -142.08253 
    -17.20510 -142.15746 
    -17.87658 -142.37175 
    -18.47322 -142.74614 
    -19.00918 -143.20662 
    -19.49450 -143.71509 
    -19.93368 -144.25450 
    -20.33367 -144.81076 
    -20.70189 -145.37415 
    -21.04458 -145.93956 
    -21.36567 -146.50571 
    -21.66659 -147.07379 
    -21.94646 -147.64624 
    -22.26768 -148.19499 
    -22.55564 -148.76462 
    -22.80763 -149.35358 
    -23.02216 -149.95964 
    -23.19786 -150.58041 
    -23.33358 -151.21336 
    -23.42830 -151.85583 
Cell 6 100 6.51078 -153.58545 
    -3.02670 -153.58545 
    -3.08783 -154.18935 
    -3.16056 -154.80722 
    -3.27044 -155.45131 
    -3.49380 -156.15419 
    -3.85894 -156.95477 
    -3.76215 -157.65279 
    -3.50631 -158.29913 
    -3.20636 -158.92749 
    -2.86344 -159.53452 
    -2.47912 -160.11699 
    -2.05532 -160.67194 
    -1.59417 -161.19650 
    -1.09804 -161.68802 
    -0.56948 -162.14401 
    -0.01127 -162.56227 
    0.57371 -162.94078 
    1.18233 -163.27786 
    1.81146 -163.57201 
    2.45781 -163.82208 
    3.11807 -164.02715 
    3.78886 -164.18663 
    4.46684 -164.30019 
    5.14865 -164.36778 
    5.83104 -164.38962 
    6.51078 -164.36613 
    7.18477 -164.29814 
    7.85001 -164.18652 
    8.50366 -164.03249 
    9.14300 -163.83728 
    9.76552 -163.60251 
    10.36881 -163.32971 
    10.95066 -163.02068 
    11.50905 -162.67726 
    12.07658 -162.35574 
    12.64568 -162.02942 
    13.19778 -161.66864 
    13.73065 -161.27383 
    14.24192 -160.84547 
    14.72906 -160.38420 
    15.18940 -159.89084 
    15.62013 -159.36642 
    16.01835 -158.81229 
    16.38110 -158.23007 
    16.70543 -157.62180 
    16.98847 -156.98985 
    17.22750 -156.33704 
    17.41955 -155.66641 
    17.47111 -154.97006 
    17.46767 -154.27480 
    17.38126 -153.58545 
    17.23453 -152.91077 
    17.09156 -152.24879 
    16.95343 -151.59340 
    16.81629 -150.93944 
    16.67895 -150.28162 
    16.54221 -149.61372 
    16.40916 -148.92763 
    16.18858 -148.26503 
    15.79307 -147.69473 
    15.36060 -147.15567 
    14.89452 -146.64981 
    14.39818 -146.17870 
    13.87492 -145.74344 
    13.32797 -145.34488 
    12.76043 -144.98354 
    12.17524 -144.65968 
    11.57512 -144.37344 
    10.96264 -144.12476 
    10.34016 -143.91354 
    9.70988 -143.73962 
    9.07388 -143.60283 
    8.43411 -143.50299 
    7.82207 -143.20555 
    7.18601 -142.85301 
    6.51078 -142.48610 
    5.79927 -142.27635 
    5.05864 -142.09056 
    4.28530 -141.91905 
    3.47925 -141.77843 
    2.65361 -141.71431 
    1.97974 -142.14136 
    1.41079 -142.74742 
    0.93785 -143.44832 
    0.49183 -144.10110 
    -0.06735 -144.53143 
    -0.57837 -145.01614 
    -1.03890 -145.54585 
    -1.44907 -146.11064 
    -1.81117 -146.70094 
    -2.01742 -147.38936 
    -2.18357 -148.06786 
    -2.33075 -148.72478 
    -2.46747 -149.36060 
    -2.59881 -149.97871 
    -2.72901 -150.58327 
    -2.85724 -151.18015 
    -2.91517 -151.78735 
    -2.94255 -152.39122 
    -2.97797 -152.98846 
Cell 7 100 26.43491 -149.79245 
    16.57880 -149.79245 
    16.70463 -150.40463 
    16.83021 -151.00581 
    16.95500 -151.60085 
    17.08009 -152.19435 
    17.20851 -152.79028 
    17.33953 -153.39357 
    17.43657 -154.02675 
    17.46988 -154.72101 
    17.47895 -155.47607 
    17.82490 -156.04799 
    18.20938 -156.59720 
    18.63086 -157.12094 
    19.08762 -157.61652 
    19.57770 -158.08139 
    20.09894 -158.51317 
    20.64901 -158.90956 
    21.22538 -159.26854 
    21.82536 -159.58823 
    22.44614 -159.86693 
    23.08473 -160.10324 
    23.73806 -160.29596 
    24.40299 -160.44411 
    25.07629 -160.54698 
    25.75469 -160.60414 
    26.43491 -160.61534 
    27.11364 -160.58066 
    27.78764 -160.50041 
    28.45366 -160.37517 
    29.10858 -160.20572 
    29.74930 -159.99312 
    30.37288 -159.73863 
    30.97647 -159.44377 
    31.55739 -159.11021 
    32.11309 -158.73984 
    32.64122 -158.33472 
    33.13961 -157.89705 
    33.60629 -157.42920 
    34.03948 -156.93362 
    34.43768 -156.41292 
    34.80122 -155.87093 
    35.19606 -155.35245 
    35.54073 -154.79843 
    35.65551 -154.13135 
    35.77384 -153.49001 
    35.90831 -152.87054 
    36.05280 -152.26190 
    36.20441 -151.65608 
    36.36281 -151.04663 
    36.53036 -150.42761 
    36.71273 -149.79245 
    36.92030 -149.13277 
    37.17327 -148.43588 
    37.37895 -147.70476 
    37.28687 -147.00613 
    37.14439 -146.31273 
    36.95181 -145.62851 
    36.70903 -144.95781 
    36.41644 -144.30505 
    36.07502 -143.67465 
    35.68629 -143.07092 
    35.25235 -142.49803 
    34.77582 -141.95981 
    34.25981 -141.45978 
    33.70784 -141.00099 
    33.19434 -140.48889 
    32.62928 -140.03168 
    32.01218 -139.64742 
    31.35171 -139.34370 
    30.65815 -139.12575 
    29.94366 -138.99362 
    29.22069 -138.94254 
    28.50094 -138.96191 
    27.80157 -138.97417 
    27.11537 -138.97672 
    26.43491 -138.79959 
    25.73571 -138.67909 
    25.02122 -138.60196 
    24.29098 -138.55360 
    23.54595 -138.54071 
    22.80831 -138.63095 
    22.08084 -138.79533 
    21.37422 -139.03795 
    20.69898 -139.35884 
    20.06483 -139.75482 
    19.47985 -140.21965 
    18.94989 -140.74461 
    18.47812 -141.31934 
    18.06510 -141.93268 
    17.70893 -142.57370 
    17.40583 -143.23245 
    17.15081 -143.90059 
    16.93838 -144.57169 
    16.76325 -145.24132 
    16.62087 -145.90680 
    16.50778 -146.56694 
    16.42176 -147.22151 
    16.36179 -147.87090 
    16.32701 -148.51553 
    16.45511 -149.16457 
Cell 8 100 45.49720 -153.78288 
    35.71981 -153.78288 
    35.60842 -154.40503 
    35.53349 -155.04160 
    35.60806 -155.66934 
    35.73669 -156.28896 
    35.90723 -156.89885 
    36.11623 -157.49707 
    36.36286 -158.08118 
    36.64616 -158.64877 
    36.96505 -159.19756 
    37.31827 -159.72522 
    37.70443 -160.22961 
    38.12199 -160.70866 
    38.56929 -161.16035 
    39.04451 -161.58284 
    39.54573 -161.97437 
    40.07093 -162.33331 
    40.61796 -162.65817 
    41.18458 -162.94765 
    41.76850 -163.20050 
    42.36730 -163.41573 
    42.97853 -163.59242 
    43.59970 -163.72989 
    44.22826 -163.82758 
    44.86162 -163.88510 
    45.49720 -163.90227 
    46.13239 -163.87901 
    46.76461 -163.81551 
    47.39128 -163.71202 
    48.00985 -163.56903 
    48.61782 -163.38719 
    49.21274 -163.16727 
    49.79220 -162.91023 
    50.35389 -162.61719 
    50.89558 -162.28937 
    51.41509 -161.92816 
    51.91040 -161.53511 
    52.37956 -161.11185 
    52.82074 -160.66014 
    53.23223 -160.18187 
    53.61246 -159.67897 
    53.95998 -159.15353 
    54.27349 -158.60770 
    54.55183 -158.04367 
    54.79507 -157.46417 
    55.00870 -156.87335 
    55.18498 -156.27028 
    55.30963 -155.65471 
    55.34293 -155.02669 
    55.30847 -154.40015 
    55.25181 -153.78288 
    55.18224 -153.17355 
    55.10178 -152.56953 
    55.01234 -151.96777 
    54.91707 -151.36427 
    54.82475 -150.75218 
    54.74747 -150.12044 
    54.55638 -149.51996 
    54.27144 -148.95920 
    53.95283 -148.41678 
    53.60631 -147.89127 
    53.23126 -147.38470 
    52.83004 -146.89688 
    52.40477 -146.42706 
    51.95694 -145.97440 
    51.48709 -145.53851 
    50.99461 -145.12033 
    50.47794 -144.72295 
    49.93501 -144.35205 
    49.46486 -143.76170 
    48.97088 -143.09200 
    48.26846 -142.98955 
    47.49358 -143.31747 
    46.83217 -143.21545 
    46.16403 -143.18388 
    45.49720 -143.03871 
    44.81943 -143.01010 
    44.16600 -143.24538 
    43.55698 -143.61194 
    42.94918 -143.85901 
    42.35181 -144.10239 
    41.77015 -144.36943 
    41.20401 -144.65939 
    40.65392 -144.97299 
    40.12115 -145.31160 
    39.60756 -145.67650 
    39.11535 -146.06856 
    38.64687 -146.48802 
    38.20308 -146.93326 
    37.78814 -147.40540 
    37.40371 -147.90262 
    37.15425 -148.48828 
    36.93999 -149.07852 
    36.75198 -149.66771 
    36.58062 -150.25256 
    36.42045 -150.83368 
    36.26756 -151.41312 
    36.11983 -151.99405 
    35.97723 -152.58023 
    35.84213 -153.17545 
Cell 9 100 65.50792 -153.61670 
    55.23283 -153.61670 
    55.29553 -154.25920 
    55.33606 -154.90170 
    55.31459 -155.56119 
    55.20410 -156.26227 
    55.37974 -156.90755 
    55.58721 -157.54459 
    55.82949 -158.17102 
    56.10881 -158.78391 
    56.42650 -159.37994 
    56.78281 -159.95586 
    57.17727 -160.50841 
    57.60869 -161.03456 
    58.07540 -161.53152 
    58.57542 -161.99666 
    59.10651 -162.42747 
    59.66619 -162.82179 
    60.25177 -163.17760 
    60.86042 -163.49313 
    61.48917 -163.76689 
    62.13493 -163.99770 
    62.79456 -164.18452 
    63.46485 -164.32686 
    64.14259 -164.42436 
    64.82465 -164.47705 
    65.50792 -164.48535 
    66.18949 -164.44994 
    66.86661 -164.37183 
    67.53677 -164.25227 
    68.19775 -164.09293 
    68.84768 -163.89543 
    69.48498 -163.66159 
    70.10844 -163.39330 
    70.71712 -163.09219 
    71.31037 -162.75990 
    71.88765 -162.39764 
    72.44846 -162.00638 
    72.99215 -161.58659 
    73.51772 -161.13840 
    74.02374 -160.66161 
    74.50811 -160.15572 
    74.96797 -159.62024 
    75.39967 -159.05473 
    75.72375 -158.42390 
    75.62221 -157.62123 
    75.59126 -156.89297 
    75.70668 -156.23529 
    75.82836 -155.58543 
    75.89326 -154.92867 
    75.92528 -154.27211 
    75.93330 -153.61670 
    75.80627 -152.96880 
    75.67489 -152.33231 
    75.53362 -151.70419 
    75.38162 -151.08156 
    75.21708 -150.46201 
    75.03798 -149.84349 
    74.84603 -149.22252 
    74.63862 -148.59705 
    74.41354 -147.96503 
    74.17303 -147.32112 
    73.92136 -146.65649 
    73.66776 -145.95410 
    73.41255 -145.19911 
    72.90287 -144.67773 
    72.35033 -144.19893 
    71.75844 -143.76746 
    71.13149 -143.38745 
    70.47447 -143.06224 
    69.79283 -142.79424 
    69.09239 -142.58484 
    68.36786 -142.47797 
    67.63099 -142.48718 
    66.90811 -142.53307 
    66.20241 -142.57819 
    65.50792 -142.62648 
    64.81962 -142.67645 
    64.13377 -142.73917 
    63.46616 -142.91342 
    62.81729 -143.13737 
    62.19405 -143.41765 
    61.59359 -143.73022 
    61.01669 -144.07236 
    60.46398 -144.44182 
    59.93600 -144.83676 
    59.43327 -145.25566 
    58.95636 -145.69724 
    58.50594 -146.16035 
    57.97181 -146.53983 
    57.42583 -146.93062 
    56.87584 -147.34512 
    56.33183 -147.79338 
    55.81215 -148.28641 
    55.34178 -148.83289 
    54.94805 -149.43575 
    54.74746 -150.12042 
    54.84382 -150.87863 
    54.95485 -151.60359 
    55.06127 -152.29698 
    55.15450 -152.96532 
Cell 10 100 85.69332 -148.77838 
    74.69875 -148.77838 
    74.91830 -149.45630 
    75.11647 -150.11455 
    75.29666 -150.76166 
    75.46074 -151.40565 
    75.61227 -152.05391 
    75.75363 -152.71378 
    75.88921 -153.39183 
    76.27108 -153.95830 
    76.74445 -154.45750 
    77.21786 -154.93616 
    77.69405 -155.39595 
    78.17654 -155.83710 
    78.66895 -156.25858 
    79.17438 -156.65843 
    79.69516 -157.03415 
    80.23267 -157.38300 
    80.78736 -157.70229 
    81.35889 -157.98953 
    81.94621 -158.24251 
    82.54778 -158.45938 
    83.16164 -158.63864 
    83.78558 -158.77911 
    84.41720 -158.87993 
    85.05398 -158.94044 
    85.69332 -158.96034 
    86.33260 -158.93944 
    86.96947 -158.88013 
    87.60187 -158.78333 
    88.22730 -158.64760 
    88.84351 -158.47366 
    89.44831 -158.26239 
    90.03966 -158.01482 
    90.61563 -157.73203 
    91.17445 -157.41525 
    91.71446 -157.06578 
    92.23418 -156.68492 
    92.73222 -156.27406 
    93.20734 -155.83450 
    93.65834 -155.36761 
    94.08415 -154.87468 
    94.48370 -154.35693 
    94.85593 -153.81557 
    95.19975 -153.25177 
    95.51397 -152.66666 
    95.79732 -152.06137 
    96.04840 -151.43712 
    96.26565 -150.79517 
    96.44735 -150.13693 
    96.59164 -149.46405 
    96.69656 -148.77838 
    96.76003 -148.08212 
    96.77997 -147.37781 
    96.75436 -146.66838 
    96.68131 -145.95714 
    96.55917 -145.24785 
    96.38660 -144.54462 
    96.16271 -143.85187 
    95.88709 -143.17430 
    95.55996 -142.51683 
    95.18214 -141.88435 
    94.75516 -141.28178 
    94.28120 -140.71382 
    93.76315 -140.18489 
    93.20444 -139.69899 
    92.60914 -139.25958 
    91.98167 -138.86954 
    91.32684 -138.53104 
    90.64967 -138.24561 
    89.95524 -138.01401 
    89.24860 -137.83633 
    88.53467 -137.71205 
    87.81808 -137.64001 
    87.10313 -137.61862 
    86.39371 -137.64587 
    85.69332 -137.71948 
    85.00494 -137.83696 
    84.33115 -137.99574 
    83.67411 -138.19330 
    83.03558 -138.42714 
    82.41701 -138.69493 
    81.81960 -138.99449 
    81.24435 -139.32385 
    80.69212 -139.68124 
    80.16370 -140.06509 
    79.61613 -140.41385 
    78.99612 -140.68286 
    78.36391 -140.97336 
    77.71931 -141.29028 
    77.06517 -141.64055 
    76.40820 -142.03235 
    75.75941 -142.47414 
    75.13394 -142.97331 
    74.55030 -143.53488 
    74.02888 -144.16010 
    73.59497 -144.84740 
    73.57027 -145.66571 
    73.87337 -146.52361 
    74.17378 -147.32314 
    74.45131 -148.07109 
Cell 11 100 107.87105 -152.47197 
    97.70516 -152.47197 
    97.71593 -153.11087 
    97.76753 -153.74834 
    97.85986 -154.38171 
    97.99261 -155.00832 
    98.16529 -155.62556 
    98.37728 -156.23082 
    98.62774 -156.82153 
    98.91566 -157.39523 
    99.23988 -157.94948 
    99.59907 -158.48192 
    99.99174 -158.99030 
    100.41624 -159.47249 
    100.87081 -159.92647 
    101.35354 -160.35028 
    101.86236 -160.74222 
    102.39514 -161.10062 
    102.94962 -161.42401 
    103.52345 -161.71107 
    104.11420 -161.96066 
    104.71938 -162.17180 
    105.33643 -162.34364 
    105.96275 -162.47559 
    106.59573 -162.56715 
    107.23270 -162.61809 
    107.87105 -162.62827 
    108.50811 -162.59782 
    109.14130 -162.52702 
    109.76804 -162.41637 
    110.38586 -162.26654 
    110.99239 -162.07849 
    111.58540 -161.85333 
    112.16283 -161.59248 
    112.72297 -161.29759 
    113.26438 -160.97050 
    113.78610 -160.61334 
    114.28765 -160.22832 
    114.76911 -159.81766 
    115.23109 -159.38351 
    115.67465 -158.92767 
    116.10108 -158.45143 
    116.51161 -157.95544 
    116.90696 -157.43950 
    117.28685 -156.90271 
    117.64948 -156.34352 
    117.99121 -155.76021 
    118.30626 -155.15128 
    118.58685 -154.51611 
    118.82365 -153.85561 
    119.00652 -153.17256 
    119.12560 -152.47197 
    119.17239 -151.76096 
    119.14089 -151.04826 
    119.02840 -150.34358 
    119.15758 -149.57408 
    119.34425 -148.74409 
    118.98594 -148.07127 
    118.19179 -147.61540 
    117.40235 -147.23209 
    116.92844 -146.72397 
    116.42913 -146.25417 
    115.91245 -145.81953 
    115.38431 -145.41655 
    114.84840 -145.04184 
    114.30655 -144.69279 
    113.78223 -144.33592 
    113.26577 -143.97124 
    112.73045 -143.63277 
    112.17815 -143.31892 
    111.60989 -143.02872 
    111.02574 -142.76282 
    110.42504 -142.52483 
    109.80730 -142.32175 
    109.17332 -142.16344 
    108.52608 -142.06062 
    107.87105 -142.02203 
    107.21547 -142.05191 
    106.54455 -141.97165 
    105.82406 -141.74127 
    105.08656 -141.62714 
    104.32840 -141.56883 
    103.58785 -141.65385 
    102.91673 -141.94350 
    102.39182 -142.50528 
    101.96873 -143.17142 
    101.60481 -143.84724 
    101.25558 -144.47525 
    100.89513 -145.04338 
    100.52013 -145.56900 
    100.14135 -146.07741 
    99.74512 -146.56813 
    99.37878 -147.08261 
    99.04521 -147.61992 
    98.74593 -148.17801 
    98.48225 -148.75468 
    98.25540 -149.34766 
    98.06646 -149.95457 
    97.91631 -150.57300 
    97.80569 -151.20042 
    97.73518 -151.83427 
Cell 12 100 -115.76466 -133.28548 
    -127.30460 -133.28548 
    -127.36786 -134.01549 
    -127.37361 -134.75203 
    -127.32140 -135.49004 
    -127.21154 -136.22453 
    -127.04488 -136.95064 
    -126.82291 -137.66374 
    -126.54755 -138.35951 
    -126.22124 -139.03403 
    -125.84666 -139.68370 
    -125.42676 -140.30539 
    -124.96463 -140.89635 
    -124.46348 -141.45421 
    -123.92651 -141.97696 
    -123.35691 -142.46292 
    -122.75770 -142.91057 
    -122.13196 -143.31873 
    -120.85074 -142.53702 
    -119.95300 -142.18614 
    -119.33566 -142.30479 
    -118.72250 -142.38876 
    -118.11612 -142.44380 
    -117.52062 -142.49054 
    -116.93398 -142.54152 
    -116.35046 -142.59653 
    -115.76466 -142.60420 
    -115.17907 -142.59328 
    -114.59142 -142.57263 
    -113.99940 -142.53935 
    -113.40508 -142.47548 
    -112.80992 -142.37924 
    -112.21214 -142.25815 
    -111.61392 -142.10625 
    -111.01615 -141.92299 
    -110.37237 -141.78238 
    -109.46859 -141.95128 
    -108.39571 -142.19301 
    -107.87836 -141.68353 
    -107.39899 -141.14137 
    -106.95995 -140.56938 
    -106.56319 -139.97073 
    -106.21046 -139.34875 
    -105.90325 -138.70683 
    -105.64261 -138.04855 
    -105.42933 -137.37752 
    -105.26391 -136.69737 
    -105.14025 -136.01337 
    -105.05054 -135.32930 
    -104.97626 -134.64836 
    -104.94006 -133.96651 
    -104.91792 -133.28548 
    -104.85516 -132.59911 
    -104.42397 -131.85281 
    -104.08582 -131.05762 
    -104.00179 -130.26529 
    -104.26442 -129.54881 
    -104.83526 -128.95822 
    -105.57058 -128.48851 
    -106.31177 -128.08870 
    -106.91989 -127.67241 
    -107.18346 -127.05087 
    -107.48028 -126.43204 
    -107.81632 -125.82149 
    -108.19790 -125.22769 
    -108.63047 -124.66172 
    -109.11751 -124.13645 
    -109.65944 -123.66518 
    -110.25314 -123.26005 
    -110.89146 -122.92940 
    -111.58288 -122.72347 
    -112.28255 -122.56865 
    -112.98438 -122.45700 
    -113.68854 -122.40205 
    -114.39471 -122.44119 
    -115.08786 -122.52795 
    -115.76466 -122.65269 
    -116.42392 -122.80690 
    -117.06597 -122.98460 
    -117.69193 -123.18237 
    -118.30304 -123.39917 
    -118.90009 -123.63564 
    -119.48322 -123.89349 
    -120.05179 -124.17487 
    -120.60452 -124.48182 
    -121.13960 -124.81593 
    -121.65495 -125.17818 
    -122.14834 -125.56894 
    -122.61789 -125.98753 
    -123.06227 -126.43257 
    -123.52724 -126.86371 
    -124.03555 -127.27633 
    -124.52354 -127.72693 
    -124.98698 -128.21547 
    -125.42156 -128.74129 
    -125.82280 -129.30318 
    -126.18636 -129.89926 
    -126.50805 -130.52704 
    -126.78393 -131.18344 
    -127.01054 -131.86479 
    -127.18492 -132.56697 
Cell 13 100 -92.14708 -129.49959 
    -102.27839 -129.49959 
    -102.27274 -130.13664 
    -102.22654 -130.77292 
    -102.13980 -131.40581 
    -102.01270 -132.03265 
    -101.84561 -132.65083 
    -101.63909 -133.25774 
    -101.39386 -133.85078 
    -101.11085 -134.42746 
    -100.79112 -134.98526 
    -100.43596 -135.52180 
    -100.04678 -136.03479 
    -99.62515 -136.52197 
    -99.17283 -136.98126 
    -98.69169 -137.41066 
    -98.18374 -137.80833 
    -97.65111 -138.17255 
    -97.09605 -138.50174 
    -96.52094 -138.79451 
    -95.92820 -139.04961 
    -95.32037 -139.26598 
    -94.70004 -139.44270 
    -94.06985 -139.57907 
    -93.43248 -139.67459 
    -92.79066 -139.72890 
    -92.14708 -139.74181 
    -91.50448 -139.71341 
    -90.86555 -139.64388 
    -90.23298 -139.53365 
    -89.60938 -139.38329 
    -88.99731 -139.19357 
    -88.39927 -138.96547 
    -87.81767 -138.70007 
    -87.25478 -138.39865 
    -86.71280 -138.06264 
    -86.18965 -137.69928 
    -85.66521 -137.33482 
    -85.16113 -136.93886 
    -84.67934 -136.51225 
    -84.22183 -136.05592 
    -83.79066 -135.57088 
    -83.38802 -135.05826 
    -83.01613 -134.51938 
    -82.67733 -133.95572 
    -82.37396 -133.36903 
    -82.10839 -132.76135 
    -81.88288 -132.13499 
    -81.69964 -131.49254 
    -81.56011 -130.83704 
    -81.46700 -130.17152 
    -81.42122 -129.49959 
    -81.42330 -128.82491 
    -81.47410 -128.15128 
    -81.57358 -127.48258 
    -81.72128 -126.82270 
    -81.91628 -126.17540 
    -82.15717 -125.54430 
    -82.44212 -124.93279 
    -82.69920 -124.30557 
    -82.96323 -123.67134 
    -83.26807 -123.04861 
    -83.61475 -122.44103 
    -84.00402 -121.85275 
    -84.43620 -121.28834 
    -84.91104 -120.75272 
    -85.42760 -120.25101 
    -85.98418 -119.78840 
    -86.57823 -119.36990 
    -87.20643 -119.00018 
    -87.86463 -118.68336 
    -88.54803 -118.42287 
    -89.25129 -118.22123 
    -89.96868 -118.08001 
    -90.69431 -117.99975 
    -91.42233 -117.97997 
    -92.14708 -118.01924 
    -92.86332 -118.11529 
    -93.56632 -118.26511 
    -94.25200 -118.46519 
    -94.91694 -118.71169 
    -95.55841 -119.00060 
    -96.17433 -119.32792 
    -96.76321 -119.68983 
    -97.32402 -120.08276 
    -97.85615 -120.50354 
    -98.35919 -120.94935 
    -98.83293 -121.41778 
    -99.27720 -121.90678 
    -99.69177 -122.41465 
    -100.07638 -122.93990 
    -100.43060 -123.48125 
    -100.81891 -123.99628 
    -101.17414 -124.53692 
    -101.46582 -125.11452 
    -101.68899 -125.72168 
    -101.84991 -126.34695 
    -101.96216 -126.97950 
    -102.05482 -127.60959 
    -102.16898 -128.23354 
    -102.24368 -128.86436 
Cell 14 100 -71.34149 -133.62990 
    -81.78091 -133.62990 
    -81.75430 -134.28502 
    -81.68648 -134.93677 
    -81.57868 -135.58275 
    -81.43115 -136.22049 
    -81.24393 -136.84740 
    -81.01754 -137.46092 
    -80.75257 -138.05841 
    -80.44991 -138.63730 
    -80.11074 -139.19502 
    -79.73646 -139.72920 
    -79.32870 -140.23749 
    -78.88930 -140.71776 
    -78.29266 -141.03214 
    -77.67719 -141.28842 
    -77.10214 -141.55875 
    -76.55205 -141.84042 
    -76.00056 -142.10471 
    -75.44292 -142.34586 
    -74.87801 -142.56212 
    -74.31262 -142.77409 
    -73.74341 -142.98476 
    -73.16564 -143.19243 
    -72.57587 -143.40108 
    -71.96882 -143.60098 
    -71.34149 -143.77545 
    -70.69134 -143.96385 
    -70.03551 -143.96777 
    -69.37819 -143.92189 
    -68.71976 -143.84088 
    -68.06150 -143.72467 
    -67.40481 -143.57281 
    -66.75119 -143.38478 
    -66.10233 -143.15991 
    -65.46012 -142.89746 
    -64.82680 -142.59660 
    -64.20487 -142.25659 
    -63.59723 -141.87671 
    -63.00711 -141.45641 
    -62.43816 -140.99538 
    -61.89431 -140.49368 
    -61.37983 -139.95177 
    -60.89917 -139.37061 
    -60.45696 -138.75177 
    -60.05789 -138.09740 
    -59.70761 -137.40997 
    -59.42215 -136.69026 
    -59.30352 -135.92627 
    -59.61692 -135.11105 
    -59.90985 -134.34912 
    -60.32814 -133.62990 
    -60.72918 -132.96222 
    -61.06027 -132.33107 
    -61.35645 -131.72516 
    -61.63474 -131.13763 
    -61.90484 -130.56375 
    -62.17260 -129.99966 
    -62.43922 -129.44081 
    -62.70666 -128.88286 
    -62.97720 -128.32176 
    -63.26346 -127.76086 
    -63.56552 -127.19705 
    -63.84690 -126.59200 
    -64.10808 -125.92709 
    -64.40326 -125.24301 
    -64.73785 -124.54076 
    -65.17755 -123.91708 
    -65.82336 -123.59245 
    -66.52148 -123.38685 
    -67.24590 -123.28561 
    -67.97292 -123.26252 
    -68.65804 -123.17853 
    -69.33649 -123.11932 
    -70.01079 -123.09630 
    -70.67954 -123.10854 
    -71.34149 -123.15528 
    -71.99543 -123.23591 
    -72.64016 -123.34991 
    -73.27446 -123.49691 
    -73.89707 -123.67657 
    -74.51604 -123.85962 
    -75.15124 -124.00758 
    -75.78378 -124.18954 
    -76.41050 -124.40941 
    -77.02657 -124.67164 
    -77.62556 -124.98061 
    -78.19970 -125.33975 
    -78.74052 -125.75074 
    -79.23973 -126.21295 
    -79.69022 -126.72323 
    -80.08683 -127.27604 
    -80.42697 -127.86408 
    -80.71075 -128.47911 
    -80.96017 -129.10370 
    -81.18520 -129.73250 
    -81.36929 -130.37167 
    -81.49877 -131.02196 
    -81.61211 -131.67067 
    -81.70425 -132.32077 
    -81.76404 -132.97417 
Cell 15 100 -54.31205 -126.24693 
    -63.98244 -126.24693 
    -63.73177 -126.83956 
    -63.45570 -127.40204 
    -63.17340 -127.93732 
    -62.91285 -128.45523 
    -62.66865 -128.96216 
    -62.42964 -129.46091 
    -62.19358 -129.95569 
    -61.95854 -130.45062 
    -61.72302 -130.95006 
    -61.48338 -131.45718 
    -61.23483 -131.97395 
    -60.97140 -132.50047 
    -60.68586 -133.03435 
    -60.36669 -133.56572 
    -60.03825 -134.12836 
    -59.73782 -134.79657 
    -59.43924 -135.57324 
    -58.88718 -135.96957 
    -58.27119 -136.24658 
    -57.63790 -136.48283 
    -56.99004 -136.67703 
    -56.33051 -136.82805 
    -55.66227 -136.93504 
    -54.98841 -136.99741 
    -54.31205 -137.01472 
    -53.63634 -136.98694 
    -52.96447 -136.91412 
    -52.29957 -136.79672 
    -51.64476 -136.63536 
    -51.00307 -136.43091 
    -50.37749 -136.18449 
    -49.77087 -135.89743 
    -49.18593 -135.57130 
    -48.62529 -135.20782 
    -48.09137 -134.80896 
    -47.58647 -134.37675 
    -47.11266 -133.91350 
    -46.67184 -133.42155 
    -46.26508 -132.90396 
    -45.82830 -132.41072 
    -45.48012 -131.85184 
    -45.30856 -131.19664 
    -45.11907 -130.57281 
    -44.92271 -129.96443 
    -44.72614 -129.36157 
    -44.53308 -128.75774 
    -44.34394 -128.14845 
    -44.15644 -127.52988 
    -43.96264 -126.89806 
    -43.75620 -126.24693 
    -43.51237 -125.56747 
    -43.41513 -124.87032 
    -43.53979 -124.19201 
    -43.71771 -123.52676 
    -43.94550 -122.87863 
    -44.22025 -122.25130 
    -44.53865 -121.64791 
    -44.89712 -121.07102 
    -45.29199 -120.52262 
    -45.27215 -119.67905 
    -44.79923 -118.37724 
    -46.23301 -118.66020 
    -47.16600 -118.63715 
    -47.69291 -118.24577 
    -48.20242 -117.83775 
    -48.68933 -117.38693 
    -49.20134 -116.95058 
    -49.73932 -116.52938 
    -50.30441 -116.12479 
    -50.89788 -115.73918 
    -51.52086 -115.37595 
    -52.17414 -115.03961 
    -52.85785 -114.73573 
    -53.57116 -114.47083 
    -54.31205 -114.25208 
    -55.07709 -114.08701 
    -55.86134 -113.98309 
    -56.65835 -113.94720 
    -57.46032 -113.98523 
    -58.25832 -114.10155 
    -59.04269 -114.29870 
    -59.80346 -114.57708 
    -60.53091 -114.93487 
    -61.21601 -115.36803 
    -61.85094 -115.87054 
    -62.42944 -116.43469 
    -62.94707 -117.05157 
    -63.40134 -117.71152 
    -63.79170 -118.40468 
    -64.11935 -119.12151 
    -64.38697 -119.85319 
    -64.59840 -120.59196 
    -64.75818 -121.33135 
    -64.87119 -122.06627 
    -64.94224 -122.79297 
    -64.97571 -123.50896 
    -64.95710 -124.21627 
    -64.54060 -124.95476 
    -64.23958 -125.62234 
Cell 16 100 -34.64135 -131.51538 
    -45.39202 -131.51538 
    -45.50168 -132.19865 
    -45.35640 -132.86900 
    -45.20818 -133.53111 
    -45.10851 -134.20290 
    -45.03354 -134.89200 
    -44.95683 -135.59956 
    -44.74907 -136.27171 
    -44.49588 -136.93295 
    -44.19783 -137.58011 
    -43.85558 -138.20992 
    -43.46989 -138.81898 
    -43.00377 -139.36823 
    -41.97692 -139.32698 
    -41.09743 -139.31943 
    -40.39218 -139.43071 
    -39.77588 -139.60609 
    -39.18581 -139.78172 
    -38.61191 -139.95325 
    -38.05054 -140.12601 
    -37.49647 -140.30254 
    -36.94427 -140.48468 
    -36.38839 -140.67371 
    -35.82311 -140.86995 
    -35.24262 -141.07225 
    -34.64135 -141.28830 
    -34.00853 -141.57376 
    -33.31290 -142.03111 
    -32.55507 -142.45204 
    -31.77742 -142.66965 
    -31.01727 -142.66914 
    -30.34406 -142.36909 
    -29.69694 -142.02280 
    -29.07926 -141.63280 
    -28.49416 -141.20180 
    -27.94444 -140.73288 
    -27.43266 -140.22920 
    -26.96099 -139.69414 
    -26.53130 -139.13123 
    -26.14512 -138.54407 
    -25.80365 -137.93634 
    -25.50769 -137.31177 
    -25.25778 -136.67404 
    -25.05405 -136.02682 
    -25.10540 -135.29092 
    -25.11757 -134.60985 
    -25.02439 -133.98460 
    -24.92068 -133.36971 
    -24.84046 -132.75352 
    -24.78772 -132.13531 
    -24.76194 -131.51538 
    -24.75747 -130.89354 
    -24.77656 -130.26918 
    -24.81820 -129.64151 
    -24.87463 -129.00772 
    -25.01434 -128.38737 
    -25.18097 -127.76975 
    -25.37279 -127.15393 
    -25.58875 -126.53867 
    -25.82890 -125.92283 
    -26.09461 -125.30581 
    -26.38872 -124.68821 
    -26.71542 -124.07243 
    -27.07985 -123.46320 
    -27.48749 -122.86784 
    -27.94325 -122.29623 
    -28.45060 -121.76031 
    -29.01068 -121.27322 
    -29.62169 -120.84807 
    -30.27868 -120.49654 
    -30.97375 -120.22765 
    -31.69668 -120.04663 
    -32.43597 -119.95439 
    -33.17999 -119.94754 
    -33.91805 -120.01888 
    -34.64135 -120.15850 
    -35.34351 -120.35497 
    -36.02070 -120.59673 
    -36.67145 -120.87323 
    -37.29610 -121.17582 
    -37.89614 -121.49817 
    -38.47354 -121.83639 
    -39.03013 -122.18874 
    -39.57169 -122.54712 
    -40.15622 -122.82533 
    -40.73009 -123.13496 
    -41.29160 -123.47660 
    -41.83847 -123.85122 
    -42.36763 -124.25992 
    -42.87518 -124.70376 
    -43.35641 -125.18352 
    -43.60538 -125.82664 
    -43.82573 -126.46622 
    -44.02457 -127.09997 
    -44.21550 -127.72471 
    -44.40439 -128.34317 
    -44.59746 -128.95909 
    -44.79676 -129.57814 
    -45.00089 -130.20667 
    -45.20353 -130.85086 
Cell 17 100 -14.89317 -132.46315 
    -24.81569 -132.46315 
    -24.88449 -133.09174 
    -24.98276 -133.73776 
    -25.08746 -134.40782 
    -25.10906 -135.08614 
    -25.07194 -135.77043 
    -24.88449 -136.41899 
    -24.61473 -137.03777 
    -24.30520 -137.63745 
    -23.95765 -138.21564 
    -23.57387 -138.77003 
    -23.15576 -139.29855 
    -22.70527 -139.79919 
    -22.22439 -140.27011 
    -21.71521 -140.70958 
    -21.17982 -141.11597 
    -20.62038 -141.48778 
    -20.03911 -141.82358 
    -19.43831 -142.12206 
    -18.81840 -142.37712 
    -18.14319 -142.46568 
    -17.39806 -142.21904 
    -16.73296 -142.10767 
    -16.10696 -142.07129 
    -15.49692 -142.05946 
    -14.89317 -142.05833 
    -14.28895 -142.06696 
    -13.67809 -142.08153 
    -13.05484 -142.10002 
    -12.40097 -142.16965 
    -11.69087 -142.31882 
    -11.01538 -142.25732 
    -10.41625 -141.97710 
    -9.83771 -141.65900 
    -9.28226 -141.30453 
    -8.75222 -140.91545 
    -8.24981 -140.49359 
    -7.77706 -140.04105 
    -7.33586 -139.55994 
    -6.92792 -139.05258 
    -6.55476 -138.52136 
    -6.21772 -137.96877 
    -5.91794 -137.39732 
    -5.65634 -136.80968 
    -5.43370 -136.20842 
    -5.25055 -135.59622 
    -5.10725 -134.97575 
    -5.00177 -134.35004 
    -4.88607 -133.72734 
    -4.80545 -133.09781 
    -4.76004 -132.46315 
    -4.74986 -131.82498 
    -4.77504 -131.18494 
    -4.83581 -130.54460 
    -4.93260 -129.90572 
    -5.06597 -129.27010 
    -5.23665 -128.63986 
    -5.44546 -128.01740 
    -5.69327 -127.40546 
    -5.98084 -126.80721 
    -6.30873 -126.22619 
    -6.67719 -125.66630 
    -7.08595 -125.13168 
    -7.53419 -124.62663 
    -8.02043 -124.15543 
    -8.54246 -123.72215 
    -9.09741 -123.33050 
    -9.68177 -122.98363 
    -10.29148 -122.68405 
    -10.79034 -122.10056 
    -11.08949 -120.75661 
    -11.89978 -120.80465 
    -12.78103 -121.39088 
    -13.48562 -121.32119 
    -14.19575 -121.37794 
    -14.89317 -121.53651 
    -15.56641 -121.76244 
    -16.21217 -122.02222 
    -16.83350 -122.29160 
    -17.45009 -122.50461 
    -18.05560 -122.73021 
    -18.64466 -122.98797 
    -19.21604 -123.27660 
    -19.76848 -123.59501 
    -20.30070 -123.94225 
    -20.81137 -124.31745 
    -21.30646 -124.71082 
    -21.82156 -125.08517 
    -22.31483 -125.49375 
    -22.78349 -125.93571 
    -23.22471 -126.40993 
    -23.63572 -126.91496 
    -24.01380 -127.44904 
    -24.35638 -128.01010 
    -24.66102 -128.59578 
    -24.85517 -129.22630 
    -24.79976 -129.91957 
    -24.76707 -130.57961 
    -24.75979 -131.21671 
    -24.77550 -131.84140 
Cell 18 100 6.55876 -132.42534 
    -3.54946 -132.42534 
    -3.51629 -133.05920 
    -3.44502 -133.68912 
    -3.34823 -134.31520 
    -3.21500 -134.93481 
    -3.04270 -135.54504 
    -2.83197 -136.14339 
    -2.58362 -136.72742 
    -2.29862 -137.29472 
    -1.97808 -137.84299 
    -1.62330 -138.36995 
    -1.23567 -138.87346 
    -0.81677 -139.35143 
    -0.36829 -139.80190 
    0.10796 -140.22302 
    0.61002 -140.61308 
    1.13586 -140.97046 
    1.68332 -141.29373 
    2.25020 -141.58150 
    2.87422 -141.73145 
    3.51759 -141.78511 
    4.12823 -141.89165 
    4.72897 -142.01744 
    5.32919 -142.15843 
    5.93645 -142.31679 
    6.55876 -142.50386 
    7.19305 -142.50706 
    7.82469 -142.44617 
    8.45130 -142.34636 
    9.07074 -142.20886 
    9.68106 -142.03477 
    10.28050 -141.82536 
    10.86759 -141.58206 
    11.44116 -141.30638 
    12.00037 -140.99994 
    12.54470 -140.66426 
    13.07389 -140.30077 
    13.58792 -139.91063 
    14.08687 -139.49471 
    14.57077 -139.05344 
    15.03940 -138.58688 
    15.49211 -138.09462 
    15.92760 -137.57590 
    16.34372 -137.02979 
    16.73728 -136.45529 
    17.10350 -135.85153 
    17.40455 -135.21007 
    17.18478 -134.45236 
    16.92681 -133.73514 
    16.73292 -133.06544 
    16.57374 -132.42534 
    16.43182 -131.80418 
    16.30378 -131.19426 
    16.17367 -130.59120 
    16.03112 -129.99324 
    15.87829 -129.39725 
    15.71184 -128.80138 
    15.53241 -128.20267 
    15.35694 -127.58850 
    15.19572 -126.94416 
    15.05602 -126.25172 
    14.96505 -125.47105 
    14.77189 -124.71270 
    14.16591 -124.32455 
    13.54508 -123.98033 
    12.91472 -123.67712 
    12.27890 -123.41184 
    11.64056 -123.18158 
    11.02447 -122.93523 
    10.40437 -122.71245 
    9.77417 -122.52933 
    9.13650 -122.38574 
    8.49381 -122.28146 
    7.84848 -122.21616 
    7.20342 -122.17879 
    6.55876 -122.12692 
    5.91019 -122.11658 
    5.26055 -122.14889 
    4.61291 -122.22481 
    3.97057 -122.34498 
    3.33697 -122.50967 
    2.71566 -122.71877 
    2.11020 -122.97166 
    1.52405 -123.26723 
    0.96052 -123.60393 
    0.42267 -123.97973 
    -0.08678 -124.39225 
    -0.56549 -124.83878 
    -1.01148 -125.31641 
    -1.42322 -125.82207 
    -1.79951 -126.35270 
    -2.13953 -126.90524 
    -2.44271 -127.47674 
    -2.70873 -128.06439 
    -2.93789 -128.66534 
    -3.13674 -129.27509 
    -3.29684 -129.89485 
    -3.41810 -130.52216 
    -3.50055 -131.15456 
    -3.54429 -131.78970 
Cell 19 100 25.61982 -128.24693 
    15.54567 -128.24693 
    15.73076 -128.86909 
    15.89824 -129.47505 
    16.05001 -130.07248 
    16.19025 -130.66805 
    16.31943 -131.26881 
    16.44869 -131.87804 
    16.59118 -132.49548 
    16.74968 -133.12334 
    16.93517 -133.75838 
    17.16282 -134.39130 
    17.46427 -134.99379 
    17.94663 -135.45253 
    18.45195 -135.87993 
    18.93583 -136.32649 
    19.44519 -136.74557 
    19.98189 -137.13089 
    20.54362 -137.48050 
    21.12797 -137.79260 
    21.73250 -138.06517 
    22.35497 -138.29510 
    22.99519 -138.46921 
    23.65581 -138.54262 
    24.31756 -138.55536 
    24.96855 -138.59846 
    25.61982 -138.66658 
    26.28033 -138.74544 
    26.94308 -138.72160 
    27.59746 -138.61409 
    28.24247 -138.46150 
    28.87495 -138.26520 
    29.49206 -138.02710 
    30.09117 -137.74904 
    30.66973 -137.43269 
    31.22523 -137.07964 
    31.75534 -136.69176 
    32.25787 -136.27095 
    32.73080 -135.81937 
    33.17234 -135.33922 
    33.58087 -134.83289 
    33.95502 -134.30281 
    34.29372 -133.75156 
    34.59616 -133.18172 
    34.86186 -132.59590 
    35.09069 -131.99672 
    35.28287 -131.38664 
    35.43900 -130.76807 
    35.55998 -130.14311 
    35.64698 -129.51366 
    35.70134 -128.88121 
    35.72438 -128.24693 
    35.71729 -127.61166 
    35.68086 -126.97593 
    35.61532 -126.34019 
    35.52018 -125.70495 
    35.39411 -125.07108 
    35.23497 -124.44003 
    35.03996 -123.81415 
    34.80585 -123.19687 
    34.56262 -122.57166 
    34.33767 -121.91305 
    34.08423 -121.24456 
    33.79526 -120.56968 
    33.46268 -119.89513 
    33.07838 -119.23107 
    32.63531 -118.59093 
    32.12868 -117.99061 
    31.55699 -117.44725 
    30.92271 -116.97772 
    30.23241 -116.59685 
    29.49648 -116.31580 
    28.72812 -116.14091 
    27.94213 -116.07293 
    27.15343 -116.10710 
    26.37562 -116.23380 
    25.61982 -116.43983 
    24.89397 -116.70992 
    24.20259 -117.02847 
    23.54703 -117.38100 
    22.92604 -117.75536 
    22.33665 -118.14240 
    21.77505 -118.53616 
    21.14770 -118.74319 
    20.52761 -118.98425 
    19.91907 -119.26399 
    19.32491 -119.58275 
    18.74825 -119.94063 
    18.19240 -120.33753 
    17.66090 -120.77302 
    17.15745 -121.24626 
    16.68582 -121.75600 
    16.24975 -122.30051 
    15.85291 -122.87753 
    15.49873 -123.48431 
    15.19035 -124.11761 
    14.93132 -124.77403 
    14.96988 -125.51249 
    15.05364 -126.23133 
    15.19280 -126.92970 
    15.36065 -127.60148 
Cell 20 100 47.90955 -129.05206 
    37.87080 -129.05206 
    37.88539 -129.68272 
    37.93956 -130.31157 
    38.03321 -130.93608 
    38.16605 -131.55377 
    38.33765 -132.16216 
    38.54737 -132.75880 
    38.79447 -133.34129 
    39.07800 -133.90724 
    39.39687 -134.45438 
    39.74986 -134.98042 
    40.13556 -135.48328 
    40.55245 -135.96083 
    40.99885 -136.41121 
    41.47301 -136.83250 
    41.97301 -137.22301 
    42.49685 -137.58112 
    43.04241 -137.90535 
    43.60748 -138.19443 
    44.18977 -138.44716 
    44.78691 -138.66254 
    45.39651 -138.83971 
    46.01608 -138.97797 
    46.64313 -139.07681 
    47.27513 -139.13588 
    47.90955 -139.15500 
    48.54386 -139.13416 
    49.17555 -139.07350 
    49.80214 -138.97336 
    50.42119 -138.83424 
    51.03032 -138.65680 
    51.62722 -138.44182 
    52.20965 -138.19023 
    52.77547 -137.90314 
    53.32263 -137.58171 
    53.84919 -137.22726 
    54.35329 -136.84120 
    54.83319 -136.42500 
    55.28727 -135.98021 
    55.71399 -135.50845 
    55.81630 -134.79666 
    55.90542 -134.12640 
    56.04010 -133.52188 
    56.18925 -132.94820 
    56.34657 -132.39252 
    56.51065 -131.84674 
    56.68449 -131.30508 
    56.87586 -130.76248 
    57.08006 -130.21056 
    57.29363 -129.64247 
    57.51050 -129.05206 
    57.72560 -128.43449 
    57.92599 -127.78669 
    58.11517 -127.10524 
    58.34630 -126.37236 
    58.52982 -125.60133 
    58.45782 -124.87571 
    57.97550 -124.31538 
    57.54924 -123.75259 
    57.40406 -123.02666 
    57.21427 -122.29179 
    56.96598 -121.55993 
    56.64614 -120.84785 
    56.24488 -120.17583 
    55.75757 -119.56544 
    55.18613 -119.03670 
    54.53928 -118.60528 
    53.83147 -118.28014 
    53.08091 -118.06236 
    52.30704 -117.94527 
    51.52793 -117.91583 
    50.75826 -117.95707 
    50.00816 -118.05078 
    49.28574 -118.15839 
    48.59404 -118.17246 
    47.90955 -118.23278 
    47.23538 -118.33651 
    46.57409 -118.48078 
    45.92770 -118.66286 
    45.29786 -118.88021 
    44.68587 -119.13062 
    44.09283 -119.41215 
    43.51971 -119.72318 
    42.96743 -120.06238 
    42.43695 -120.42863 
    41.92929 -120.82095 
    41.44560 -121.23849 
    40.98708 -121.68037 
    40.55504 -122.14572 
    40.15088 -122.63354 
    39.77602 -123.14271 
    39.43187 -123.67197 
    39.11983 -124.21987 
    38.84122 -124.78484 
    38.59728 -125.36507 
    38.38432 -125.95713 
    38.20493 -126.56034 
    38.06327 -127.17378 
    37.96004 -127.79515 
    37.89576 -128.42204 
Cell 21 100 65.48561 -132.87291 
    56.21056 -132.87291 
    56.05456 -133.46625 
    55.91533 -134.08192 
    55.82711 -134.71536 
    55.73288 -135.37698 
    55.72950 -136.04286 
    55.69973 -136.74741 
    55.82631 -137.41823 
    56.10204 -138.03157 
    56.41811 -138.62732 
    56.77369 -139.20248 
    57.16769 -139.75409 
    57.59861 -140.27930 
    58.06474 -140.77534 
    58.56408 -141.23961 
    59.09439 -141.66966 
    59.65321 -142.06329 
    60.23793 -142.41841 
    60.84570 -142.73322 
    61.47359 -143.00612 
    62.12192 -143.22530 
    62.85334 -143.12494 
    63.57574 -142.88483 
    64.24044 -142.72942 
    64.86905 -142.67287 
    65.48561 -142.62810 
    66.09667 -142.58554 
    66.70759 -142.54588 
    67.32336 -142.50671 
    67.95310 -142.48315 
    68.61704 -142.51045 
    69.29175 -142.48611 
    69.96130 -142.38423 
    70.57809 -142.13611 
    71.12626 -141.76115 
    71.64647 -141.35260 
    72.13671 -140.91272 
    72.59524 -140.44389 
    73.02046 -139.94861 
    73.41103 -139.42938 
    73.76582 -138.88882 
    74.08386 -138.32953 
    74.36443 -137.75409 
    74.63084 -137.17633 
    74.90251 -136.60132 
    75.14042 -136.00995 
    75.34351 -135.40399 
    75.51070 -134.78529 
    75.64091 -134.15582 
    75.73286 -133.51761 
    75.78414 -132.87291 
    75.77242 -132.22572 
    75.54280 -131.60239 
    75.25915 -131.00850 
    74.98629 -130.43355 
    74.71397 -129.87444 
    74.43740 -129.32864 
    74.15376 -128.79399 
    73.86218 -128.26785 
    73.56068 -127.74831 
    73.24732 -127.23370 
    72.92157 -126.72134 
    72.58358 -126.20748 
    72.23499 -125.68554 
    71.87595 -125.14832 
    71.50779 -124.58410 
    71.12226 -123.99097 
    70.64148 -123.49442 
    70.13185 -122.99915 
    69.58561 -122.51750 
    68.99615 -122.06860 
    68.36036 -121.67651 
    67.68053 -121.36673 
    66.96509 -121.16161 
    66.22782 -121.07584 
    65.48561 -121.11330 
    64.75539 -121.26634 
    64.05108 -121.51744 
    63.38154 -121.84298 
    62.74986 -122.21788 
    62.15422 -122.61993 
    61.58073 -123.01031 
    60.98919 -123.31754 
    60.40503 -123.63136 
    59.83485 -123.96873 
    59.25937 -124.30322 
    58.71454 -124.68809 
    58.51478 -125.44972 
    58.38593 -126.20586 
    58.19763 -126.84377 
    58.01982 -127.44869 
    57.85133 -128.02805 
    57.67523 -128.57912 
    57.48919 -129.11008 
    57.29780 -129.63113 
    57.10310 -130.14926 
    56.90971 -130.67099 
    56.72120 -131.20100 
    56.54385 -131.74330 
    56.37448 -132.29968 
Cell 22 100 83.17893 -123.84350 
    71.13021 -123.84350 
    71.50385 -124.57803 
    71.95180 -125.26181 
    72.38050 -125.90340 
    72.78416 -126.51243 
    73.16131 -127.09842 
    73.51325 -127.67041 
    73.84384 -128.23625 
    74.15834 -128.80261 
    74.46133 -129.37585 
    74.75686 -129.96249 
    75.05019 -130.56818 
    75.34889 -131.19640 
    75.64143 -131.87013 
    76.20660 -132.27161 
    76.79966 -132.62381 
    77.40334 -132.94437 
    78.01674 -133.23349 
    78.63915 -133.49103 
    79.26997 -133.71640 
    79.90852 -133.90878 
    80.55396 -134.06706 
    81.20522 -134.19006 
    81.86093 -134.27655 
    82.51947 -134.32538 
    83.17893 -134.34773 
    83.83868 -134.32994 
    84.49596 -134.26886 
    85.14782 -134.16476 
    85.79132 -134.01810 
    86.42360 -133.82956 
    87.04182 -133.60005 
    87.64326 -133.33067 
    88.22523 -133.02269 
    88.78522 -132.67760 
    89.32079 -132.29703 
    89.82963 -131.88281 
    90.30962 -131.43690 
    90.67039 -130.87845 
    90.85058 -130.19005 
    91.04768 -129.56047 
    91.28789 -128.98959 
    91.54433 -128.44243 
    91.79562 -127.89820 
    92.04008 -127.35188 
    92.27896 -126.80028 
    92.51481 -126.24054 
    92.75494 -125.67022 
    93.00247 -125.08450 
    93.27721 -124.47883 
    93.69822 -123.84350 
    94.02990 -123.16081 
    94.31461 -122.43674 
    94.55564 -121.67327 
    94.73740 -120.87579 
    94.81969 -120.06119 
    94.76305 -119.25702 
    94.53921 -118.49776 
    94.14059 -117.81727 
    93.58355 -117.24052 
    92.90455 -116.77743 
    92.15111 -116.42107 
    91.69863 -115.84296 
    91.28657 -115.20975 
    90.82703 -114.59853 
    90.31972 -114.01505 
    89.76505 -113.46544 
    89.16438 -112.95602 
    88.52000 -112.49316 
    87.83523 -112.08304 
    87.11440 -111.73137 
    86.36278 -111.44324 
    85.58645 -111.22284 
    84.79218 -111.07333 
    83.98718 -110.99668 
    83.17893 -110.99359 
    82.37489 -111.06351 
    81.58227 -111.20458 
    80.80785 -111.41385 
    80.05775 -111.68732 
    79.33730 -112.02020 
    78.65092 -112.40705 
    78.00206 -112.84209 
    77.39323 -113.31934 
    76.82602 -113.83291 
    76.30120 -114.37712 
    75.81885 -114.94669 
    75.37846 -115.53683 
    74.97912 -116.14336 
    74.61964 -116.76264 
    74.29874 -117.39166 
    73.81232 -117.89927 
    73.30659 -118.41614 
    72.83286 -118.97501 
    72.39851 -119.57523 
    72.01117 -120.21487 
    71.67834 -120.89065 
    71.40746 -121.59797 
    71.20822 -122.33125 
    71.09871 -123.08347 
Cell 23 100 102.14852 -131.70993 
    90.60972 -131.70993 
    90.77079 -132.42575 
    90.99064 -133.11949 
    91.25306 -133.78835 
    91.55068 -134.43100 
    91.87763 -135.04713 
    92.22923 -135.63725 
    92.60192 -136.20222 
    92.99337 -136.74301 
    93.40221 -137.26051 
    93.82790 -137.75522 
    94.27043 -138.22725 
    94.73015 -138.67624 
    95.20748 -139.10138 
    95.70278 -139.50150 
    96.20030 -139.89694 
    96.70375 -140.28951 
    97.23323 -140.65080 
    97.78689 -140.97888 
    98.36285 -141.27142 
    98.95971 -141.52409 
    99.57427 -141.73596 
    100.20441 -141.90134 
    100.84676 -142.01440 
    101.49710 -142.06396 
    102.14852 -142.03825 
    102.79134 -141.92731 
    103.41420 -141.72881 
    104.03562 -141.60245 
    104.68694 -141.59641 
    105.38586 -141.67346 
    106.06687 -141.60655 
    106.68736 -141.35545 
    107.29052 -141.06319 
    107.87346 -140.73099 
    108.43339 -140.36031 
    108.96764 -139.95282 
    109.47365 -139.51039 
    109.94902 -139.03510 
    110.39153 -138.52914 
    110.79910 -137.99495 
    111.16988 -137.43506 
    111.50220 -136.85216 
    111.79461 -136.24904 
    112.04589 -135.62857 
    112.25504 -134.99374 
    112.42131 -134.34753 
    112.54420 -133.69301 
    112.62342 -133.03322 
    112.65898 -132.37119 
    112.65111 -131.70993 
    112.60030 -131.05235 
    112.50732 -130.40131 
    112.37312 -129.75949 
    112.19894 -129.12943 
    111.98621 -128.51347 
    111.73661 -127.91373 
    111.45194 -127.33207 
    111.13416 -126.77003 
    110.78531 -126.22886 
    110.40748 -125.70945 
    110.00272 -125.21238 
    109.57294 -124.73794 
    109.11995 -124.28612 
    108.64523 -123.85676 
    108.15001 -123.44959 
    107.63515 -123.06438 
    107.10117 -122.70109 
    106.54829 -122.35996 
    105.97643 -122.04175 
    105.38541 -121.74779 
    104.77509 -121.48013 
    104.14546 -121.24158 
    103.49699 -121.03564 
    102.83073 -120.86648 
    102.14852 -120.73871 
    101.45314 -120.65718 
    100.74838 -120.62670 
    100.03904 -120.65166 
    99.33083 -120.73574 
    98.63018 -120.88158 
    97.94401 -121.09055 
    97.27940 -121.36251 
    96.64321 -121.69581 
    96.04179 -122.08727 
    95.48063 -122.53237 
    94.96408 -123.02544 
    94.37588 -123.43291 
    93.76079 -123.83332 
    93.32339 -124.40914 
    93.00915 -125.06979 
    92.72890 -125.73206 
    92.45555 -126.38118 
    92.18348 -127.02074 
    91.90482 -127.65416 
    91.61580 -128.28764 
    91.31641 -128.92873 
    91.03827 -129.59055 
    90.82711 -130.27971 
    90.60252 -130.98352 
Cell 24 100 -109.95190 -112.78757 
    -120.25876 -112.78757 
    -120.24468 -113.43514 
    -120.18883 -114.08080 
    -120.09134 -114.72177 
    -119.95261 -115.35532 
    -119.77321 -115.97871 
    -119.55393 -116.58929 
    -119.29574 -117.18445 
    -118.99978 -117.76168 
    -118.66737 -118.31858 
    -118.30002 -118.85283 
    -117.89935 -119.36227 
    -117.46716 -119.84487 
    -117.00539 -120.29877 
    -116.51604 -120.72226 
    -116.00127 -121.11382 
    -115.46328 -121.47211 
    -114.90433 -121.79600 
    -114.32672 -122.08453 
    -113.73277 -122.33695 
    -113.09099 -122.44868 
    -112.45617 -122.54103 
    -111.83657 -122.66734 
    -111.22073 -122.83134 
    -110.59335 -122.98295 
    -109.95190 -123.05210 
    -109.30563 -123.05980 
    -108.65929 -123.01965 
    -108.01520 -122.94015 
    -107.37509 -122.82360 
    -106.74061 -122.67093 
    -106.11343 -122.48248 
    -105.49525 -122.25843 
    -104.88792 -121.99892 
    -104.29335 -121.70403 
    -103.71362 -121.37383 
    -103.15102 -121.00843 
    -102.60800 -120.60804 
    -102.08725 -120.17297 
    -101.59165 -119.70377 
    -101.12427 -119.20123 
    -100.68828 -118.66645 
    -100.28699 -118.10091 
    -99.92367 -117.50650 
    -99.60154 -116.88557 
    -99.32364 -116.24091 
    -99.09278 -115.57572 
    -98.91139 -114.89366 
    -98.78146 -114.19873 
    -98.38963 -113.51501 
    -97.98508 -112.78757 
    -97.73452 -112.01892 
    -97.69714 -111.23944 
    -97.89529 -110.48766 
    -98.30607 -109.79743 
    -98.86955 -109.18670 
    -99.50967 -108.65321 
    -99.97715 -108.09381 
    -99.73891 -107.17294 
    -99.51699 -106.16538 
    -101.17642 -106.41182 
    -101.66740 -105.93404 
    -102.16635 -105.47646 
    -102.68925 -105.05363 
    -103.23310 -104.66594 
    -103.79512 -104.31349 
    -104.37277 -103.99626 
    -104.96373 -103.71412 
    -105.56592 -103.46689 
    -106.17745 -103.25439 
    -106.79659 -103.07652 
    -107.42173 -102.93319 
    -108.05133 -102.82439 
    -108.68275 -102.74118 
    -109.31153 -102.60908 
    -109.95190 -102.48531 
    -110.60742 -102.36847 
    -111.28141 -102.26347 
    -111.97482 -102.18311 
    -112.68382 -102.14749 
    -113.39827 -102.18076 
    -114.10203 -102.30556 
    -114.77549 -102.53693 
    -115.39988 -102.87775 
    -115.96181 -103.31748 
    -116.45643 -103.83487 
    -116.88787 -104.40343 
    -117.26706 -104.99773 
    -117.60777 -105.59824 
    -117.92259 -106.19365 
    -118.22010 -106.78038 
    -118.56940 -107.31874 
    -118.90833 -107.86374 
    -119.21227 -108.42998 
    -119.47977 -109.01523 
    -119.70954 -109.61713 
    -119.90041 -110.23323 
    -120.05147 -110.86098 
    -120.16191 -111.49775 
    -120.23114 -112.14086 
