13 25 
Cell 0 100 -115.42686 -152.78783 
    -125.42699 -152.78783 
    -125.40725 -153.41574 
    -125.34812 -154.04117 
    -125.24983 -154.66165 
    -125.11278 -155.27475 
    -124.93750 -155.87802 
    -124.72469 -156.46909 
    -124.47518 -157.04564 
    -124.18993 -157.60536 
    -123.88550 -158.15584 
    -123.54846 -158.68851 
    -123.17773 -159.19989 
    -122.77459 -159.68779 
    -122.34049 -160.15009 
    -121.87703 -160.58473 
    -121.38595 -160.98979 
    -120.86911 -161.36343 
    -120.32854 -161.70393 
    -119.76635 -162.00970 
    -119.18481 -162.27930 
    -118.58625 -162.51141 
    -117.97314 -162.70493 
    -117.34801 -162.85884 
    -116.71347 -162.97234 
    -116.07218 -163.04482 
    -115.42686 -163.07582 
    -114.78027 -163.06509 
    -114.13518 -163.01259 
    -113.49435 -162.91844 
    -112.86055 -162.78294 
    -112.23653 -162.60664 
    -111.62501 -162.39021 
    -111.02861 -162.13460 
    -110.44993 -161.84084 
    -109.89148 -161.51021 
    -109.35564 -161.14413 
    -108.84476 -160.74423 
    -108.36098 -160.31224 
    -107.90636 -159.85004 
    -107.48283 -159.35970 
    -107.09214 -158.84335 
    -106.73589 -158.30328 
    -106.41545 -157.74190 
    -106.13189 -157.16171 
    -106.43367 -156.34850 
    -106.58162 -155.66182 
    -106.68167 -155.03320 
    -106.75216 -154.44261 
    -106.83656 -153.87303 
    -106.94202 -153.32166 
    -107.06313 -152.78783 
    -107.17785 -152.26884 
    -107.28691 -151.75952 
    -107.39095 -151.25488 
    -107.48914 -150.74977 
    -107.57549 -150.23676 
    -107.61524 -149.69499 
    -107.47406 -149.04553 
    -107.12843 -148.22572 
    -106.95008 -147.40829 
    -106.31645 -146.16873 
    -106.02232 -145.00772 
    -106.47250 -144.37912 
    -106.99368 -143.80740 
    -107.57993 -143.30252 
    -108.22249 -142.87186 
    -108.91047 -142.51962 
    -109.70664 -142.38277 
    -110.49564 -142.30846 
    -111.37056 -142.54277 
    -112.17258 -142.77217 
    -112.89011 -142.90784 
    -113.55956 -142.99905 
    -114.19848 -143.06415 
    -114.81820 -143.11331 
    -115.42686 -143.15300 
    -116.03510 -143.12029 
    -116.65070 -143.10027 
    -117.27712 -143.08841 
    -117.92117 -143.07315 
    -118.59662 -143.03233 
    -119.32858 -142.93323 
    -119.95846 -143.15770 
    -120.52033 -143.52284 
    -121.12806 -143.80418 
    -121.63178 -144.24750 
    -122.22050 -144.57573 
    -123.01412 -144.70822 
    -123.01307 -145.66391 
    -123.31954 -146.25844 
    -123.66579 -146.80190 
    -123.98158 -147.35884 
    -124.26659 -147.92815 
    -124.52041 -148.50873 
    -124.74246 -149.09952 
    -124.93760 -149.69760 
    -125.11286 -150.30089 
    -125.24989 -150.91399 
    -125.34816 -151.53447 
    -125.40727 -152.15991 
Cell 1 100 -96.81429 -152.55849 
    -107.11382 -152.55849 
    -106.97020 -153.19745 
    -106.84561 -153.82574 
    -106.75080 -154.45398 
    -106.67268 -155.08969 
    -106.56747 -155.72749 
    -106.42767 -156.36469 
    -106.20098 -156.97552 
    -105.83164 -157.51582 
    -105.43858 -158.03162 
    -105.02886 -158.52672 
    -104.60140 -159.00055 
    -104.15511 -159.45197 
    -103.68912 -159.87943 
    -103.20364 -160.28189 
    -102.70869 -160.67143 
    -102.18998 -161.02921 
    -101.64952 -161.35373 
    -101.08945 -161.64368 
    -100.51200 -161.89783 
    -99.91943 -162.11513 
    -99.31413 -162.29468 
    -98.69848 -162.43571 
    -98.07495 -162.53764 
    -97.44605 -162.59999 
    -96.81429 -162.62251 
    -96.18221 -162.60506 
    -95.55236 -162.54768 
    -94.92728 -162.45059 
    -94.30946 -162.31415 
    -93.70143 -162.13889 
    -93.10563 -161.92551 
    -92.52446 -161.67484 
    -91.96028 -161.38791 
    -91.41535 -161.06586 
    -90.89189 -160.70998 
    -90.39200 -160.32170 
    -89.91769 -159.90262 
    -89.47088 -159.45442 
    -89.05334 -158.97890 
    -88.66677 -158.47801 
    -88.30999 -157.95547 
    -87.97511 -157.41786 
    -87.66927 -156.86180 
    -87.39216 -156.28897 
    -87.14329 -155.70079 
    -87.13908 -155.04266 
    -87.16567 -154.39906 
    -87.18681 -153.77472 
    -87.20550 -153.16302 
    -87.22555 -152.55849 
    -87.24969 -151.95674 
    -87.27780 -151.35376 
    -87.31596 -150.74658 
    -87.36668 -150.13275 
    -87.43031 -149.50945 
    -87.50329 -148.87199 
    -87.58772 -148.21678 
    -87.67777 -147.53564 
    -87.75877 -146.81168 
    -87.80323 -146.01157 
    -88.25846 -145.48048 
    -88.76056 -144.99553 
    -89.30228 -144.55901 
    -89.87595 -144.17148 
    -90.47404 -143.83188 
    -91.08971 -143.53798 
    -91.71711 -143.28674 
    -92.35166 -143.07491 
    -92.98996 -142.89932 
    -93.62973 -142.75742 
    -94.22600 -142.47774 
    -94.83809 -142.19885 
    -95.47662 -141.96976 
    -96.13844 -141.81602 
    -96.81429 -141.75844 
    -97.49077 -141.80620 
    -98.15402 -141.95346 
    -98.79384 -142.18135 
    -99.40597 -142.46458 
    -99.99178 -142.77919 
    -100.59336 -143.01366 
    -101.21762 -143.20094 
    -101.84120 -143.41457 
    -102.46445 -143.65527 
    -103.08699 -143.92487 
    -103.70728 -144.22630 
    -104.32214 -144.56345 
    -104.92645 -144.94067 
    -105.51301 -145.36229 
    -106.07413 -145.83083 
    -106.45521 -146.44019 
    -106.78168 -147.07886 
    -107.02540 -147.75351 
    -107.21843 -148.43919 
    -107.48409 -149.09166 
    -107.60849 -149.78702 
    -107.52872 -150.51460 
    -107.39743 -151.22153 
    -107.25650 -151.90152 
Cell 2 100 -76.91180 -152.68817 
    -87.22124 -152.68817 
    -87.20023 -153.33546 
    -87.17968 -153.98531 
    -87.15562 -154.64229 
    -87.14082 -155.31454 
    -86.93253 -155.94411 
    -86.60786 -156.52711 
    -86.26560 -157.08974 
    -85.90536 -157.63243 
    -85.52639 -158.15517 
    -85.12778 -158.65742 
    -84.70866 -159.13829 
    -84.26837 -159.59645 
    -83.80727 -160.03111 
    -83.35751 -160.47969 
    -82.87875 -160.90097 
    -82.37215 -161.29231 
    -81.83955 -161.65172 
    -81.28294 -161.97731 
    -80.70444 -162.26729 
    -80.10637 -162.52005 
    -79.49116 -162.73412 
    -78.86136 -162.90816 
    -78.21967 -163.04106 
    -77.56886 -163.13191 
    -76.91180 -163.17996 
    -76.25141 -163.18471 
    -75.59069 -163.14583 
    -74.93265 -163.06325 
    -74.28032 -162.93710 
    -73.63674 -162.76776 
    -73.00491 -162.55585 
    -72.38779 -162.30219 
    -71.78828 -162.00781 
    -71.20920 -161.67403 
    -70.65327 -161.30229 
    -70.12308 -160.89432 
    -69.62109 -160.45198 
    -69.14962 -159.97734 
    -68.71083 -159.47261 
    -68.30666 -158.94017 
    -67.93890 -158.38255 
    -67.60914 -157.80235 
    -67.31878 -157.20230 
    -67.06834 -156.58548 
    -66.80848 -155.97093 
    -66.59221 -155.33778 
    -66.59137 -154.65691 
    -66.57185 -153.99442 
    -66.53090 -153.34128 
    -66.46986 -152.68817 
    -66.38683 -152.02599 
    -66.27554 -151.34450 
    -66.19469 -150.64377 
    -66.33424 -149.97232 
    -66.53276 -149.31581 
    -66.78463 -148.67854 
    -67.08786 -148.06538 
    -67.43938 -147.48067 
    -67.83524 -146.92801 
    -68.27089 -146.41019 
    -68.74140 -145.92903 
    -69.24179 -145.48555 
    -69.76724 -145.07999 
    -70.31333 -144.71201 
    -70.87618 -144.38086 
    -71.51151 -144.17868 
    -72.15894 -144.04276 
    -72.75536 -143.85530 
    -73.35090 -143.69438 
    -73.94724 -143.56419 
    -74.53189 -143.41907 
    -75.11351 -143.26122 
    -75.69908 -143.08850 
    -76.29574 -142.89619 
    -76.91180 -142.67609 
    -77.55792 -142.41832 
    -78.24063 -142.16934 
    -78.95703 -141.96667 
    -79.69808 -141.83630 
    -80.44279 -141.82091 
    -81.20615 -141.84186 
    -81.96053 -141.95906 
    -82.69021 -142.17728 
    -83.44195 -142.39830 
    -84.17876 -142.68607 
    -84.89029 -143.04382 
    -85.56560 -143.47281 
    -86.19368 -143.97191 
    -86.76420 -144.53755 
    -87.26813 -145.16386 
    -87.69835 -145.84282 
    -87.76374 -146.72226 
    -87.66559 -147.62782 
    -87.55452 -148.47443 
    -87.45872 -149.26128 
    -87.38020 -150.00035 
    -87.31958 -150.70279 
    -87.27663 -151.37880 
    -87.24643 -152.03798 
Cell 3 100 -56.51649 -154.48727 
    -66.58637 -154.48727 
    -66.59194 -155.12117 
    -66.54512 -155.75418 
    -66.42638 -156.37769 
    -66.27173 -156.99199 
    -66.08171 -157.59520 
    -65.85684 -158.18538 
    -65.59768 -158.76056 
    -65.30488 -159.31873 
    -64.98244 -159.85994 
    -64.62719 -160.38004 
    -64.23996 -160.87668 
    -63.82230 -161.34789 
    -63.37590 -161.79179 
    -62.90253 -162.20667 
    -62.40410 -162.59087 
    -61.88260 -162.94290 
    -61.34009 -163.26137 
    -60.77876 -163.54504 
    -60.20082 -163.79283 
    -59.60859 -164.00377 
    -59.00440 -164.17705 
    -58.39066 -164.31201 
    -57.76982 -164.40842 
    -57.14440 -164.46754 
    -56.51649 -164.48727 
    -55.88858 -164.46754 
    -55.26316 -164.40842 
    -54.64268 -164.31015 
    -54.02959 -164.17311 
    -53.42632 -163.99783 
    -52.83525 -163.78503 
    -52.25849 -163.53600 
    -51.69613 -163.25548 
    -51.15077 -162.94229 
    -50.62370 -162.59801 
    -50.11595 -162.22420 
    -49.62827 -161.82248 
    -49.16120 -161.39435 
    -48.71510 -160.94115 
    -48.29029 -160.46396 
    -47.88719 -159.96359 
    -47.50647 -159.44057 
    -47.14927 -158.89516 
    -46.81683 -158.32764 
    -46.95119 -157.59523 
    -47.15506 -156.89087 
    -47.27057 -156.25104 
    -47.34016 -155.64651 
    -47.39455 -155.06117 
    -47.44962 -154.48727 
    -47.50958 -153.92061 
    -47.59459 -153.36018 
    -47.69223 -152.80396 
    -47.82322 -152.25522 
    -47.97047 -151.71051 
    -48.15110 -151.17519 
    -48.34404 -150.64162 
    -48.56232 -150.11443 
    -48.78481 -149.58060 
    -49.00856 -149.03244 
    -49.21167 -148.44420 
    -49.34181 -147.74980 
    -49.28817 -146.78990 
    -49.83020 -146.40494 
    -50.39933 -146.06772 
    -50.98003 -145.76321 
    -51.57042 -145.49040 
    -52.16914 -145.24869 
    -52.77524 -145.03795 
    -53.38791 -144.85847 
    -54.00635 -144.71091 
    -54.62966 -144.59615 
    -55.25673 -144.51520 
    -55.88607 -144.46707 
    -56.51649 -144.43417 
    -57.14872 -144.43829 
    -57.78078 -144.47942 
    -58.41070 -144.55750 
    -59.03646 -144.67262 
    -59.65857 -144.81694 
    -60.27652 -144.99054 
    -60.87591 -145.22304 
    -61.45342 -145.50703 
    -62.02320 -145.81009 
    -62.57319 -146.15094 
    -63.10005 -146.52911 
    -63.60035 -146.94373 
    -64.07071 -147.39339 
    -64.50794 -147.87617 
    -64.90917 -148.38963 
    -65.27198 -148.93088 
    -65.59447 -149.49661 
    -65.87537 -150.08331 
    -66.11396 -150.68736 
    -66.27242 -151.31738 
    -66.37539 -151.95595 
    -66.45766 -152.59090 
    -66.51990 -153.22356 
    -66.56313 -153.85519 
Cell 4 100 -37.78754 -152.13699 
    -47.85518 -152.13699 
    -47.70254 -152.76080 
    -47.59225 -153.37563 
    -47.50222 -153.99016 
    -47.43740 -154.61465 
    -47.37675 -155.25272 
    -47.31015 -155.90726 
    -47.21261 -156.57208 
    -47.05618 -157.23247 
    -46.89249 -157.91516 
    -46.44914 -158.43001 
    -45.96067 -158.89839 
    -45.45430 -159.33656 
    -44.93142 -159.74446 
    -44.39326 -160.12193 
    -43.84089 -160.46870 
    -43.27533 -160.78436 
    -42.72433 -161.11697 
    -42.16835 -161.44669 
    -41.58998 -161.74088 
    -40.99154 -161.99788 
    -40.37542 -162.21614 
    -39.74423 -162.39432 
    -39.10064 -162.53120 
    -38.44744 -162.62579 
    -37.78754 -162.67731 
    -37.12391 -162.68518 
    -36.45956 -162.64902 
    -35.79758 -162.56874 
    -35.14104 -162.44441 
    -34.49305 -162.27641 
    -33.85665 -162.06529 
    -33.23489 -161.81187 
    -32.63070 -161.51724 
    -32.04700 -161.18263 
    -31.48654 -160.80959 
    -30.95197 -160.39978 
    -30.44582 -159.95514 
    -29.97042 -159.47777 
    -29.52796 -158.96991 
    -29.12043 -158.43402 
    -28.74961 -157.87263 
    -28.41706 -157.28845 
    -28.12409 -156.68427 
    -27.87184 -156.06290 
    -27.66120 -155.42725 
    -27.49280 -154.78023 
    -27.36708 -154.12480 
    -27.28429 -153.46387 
    -27.24442 -152.80031 
    -27.24733 -152.13699 
    -27.29265 -151.47672 
    -27.37987 -150.82220 
    -27.50830 -150.17612 
    -27.67710 -149.54108 
    -27.88528 -148.91956 
    -28.13171 -148.31398 
    -28.41515 -147.72668 
    -28.73387 -147.15970 
    -29.08664 -146.61523 
    -29.47206 -146.09544 
    -29.88850 -145.60234 
    -30.33423 -145.13786 
    -30.78394 -144.67891 
    -31.23331 -144.21429 
    -31.70952 -143.77132 
    -32.21184 -143.35110 
    -32.74557 -142.96568 
    -33.31537 -142.63315 
    -33.92092 -142.37102 
    -34.55568 -142.19032 
    -35.19244 -142.02975 
    -35.82905 -141.87021 
    -36.47090 -141.71475 
    -37.12240 -141.56485 
    -37.78754 -141.42039 
    -38.47066 -141.27921 
    -39.17736 -141.13548 
    -39.90805 -141.02092 
    -40.64118 -141.02283 
    -41.38174 -141.07518 
    -42.13421 -141.15855 
    -42.90556 -141.26065 
    -43.64124 -141.48917 
    -44.36377 -141.77452 
    -45.06712 -142.11752 
    -45.74495 -142.51813 
    -46.39084 -142.97540 
    -46.99841 -143.48741 
    -47.56155 -144.05122 
    -48.07462 -144.66299 
    -48.53260 -145.31798 
    -48.93131 -146.01065 
    -49.26691 -146.73521 
    -49.33156 -147.56639 
    -49.21548 -148.42383 
    -48.90665 -149.28209 
    -48.57719 -150.07875 
    -48.28274 -150.81114 
    -48.04431 -151.49168 
Cell 5 100 -13.69974 -153.32671 
    -24.08271 -153.32671 
    -24.09276 -153.98058 
    -24.05995 -154.63550 
    -23.98409 -155.28854 
    -23.86523 -155.93675 
    -23.70361 -156.57716 
    -23.49971 -157.20679 
    -23.25424 -157.82271 
    -22.96812 -158.42204 
    -22.64249 -159.00195 
    -22.27869 -159.55968 
    -21.87829 -160.09259 
    -21.44305 -160.59816 
    -20.97492 -161.07399 
    -20.47602 -161.51782 
    -19.94865 -161.92758 
    -19.39525 -162.30139 
    -18.81840 -162.63750 
    -18.22078 -162.93440 
    -17.60521 -163.19078 
    -16.97457 -163.40558 
    -16.33180 -163.57788 
    -15.67991 -163.70709 
    -15.02192 -163.79280 
    -14.36086 -163.83479 
    -13.69974 -163.83311 
    -13.04157 -163.78806 
    -12.38928 -163.70006 
    -11.74575 -163.56987 
    -11.11378 -163.39838 
    -10.49605 -163.18666 
    -9.89515 -162.93600 
    -9.31354 -162.64786 
    -8.75354 -162.32382 
    -8.21732 -161.96561 
    -7.70692 -161.57512 
    -7.22417 -161.15433 
    -6.77080 -160.70528 
    -6.32067 -160.25612 
    -5.88018 -159.79561 
    -5.46649 -159.30852 
    -5.08127 -158.79616 
    -4.72622 -158.25995 
    -4.40309 -157.70139 
    -4.13144 -157.11507 
    -3.88916 -156.51436 
    -3.69767 -155.89481 
    -3.62780 -155.24803 
    -3.57047 -154.60632 
    -3.52480 -153.96686 
    -3.49317 -153.32671 
    -3.47655 -152.68352 
    -3.40165 -152.02576 
    -3.26763 -151.33667 
    -3.12552 -150.61169 
    -2.97762 -149.84288 
    -2.82002 -149.01912 
    -2.63177 -148.11852 
    -2.57035 -147.20827 
    -3.07438 -146.58365 
    -3.69062 -146.05466 
    -4.38760 -145.62303 
    -5.13129 -145.28040 
    -5.89066 -145.01088 
    -6.64166 -144.79495 
    -7.36913 -144.61337 
    -8.06668 -144.45041 
    -8.73159 -144.28967 
    -9.32260 -144.02481 
    -9.92667 -143.79701 
    -10.54146 -143.60651 
    -11.16472 -143.45346 
    -11.78435 -143.28586 
    -12.41146 -143.12888 
    -13.04993 -142.99817 
    -13.69974 -142.96664 
    -14.35363 -142.93344 
    -15.01684 -142.90082 
    -15.69331 -142.87607 
    -16.38636 -142.86304 
    -17.09995 -142.86195 
    -17.80961 -142.94637 
    -18.47779 -143.17284 
    -19.06476 -143.56778 
    -19.60072 -144.02826 
    -20.08603 -144.53673 
    -20.52520 -145.07614 
    -20.92518 -145.63239 
    -21.29340 -146.19579 
    -21.63608 -146.76120 
    -21.95717 -147.32733 
    -22.25808 -147.89542 
    -22.55290 -148.45964 
    -22.87341 -149.00990 
    -23.16016 -149.58107 
    -23.41134 -150.17122 
    -23.62530 -150.77826 
    -23.80058 -151.39987 
    -23.93590 -152.03358 
    -24.03022 -152.67677 
Cell 6 100 6.06180 -153.95702 
    -3.52432 -153.95702 
    -3.56736 -154.56284 
    -3.62175 -155.18033 
    -3.68928 -155.81714 
    -3.88836 -156.51180 
    -4.21539 -157.29626 
    -4.08247 -157.97342 
    -3.82911 -158.61133 
    -3.53282 -159.23170 
    -3.19453 -159.83127 
    -2.81577 -160.40695 
    -2.39836 -160.95587 
    -1.94436 -161.47530 
    -1.45598 -161.96263 
    -0.93570 -162.41554 
    -0.38613 -162.83183 
    0.18996 -163.20955 
    0.78961 -163.54709 
    1.40981 -163.84299 
    2.04747 -164.09605 
    2.69940 -164.30542 
    3.36240 -164.47047 
    4.03329 -164.59084 
    4.70888 -164.66644 
    5.38607 -164.69742 
    6.06180 -164.68417 
    6.73312 -164.62735 
    7.39719 -164.52773 
    8.05131 -164.38640 
    8.69289 -164.20444 
    9.31952 -163.98323 
    9.92889 -163.72417 
    10.51886 -163.42874 
    11.08743 -163.09860 
    11.63270 -162.73535 
    12.19748 -162.40205 
    12.74963 -162.04121 
    13.28254 -161.64632 
    13.79384 -161.21790 
    14.28101 -160.75655 
    14.74136 -160.26309 
    15.17210 -159.73859 
    15.57031 -159.18437 
    15.93305 -158.60207 
    16.25735 -157.99371 
    16.54035 -157.36171 
    16.75311 -156.70209 
    16.81797 -156.00887 
    16.83926 -155.31853 
    16.74188 -154.62895 
    16.64756 -153.95702 
    16.55975 -153.29654 
    16.47289 -152.64178 
    16.38420 -151.98790 
    16.29278 -151.33014 
    16.19940 -150.66310 
    16.10649 -149.98004 
    16.01829 -149.27184 
    15.73951 -148.63664 
    15.34393 -148.06641 
    14.91140 -147.52740 
    14.44526 -147.02161 
    13.94888 -146.55055 
    13.42558 -146.11539 
    12.87861 -145.71690 
    12.31106 -145.35565 
    11.72586 -145.03188 
    11.12575 -144.74571 
    10.51329 -144.49712 
    9.89083 -144.28598 
    9.26060 -144.11214 
    8.62464 -143.97542 
    7.98492 -143.87564 
    7.37288 -143.57874 
    6.73534 -143.25142 
    6.06180 -143.07991 
    5.36658 -142.90677 
    4.64298 -142.72589 
    3.88813 -142.56223 
    3.10294 -142.43301 
    2.28700 -142.33937 
    1.53147 -142.51472 
    0.96258 -143.12064 
    0.48973 -143.82147 
    0.04295 -144.47284 
    -0.51622 -144.90315 
    -1.02723 -145.38785 
    -1.48775 -145.91756 
    -1.89792 -146.48235 
    -2.26001 -147.07262 
    -2.57774 -147.68002 
    -2.69108 -148.40227 
    -2.82956 -149.06895 
    -2.95313 -149.71490 
    -3.07329 -150.34019 
    -3.19189 -150.95032 
    -3.30930 -151.55093 
    -3.41569 -152.14909 
    -3.47831 -152.75183 
    -3.49461 -153.35577 
Cell 7 100 25.99964 -151.68217 
    16.34171 -151.68217 
    16.42444 -152.28459 
    16.50471 -152.88165 
    16.58392 -153.47832 
    16.66468 -154.07898 
    16.75015 -154.68752 
    16.83799 -155.30952 
    16.81816 -156.00266 
    16.73977 -156.77283 
    17.04790 -157.36311 
    17.39563 -157.93335 
    17.78163 -158.48071 
    18.20439 -159.00241 
    18.66214 -159.49582 
    19.15292 -159.95844 
    19.67460 -160.38785 
    20.22479 -160.78189 
    20.80099 -161.13849 
    21.40050 -161.45584 
    22.02050 -161.73233 
    22.65805 -161.96652 
    23.31009 -162.15727 
    23.97349 -162.30365 
    24.64503 -162.40500 
    25.32150 -162.46085 
    25.99964 -162.47104 
    26.67619 -162.43562 
    27.34793 -162.35497 
    28.01167 -162.22963 
    28.66433 -162.06044 
    29.30286 -161.84843 
    29.92436 -161.59488 
    30.52604 -161.30125 
    31.10526 -160.96927 
    31.65953 -160.60074 
    32.18654 -160.19771 
    32.68416 -159.76237 
    33.15046 -159.29701 
    33.58370 -158.80408 
    33.98240 -158.28609 
    34.35746 -157.75449 
    34.75990 -157.24161 
    35.13459 -156.70416 
    35.47470 -156.14081 
    35.54117 -155.45993 
    35.60944 -154.80458 
    35.69554 -154.17165 
    35.79253 -153.55028 
    35.89660 -152.93245 
    36.00660 -152.31177 
    36.12425 -151.68217 
    36.25409 -151.03702 
    36.40520 -150.36765 
    36.59380 -149.66122 
    36.84035 -148.89876 
    36.70903 -148.20248 
    36.51653 -147.51825 
    36.27382 -146.84752 
    35.98130 -146.19472 
    35.63994 -145.56425 
    35.25127 -144.96046 
    34.81738 -144.38751 
    34.34089 -143.84921 
    33.82491 -143.34911 
    33.27650 -142.88596 
    32.76975 -142.36392 
    32.20488 -141.90428 
    31.58767 -141.51758 
    30.92678 -141.21146 
    30.22927 -140.99936 
    29.50870 -140.88240 
    28.78073 -140.85057 
    28.06182 -140.87186 
    27.36530 -140.87190 
    26.67833 -140.89474 
    25.99964 -140.77684 
    25.30718 -140.67587 
    24.59931 -140.59743 
    23.87536 -140.54630 
    23.13578 -140.52817 
    22.38366 -140.55333 
    21.64582 -140.68567 
    20.93924 -140.92828 
    20.26404 -141.24915 
    19.62992 -141.64510 
    19.04497 -142.10989 
    18.51502 -142.63483 
    18.04328 -143.20952 
    17.63027 -143.82281 
    17.27411 -144.46379 
    16.97101 -145.12250 
    16.71599 -145.79059 
    16.50355 -146.46165 
    16.32841 -147.13124 
    16.18602 -147.79669 
    16.07290 -148.45679 
    15.98096 -149.10982 
    16.08288 -149.79045 
    16.16909 -150.44028 
    16.25625 -151.06917 
Cell 8 100 45.31786 -154.21300 
    35.68991 -154.21300 
    35.60742 -154.82393 
    35.54242 -155.44794 
    35.47968 -156.08974 
    35.55328 -156.72012 
    35.72248 -157.33072 
    35.93154 -157.92931 
    36.17826 -158.51376 
    36.46170 -159.08171 
    36.78077 -159.63080 
    37.13421 -160.15877 
    37.52063 -160.66344 
    37.93848 -161.14270 
    38.38609 -161.59459 
    38.86164 -162.01724 
    39.36321 -162.40887 
    39.88877 -162.76788 
    40.43617 -163.09277 
    41.00316 -163.38220 
    41.58743 -163.63498 
    42.18658 -163.85008 
    42.79815 -164.02663 
    43.41963 -164.16389 
    44.04846 -164.26135 
    44.68207 -164.31862 
    45.31786 -164.33546 
    45.95323 -164.31190 
    46.58559 -164.24805 
    47.21234 -164.14421 
    47.83096 -164.00087 
    48.43893 -163.81865 
    49.03380 -163.59837 
    49.61317 -163.34099 
    50.17472 -163.04759 
    50.71622 -162.71945 
    51.23552 -162.35796 
    51.73058 -161.96465 
    52.19946 -161.54115 
    52.64032 -161.08925 
    53.05148 -160.61081 
    53.43137 -160.10780 
    53.77853 -159.58231 
    54.09167 -159.03644 
    54.36964 -158.47244 
    54.61610 -157.89442 
    54.82993 -157.30365 
    55.00626 -156.70056 
    55.13181 -156.08510 
    55.16699 -155.45723 
    55.13479 -154.83063 
    55.07582 -154.21300 
    55.00227 -153.60371 
    54.91594 -153.00047 
    54.81909 -152.40054 
    54.71999 -151.79893 
    54.62012 -151.19051 
    54.52742 -150.56667 
    54.37775 -149.94974 
    54.09278 -149.38895 
    53.77369 -148.84677 
    53.42715 -148.32126 
    53.05209 -147.81468 
    52.65086 -147.32686 
    52.22558 -146.85703 
    51.77773 -146.40436 
    51.30787 -145.96846 
    50.81538 -145.55029 
    50.29869 -145.15291 
    49.75575 -144.78201 
    49.28572 -144.19133 
    48.79170 -143.52164 
    48.08924 -143.41920 
    47.31427 -143.74747 
    46.65285 -143.64545 
    45.98470 -143.61389 
    45.31786 -143.46918 
    44.64012 -143.44054 
    43.98670 -143.67574 
    43.37769 -144.04224 
    42.76984 -144.28909 
    42.17247 -144.53249 
    41.59081 -144.79955 
    41.02468 -145.08952 
    40.47460 -145.40314 
    39.94184 -145.74174 
    39.42826 -146.10666 
    38.93607 -146.49873 
    38.46759 -146.91820 
    38.02399 -147.36360 
    37.60910 -147.83575 
    37.22472 -148.33299 
    36.87238 -148.85333 
    36.66088 -149.45378 
    36.48788 -150.05794 
    36.33960 -150.65825 
    36.21046 -151.25383 
    36.09388 -151.84468 
    35.98517 -152.43269 
    35.88170 -153.02094 
    35.78272 -153.61310 
Cell 9 100 65.27600 -153.85062 
    55.03208 -153.85062 
    55.10234 -154.49069 
    55.15017 -155.12981 
    55.14877 -155.78249 
    55.08989 -156.46597 
    55.27072 -157.10153 
    55.47870 -157.72964 
    55.71796 -158.34828 
    55.99180 -158.95465 
    56.30229 -159.54550 
    56.65032 -160.11754 
    57.03581 -160.66750 
    57.45788 -161.19232 
    57.91511 -161.68918 
    58.40565 -162.15544 
    58.92748 -162.58861 
    59.47825 -162.98640 
    60.05545 -163.34676 
    60.65634 -163.66789 
    61.27808 -163.94820 
    61.91772 -164.18634 
    62.57219 -164.38129 
    63.23837 -164.53226 
    63.91312 -164.63889 
    64.59335 -164.70102 
    65.27600 -164.71890 
    65.95815 -164.69310 
    66.63705 -164.62445 
    67.31017 -164.51408 
    67.97523 -164.36343 
    68.63030 -164.17410 
    69.27373 -163.94771 
    69.90419 -163.68602 
    70.52065 -163.39061 
    71.12236 -163.06300 
    71.70860 -162.70433 
    72.27876 -162.31549 
    72.83200 -161.89694 
    73.36721 -161.44876 
    73.88280 -160.97078 
    74.37651 -160.46252 
    74.84535 -159.92351 
    75.28550 -159.35338 
    75.59399 -158.70589 
    75.35485 -157.84111 
    75.22112 -157.08199 
    75.29398 -156.42279 
    75.39126 -155.78021 
    75.34188 -155.12222 
    75.27189 -154.47951 
    75.20208 -153.85062 
    75.12729 -153.23082 
    75.04760 -152.61618 
    74.96104 -152.00310 
    74.86279 -151.38914 
    74.75199 -150.77168 
    74.63333 -150.14578 
    74.50290 -149.50877 
    74.36124 -148.85597 
    74.21555 -148.17740 
    74.07908 -147.45480 
    73.98518 -146.64575 
    73.64439 -145.99217 
    73.18032 -145.43336 
    72.67074 -144.91191 
    72.11829 -144.43301 
    71.52648 -144.00143 
    70.89960 -143.62132 
    70.24263 -143.29599 
    69.56104 -143.02786 
    68.86060 -142.81834 
    68.13443 -142.71776 
    67.39153 -142.76067 
    66.67092 -142.80867 
    65.96767 -142.85687 
    65.27600 -142.90866 
    64.59105 -142.96368 
    63.90757 -143.01839 
    63.23359 -143.14392 
    62.58661 -143.37616 
    61.96164 -143.65005 
    61.36106 -143.96262 
    60.78404 -144.30470 
    60.23120 -144.67416 
    59.70309 -145.06911 
    59.20023 -145.48804 
    58.72319 -145.92963 
    58.27265 -146.39281 
    57.74161 -146.77534 
    57.19574 -147.16605 
    56.64584 -147.58044 
    56.10192 -148.02856 
    55.58231 -148.52147 
    55.11198 -149.06779 
    54.71828 -149.67052 
    54.47251 -150.34035 
    54.60840 -151.11163 
    54.72645 -151.83818 
    54.84035 -152.53229 
    54.94458 -153.20062 
Cell 10 100 85.53230 -151.19179 
    74.82738 -151.19179 
    74.93787 -151.85834 
    75.03374 -152.51807 
    75.12043 -153.17795 
    75.20132 -153.84433 
    75.27673 -154.52402 
    75.34948 -155.22345 
    75.62480 -155.85390 
    76.10004 -156.37721 
    76.57440 -156.87663 
    77.04884 -157.35538 
    77.52605 -157.81512 
    78.00955 -158.25612 
    78.50293 -158.67731 
    79.00929 -159.07674 
    79.53094 -159.45195 
    80.06924 -159.80019 
    80.62465 -160.11876 
    81.19679 -160.40520 
    81.78463 -160.65730 
    82.38659 -160.87326 
    83.00074 -161.05156 
    83.62483 -161.19104 
    84.25648 -161.29085 
    84.89317 -161.35039 
    85.53230 -161.36929 
    86.17123 -161.34743 
    86.80772 -161.28781 
    87.43960 -161.19023 
    88.06443 -161.05382 
    88.67995 -160.87926 
    89.28399 -160.66748 
    89.87451 -160.41946 
    90.44961 -160.13635 
    91.00752 -159.81937 
    91.54662 -159.46979 
    92.06541 -159.08896 
    92.56252 -158.67822 
    93.03673 -158.23892 
    93.48686 -157.77238 
    93.91185 -157.27989 
    94.31065 -156.76270 
    94.68219 -156.22198 
    95.02541 -155.65891 
    95.33912 -155.07458 
    95.62208 -154.47015 
    95.87286 -153.84679 
    96.08993 -153.20576 
    96.27154 -152.54846 
    96.41574 -151.87651 
    96.52074 -151.19179 
    96.58462 -150.49643 
    96.60506 -149.79297 
    96.57999 -149.08432 
    96.50756 -148.37383 
    96.38611 -147.66518 
    96.21431 -146.96248 
    95.99125 -146.27017 
    95.71651 -145.59296 
    95.39030 -144.93570 
    95.01344 -144.30334 
    94.58740 -143.70076 
    94.11439 -143.13266 
    93.59725 -142.60349 
    93.03944 -142.11720 
    92.44495 -141.67732 
    91.81825 -141.28670 
    91.16412 -140.94754 
    90.48754 -140.66135 
    89.79361 -140.42892 
    89.08737 -140.25038 
    88.37372 -140.12517 
    87.65729 -140.05219 
    86.94238 -140.02985 
    86.23289 -140.05614 
    85.53230 -140.12880 
    84.84361 -140.24535 
    84.16939 -140.40326 
    83.51180 -140.60002 
    82.87264 -140.83313 
    82.25336 -141.10027 
    81.65517 -141.39929 
    81.07907 -141.72821 
    80.52595 -142.08527 
    79.99659 -142.46892 
    79.44738 -142.81662 
    78.82634 -143.08568 
    78.19310 -143.37634 
    77.54752 -143.69357 
    76.89243 -144.04427 
    76.23458 -144.43660 
    75.58498 -144.87903 
    74.95879 -145.37895 
    74.37540 -145.94176 
    73.96824 -146.61325 
    74.08222 -147.47144 
    74.24026 -148.29248 
    74.40761 -149.06964 
    74.56379 -149.80615 
    74.70246 -150.51044 
Cell 11 100 106.85090 -153.42473 
    96.68739 -153.42473 
    96.69639 -154.06360 
    96.74715 -154.70113 
    96.83924 -155.33455 
    96.97208 -155.96118 
    97.14497 -156.57837 
    97.35715 -157.18356 
    97.60778 -157.77420 
    97.89587 -158.34779 
    98.22025 -158.90190 
    98.57957 -159.43419 
    98.97237 -159.94241 
    99.39697 -160.42444 
    99.85162 -160.87820 
    100.33438 -161.30185 
    100.84323 -161.69357 
    101.37601 -162.05177 
    101.93047 -162.37495 
    102.50425 -162.66183 
    103.09492 -162.91124 
    103.70000 -163.12219 
    104.31693 -163.29387 
    104.94312 -163.42566 
    105.57594 -163.51711 
    106.21275 -163.56792 
    106.85090 -163.57802 
    107.48777 -163.54750 
    108.12075 -163.47667 
    108.74730 -163.36600 
    109.36491 -163.21619 
    109.97124 -163.02815 
    110.56404 -162.80307 
    111.14130 -162.54230 
    111.70126 -162.24750 
    112.24251 -161.92055 
    112.76409 -161.56354 
    113.26552 -161.17868 
    113.74688 -160.76820 
    114.20878 -160.33424 
    114.65228 -159.87860 
    115.07868 -159.40256 
    115.48921 -158.90677 
    115.88458 -158.39104 
    116.26452 -157.85445 
    116.62723 -157.29546 
    116.96906 -156.71231 
    117.28422 -156.10355 
    117.56495 -155.46854 
    117.80190 -154.80817 
    117.98495 -154.12523 
    118.10422 -153.42473 
    118.15121 -152.71378 
    118.11991 -152.00111 
    118.00763 -151.29646 
    118.13742 -150.52684 
    118.32404 -149.69688 
    117.96569 -149.02406 
    117.17150 -148.56822 
    116.38255 -148.18466 
    115.90880 -147.67641 
    115.40963 -147.20645 
    114.89308 -146.77165 
    114.36504 -146.36848 
    113.82921 -145.99359 
    113.28740 -145.64433 
    112.76183 -145.28903 
    112.24537 -144.92441 
    111.71005 -144.58595 
    111.15777 -144.27217 
    110.58955 -143.98199 
    110.00542 -143.71613 
    109.40474 -143.47816 
    108.78704 -143.27512 
    108.15309 -143.11682 
    107.50588 -143.01404 
    106.85090 -142.97556 
    106.19535 -143.00504 
    105.52812 -142.95384 
    104.82592 -142.80940 
    104.08533 -142.65355 
    103.33111 -142.59192 
    102.58378 -142.64722 
    101.89663 -142.89638 
    101.37173 -143.45815 
    100.94865 -144.12428 
    100.58473 -144.80009 
    100.23551 -145.42810 
    99.87507 -145.99622 
    99.50006 -146.52184 
    99.12032 -147.02943 
    98.72276 -147.51929 
    98.35641 -148.03397 
    98.02290 -148.57149 
    97.72366 -149.12978 
    97.46006 -149.70663 
    97.23357 -150.29987 
    97.04614 -150.90730 
    96.89896 -151.52629 
    96.79035 -152.15379 
    96.71923 -152.78729 
Cell 12 100 -115.75395 -133.78418 
    -127.24253 -133.78418 
    -127.28276 -134.50951 
    -127.26626 -135.23853 
    -127.19292 -135.96628 
    -127.06338 -136.68794 
    -126.87881 -137.39886 
    -126.64097 -138.09465 
    -126.35207 -138.77127 
    -126.01469 -139.42506 
    -125.63172 -140.05281 
    -125.20626 -140.65169 
    -124.74149 -141.21931 
    -124.24062 -141.75369 
    -123.70688 -142.25319 
    -123.14337 -142.71646 
    -122.55308 -143.14236 
    -121.93887 -143.53006 
    -121.30350 -143.87877 
    -120.25569 -143.35086 
    -119.38416 -142.95303 
    -118.75202 -143.01129 
    -118.13563 -143.06020 
    -117.52769 -143.08247 
    -116.93018 -143.09497 
    -116.34071 -143.11035 
    -115.75395 -143.13541 
    -115.16559 -143.13597 
    -114.57782 -143.09424 
    -113.98780 -143.04268 
    -113.39378 -142.97647 
    -112.79532 -142.88991 
    -112.19377 -142.77618 
    -111.60140 -142.60880 
    -110.99428 -142.44200 
    -110.33466 -142.32362 
    -109.47818 -142.42204 
    -108.54721 -142.49564 
    -108.02971 -142.00966 
    -107.54726 -141.49078 
    -107.10221 -140.94153 
    -106.69666 -140.36469 
    -106.33247 -139.76323 
    -106.01131 -139.14024 
    -105.73444 -138.49901 
    -105.50292 -137.84285 
    -105.31754 -137.17517 
    -105.17188 -136.50119 
    -105.05769 -135.82460 
    -104.95498 -135.14841 
    -104.88911 -134.46774 
    -104.83416 -133.78418 
    -104.82669 -133.09669 
    -104.41478 -132.35172 
    -104.07655 -131.55659 
    -103.99245 -130.76434 
    -104.25500 -130.04794 
    -104.82488 -129.45706 
    -105.55861 -128.98662 
    -106.30139 -128.58759 
    -106.90968 -128.17143 
    -107.17318 -127.54988 
    -107.46993 -126.93105 
    -107.80592 -126.32048 
    -108.18744 -125.72666 
    -108.61996 -125.16067 
    -109.10695 -124.63536 
    -109.64883 -124.16405 
    -110.24250 -123.75888 
    -110.91294 -123.49651 
    -111.62384 -123.35269 
    -112.33443 -123.25996 
    -113.03075 -123.17802 
    -113.71684 -123.10522 
    -114.40047 -123.07026 
    -115.08053 -123.08047 
    -115.75395 -123.15157 
    -116.41323 -123.30523 
    -117.05531 -123.48287 
    -117.68131 -123.68060 
    -118.29246 -123.89735 
    -118.88956 -124.13379 
    -119.47273 -124.39162 
    -120.04136 -124.67298 
    -120.59415 -124.97990 
    -121.12929 -125.31400 
    -121.64470 -125.67626 
    -122.13812 -126.06704 
    -122.61573 -126.47713 
    -123.14993 -126.83890 
    -123.66845 -127.23674 
    -124.16779 -127.67117 
    -124.64417 -128.14227 
    -125.09354 -128.64970 
    -125.51176 -129.19250 
    -125.89469 -129.76918 
    -126.23821 -130.37764 
    -126.53849 -131.01518 
    -126.79192 -131.67857 
    -126.99539 -132.36406 
    -127.14628 -133.06743 
Cell 13 100 -93.21512 -131.53392 
    -103.34380 -131.53392 
    -103.33821 -132.17081 
    -103.29211 -132.80695 
    -103.20545 -133.43968 
    -103.07846 -134.06639 
    -102.91149 -134.68446 
    -102.70510 -135.29128 
    -102.46001 -135.88423 
    -102.17715 -136.46085 
    -101.85760 -137.01860 
    -101.50259 -137.55513 
    -101.11359 -138.06810 
    -100.69212 -138.55530 
    -100.23997 -139.01462 
    -99.75898 -139.44409 
    -99.25117 -139.84183 
    -98.71867 -140.20613 
    -98.16375 -140.53545 
    -97.58874 -140.82834 
    -96.99609 -141.08357 
    -96.38834 -141.30008 
    -95.76789 -141.47630 
    -95.13737 -141.61075 
    -94.50019 -141.70633 
    -93.85861 -141.76199 
    -93.21512 -141.77605 
    -92.57249 -141.74820 
    -91.93349 -141.67902 
    -91.30083 -141.56900 
    -90.67712 -141.41878 
    -90.06493 -141.22920 
    -89.46676 -141.00119 
    -88.88501 -140.73587 
    -88.32197 -140.43452 
    -87.77983 -140.09857 
    -87.25797 -139.73323 
    -86.73356 -139.36877 
    -86.22953 -138.97281 
    -85.74780 -138.54620 
    -85.29032 -138.08989 
    -84.85919 -137.60486 
    -84.45657 -137.09225 
    -84.08472 -136.55339 
    -83.74596 -135.98976 
    -83.44263 -135.40312 
    -83.17708 -134.79547 
    -82.95159 -134.16914 
    -82.79008 -133.52260 
    -82.67725 -132.86516 
    -82.60761 -132.20129 
    -82.55579 -131.53392 
    -82.51925 -130.86099 
    -82.54158 -130.18553 
    -82.64227 -129.51704 
    -82.78996 -128.85719 
    -82.98493 -128.20993 
    -83.22578 -127.57887 
    -83.51071 -126.96738 
    -83.76750 -126.34005 
    -84.03151 -125.70583 
    -84.33633 -125.08310 
    -84.68298 -124.47552 
    -85.07224 -123.88725 
    -85.50439 -123.32283 
    -85.97920 -122.78720 
    -86.49574 -122.28549 
    -87.05230 -121.82287 
    -87.64634 -121.40435 
    -88.27452 -121.03461 
    -88.93271 -120.71778 
    -89.61610 -120.45727 
    -90.31934 -120.25561 
    -91.03672 -120.11436 
    -91.76235 -120.03408 
    -92.49036 -120.01428 
    -93.21512 -120.05353 
    -93.93137 -120.14954 
    -94.63438 -120.29935 
    -95.32006 -120.49941 
    -95.98502 -120.74589 
    -96.62650 -121.03477 
    -97.24243 -121.36208 
    -97.83133 -121.72398 
    -98.39217 -122.11691 
    -98.92432 -122.53767 
    -99.42738 -122.98347 
    -99.90115 -123.45190 
    -100.34544 -123.94091 
    -100.76003 -124.44878 
    -101.14466 -124.97404 
    -101.49891 -125.51540 
    -101.88754 -126.03024 
    -102.24282 -126.57090 
    -102.53453 -127.14854 
    -102.75771 -127.75574 
    -102.91864 -128.38106 
    -103.03093 -129.01364 
    -103.12033 -129.64439 
    -103.23379 -130.26826 
    -103.30902 -130.89886 
Cell 14 100 -72.59600 -133.95731 
    -82.88231 -133.95731 
    -82.92160 -134.60693 
    -82.87997 -135.25647 
    -82.78529 -135.90102 
    -82.64604 -136.53772 
    -82.46355 -137.16347 
    -82.24201 -137.77643 
    -81.98194 -138.37399 
    -81.68417 -138.95357 
    -81.34976 -139.51262 
    -80.98005 -140.04868 
    -80.57658 -140.55942 
    -80.14115 -141.04268 
    -79.67563 -141.49635 
    -79.18212 -141.91856 
    -78.50753 -142.09384 
    -77.88892 -142.29761 
    -77.30332 -142.51990 
    -76.72941 -142.74126 
    -76.15334 -142.94209 
    -75.57481 -143.12515 
    -74.99322 -143.29387 
    -74.40685 -143.45010 
    -73.81333 -143.59343 
    -73.21098 -143.73219 
    -72.59600 -143.90540 
    -71.95883 -144.08476 
    -71.29608 -144.24724 
    -70.62854 -144.27112 
    -69.96835 -144.19130 
    -69.30825 -144.07596 
    -68.64962 -143.92473 
    -67.99399 -143.73708 
    -67.34308 -143.51234 
    -66.69884 -143.24974 
    -66.06351 -142.94852 
    -65.43964 -142.60786 
    -64.83015 -142.22710 
    -64.23831 -141.80569 
    -63.66779 -141.34337 
    -63.12255 -140.84016 
    -62.60688 -140.29660 
    -62.12526 -139.71364 
    -61.68296 -139.09259 
    -61.33035 -138.41769 
    -61.42038 -137.58849 
    -61.54442 -136.79486 
    -61.84354 -136.00844 
    -62.11491 -135.28139 
    -62.31534 -134.60411 
    -62.48354 -133.95731 
    -62.63694 -133.33073 
    -62.78432 -132.71779 
    -62.93047 -132.11351 
    -63.08241 -131.51463 
    -63.25589 -130.92252 
    -63.44985 -130.33609 
    -63.65621 -129.75055 
    -63.87171 -129.16109 
    -64.09445 -128.56206 
    -64.32220 -127.94604 
    -64.55029 -127.30132 
    -64.77122 -126.60936 
    -64.96687 -125.83311 
    -65.21138 -125.03083 
    -65.85979 -124.68571 
    -66.43272 -124.24552 
    -67.07802 -123.92014 
    -67.77573 -123.71371 
    -68.49985 -123.61160 
    -69.22669 -123.58763 
    -69.91528 -123.51659 
    -70.59342 -123.45941 
    -71.26715 -123.43836 
    -71.93510 -123.45249 
    -72.59600 -123.50101 
    -73.24868 -123.58324 
    -73.89197 -123.69870 
    -74.52465 -123.84695 
    -75.14551 -124.02765 
    -75.77264 -124.18063 
    -76.40837 -124.32837 
    -77.04148 -124.51019 
    -77.66877 -124.72998 
    -78.28542 -124.99221 
    -78.88499 -125.30125 
    -79.45969 -125.66053 
    -80.00105 -126.07173 
    -80.50078 -126.53423 
    -80.95174 -127.04484 
    -81.34877 -127.59805 
    -81.68929 -128.18654 
    -81.97338 -128.80205 
    -82.20356 -129.43634 
    -82.38414 -130.08191 
    -82.52352 -130.73166 
    -82.54862 -131.40192 
    -82.59585 -132.04973 
    -82.65847 -132.68613 
    -82.75499 -133.31816 
Cell 15 100 -54.65209 -129.74464 
    -63.65837 -129.74464 
    -63.46293 -130.29898 
    -63.28476 -130.83521 
    -63.12731 -131.36137 
    -62.98843 -131.88506 
    -62.85850 -132.41107 
    -62.73018 -132.94298 
    -62.59934 -133.48433 
    -62.46245 -134.03842 
    -62.31440 -134.60730 
    -62.14284 -135.18700 
    -61.93323 -135.76813 
    -61.70637 -136.36906 
    -61.50565 -137.04294 
    -61.38798 -137.88693 
    -60.91389 -138.36327 
    -60.36642 -138.74898 
    -59.79483 -139.09924 
    -59.20133 -139.41226 
    -58.58832 -139.68642 
    -57.95832 -139.92018 
    -57.31405 -140.11229 
    -56.65833 -140.26170 
    -55.99408 -140.36757 
    -55.32431 -140.42928 
    -54.65209 -140.44646 
    -53.98052 -140.41902 
    -53.31269 -140.34709 
    -52.65171 -140.23103 
    -52.00061 -140.07149 
    -51.36239 -139.86929 
    -50.73996 -139.62555 
    -50.13613 -139.34155 
    -49.55359 -139.01878 
    -48.99489 -138.65897 
    -48.46245 -138.26395 
    -47.95852 -137.83578 
    -47.48517 -137.37665 
    -47.04429 -136.88884 
    -46.61987 -136.38948 
    -46.16668 -135.90965 
    -45.74057 -135.40007 
    -45.34462 -134.86147 
    -45.23619 -134.17543 
    -45.15467 -133.50494 
    -45.05540 -132.86279 
    -44.95087 -132.23549 
    -44.84892 -131.61470 
    -44.75410 -130.99506 
    -44.66833 -130.37276 
    -44.59010 -129.74464 
    -44.51009 -129.10657 
    -44.42603 -128.45280 
    -44.32316 -127.77429 
    -44.16454 -127.05190 
    -44.28635 -126.37661 
    -44.56129 -125.74941 
    -44.87984 -125.14617 
    -45.23844 -124.56944 
    -45.63343 -124.02122 
    -45.61332 -123.17759 
    -45.14045 -121.87593 
    -46.57425 -122.15905 
    -47.50763 -122.13657 
    -48.03453 -121.74538 
    -48.54097 -121.33340 
    -49.02794 -120.88239 
    -49.54004 -120.44585 
    -50.07813 -120.02448 
    -50.64336 -119.61974 
    -51.23698 -119.23399 
    -51.86013 -118.87065 
    -52.51359 -118.53422 
    -53.19749 -118.23028 
    -53.91100 -117.96532 
    -54.65209 -117.74656 
    -55.41733 -117.58150 
    -56.20178 -117.47762 
    -56.99899 -117.44180 
    -57.80114 -117.47991 
    -58.59932 -117.59634 
    -59.38383 -117.79362 
    -60.14475 -118.07216 
    -60.87231 -118.43011 
    -61.55751 -118.86345 
    -62.19251 -119.36615 
    -62.77105 -119.93050 
    -63.28870 -120.54758 
    -63.74297 -121.20774 
    -64.13330 -121.90111 
    -64.46089 -122.61813 
    -64.72843 -123.35001 
    -64.93976 -124.08895 
    -65.09854 -124.82892 
    -65.02661 -125.63708 
    -64.81312 -126.44313 
    -64.58441 -127.19446 
    -64.33968 -127.89664 
    -64.09843 -128.55130 
    -63.87040 -129.16469 
Cell 16 100 -34.83119 -132.51167 
    -44.99689 -132.51167 
    -45.10100 -133.15779 
    -45.19306 -133.82068 
    -45.28852 -134.50652 
    -45.19154 -135.17175 
    -45.11261 -135.85231 
    -45.05745 -136.56053 
    -44.83046 -137.21696 
    -44.56148 -137.86095 
    -44.25132 -138.48987 
    -43.90065 -139.10103 
    -43.51017 -139.69154 
    -43.08072 -140.25850 
    -42.61330 -140.79878 
    -41.96941 -141.14029 
    -41.03514 -141.05067 
    -40.23186 -141.02176 
    -39.54084 -141.07849 
    -38.91441 -141.18896 
    -38.31523 -141.31133 
    -37.72988 -141.43292 
    -37.15390 -141.55801 
    -36.58190 -141.68921 
    -36.00798 -141.82687 
    -35.42633 -141.97113 
    -34.83119 -142.12085 
    -34.21618 -142.28697 
    -33.56627 -142.52454 
    -32.84843 -142.90565 
    -32.04897 -143.34773 
    -31.26434 -143.48932 
    -30.59813 -143.20317 
    -29.95619 -142.87157 
    -29.34184 -142.49677 
    -28.75811 -142.08131 
    -28.20782 -141.62798 
    -27.69348 -141.13969 
    -27.21735 -140.61958 
    -26.78137 -140.07095 
    -26.38715 -139.49719 
    -26.03601 -138.90175 
    -25.72893 -138.28815 
    -25.46658 -137.65991 
    -25.24931 -137.02057 
    -25.16724 -136.33791 
    -25.20473 -135.63950 
    -25.18816 -134.98759 
    -25.09461 -134.36902 
    -25.01614 -133.75160 
    -24.96463 -133.13242 
    -24.93984 -132.51167 
    -24.93690 -131.88918 
    -24.95754 -131.26433 
    -24.99659 -130.63564 
    -25.06482 -130.00409 
    -25.20454 -129.38379 
    -25.37119 -128.76619 
    -25.56301 -128.15041 
    -25.77898 -127.53518 
    -26.01912 -126.91936 
    -26.28482 -126.30238 
    -26.57893 -125.68481 
    -26.90561 -125.06906 
    -27.27003 -124.45985 
    -27.67765 -123.86452 
    -28.13339 -123.29293 
    -28.64071 -122.75703 
    -29.20076 -122.26996 
    -29.81175 -121.84482 
    -30.46871 -121.49330 
    -31.16374 -121.22441 
    -31.88664 -121.04339 
    -32.62590 -120.95115 
    -33.36989 -120.94428 
    -34.10792 -121.01563 
    -34.83119 -121.15523 
    -35.53332 -121.35168 
    -36.21049 -121.59341 
    -36.86122 -121.86989 
    -37.48586 -122.17245 
    -38.08588 -122.49477 
    -38.66327 -122.83295 
    -39.21986 -123.18528 
    -39.76162 -123.54325 
    -40.34615 -123.82150 
    -40.92001 -124.13114 
    -41.48152 -124.47281 
    -42.02837 -124.84745 
    -42.55752 -125.25617 
    -43.06506 -125.70003 
    -43.54627 -126.17980 
    -43.99576 -126.69566 
    -44.22894 -127.34522 
    -44.36148 -128.02705 
    -44.45784 -128.70021 
    -44.54144 -129.35661 
    -44.62164 -129.99791 
    -44.70357 -130.62842 
    -44.79359 -131.25313 
    -44.89227 -131.87868 
Cell 17 100 -14.96784 -133.29901 
    -24.97849 -133.29901 
    -25.03915 -133.93265 
    -25.12688 -134.58240 
    -25.19483 -135.24992 
    -25.18949 -135.92348 
    -25.17275 -136.61479 
    -24.94477 -137.24916 
    -24.67554 -137.86711 
    -24.36666 -138.46606 
    -24.01984 -139.04358 
    -23.63686 -139.59743 
    -23.21961 -140.12547 
    -22.77004 -140.62576 
    -22.29012 -141.09645 
    -21.78191 -141.53581 
    -21.24749 -141.94221 
    -20.68902 -142.31415 
    -20.10871 -142.65022 
    -19.50882 -142.94908 
    -18.88446 -143.19125 
    -18.13870 -143.05791 
    -17.43337 -142.90161 
    -16.79216 -142.86243 
    -16.17656 -142.86697 
    -15.57066 -142.88055 
    -14.96784 -142.90323 
    -14.36172 -142.93304 
    -13.74683 -142.96425 
    -13.11826 -142.99486 
    -12.44576 -143.12186 
    -11.71700 -143.30408 
    -11.08918 -143.09538 
    -10.48948 -142.81601 
    -9.91029 -142.49866 
    -9.35407 -142.14490 
    -8.82320 -141.75638 
    -8.31989 -141.33501 
    -7.84615 -140.88284 
    -7.40384 -140.40208 
    -6.99473 -139.89494 
    -6.62034 -139.36383 
    -6.28201 -138.81120 
    -5.98087 -138.23964 
    -5.71783 -137.65173 
    -5.49363 -137.05011 
    -5.30880 -136.43742 
    -5.16366 -135.81630 
    -5.05832 -135.18935 
    -4.96007 -134.56329 
    -4.87949 -133.93372 
    -4.83411 -133.29901 
    -4.82398 -132.66081 
    -4.84920 -132.02074 
    -4.91003 -131.38039 
    -5.00687 -130.74147 
    -5.14029 -130.10585 
    -5.31103 -129.47562 
    -5.51990 -128.85315 
    -5.76776 -128.24123 
    -6.05538 -127.64300 
    -6.38333 -127.06200 
    -6.75183 -126.50214 
    -7.16064 -125.96756 
    -7.60892 -125.46255 
    -8.09518 -124.99140 
    -8.61724 -124.55817 
    -9.17221 -124.16656 
    -9.75658 -123.81976 
    -10.36630 -123.52023 
    -10.86499 -122.93641 
    -11.16415 -121.59245 
    -11.97444 -121.64049 
    -12.85566 -122.22655 
    -13.56026 -122.15685 
    -14.27040 -122.21357 
    -14.96784 -122.37213 
    -15.64109 -122.59805 
    -16.28687 -122.85781 
    -16.90822 -123.12719 
    -17.52456 -123.34124 
    -18.13001 -123.56686 
    -18.71902 -123.82462 
    -19.29034 -124.11324 
    -19.84272 -124.43163 
    -20.37490 -124.77885 
    -20.88551 -125.15404 
    -21.37659 -125.55215 
    -21.89077 -125.92683 
    -22.38308 -126.33563 
    -22.85076 -126.77769 
    -23.29100 -127.25188 
    -23.70104 -127.75675 
    -24.07817 -128.29056 
    -24.41985 -128.85123 
    -24.72366 -129.43642 
    -24.98745 -130.04344 
    -24.99100 -130.72549 
    -24.95325 -131.39418 
    -24.93761 -132.03954 
    -24.94621 -132.67122 
Cell 18 100 6.07752 -133.21037 
    -4.02923 -133.21037 
    -3.99644 -133.84418 
    -3.92557 -134.47406 
    -3.82970 -135.10028 
    -3.69804 -135.72031 
    -3.52724 -136.33115 
    -3.31792 -136.93030 
    -3.07088 -137.51527 
    -2.78705 -138.08371 
    -2.46754 -138.63322 
    -2.11360 -139.16158 
    -1.72666 -139.66655 
    -1.30825 -140.14607 
    -0.86005 -140.59814 
    -0.38390 -141.02089 
    0.11828 -141.41257 
    0.64443 -141.77155 
    1.19240 -142.09636 
    1.76586 -142.37311 
    2.45544 -142.35870 
    3.08170 -142.43057 
    3.68495 -142.52879 
    4.27745 -142.64664 
    4.86831 -142.78221 
    5.46592 -142.93150 
    6.07752 -143.08391 
    6.70882 -143.24467 
    7.34649 -143.25533 
    7.97494 -143.15698 
    8.59598 -143.01912 
    9.20782 -142.84445 
    9.80870 -142.63426 
    10.39713 -142.39000 
    10.97191 -142.11324 
    11.53218 -141.80554 
    12.07740 -141.46851 
    12.60731 -141.10353 
    13.12187 -140.71184 
    13.62114 -140.29430 
    14.10515 -139.85141 
    14.57370 -139.38321 
    15.02613 -138.88933 
    15.46113 -138.36906 
    15.87656 -137.82146 
    16.26826 -137.24518 
    16.52695 -136.60561 
    16.26482 -135.82603 
    16.10174 -135.12259 
    15.98993 -134.46260 
    15.92294 -133.82979 
    15.86347 -133.21037 
    15.79689 -132.59888 
    15.72193 -131.99200 
    15.63390 -131.38739 
    15.53198 -130.78288 
    15.41652 -130.17595 
    15.30078 -129.55862 
    15.20066 -128.91736 
    15.11227 -128.24347 
    15.05465 -127.51331 
    15.07684 -126.67198 
    14.86571 -125.94015 
    14.28052 -125.50724 
    13.67421 -125.12071 
    13.05327 -124.77814 
    12.42300 -124.47657 
    11.78748 -124.21291 
    11.15142 -123.98099 
    10.54382 -123.71900 
    9.92366 -123.49612 
    9.29340 -123.31290 
    8.65565 -123.16923 
    8.01288 -123.06487 
    7.36745 -122.99952 
    6.72195 -122.96751 
    6.07752 -122.91572 
    5.42919 -122.90541 
    4.77978 -122.93774 
    4.13239 -123.01364 
    3.49029 -123.13377 
    2.85692 -123.29839 
    2.23583 -123.50739 
    1.63057 -123.76013 
    1.04461 -124.05555 
    0.48125 -124.39207 
    -0.05646 -124.76768 
    -0.56580 -125.17998 
    -1.04442 -125.62628 
    -1.49035 -126.10367 
    -1.90206 -126.60909 
    -2.27835 -127.13947 
    -2.61840 -127.69177 
    -2.92165 -128.26303 
    -3.18776 -128.85046 
    -3.41656 -129.45140 
    -3.61487 -130.06113 
    -3.77524 -130.68062 
    -3.89681 -131.30766 
    -3.97959 -131.93987 
    -4.02368 -132.57486 
Cell 19 100 25.37555 -130.60208 
    15.49759 -130.60208 
    15.60514 -131.21678 
    15.69757 -131.82469 
    15.77643 -132.43321 
    15.84589 -133.04887 
    15.90838 -133.67815 
    15.97525 -134.32391 
    16.07717 -134.97757 
    16.22055 -135.63509 
    16.41942 -136.28581 
    16.76114 -136.86081 
    17.21831 -137.35034 
    17.70074 -137.80920 
    18.19327 -138.25044 
    18.67426 -138.70255 
    19.18482 -139.12289 
    19.72284 -139.50932 
    20.28601 -139.85992 
    20.87323 -140.17000 
    21.48631 -140.42517 
    22.13401 -140.57851 
    22.82429 -140.53859 
    23.48044 -140.53662 
    24.11715 -140.56337 
    24.74568 -140.61365 
    25.37555 -140.68584 
    26.01587 -140.77966 
    26.67576 -140.89430 
    27.33482 -140.87291 
    27.99261 -140.79488 
    28.63326 -140.62830 
    29.25379 -140.39740 
    29.85451 -140.12035 
    30.43428 -139.80388 
    30.99010 -139.44919 
    31.52031 -139.05962 
    32.02274 -138.63716 
    32.49539 -138.18393 
    32.93642 -137.70221 
    33.34425 -137.19437 
    33.71752 -136.66287 
    34.05518 -136.11034 
    34.35640 -135.53935 
    34.62075 -134.95255 
    34.84813 -134.35254 
    35.03877 -133.74185 
    35.19327 -133.12285 
    35.31259 -132.49767 
    35.39791 -131.86819 
    35.45059 -131.23595 
    35.47199 -130.60208 
    35.46332 -129.96741 
    35.42540 -129.33249 
    35.35848 -128.69774 
    35.26208 -128.06364 
    35.13491 -127.43108 
    34.97484 -126.80145 
    34.77909 -126.17712 
    34.54444 -125.56145 
    34.30983 -124.93221 
    34.08490 -124.27438 
    33.83158 -123.60664 
    33.54283 -122.93250 
    33.21057 -122.25863 
    32.82667 -121.59523 
    32.38407 -120.95568 
    31.87799 -120.35587 
    31.30692 -119.81297 
    30.67329 -119.34380 
    29.98371 -118.96320 
    29.24851 -118.68234 
    28.48090 -118.50754 
    27.69568 -118.43954 
    26.90773 -118.47361 
    26.13065 -118.60011 
    25.37555 -118.80584 
    24.65036 -119.07555 
    23.95959 -119.39362 
    23.30457 -119.74562 
    22.68405 -120.11937 
    22.09505 -120.50574 
    21.53295 -120.89679 
    20.90394 -121.09943 
    20.28386 -121.34033 
    19.67531 -121.61993 
    19.08112 -121.93855 
    18.50440 -122.29630 
    17.94849 -122.69306 
    17.41691 -123.12843 
    16.91337 -123.60155 
    16.44163 -124.11121 
    16.00544 -124.65563 
    15.60847 -125.23258 
    15.25420 -125.83933 
    15.02882 -126.50552 
    15.06157 -127.25087 
    15.09000 -127.96120 
    15.16619 -128.65454 
    15.26426 -129.32474 
    15.37849 -129.97313 
Cell 20 100 47.08796 -131.37291 
    37.04580 -131.37291 
    37.06075 -132.00377 
    37.11530 -132.63275 
    37.20935 -133.25735 
    37.34261 -133.87509 
    37.51461 -134.48347 
    37.72474 -135.08006 
    37.97223 -135.66245 
    38.25614 -136.22824 
    38.57537 -136.77516 
    38.92867 -137.30098 
    39.31467 -137.80353 
    39.73182 -138.28079 
    40.17843 -138.73080 
    40.65275 -139.15173 
    41.15288 -139.54184 
    41.67679 -139.89955 
    42.22237 -140.22339 
    42.78740 -140.51205 
    43.36961 -140.76439 
    43.96663 -140.97939 
    44.57604 -141.15617 
    45.19539 -141.29410 
    45.82217 -141.39262 
    46.45387 -141.45142 
    47.08796 -141.47028 
    47.72191 -141.44923 
    48.35321 -141.38843 
    48.97940 -141.28819 
    49.59804 -141.14902 
    50.20675 -140.97156 
    50.80323 -140.75662 
    51.38526 -140.50514 
    51.95069 -140.21819 
    52.49748 -139.89696 
    53.02369 -139.54274 
    53.52748 -139.15695 
    54.00711 -138.74106 
    54.46096 -138.29662 
    54.88748 -137.82523 
    55.28523 -137.32857 
    55.61383 -136.78358 
    55.71447 -136.11539 
    55.72025 -135.43495 
    55.79494 -134.82025 
    55.89552 -134.23465 
    56.01611 -133.66527 
    56.15436 -133.10242 
    56.30749 -132.53761 
    56.46922 -131.96312 
    56.63529 -131.37291 
    56.78919 -130.76256 
    56.91481 -130.13150 
    57.00346 -129.48143 
    57.06115 -128.81223 
    57.11756 -128.11409 
    57.26914 -127.34190 
    57.15322 -126.63656 
    56.72765 -126.07344 
    56.58247 -125.34750 
    56.39268 -124.61263 
    56.14440 -123.88077 
    55.82457 -123.16869 
    55.42331 -122.49666 
    54.93600 -121.88626 
    54.36457 -121.35752 
    53.71771 -120.92609 
    53.00990 -120.60094 
    52.25934 -120.38316 
    51.48547 -120.26607 
    50.70636 -120.23663 
    49.93668 -120.27786 
    49.18658 -120.37157 
    48.46404 -120.48008 
    47.77239 -120.49419 
    47.08796 -120.55455 
    46.41385 -120.65829 
    45.75262 -120.80259 
    45.10630 -120.98466 
    44.47652 -121.20203 
    43.86460 -121.45242 
    43.27162 -121.73394 
    42.69855 -122.04495 
    42.14633 -122.38412 
    41.61590 -122.75033 
    41.10830 -123.14261 
    40.62464 -123.56010 
    40.16615 -124.00193 
    39.73414 -124.46722 
    39.33000 -124.95497 
    38.95515 -125.46408 
    38.61100 -125.99327 
    38.29896 -126.54111 
    38.02034 -127.10601 
    37.77415 -127.68531 
    37.55798 -128.27643 
    37.37877 -128.88000 
    37.23734 -129.49380 
    37.13438 -130.11548 
    37.07041 -130.74266 
Cell 21 100 65.14022 -133.21066 
    56.12777 -133.21066 
    55.99047 -133.78632 
    55.87025 -134.38173 
    55.77341 -134.99747 
    55.71859 -135.62973 
    55.68947 -136.28140 
    55.55754 -137.00471 
    55.59038 -137.70447 
    55.84956 -138.31825 
    56.14925 -138.91650 
    56.48893 -139.49620 
    56.86769 -140.05429 
    57.28434 -140.58783 
    57.73734 -141.09393 
    58.22493 -141.56982 
    58.74502 -142.01291 
    59.29534 -142.42072 
    59.87337 -142.79102 
    60.47644 -143.12170 
    61.10163 -143.41098 
    61.75175 -143.63930 
    62.52301 -143.40404 
    63.24578 -143.14165 
    63.90106 -143.01959 
    64.52628 -142.96887 
    65.14022 -142.91957 
    65.74814 -142.87331 
    66.35546 -142.83029 
    66.96737 -142.78893 
    67.58931 -142.74924 
    68.23373 -142.73151 
    68.94866 -142.82968 
    69.68663 -142.87227 
    70.35110 -142.68921 
    70.91635 -142.31239 
    71.45340 -141.90001 
    71.96003 -141.45439 
    72.43427 -140.97803 
    72.87435 -140.47350 
    73.27877 -139.94345 
    73.64625 -139.39066 
    73.97572 -138.81784 
    74.26636 -138.22780 
    74.40380 -137.56978 
    74.56268 -136.94128 
    74.80039 -136.34944 
    74.99379 -135.74063 
    74.91667 -135.07562 
    74.76964 -134.42714 
    74.67413 -133.81049 
    74.57291 -133.21066 
    74.46096 -132.62425 
    74.33637 -132.04890 
    74.19722 -131.48296 
    74.04631 -130.92397 
    73.87971 -130.37103 
    73.69666 -129.82292 
    73.49886 -129.27739 
    73.29971 -128.72495 
    73.10149 -128.15829 
    72.89664 -127.57529 
    72.68958 -126.96529 
    72.48901 -126.30968 
    72.29194 -125.59486 
    71.82843 -125.12601 
    71.29473 -124.73971 
    70.77576 -124.33047 
    70.29527 -123.83365 
    69.78590 -123.33810 
    69.23987 -122.85613 
    68.65058 -122.40688 
    68.01492 -122.01443 
    67.33518 -121.70428 
    66.61977 -121.49878 
    65.88249 -121.41261 
    65.14022 -121.44969 
    64.40989 -121.60237 
    63.70543 -121.85311 
    63.03569 -122.17831 
    62.40377 -122.55292 
    61.80786 -122.95470 
    61.24294 -123.36727 
    60.69677 -123.76785 
    60.15524 -124.14302 
    59.62350 -124.51770 
    59.06405 -124.84753 
    58.53454 -125.22577 
    58.03899 -125.64862 
    57.58028 -126.11140 
    57.16009 -126.60892 
    57.24335 -127.47325 
    57.11716 -128.11906 
    57.06448 -128.77100 
    57.01171 -129.38567 
    56.93777 -129.96309 
    56.83879 -130.51337 
    56.71722 -131.04800 
    56.57779 -131.57729 
    56.42786 -132.11005 
    56.27621 -132.65298 
Cell 22 100 83.70145 -128.24551 
    73.13200 -128.24551 
    73.36139 -128.89606 
    73.58797 -129.52315 
    73.80062 -130.13420 
    73.99053 -130.73886 
    74.16016 -131.34566 
    74.31497 -131.96187 
    74.45497 -132.59657 
    74.58115 -133.25943 
    74.69725 -133.95975 
    74.82954 -134.69133 
    75.03668 -135.41364 
    75.58808 -135.86447 
    76.15580 -136.28081 
    76.73720 -136.66385 
    77.33035 -137.01457 
    77.93394 -137.33363 
    78.54706 -137.62131 
    79.16901 -137.87741 
    79.79920 -138.10146 
    80.43697 -138.29256 
    81.08146 -138.44968 
    81.73164 -138.57162 
    82.38615 -138.65718 
    83.04338 -138.70520 
    83.70145 -138.72366 
    84.35952 -138.70531 
    85.01508 -138.64397 
    85.66521 -138.53992 
    86.30703 -138.39360 
    86.93767 -138.20558 
    87.55430 -137.97672 
    88.15421 -137.70811 
    88.73476 -137.40108 
    89.29344 -137.05708 
    89.82784 -136.67778 
    90.33569 -136.26494 
    90.81486 -135.82053 
    91.26338 -135.34665 
    91.67950 -134.84554 
    92.06174 -134.31963 
    92.17937 -133.62576 
    92.23509 -132.93692 
    92.37764 -132.32822 
    92.53151 -131.74158 
    92.68000 -131.16281 
    92.82130 -130.58710 
    92.95502 -130.01073 
    93.08456 -129.43088 
    93.21164 -128.84384 
    93.33636 -128.24551 
    93.46633 -127.63116 
    93.69006 -126.98366 
    94.05063 -126.27130 
    94.52104 -125.46751 
    95.11249 -124.53784 
    95.24835 -123.67377 
    95.05753 -122.90175 
    94.66547 -122.21799 
    94.11031 -121.63985 
    93.43251 -121.17548 
    92.68008 -120.81773 
    92.22093 -120.24519 
    91.80875 -119.61211 
    91.34914 -119.00105 
    90.84174 -118.41774 
    90.28703 -117.86829 
    89.68633 -117.35905 
    89.04195 -116.89638 
    88.35719 -116.48643 
    87.63641 -116.13494 
    86.88485 -115.84698 
    86.10860 -115.62673 
    85.31444 -115.47737 
    84.50957 -115.40085 
    83.70145 -115.39788 
    82.89754 -115.46789 
    82.10509 -115.60904 
    81.33084 -115.81836 
    80.58092 -116.09186 
    79.86064 -116.42474 
    79.17443 -116.81158 
    78.52574 -117.24658 
    77.91708 -117.72379 
    77.35002 -118.23727 
    76.82535 -118.78139 
    76.34312 -119.35083 
    75.90285 -119.94085 
    75.50359 -120.54722 
    75.14420 -121.16634 
    74.82335 -121.79520 
    74.31899 -122.29123 
    73.81355 -122.80960 
    73.34029 -123.36993 
    72.90681 -123.97162 
    72.52820 -124.61511 
    72.26884 -125.31012 
    72.42992 -126.09536 
    72.65429 -126.84994 
    72.89333 -127.56552 
Cell 23 100 103.22735 -132.78780 
    92.27001 -132.78780 
    92.19099 -133.48215 
    92.11079 -134.19214 
    92.31867 -134.86874 
    92.61522 -135.51253 
    92.94260 -136.12952 
    93.29475 -136.72038 
    93.66811 -137.28603 
    94.06030 -137.82742 
    94.46995 -138.34541 
    94.89649 -138.84052 
    95.33994 -139.31282 
    95.80059 -139.76199 
    96.27886 -140.18718 
    96.76770 -140.59618 
    97.24870 -141.01671 
    97.75701 -141.40767 
    98.29102 -141.76695 
    98.84885 -142.09258 
    99.42959 -142.37984 
    100.03634 -142.60870 
    100.66124 -142.78214 
    101.30422 -142.86916 
    101.95787 -142.83673 
    102.60715 -142.64549 
    103.22735 -142.59959 
    103.84682 -142.63406 
    104.48429 -142.73750 
    105.15186 -142.87645 
    105.84376 -142.97806 
    106.50707 -142.88174 
    107.13962 -142.66907 
    107.75735 -142.41454 
    108.35734 -142.11922 
    108.93675 -141.78438 
    109.49286 -141.41153 
    110.02304 -141.00238 
    110.52480 -140.55879 
    110.99583 -140.08289 
    111.43393 -139.57687 
    111.83712 -139.04317 
    112.20362 -138.48431 
    112.53181 -137.90297 
    112.82031 -137.30191 
    113.06799 -136.68398 
    113.27386 -136.05211 
    113.43725 -135.40926 
    113.55768 -134.75841 
    113.63493 -134.10258 
    113.66903 -133.44473 
    113.66020 -132.78780 
    113.60901 -132.13464 
    113.51617 -131.48802 
    113.38267 -130.85057 
    113.20973 -130.22476 
    112.99876 -129.61287 
    112.75140 -129.01695 
    112.46943 -128.43880 
    112.15476 -127.87991 
    111.80940 -127.34145 
    111.43537 -126.82432 
    111.03465 -126.32903 
    110.60913 -125.85584 
    110.16050 -125.40474 
    109.69021 -124.97554 
    109.19939 -124.56798 
    108.68887 -124.18182 
    108.15907 -123.81703 
    107.61013 -123.47390 
    107.04196 -123.15318 
    106.45429 -122.85629 
    105.84690 -122.58530 
    105.21979 -122.34305 
    104.57335 -122.13312 
    103.90859 -121.95974 
    103.22735 -121.82759 
    102.53238 -121.74160 
    101.82747 -121.70663 
    101.11742 -121.72716 
    100.40794 -121.80692 
    99.70549 -121.94864 
    99.01702 -122.15373 
    98.34964 -122.42214 
    97.71027 -122.75226 
    97.10529 -123.14097 
    96.54023 -123.58378 
    96.01955 -124.07506 
    95.44818 -124.50382 
    94.86175 -124.93198 
    94.47459 -125.54688 
    94.11255 -126.16550 
    93.78522 -126.79565 
    93.52717 -127.45508 
    93.35793 -128.14360 
    93.21579 -128.82393 
    93.07178 -129.48805 
    92.92445 -130.14247 
    92.77074 -130.79309 
    92.60730 -131.44617 
    92.43519 -132.10881 
Cell 24 100 -111.81452 -113.49976 
    -122.12157 -113.49976 
    -122.10892 -114.14743 
    -122.05448 -114.79337 
    -121.95836 -115.43481 
    -121.82092 -116.06897 
    -121.64273 -116.69314 
    -121.42456 -117.30464 
    -121.16735 -117.90087 
    -120.87222 -118.47928 
    -120.54051 -119.03745 
    -120.17368 -119.57304 
    -119.77337 -120.08389 
    -119.34136 -120.56794 
    -118.87959 -121.02329 
    -118.39006 -121.44823 
    -117.87493 -121.84120 
    -117.33640 -122.20086 
    -116.77676 -122.52603 
    -116.19830 -122.81576 
    -115.60336 -123.06926 
    -114.92673 -123.07816 
    -114.27348 -123.07675 
    -113.64825 -123.11250 
    -113.03708 -123.17735 
    -112.42789 -123.24896 
    -111.81452 -123.32781 
    -111.18909 -123.44064 
    -110.53642 -123.61703 
    -109.87968 -123.64259 
    -109.23401 -123.55020 
    -108.59681 -123.40287 
    -107.96801 -123.21495 
    -107.34874 -122.99003 
    -106.74052 -122.72935 
    -106.14520 -122.43318 
    -105.56490 -122.10162 
    -105.00191 -121.73480 
    -104.45867 -121.33295 
    -103.93790 -120.89640 
    -103.44247 -120.42574 
    -102.97543 -119.92175 
    -102.53997 -119.38557 
    -102.13937 -118.81872 
    -101.77692 -118.22310 
    -101.45580 -117.60107 
    -101.17905 -116.95544 
    -100.94944 -116.28944 
    -100.76940 -115.60674 
    -100.64090 -114.91132 
    -100.25134 -114.22726 
    -99.84776 -113.49976 
    -99.59814 -112.73117 
    -99.56169 -111.95187 
    -99.76076 -111.20039 
    -100.17240 -110.51057 
    -100.73669 -109.90035 
    -101.37753 -109.36747 
    -101.84881 -108.81026 
    -101.59901 -107.88374 
    -101.37693 -106.87586 
    -103.03625 -107.12197 
    -103.54163 -106.65583 
    -104.04076 -106.19972 
    -104.56367 -105.77839 
    -105.10734 -105.39217 
    -105.66898 -105.04116 
    -106.24609 -104.72531 
    -106.83633 -104.44446 
    -107.43764 -104.19840 
    -108.04815 -103.98698 
    -108.66614 -103.81004 
    -109.29002 -103.66747 
    -109.91827 -103.55929 
    -110.54510 -103.45125 
    -111.17401 -103.31912 
    -111.81452 -103.19535 
    -112.47017 -103.07853 
    -113.14429 -102.97356 
    -113.83782 -102.89325 
    -114.54694 -102.85770 
    -115.26151 -102.89104 
    -115.96536 -103.01593 
    -116.63892 -103.24741 
    -117.26337 -103.58835 
    -117.82536 -104.02820 
    -118.32002 -104.54571 
    -118.75150 -105.11440 
    -119.13069 -105.70883 
    -119.47140 -106.30948 
    -119.78619 -106.90502 
    -120.08366 -107.49188 
    -120.42181 -108.03741 
    -120.76143 -108.58116 
    -121.06622 -109.14625 
    -121.33471 -109.73045 
    -121.56558 -110.33145 
    -121.75769 -110.94679 
    -121.91005 -111.57394 
    -122.02187 -112.21027 
    -122.09251 -112.85313 
