92 25 
Cell 0 100 -121.90636 -145.43877 
    -131.90646 -145.43877 
    -131.88672 -146.06668 
    -131.82758 -146.69211 
    -131.72929 -147.31259 
    -131.59224 -147.92567 
    -131.41695 -148.52895 
    -131.20523 -149.12045 
    -130.96510 -149.70149 
    -130.69676 -150.27132 
    -130.39423 -150.82533 
    -130.05658 -151.36024 
    -129.68494 -151.87376 
    -129.28064 -152.36368 
    -128.84514 -152.82780 
    -128.38005 -153.26411 
    -127.88714 -153.67059 
    -127.36832 -154.04544 
    -126.82563 -154.38687 
    -126.26122 -154.69331 
    -125.67739 -154.96329 
    -125.07652 -155.19550 
    -124.46111 -155.38882 
    -123.83370 -155.54224 
    -123.19698 -155.65500 
    -122.55361 -155.72644 
    -121.90636 -155.75618 
    -121.25802 -155.74396 
    -120.61137 -155.68974 
    -119.96921 -155.59369 
    -119.33434 -155.45615 
    -118.70950 -155.27768 
    -118.09743 -155.05902 
    -117.50079 -154.80109 
    -116.92215 -154.50502 
    -116.36403 -154.17209 
    -115.82882 -153.80379 
    -115.31882 -153.40173 
    -114.83622 -152.96771 
    -114.38303 -152.50365 
    -113.96117 -152.01161 
    -113.57236 -151.49377 
    -113.21818 -150.95245 
    -112.90004 -150.39003 
    -112.61919 -149.80898 
    -112.37668 -149.21184 
    -112.14605 -148.61009 
    -111.94696 -147.99591 
    -111.78193 -147.37010 
    -111.65106 -146.73431 
    -111.55447 -146.09006 
    -111.57363 -145.43877 
    -112.00194 -144.81563 
    -112.34326 -144.23067 
    -112.63098 -143.66940 
    -112.88596 -143.12273 
    -113.12248 -142.58470 
    -113.35125 -142.05156 
    -113.57909 -141.52025 
    -113.81098 -140.98830 
    -114.05540 -140.45639 
    -114.31660 -139.92448 
    -114.59079 -139.38680 
    -114.88280 -138.84320 
    -115.20799 -138.30573 
    -115.57703 -137.78790 
    -115.96616 -137.26277 
    -116.32778 -136.64832 
    -116.52706 -135.65385 
    -117.04871 -135.11572 
    -117.80429 -135.07813 
    -118.52856 -135.04295 
    -119.21525 -134.95753 
    -119.88734 -134.85469 
    -120.55407 -134.73422 
    -121.22296 -134.57640 
    -121.90636 -134.31969 
    -122.62415 -134.02991 
    -123.39113 -133.68565 
    -124.18838 -133.47604 
    -124.89436 -133.80132 
    -125.56861 -134.16751 
    -126.16009 -134.69508 
    -126.65397 -135.34959 
    -127.09573 -135.99933 
    -127.60825 -136.45404 
    -128.10661 -136.90486 
    -128.70001 -137.22665 
    -129.49362 -137.35916 
    -129.49257 -138.31485 
    -129.79935 -138.90912 
    -130.14731 -139.45137 
    -130.46494 -140.00732 
    -130.75191 -140.57588 
    -131.00777 -141.15598 
    -131.23190 -141.74652 
    -131.42365 -142.34642 
    -131.59233 -142.95183 
    -131.72937 -143.56493 
    -131.82764 -144.18542 
    -131.88673 -144.81085 
Cell 1 100 -104.81115 -138.06514 
    -115.37945 -138.06514 
    -114.96697 -138.70409 
    -114.63416 -139.30608 
    -114.33802 -139.88249 
    -114.06313 -140.44064 
    -113.81058 -140.98923 
    -113.57309 -141.53423 
    -113.33974 -142.07838 
    -113.10491 -142.62466 
    -112.86191 -143.17430 
    -112.60215 -143.72563 
    -112.31745 -144.27489 
    -112.00105 -144.81691 
    -111.64201 -145.33928 
    -111.20040 -145.78842 
    -110.70393 -146.17586 
    -110.18458 -146.53230 
    -109.64365 -146.85544 
    -109.08331 -147.14394 
    -108.50574 -147.39662 
    -107.91326 -147.61246 
    -107.30821 -147.79057 
    -106.69302 -147.93021 
    -106.07011 -148.03079 
    -105.44198 -148.09192 
    -104.81115 -148.11328 
    -104.18014 -148.09482 
    -103.55147 -148.03656 
    -102.92766 -147.93875 
    -102.31122 -147.80174 
    -101.70461 -147.62610 
    -101.11026 -147.41251 
    -100.53057 -147.16182 
    -99.96786 -146.87505 
    -99.42438 -146.55333 
    -98.90231 -146.19797 
    -98.40373 -145.81038 
    -97.93065 -145.39214 
    -97.48494 -144.94492 
    -97.06839 -144.47050 
    -96.68124 -143.97186 
    -96.31760 -143.45531 
    -95.98299 -142.91846 
    -95.86700 -142.27393 
    -95.83594 -141.61867 
    -95.78173 -140.99898 
    -95.73653 -140.39511 
    -95.70354 -139.80252 
    -95.68317 -139.21828 
    -95.67741 -138.63979 
    -95.68861 -138.06514 
    -95.71683 -137.49298 
    -95.71055 -136.91547 
    -95.71383 -136.32974 
    -95.72733 -135.73280 
    -95.74643 -135.11984 
    -95.77499 -134.48747 
    -95.80672 -133.82797 
    -95.82767 -133.12643 
    -95.80125 -132.34729 
    -95.80244 -131.51993 
    -96.25695 -130.98849 
    -96.75838 -130.50308 
    -97.29948 -130.06602 
    -97.87261 -129.67789 
    -98.47025 -129.33763 
    -99.08553 -129.04301 
    -99.71265 -128.79102 
    -100.34702 -128.57837 
    -100.98524 -128.40199 
    -101.62502 -128.25925 
    -102.22023 -127.97417 
    -102.83272 -127.69382 
    -103.47183 -127.46334 
    -104.13438 -127.30826 
    -104.81115 -127.24950 
    -105.48867 -127.29623 
    -106.15183 -127.45256 
    -106.78038 -127.74206 
    -107.38675 -128.03383 
    -107.96994 -128.34338 
    -108.54860 -128.62543 
    -109.09282 -128.96613 
    -109.55372 -129.43843 
    -110.02015 -129.85707 
    -110.49128 -130.24712 
    -110.96649 -130.62460 
    -111.44477 -131.00105 
    -111.92473 -131.38506 
    -112.40498 -131.78297 
    -112.88789 -132.19704 
    -113.36927 -132.63400 
    -113.85145 -133.09518 
    -114.34264 -133.57996 
    -114.86308 -134.08531 
    -115.47710 -134.59956 
    -116.22385 -135.13486 
    -116.49032 -135.83722 
    -116.33561 -136.60927 
    -115.88801 -137.36824 
Cell 2 100 -85.68370 -139.66914 
    -95.69889 -139.66914 
    -95.73131 -140.30128 
    -95.77763 -140.94431 
    -95.83479 -141.60556 
    -95.86887 -142.28426 
    -95.72388 -142.93140 
    -95.39877 -143.51561 
    -95.05589 -144.07936 
    -94.69491 -144.62309 
    -94.31506 -145.14677 
    -93.91547 -145.64987 
    -93.49758 -146.13335 
    -93.10195 -146.63535 
    -92.67471 -147.11380 
    -92.21601 -147.56535 
    -91.72753 -147.98776 
    -91.21111 -148.37895 
    -90.66875 -148.73691 
    -90.10260 -149.05978 
    -89.51498 -149.34584 
    -88.90833 -149.59355 
    -88.28525 -149.80150 
    -87.64841 -149.96851 
    -87.00061 -150.09355 
    -86.34473 -150.17584 
    -85.68370 -150.21477 
    -85.02053 -150.20995 
    -84.35824 -150.16124 
    -83.69987 -150.06873 
    -83.04848 -149.93266 
    -82.40706 -149.75362 
    -81.77860 -149.53230 
    -81.16600 -149.26974 
    -80.57211 -148.96709 
    -79.99968 -148.62573 
    -79.45132 -148.24728 
    -78.92953 -147.83354 
    -78.43666 -147.38646 
    -77.97493 -146.90816 
    -77.54633 -146.40096 
    -77.15275 -145.86725 
    -76.79580 -145.30957 
    -76.47696 -144.73059 
    -76.19747 -144.13303 
    -75.91472 -143.53696 
    -75.65900 -142.92636 
    -75.43791 -142.29982 
    -75.25345 -141.65883 
    -75.10800 -141.00516 
    -75.00431 -140.34103 
    -74.94524 -139.66914 
    -74.93361 -138.99280 
    -74.97198 -138.31593 
    -75.06237 -137.64302 
    -75.20596 -136.97891 
    -75.40300 -136.32874 
    -75.65263 -135.69756 
    -75.95285 -135.09015 
    -76.30067 -134.51077 
    -76.69221 -133.96297 
    -77.12296 -133.44940 
    -77.58807 -132.97186 
    -78.08265 -132.53128 
    -78.60197 -132.12785 
    -79.14172 -131.76125 
    -79.69809 -131.43065 
    -80.26789 -131.13519 
    -80.84850 -130.87395 
    -81.40202 -130.57010 
    -81.97020 -130.28990 
    -82.55366 -130.03586 
    -83.15150 -129.80688 
    -83.76328 -129.60190 
    -84.38893 -129.41998 
    -85.02885 -129.26059 
    -85.68370 -129.12373 
    -86.35677 -128.97112 
    -87.05452 -128.81802 
    -87.76588 -128.75395 
    -88.47351 -128.80356 
    -89.21450 -128.80244 
    -89.97826 -128.82233 
    -90.73315 -128.93852 
    -91.46368 -129.15541 
    -92.21627 -129.37546 
    -92.95406 -129.66237 
    -93.66667 -130.01939 
    -94.34314 -130.44778 
    -94.97244 -130.94643 
    -95.54423 -131.51181 
    -95.80129 -132.31828 
    -95.82447 -133.23361 
    -95.79308 -134.11147 
    -95.75500 -134.92995 
    -95.72859 -135.69209 
    -95.71338 -136.41031 
    -95.71249 -137.09419 
    -95.70377 -137.75772 
    -95.68197 -138.40607 
    -95.68140 -139.04015 
Cell 3 100 -56.82326 -155.65509 
    -66.95573 -155.65509 
    -66.91074 -156.28973 
    -66.82878 -156.91908 
    -66.71049 -157.54118 
    -66.55647 -158.15416 
    -66.36724 -158.75612 
    -66.14331 -159.34515 
    -65.88522 -159.91933 
    -65.59362 -160.47664 
    -65.26925 -161.01508 
    -64.91343 -161.53294 
    -64.52840 -162.02933 
    -64.11295 -162.50056 
    -63.66873 -162.94478 
    -63.19750 -163.36023 
    -62.70111 -163.74525 
    -62.18153 -164.09837 
    -61.64080 -164.41815 
    -61.08105 -164.70335 
    -60.50451 -164.95285 
    -59.91343 -165.16565 
    -59.31016 -165.34093 
    -58.69707 -165.47797 
    -58.07660 -165.57623 
    -57.45117 -165.63536 
    -56.82326 -165.65509 
    -56.19535 -165.63536 
    -55.56983 -165.57704 
    -54.94885 -165.48109 
    -54.33485 -165.34680 
    -53.73010 -165.17487 
    -53.13674 -164.96619 
    -52.55677 -164.72183 
    -51.99202 -164.44308 
    -51.44406 -164.13135 
    -50.91424 -163.78816 
    -50.40361 -163.41512 
    -49.91299 -163.01378 
    -49.44295 -162.58566 
    -48.99390 -162.13210 
    -48.56622 -161.65419 
    -48.16035 -161.15274 
    -47.77702 -160.62831 
    -47.41740 -160.08115 
    -47.08329 -159.51141 
    -46.77721 -158.91925 
    -46.50254 -158.30501 
    -46.26339 -157.66949 
    -46.06454 -157.01424 
    -45.91113 -156.34163 
    -45.80835 -155.65509 
    -45.76100 -154.95911 
    -45.77306 -154.25912 
    -45.84732 -153.56133 
    -45.98503 -152.87230 
    -46.18576 -152.19876 
    -46.44736 -151.54698 
    -46.76610 -150.92255 
    -47.13699 -150.33002 
    -47.55410 -149.77271 
    -48.01109 -149.25267 
    -48.50158 -148.77080 
    -49.01956 -148.32693 
    -49.55980 -147.92029 
    -50.11690 -147.54849 
    -50.74350 -147.28700 
    -51.37538 -147.07060 
    -52.04121 -146.95657 
    -52.68921 -146.86978 
    -53.30607 -146.77168 
    -53.90385 -146.67006 
    -54.49044 -146.56935 
    -55.07148 -146.47194 
    -55.65041 -146.37103 
    -56.23325 -146.27705 
    -56.82326 -146.18727 
    -57.42471 -146.09531 
    -58.04646 -145.97246 
    -58.70092 -145.81206 
    -59.34180 -145.84602 
    -59.96085 -145.99858 
    -60.57690 -146.17450 
    -61.17412 -146.40904 
    -61.75477 -146.68472 
    -62.32325 -146.98849 
    -62.87188 -147.32988 
    -63.39731 -147.70844 
    -63.89614 -148.12323 
    -64.36503 -148.57289 
    -64.80080 -149.05550 
    -65.20060 -149.56860 
    -65.56203 -150.10930 
    -65.88323 -150.67433 
    -66.16294 -151.26018 
    -66.40044 -151.86322 
    -66.59560 -152.47987 
    -66.74870 -153.10667 
    -66.86036 -153.74042 
    -66.93146 -154.37813 
    -66.96293 -155.01715 
Cell 4 100 -52.98306 -137.29172 
    -65.02706 -137.29172 
    -64.86708 -138.03940 
    -64.65736 -138.76653 
    -64.40211 -139.47002 
    -64.10555 -140.14749 
    -63.77175 -140.79718 
    -63.40453 -141.41786 
    -63.00739 -142.00880 
    -62.58345 -142.56958 
    -62.13546 -143.10001 
    -61.66575 -143.60007 
    -61.17630 -144.06976 
    -60.66879 -144.50909 
    -60.14465 -144.91805 
    -59.60469 -145.29590 
    -59.05248 -145.64557 
    -58.43205 -145.87796 
    -57.78386 -146.02434 
    -57.14578 -146.13795 
    -56.52314 -146.23294 
    -55.91903 -146.32771 
    -55.32863 -146.42712 
    -54.74473 -146.52672 
    -54.16221 -146.62570 
    -53.57659 -146.72569 
    -52.98306 -146.82304 
    -52.37783 -146.91148 
    -51.75593 -147.00543 
    -51.09962 -147.16504 
    -50.37749 -147.43974 
    -49.72457 -147.32031 
    -49.09049 -147.12321 
    -48.46929 -146.88396 
    -47.86391 -146.60339 
    -47.27726 -146.28262 
    -46.71216 -145.92287 
    -46.17133 -145.52568 
    -45.65740 -145.09274 
    -45.17283 -144.62601 
    -44.71994 -144.12756 
    -44.30088 -143.59969 
    -43.91761 -143.04483 
    -43.57189 -142.46555 
    -43.26529 -141.86455 
    -42.99911 -141.24464 
    -42.77448 -140.60869 
    -42.59227 -139.95963 
    -42.45313 -139.30042 
    -42.35749 -138.63403 
    -42.30556 -137.96349 
    -42.29732 -137.29172 
    -42.33257 -136.62164 
    -42.41092 -135.95615 
    -42.53181 -135.29803 
    -42.69447 -134.65005 
    -42.89803 -134.01489 
    -43.14145 -133.39516 
    -43.42357 -132.79337 
    -43.74306 -132.21199 
    -44.09879 -131.65359 
    -44.48919 -131.12056 
    -44.91198 -130.61475 
    -45.36510 -130.13799 
    -45.84685 -129.69243 
    -46.35540 -129.28026 
    -46.88780 -128.90231 
    -47.41863 -128.52359 
    -47.94513 -128.12776 
    -48.49652 -127.75734 
    -49.07224 -127.41412 
    -49.67555 -127.11227 
    -50.35933 -127.07298 
    -51.02964 -127.05155 
    -51.68915 -127.04938 
    -52.34689 -127.18024 
    -52.98306 -127.28988 
    -53.60617 -127.38758 
    -54.22221 -127.48278 
    -54.83819 -127.56674 
    -55.45930 -127.64738 
    -56.08545 -127.74352 
    -56.72009 -127.85304 
    -57.36445 -127.98078 
    -58.02167 -128.12651 
    -58.69844 -128.28571 
    -59.40815 -128.44833 
    -60.17873 -128.59364 
    -61.09935 -128.64874 
    -61.95480 -128.86668 
    -62.64225 -129.30093 
    -63.25771 -129.82675 
    -63.73335 -130.46938 
    -64.13511 -131.16083 
    -64.47288 -131.88503 
    -64.74590 -132.63448 
    -64.95296 -133.40247 
    -65.09389 -134.18219 
    -65.16957 -134.96701 
    -65.18182 -135.75066 
    -65.13322 -136.52730 
Cell 5 100 -7.63635 -144.75232 
    -18.04230 -144.75232 
    -18.05710 -145.40794 
    -18.02876 -146.06519 
    -17.95705 -146.72110 
    -17.84194 -147.37267 
    -17.68362 -148.01688 
    -17.48252 -148.65070 
    -17.23930 -149.27112 
    -16.95483 -149.87520 
    -16.63025 -150.46002 
    -16.26689 -151.02277 
    -15.86627 -151.56070 
    -15.43020 -152.07123 
    -14.96062 -152.55186 
    -14.45968 -153.00031 
    -13.92971 -153.41438 
    -13.37319 -153.79211 
    -12.79273 -154.13173 
    -12.19111 -154.43166 
    -11.57119 -154.69057 
    -10.93590 -154.90729 
    -10.28829 -155.08093 
    -9.63142 -155.21083 
    -8.96840 -155.29657 
    -8.30235 -155.33795 
    -7.63636 -155.33502 
    -6.97350 -155.28804 
    -6.31682 -155.19754 
    -5.66926 -155.06421 
    -5.03370 -154.88901 
    -4.41290 -154.67308 
    -3.80954 -154.41774 
    -3.22614 -154.12451 
    -2.66507 -153.79506 
    -2.12857 -153.43120 
    -1.61871 -153.03490 
    -1.13740 -152.60820 
    -0.68636 -152.15331 
    -0.25868 -151.68042 
    0.18199 -151.22021 
    0.56932 -150.71410 
    0.84386 -150.13402 
    1.07969 -149.54401 
    1.30620 -148.96036 
    1.52054 -148.37779 
    1.72063 -147.79259 
    1.90521 -147.20218 
    2.07505 -146.60487 
    2.22918 -145.99863 
    2.36885 -145.38179 
    2.49691 -144.75232 
    2.61909 -144.10710 
    2.92397 -143.41824 
    3.36124 -142.65442 
    4.02299 -141.75871 
    4.14905 -140.92300 
    4.06995 -140.11746 
    3.84768 -139.34834 
    3.47890 -138.64165 
    2.97463 -138.01839 
    2.35830 -137.49078 
    1.66143 -137.06052 
    0.91801 -136.71924 
    0.15907 -136.45103 
    -0.59133 -136.23634 
    -1.31804 -136.05591 
    -2.01470 -135.89401 
    -2.66554 -135.71045 
    -3.25686 -135.44542 
    -3.86126 -135.21750 
    -4.47638 -135.02690 
    -5.09998 -134.87379 
    -5.71627 -134.68687 
    -6.33928 -134.48492 
    -6.97868 -134.29889 
    -7.63636 -133.95087 
    -8.33017 -133.72438 
    -9.00225 -133.94012 
    -9.68100 -134.03389 
    -10.34207 -134.21426 
    -10.99713 -134.40891 
    -11.64563 -134.62605 
    -12.28830 -134.86644 
    -12.92789 -135.12706 
    -13.51565 -135.48802 
    -14.02289 -135.96201 
    -14.46205 -136.50146 
    -14.86202 -137.05777 
    -15.23021 -137.62122 
    -15.57286 -138.18668 
    -15.89392 -138.75284 
    -16.19479 -139.32097 
    -16.47464 -139.89343 
    -16.79478 -140.44269 
    -17.08768 -141.01028 
    -17.34464 -141.59790 
    -17.56415 -142.20329 
    -17.74481 -142.82404 
    -17.88539 -143.45757 
    -17.98484 -144.10124 
Cell 6 100 10.65375 -150.76303 
    0.53187 -150.76303 
    0.08713 -151.42783 
    -0.15574 -152.12859 
    -0.22003 -152.83731 
    -0.16266 -153.54021 
    -0.01949 -154.23097 
    0.19730 -154.90303 
    0.46375 -155.55807 
    0.77558 -156.19360 
    1.13126 -156.80618 
    1.52896 -157.39258 
    1.96657 -157.94969 
    2.44179 -158.47456 
    2.95198 -158.96458 
    3.49439 -159.41721 
    4.06605 -159.83022 
    4.66379 -160.20169 
    5.28435 -160.52992 
    5.92434 -160.81352 
    6.58029 -161.05141 
    7.24867 -161.24278 
    7.92595 -161.38712 
    8.60858 -161.48421 
    9.29303 -161.53421 
    9.97588 -161.53740 
    10.65375 -161.49452 
    11.32337 -161.40639 
    11.98162 -161.27425 
    12.62552 -161.09943 
    13.25225 -160.88353 
    13.85920 -160.62839 
    14.44392 -160.33591 
    15.03782 -160.07967 
    15.63475 -159.82344 
    16.21876 -159.53209 
    16.78789 -159.20596 
    17.34004 -158.84537 
    17.87299 -158.45074 
    18.38435 -158.02255 
    18.87161 -157.56145 
    19.33209 -157.06822 
    19.76298 -156.54393 
    20.16137 -155.98988 
    20.52430 -155.40776 
    20.84882 -154.79955 
    21.13206 -154.16763 
    21.37128 -153.51483 
    21.56401 -152.84427 
    21.70807 -152.15952 
    21.80168 -151.46440 
    21.84352 -150.76303 
    21.83279 -150.05971 
    21.76923 -149.35883 
    21.65317 -148.66478 
    21.48547 -147.98192 
    21.26756 -147.31439 
    21.00137 -146.66612 
    20.68924 -146.04068 
    20.33392 -145.44131 
    19.93840 -144.87082 
    19.50591 -144.33156 
    19.03977 -143.82552 
    18.54335 -143.35420 
    18.01999 -142.91878 
    17.47292 -142.52007 
    16.90524 -142.15858 
    16.31989 -141.83461 
    15.71961 -141.54826 
    15.10695 -141.29950 
    14.48427 -141.08823 
    13.85380 -140.91428 
    13.21760 -140.77748 
    12.57763 -140.67766 
    11.96553 -140.37924 
    11.32922 -140.02679 
    10.65375 -139.63432 
    9.92854 -139.23621 
    9.15425 -138.89326 
    8.34887 -138.68042 
    7.54731 -138.66426 
    6.79262 -138.87970 
    6.12174 -139.31648 
    5.55273 -139.92281 
    5.07976 -140.62398 
    4.63470 -141.27852 
    4.07552 -141.70888 
    3.63697 -142.28120 
    3.23929 -142.86745 
    2.89707 -143.47902 
    2.61760 -144.11496 
    2.48195 -144.82588 
    2.34440 -145.48976 
    2.19952 -146.11528 
    2.04462 -146.71188 
    1.87821 -147.28854 
    1.69974 -147.85370 
    1.50702 -148.41455 
    1.29914 -148.97855 
    1.07606 -149.55309 
    0.83842 -150.14551 
Cell 7 100 31.82215 -134.40195 
    21.42173 -134.40195 
    21.40172 -135.05754 
    21.42487 -135.71542 
    21.49151 -136.37262 
    21.60175 -137.02609 
    21.75546 -137.67281 
    21.95230 -138.30969 
    22.19168 -138.93370 
    22.47276 -139.54181 
    22.79448 -140.13107 
    23.15556 -140.69859 
    23.55447 -141.24156 
    23.98948 -141.75731 
    24.45864 -142.24329 
    24.95982 -142.69708 
    25.49069 -143.11644 
    26.04876 -143.49936 
    26.63137 -143.84393 
    27.23575 -144.14854 
    27.85899 -144.41173 
    28.49809 -144.63235 
    29.14997 -144.80940 
    29.81149 -144.94217 
    30.47948 -145.03018 
    31.15076 -145.07323 
    31.82215 -145.07130 
    32.49047 -145.02469 
    33.15264 -144.93387 
    33.80560 -144.79956 
    34.44640 -144.62273 
    35.07219 -144.40454 
    35.68022 -144.14633 
    36.26791 -143.84969 
    36.83281 -143.51630 
    37.37261 -143.14809 
    37.88522 -142.74704 
    38.36868 -142.31534 
    38.82125 -141.85524 
    39.28700 -141.41191 
    39.74004 -140.95219 
    40.16821 -140.46571 
    40.57013 -139.95358 
    40.94441 -139.41696 
    41.28957 -138.85698 
    41.60406 -138.27489 
    41.88622 -137.67197 
    42.13429 -137.04965 
    42.34645 -136.40956 
    42.52075 -135.75349 
    42.65523 -135.08351 
    42.74793 -134.40195 
    42.79692 -133.71147 
    42.80042 -133.01508 
    42.75679 -132.31606 
    42.66471 -131.61806 
    42.52316 -130.92497 
    42.33155 -130.24098 
    42.08974 -129.57039 
    41.79815 -128.91759 
    41.45771 -128.28703 
    41.06995 -127.68303 
    40.63692 -127.10973 
    40.16125 -126.57101 
    39.64603 -126.07036 
    39.09476 -125.61086 
    38.58453 -125.09432 
    38.02796 -124.62315 
    37.41753 -124.22398 
    36.76180 -123.90466 
    36.07148 -123.66934 
    35.35847 -123.51824 
    34.63474 -123.44762 
    33.91125 -123.45046 
    33.19720 -123.51730 
    32.50278 -123.58347 
    31.82215 -123.41441 
    31.12207 -123.27459 
    30.40442 -123.17951 
    29.67339 -123.13776 
    28.93515 -123.15783 
    28.19777 -123.24726 
    27.47082 -123.41176 
    26.76474 -123.65442 
    26.14505 -124.07536 
    25.65236 -124.67993 
    25.20304 -125.29153 
    24.80615 -125.92107 
    24.48011 -126.58347 
    24.18608 -127.23121 
    23.90925 -127.85583 
    23.64991 -128.46446 
    23.40600 -129.06090 
    23.17320 -129.64716 
    22.94546 -130.22490 
    22.71968 -130.79802 
    22.48948 -131.36958 
    22.24682 -131.94342 
    21.98069 -132.52458 
    21.66563 -133.11888 
    21.48434 -133.75154 
Cell 8 100 46.20727 -149.61255 
    36.17551 -149.61255 
    36.19758 -150.24231 
    36.25072 -150.87036 
    36.34148 -151.49455 
    36.47130 -152.11232 
    36.63998 -152.72115 
    36.84693 -153.31857 
    37.09143 -153.90213 
    37.37255 -154.46948 
    37.68924 -155.01825 
    38.04027 -155.54622 
    38.42432 -156.05116 
    38.83984 -156.53102 
    39.28522 -156.98378 
    39.75867 -157.40756 
    40.25830 -157.80060 
    40.78211 -158.16122 
    41.32797 -158.48796 
    41.89367 -158.77940 
    42.47691 -159.03435 
    43.07531 -159.25172 
    43.68642 -159.43062 
    44.30774 -159.57027 
    44.93671 -159.67010 
    45.57075 -159.72972 
    46.20727 -159.74886 
    46.84365 -159.72746 
    47.47727 -159.66565 
    48.10555 -159.56367 
    48.72590 -159.42197 
    49.33580 -159.24118 
    49.93276 -159.02206 
    50.51436 -158.76558 
    51.07824 -158.47281 
    51.62212 -158.14499 
    52.14382 -157.78351 
    52.64127 -157.38992 
    53.11248 -156.96585 
    53.55558 -156.51308 
    53.96886 -156.03349 
    54.35070 -155.52910 
    54.69964 -155.00197 
    55.01433 -154.45427 
    55.29362 -153.88826 
    55.53645 -153.30623 
    55.74195 -152.71056 
    55.90940 -152.10364 
    56.03822 -151.48790 
    56.12847 -150.86589 
    56.18871 -150.24052 
    56.20956 -149.61255 
    56.19093 -148.98444 
    56.13288 -148.35866 
    56.03561 -147.73769 
    55.89952 -147.12401 
    55.72512 -146.52002 
    55.51308 -145.92812 
    55.26424 -145.35066 
    54.97958 -144.78993 
    54.66241 -144.24675 
    54.31598 -143.72124 
    53.94100 -143.21465 
    53.53986 -142.72679 
    53.11465 -142.25693 
    52.66689 -141.80421 
    52.19709 -141.36826 
    51.70467 -140.95003 
    51.18804 -140.55257 
    50.64514 -140.18159 
    50.17521 -139.59070 
    49.68126 -138.92072 
    48.97884 -138.81798 
    48.20374 -139.14671 
    47.54231 -139.04460 
    46.87414 -139.01295 
    46.20727 -138.87096 
    45.52969 -138.84262 
    44.87646 -139.07813 
    44.26769 -139.44490 
    43.65902 -139.68777 
    43.06158 -139.93112 
    42.47984 -140.19814 
    41.91362 -140.48808 
    41.36346 -140.80170 
    40.83061 -141.14029 
    40.31694 -141.50520 
    39.82466 -141.89729 
    39.35409 -142.31465 
    38.91003 -142.75998 
    38.49487 -143.23230 
    38.11026 -143.72972 
    37.75770 -144.25029 
    37.43858 -144.79192 
    37.15415 -145.35248 
    36.90553 -145.92973 
    36.68254 -146.51778 
    36.45578 -147.10880 
    36.28407 -147.71960 
    36.19747 -148.34802 
    36.17361 -148.98128 
Cell 9 100 67.65948 -151.25905 
    56.84497 -151.25905 
    56.85038 -151.93910 
    56.85701 -152.62372 
    56.89529 -153.31242 
    56.97720 -154.00179 
    57.13222 -154.67957 
    57.33327 -155.34749 
    57.58005 -156.00206 
    57.87189 -156.63982 
    58.20772 -157.25731 
    58.58625 -157.85114 
    59.00570 -158.41808 
    59.46406 -158.95506 
    59.95905 -159.45917 
    60.48811 -159.92773 
    61.04848 -160.35829 
    61.63718 -160.74866 
    62.25108 -161.09689 
    62.88689 -161.40132 
    63.54118 -161.66068 
    64.21050 -161.87390 
    64.89128 -162.04047 
    65.58002 -162.15993 
    66.27322 -162.23244 
    66.96745 -162.25842 
    67.65948 -162.23857 
    68.34620 -162.17415 
    69.02480 -162.06664 
    69.69273 -161.91772 
    70.34783 -161.72949 
    70.98830 -161.50409 
    71.61269 -161.24371 
    72.22002 -160.95070 
    72.80962 -160.62714 
    73.38110 -160.27489 
    73.93433 -159.89563 
    74.46908 -159.49045 
    74.98522 -159.06018 
    75.48213 -158.60501 
    75.95885 -158.12489 
    76.41372 -157.61938 
    76.84437 -157.08795 
    77.24760 -156.53017 
    77.61265 -155.94266 
    77.90676 -155.31624 
    78.16959 -154.67400 
    78.40288 -154.01749 
    78.58913 -153.34399 
    78.71810 -152.65608 
    78.78806 -151.95920 
    78.79704 -151.25905 
    78.74313 -150.56172 
    78.62835 -149.87335 
    78.45566 -149.19957 
    78.22836 -148.54543 
    77.95523 -147.91376 
    77.81596 -147.23781 
    77.63425 -146.56528 
    77.40768 -145.89993 
    77.13469 -145.24590 
    76.81411 -144.60782 
    76.44534 -143.99075 
    76.02844 -143.40007 
    75.56431 -142.84126 
    75.05466 -142.31981 
    74.50215 -141.84091 
    73.91028 -141.40936 
    73.28334 -141.02927 
    72.62632 -140.70398 
    71.94467 -140.43588 
    71.24420 -140.22639 
    70.53082 -140.07591 
    69.81033 -139.98386 
    69.08830 -139.94876 
    68.36983 -139.96840 
    67.65948 -140.03995 
    66.96120 -140.16020 
    66.27827 -140.32567 
    65.61334 -140.53284 
    64.96847 -140.77827 
    64.34520 -141.05875 
    63.74466 -141.37134 
    63.16768 -141.71349 
    62.61489 -142.08298 
    62.08683 -142.47797 
    61.58403 -142.89691 
    61.10705 -143.33853 
    60.65657 -143.80171 
    60.12426 -144.18301 
    59.57830 -144.57372 
    59.02833 -144.98816 
    58.48434 -145.43633 
    57.96466 -145.92928 
    57.49428 -146.47566 
    57.10052 -147.07846 
    56.80709 -147.73289 
    56.62812 -148.42668 
    56.56465 -149.14259 
    56.60450 -149.86249 
    56.72588 -150.57117 
Cell 10 100 83.02390 -135.23399 
    71.51060 -135.23399 
    70.93062 -135.99484 
    70.96304 -136.75763 
    71.34635 -137.46161 
    71.77495 -138.12224 
    72.23195 -138.74051 
    72.70387 -139.31998 
    73.18127 -139.86559 
    73.65878 -140.38251 
    74.13460 -140.87531 
    74.60965 -141.34731 
    75.08661 -141.80029 
    75.56902 -142.23459 
    76.06048 -142.64928 
    76.56413 -143.04251 
    77.08232 -143.41188 
    77.61646 -143.75475 
    78.16708 -144.06851 
    78.73386 -144.35077 
    79.31587 -144.59940 
    79.91162 -144.81259 
    80.51926 -144.98892 
    81.13666 -145.12726 
    81.76152 -145.22675 
    82.39133 -145.28835 
    83.02390 -145.31131 
    83.65688 -145.29497 
    84.28788 -145.23949 
    84.91457 -145.14525 
    85.53465 -145.01276 
    86.14595 -144.84270 
    86.74637 -144.63588 
    87.33392 -144.39325 
    87.90673 -144.11584 
    88.46309 -143.80479 
    89.00138 -143.46129 
    89.52013 -143.08659 
    90.01798 -142.68195 
    90.49368 -142.24858 
    90.94604 -141.78777 
    91.37395 -141.30067 
    91.77633 -140.78845 
    92.15206 -140.25224 
    92.49999 -139.69310 
    92.81889 -139.11211 
    93.10741 -138.51033 
    93.36406 -137.88890 
    93.58720 -137.24905 
    93.77501 -136.59218 
    93.92554 -135.91986 
    94.03673 -135.23399 
    94.10641 -134.53674 
    94.13239 -133.83066 
    94.11256 -133.11871 
    94.04493 -132.40427 
    93.92777 -131.69112 
    93.75966 -130.98340 
    93.53961 -130.28568 
    93.17876 -129.65131 
    92.63127 -129.13696 
    91.95014 -128.74870 
    91.26663 -128.41501 
    90.64716 -128.07527 
    90.06469 -127.73631 
    89.50319 -127.40187 
    88.95267 -127.07374 
    88.40668 -126.75208 
    87.86089 -126.43553 
    87.31210 -126.12109 
    86.75771 -125.80344 
    86.19506 -125.47414 
    85.62077 -125.11984 
    85.02747 -124.73087 
    84.39478 -124.38230 
    83.72777 -124.04633 
    83.02390 -124.07590 
    82.32935 -124.19451 
    81.64958 -124.35522 
    80.98685 -124.55544 
    80.34302 -124.79266 
    79.71961 -125.06446 
    79.11792 -125.36863 
    78.53901 -125.70312 
    77.98378 -126.06607 
    77.45309 -126.45580 
    76.89987 -126.80500 
    76.27907 -127.08089 
    75.64759 -127.37903 
    75.27986 -127.96186 
    74.94687 -128.55209 
    74.64535 -129.14662 
    74.35215 -129.73073 
    74.04224 -130.29628 
    73.72608 -130.85876 
    73.41218 -131.42844 
    73.10654 -132.01166 
    72.81139 -132.61186 
    72.52316 -133.23087 
    72.22954 -133.87035 
    71.90649 -134.53455 
Cell 11 100 116.86539 -143.78859 
    106.70036 -143.78859 
    106.71092 -144.42746 
    106.76232 -145.06491 
    106.85443 -145.69829 
    106.98696 -146.32494 
    107.15945 -146.94225 
    107.37123 -147.54759 
    107.62151 -148.13843 
    107.90926 -148.71227 
    108.23333 -149.26666 
    108.59238 -149.79927 
    108.98495 -150.30786 
    109.40938 -150.79025 
    109.86389 -151.24443 
    110.34658 -151.66847 
    110.85541 -152.06062 
    111.38821 -152.41924 
    111.94274 -152.74284 
    112.51665 -153.03012 
    113.10751 -153.27991 
    113.71281 -153.49121 
    114.33001 -153.66324 
    114.95650 -153.79532 
    115.58966 -153.88701 
    116.22684 -153.93803 
    116.86539 -153.94829 
    117.50267 -153.91789 
    118.13608 -153.84712 
    118.76304 -153.73645 
    119.38109 -153.58659 
    119.98782 -153.39847 
    120.58103 -153.17323 
    121.15866 -152.91226 
    121.71897 -152.61723 
    122.26054 -152.28999 
    122.78240 -151.93266 
    123.28407 -151.54744 
    123.76561 -151.13658 
    124.22765 -150.70221 
    124.67124 -150.24615 
    125.09768 -149.76970 
    125.50819 -149.27348 
    125.90349 -148.75732 
    126.28329 -148.22032 
    126.64584 -147.66093 
    126.98743 -147.07744 
    127.30233 -146.46834 
    127.58275 -145.83304 
    127.81936 -145.17239 
    128.00204 -144.48924 
    128.12091 -143.78859 
    128.16748 -143.07753 
    128.13574 -142.36481 
    128.02304 -141.66016 
    128.15190 -140.89070 
    128.33861 -140.06071 
    127.98034 -139.38786 
    127.18622 -138.93198 
    126.39598 -138.54910 
    125.92191 -138.04115 
    125.42245 -137.57152 
    124.90567 -137.13708 
    124.37744 -136.73430 
    123.84147 -136.35982 
    123.29958 -136.01099 
    122.77677 -135.65227 
    122.26031 -135.28755 
    121.72497 -134.94904 
    121.17266 -134.63518 
    120.60439 -134.34492 
    120.02022 -134.07901 
    119.41949 -133.84097 
    118.80173 -133.63788 
    118.16772 -133.47957 
    117.52045 -133.37672 
    116.86539 -133.33813 
    116.20978 -133.36801 
    115.53887 -133.28815 
    114.81852 -133.05855 
    114.05803 -132.85466 
    113.28564 -132.77126 
    112.55257 -132.89566 
    111.91101 -133.26001 
    111.38609 -133.82179 
    110.96301 -134.48795 
    110.59908 -135.16377 
    110.24986 -135.79178 
    109.88940 -136.35992 
    109.51440 -136.88554 
    109.13561 -137.39397 
    108.74165 -137.88635 
    108.37528 -138.40060 
    108.04167 -138.93771 
    107.74229 -139.49559 
    107.47852 -140.07207 
    107.25154 -140.66486 
    107.06243 -141.27162 
    106.91209 -141.88989 
    106.80127 -142.51720 
    106.73055 -143.15096 
Cell 12 100 -118.19257 -125.31302 
    -128.26399 -125.31302 
    -128.63698 -125.97012 
    -128.95906 -126.67314 
    -129.22478 -127.41753 
    -129.42944 -128.19817 
    -129.56905 -129.00946 
    -129.64009 -129.84541 
    -129.64000 -130.69977 
    -129.56683 -131.56607 
    -129.41937 -132.43777 
    -129.19693 -133.30817 
    -128.89955 -134.17061 
    -128.52780 -135.01845 
    -128.08292 -135.84517 
    -125.47607 -134.11725 
    -124.13377 -133.49040 
    -123.48958 -133.65977 
    -122.91336 -133.90010 
    -122.34706 -134.14177 
    -121.77769 -134.36803 
    -121.20388 -134.58090 
    -120.60825 -134.72144 
    -120.00856 -134.83279 
    -119.40724 -134.92816 
    -118.80257 -135.00887 
    -118.19257 -135.05927 
    -117.57748 -135.08942 
    -116.94003 -135.22783 
    -116.29914 -135.23871 
    -115.75672 -134.80000 
    -115.23977 -134.40080 
    -114.75928 -133.98453 
    -114.31519 -133.55286 
    -113.89219 -133.13539 
    -113.47958 -132.73950 
    -113.07056 -132.36285 
    -112.65956 -132.00127 
    -112.24294 -131.64873 
    -111.81770 -131.29942 
    -111.37925 -130.94948 
    -110.92603 -130.59247 
    -110.45934 -130.22067 
    -109.98476 -129.82530 
    -109.51340 -129.39711 
    -109.04364 -128.93533 
    -108.32838 -128.51810 
    -107.45488 -128.06999 
    -106.39342 -127.56383 
    -105.34647 -126.93586 
    -105.62431 -126.10374 
    -105.95097 -125.31302 
    -106.17229 -124.55677 
    -106.30103 -123.81077 
    -106.43559 -123.07026 
    -106.43790 -122.29493 
    -106.69900 -121.57853 
    -107.26831 -120.98780 
    -108.00214 -120.51777 
    -108.74189 -120.11746 
    -109.34824 -119.70023 
    -109.61112 -119.07823 
    -109.90730 -118.45885 
    -110.24280 -117.84769 
    -110.62389 -117.25320 
    -111.05608 -116.68650 
    -111.54283 -116.16045 
    -112.08458 -115.68837 
    -112.67819 -115.28241 
    -113.31700 -114.95191 
    -113.99143 -114.70217 
    -114.69017 -114.53376 
    -115.40154 -114.44267 
    -116.11483 -114.42113 
    -116.82138 -114.45895 
    -117.51511 -114.54513 
    -118.19257 -114.66936 
    -118.85253 -114.82314 
    -119.49534 -115.00050 
    -120.12210 -115.19805 
    -120.73402 -115.41471 
    -121.33189 -115.65115 
    -121.91585 -115.90909 
    -122.48523 -116.19065 
    -123.03873 -116.49788 
    -123.57455 -116.83236 
    -124.09219 -117.19289 
    -124.58995 -117.57990 
    -125.06230 -117.99749 
    -125.50736 -118.44397 
    -125.92336 -118.91756 
    -126.30864 -119.41634 
    -126.66170 -119.93835 
    -126.98112 -120.48147 
    -127.26567 -121.04354 
    -127.51422 -121.62231 
    -127.72581 -122.21548 
    -127.89960 -122.82067 
    -128.03494 -123.43549 
    -128.13132 -124.05746 
    -128.18837 -124.68414 
Cell 13 100 -80.48456 -113.06039 
    -90.66410 -113.06039 
    -90.65632 -113.70034 
    -90.60767 -114.33923 
    -90.51816 -114.97440 
    -90.38804 -115.60316 
    -90.21772 -116.22288 
    -90.00781 -116.83091 
    -89.75909 -117.42465 
    -89.47253 -118.00156 
    -89.14927 -118.55918 
    -88.79062 -119.09509 
    -88.39806 -119.60701 
    -87.97324 -120.09272 
    -87.51792 -120.55016 
    -87.03403 -120.97734 
    -86.52364 -121.37247 
    -85.98891 -121.73386 
    -85.43213 -122.05998 
    -84.85568 -122.34949 
    -84.26203 -122.60120 
    -83.65372 -122.81406 
    -83.03335 -122.98727 
    -82.40356 -123.12014 
    -81.76703 -123.21220 
    -81.12646 -123.26318 
    -80.48456 -123.27298 
    -79.84401 -123.24165 
    -79.20748 -123.16948 
    -78.57762 -123.05692 
    -77.95700 -122.90459 
    -77.34814 -122.71329 
    -76.75349 -122.48399 
    -76.17539 -122.21782 
    -75.61610 -121.91608 
    -75.06194 -121.60506 
    -74.51792 -121.27276 
    -73.99244 -120.90800 
    -73.48738 -120.51163 
    -73.00465 -120.08448 
    -72.54628 -119.62750 
    -72.11434 -119.14170 
    -71.71101 -118.62824 
    -71.33857 -118.08844 
    -70.99933 -117.52380 
    -70.69566 -116.93609 
    -70.42990 -116.32735 
    -70.20435 -115.69990 
    -70.02116 -115.05639 
    -69.88227 -114.39977 
    -69.78938 -113.73327 
    -69.74384 -113.06039 
    -69.74657 -112.38481 
    -69.79807 -111.71037 
    -69.89835 -111.04096 
    -70.04697 -110.38047 
    -70.24294 -109.73268 
    -70.48486 -109.10123 
    -70.77088 -108.48948 
    -71.03272 -107.86420 
    -71.29733 -107.22999 
    -71.60273 -106.60736 
    -71.94996 -105.99995 
    -72.33975 -105.41190 
    -72.77242 -104.84779 
    -73.24770 -104.31253 
    -73.76466 -103.81124 
    -74.32158 -103.34908 
    -74.91592 -102.93108 
    -75.54434 -102.56189 
    -76.20269 -102.24563 
    -76.88618 -101.98570 
    -77.58944 -101.78464 
    -78.30676 -101.64398 
    -79.03226 -101.56428 
    -79.76007 -101.54504 
    -80.48456 -101.58481 
    -81.20047 -101.68131 
    -81.90309 -101.83155 
    -82.58833 -102.03201 
    -83.25279 -102.27882 
    -83.89375 -102.56796 
    -84.50914 -102.89545 
    -85.09747 -103.25747 
    -85.63507 -103.69164 
    -86.07114 -104.25734 
    -86.51034 -104.76662 
    -86.93515 -105.26295 
    -87.34345 -105.75640 
    -87.69455 -106.28976 
    -88.01998 -106.82655 
    -88.36720 -107.33331 
    -88.71526 -107.83702 
    -89.02920 -108.36293 
    -89.29896 -108.91265 
    -89.54149 -109.47449 
    -89.75977 -110.04668 
    -89.94003 -110.63263 
    -90.10204 -111.22576 
    -90.25362 -111.82626 
    -90.47942 -112.43156 
Cell 14 100 -57.96137 -119.59729 
    -68.61896 -119.59729 
    -68.63017 -120.26852 
    -68.60053 -120.94133 
    -68.52888 -121.61315 
    -68.41435 -122.28116 
    -68.25636 -122.94233 
    -68.05472 -123.59353 
    -67.80965 -124.23154 
    -67.52173 -124.85313 
    -67.19189 -125.45515 
    -66.82141 -126.03448 
    -66.41184 -126.58813 
    -65.96504 -127.11324 
    -65.48308 -127.60709 
    -64.96828 -128.06720 
    -64.42316 -128.49120 
    -63.85044 -128.87698 
    -63.25295 -129.22264 
    -62.47905 -129.19785 
    -61.59511 -128.77504 
    -60.89846 -128.63672 
    -60.27269 -128.59927 
    -59.65882 -128.49561 
    -59.06973 -128.37079 
    -58.50514 -128.24023 
    -57.96137 -128.11314 
    -57.43297 -127.99598 
    -56.91358 -127.89140 
    -56.39714 -127.79731 
    -55.87795 -127.71166 
    -55.35034 -127.63324 
    -54.80769 -127.56258 
    -54.24902 -127.48643 
    -53.67295 -127.39790 
    -53.07077 -127.30363 
    -52.44033 -127.19635 
    -51.78130 -127.06771 
    -50.95924 -127.05380 
    -49.97719 -127.09493 
    -49.09718 -126.93039 
    -48.47524 -126.48936 
    -47.94912 -125.95126 
    -47.47464 -125.36242 
    -47.04366 -124.73478 
    -46.65764 -124.07275 
    -46.32024 -123.37972 
    -46.03539 -122.65936 
    -45.80674 -121.91591 
    -45.63745 -121.15416 
    -45.53006 -120.37940 
    -45.48637 -119.59729 
    -45.50738 -118.81375 
    -45.59325 -118.03484 
    -45.74326 -117.26656 
    -45.95582 -116.51479 
    -46.22855 -115.78506 
    -46.55833 -115.08250 
    -46.94136 -114.41167 
    -47.37338 -113.77649 
    -47.84970 -113.18023 
    -48.36540 -112.62541 
    -48.91545 -112.11385 
    -49.49485 -111.64669 
    -50.09873 -111.22443 
    -50.68257 -110.79873 
    -51.17284 -110.25367 
    -51.74860 -109.80753 
    -52.39876 -109.47894 
    -53.10170 -109.26996 
    -53.83133 -109.16599 
    -54.56388 -109.14087 
    -55.28283 -109.16505 
    -55.98053 -109.21333 
    -56.65670 -109.26978 
    -57.31411 -109.30936 
    -57.96137 -109.35213 
    -58.60125 -109.42681 
    -59.23558 -109.51089 
    -59.87395 -109.57120 
    -60.51255 -109.66111 
    -61.15089 -109.78094 
    -61.78804 -109.93224 
    -62.42210 -110.11777 
    -63.04987 -110.34134 
    -63.66654 -110.60739 
    -64.26564 -110.92022 
    -64.83940 -111.28318 
    -65.37937 -111.69792 
    -65.87728 -112.16376 
    -66.32603 -112.67745 
    -66.72047 -113.23343 
    -67.05807 -113.82435 
    -67.33898 -114.44191 
    -67.56574 -115.07782 
    -67.77814 -115.71056 
    -67.99589 -116.33688 
    -68.19058 -116.97088 
    -68.35267 -117.61504 
    -68.47899 -118.26861 
    -68.56814 -118.92997 
Cell 15 100 -58.13062 -97.82474 
    -68.60670 -97.82474 
    -68.49442 -98.47677 
    -68.39570 -99.12152 
    -68.28861 -99.76248 
    -68.14389 -100.39571 
    -67.96229 -101.01923 
    -67.74456 -101.63116 
    -67.49139 -102.22958 
    -67.20348 -102.81258 
    -66.88155 -103.37825 
    -66.52633 -103.92458 
    -66.13865 -104.44955 
    -65.71944 -104.95112 
    -65.26979 -105.42718 
    -64.79092 -105.87565 
    -64.28422 -106.29444 
    -63.75131 -106.68153 
    -63.19398 -107.03495 
    -62.61422 -107.35286 
    -62.01419 -107.63351 
    -61.39626 -107.87533 
    -60.76293 -108.07690 
    -60.11687 -108.23703 
    -59.46087 -108.35470 
    -58.79779 -108.42912 
    -58.13062 -108.45973 
    -57.46238 -108.44621 
    -56.79611 -108.38849 
    -56.13489 -108.28673 
    -55.48178 -108.14130 
    -54.83979 -107.95288 
    -54.21190 -107.72231 
    -53.60100 -107.45068 
    -53.00989 -107.13932 
    -52.44126 -106.78974 
    -51.89767 -106.40366 
    -51.38157 -105.98295 
    -50.89518 -105.52971 
    -50.44062 -105.04613 
    -50.01979 -104.53460 
    -49.63443 -103.99759 
    -49.22554 -103.47607 
    -48.83039 -102.93758 
    -48.46870 -102.37129 
    -48.14397 -101.77873 
    -47.85975 -101.16194 
    -47.61949 -100.52354 
    -47.42641 -99.86668 
    -47.28333 -99.19507 
    -47.19250 -98.51291 
    -47.15551 -97.82474 
    -47.17315 -97.13535 
    -47.24538 -96.44962 
    -47.37136 -95.77230 
    -47.54943 -95.10795 
    -47.77725 -94.46072 
    -48.05192 -93.83430 
    -48.37013 -93.23180 
    -48.72830 -92.65577 
    -49.12276 -92.10818 
    -49.09961 -91.26333 
    -48.62624 -89.96202 
    -50.05950 -90.24545 
    -50.99423 -90.22525 
    -51.52033 -89.83427 
    -52.01326 -89.40491 
    -52.50103 -88.95392 
    -53.01393 -88.51750 
    -53.55280 -88.09636 
    -54.11876 -87.69194 
    -54.71307 -87.30660 
    -55.33686 -86.94376 
    -55.99090 -86.60791 
    -56.67529 -86.30462 
    -57.38921 -86.04037 
    -58.13062 -85.82236 
    -58.89608 -85.65810 
    -59.68065 -85.55502 
    -60.47787 -85.52001 
    -61.27995 -85.55894 
    -62.07793 -85.67617 
    -62.86217 -85.87422 
    -63.62270 -86.15347 
    -64.34980 -86.51210 
    -65.03445 -86.94604 
    -65.66884 -87.44927 
    -66.24670 -88.01408 
    -66.76363 -88.63152 
    -67.21712 -89.29194 
    -67.60667 -89.98547 
    -67.93345 -90.70257 
    -68.20019 -91.43440 
    -68.41071 -92.17321 
    -68.56960 -92.91253 
    -68.68173 -93.64726 
    -68.75195 -94.37366 
    -68.78471 -95.08923 
    -68.78387 -95.79253 
    -68.75253 -96.48288 
    -68.69299 -97.16021 
Cell 16 100 -34.33998 -125.66024 
    -45.29266 -125.66024 
    -45.20064 -126.34354 
    -45.05716 -127.01414 
    -44.86705 -127.66838 
    -44.63523 -128.30360 
    -44.36642 -128.91803 
    -44.06480 -129.51057 
    -43.73391 -130.08069 
    -43.37650 -130.62811 
    -42.99687 -131.15407 
    -42.63808 -131.68916 
    -42.24988 -132.20387 
    -41.83989 -132.70313 
    -41.40767 -133.18655 
    -40.95403 -133.65524 
    -40.47981 -134.11098 
    -39.97885 -134.54567 
    -39.44986 -134.95508 
    -38.89242 -135.33466 
    -38.30489 -135.67445 
    -37.69043 -135.97185 
    -37.05272 -136.22566 
    -36.39518 -136.43396 
    -35.72124 -136.59404 
    -35.03491 -136.70580 
    -34.33998 -136.76749 
    -33.64061 -136.77641 
    -32.94124 -136.73242 
    -32.24630 -136.63573 
    -31.56005 -136.48737 
    -30.88687 -136.28783 
    -30.23189 -136.03612 
    -29.59680 -135.74002 
    -28.98482 -135.40125 
    -28.39895 -135.02182 
    -27.84205 -134.60388 
    -27.31674 -134.14989 
    -26.82543 -133.66243 
    -26.37035 -133.14423 
    -25.95337 -132.59825 
    -25.57616 -132.02753 
    -25.24014 -131.43518 
    -24.94641 -130.82440 
    -24.73064 -130.18205 
    -24.58051 -129.52429 
    -24.51161 -128.85367 
    -24.54603 -128.17490 
    -24.53817 -127.53004 
    -24.47580 -126.90637 
    -24.43111 -126.28365 
    -24.41152 -125.66024 
    -24.41673 -125.03592 
    -24.44584 -124.41032 
    -24.49788 -123.78276 
    -24.57027 -123.15180 
    -24.70984 -122.53122 
    -24.87638 -121.91333 
    -25.06812 -121.29723 
    -25.28405 -120.68169 
    -25.52419 -120.06557 
    -25.78994 -119.44827 
    -26.08412 -118.83039 
    -26.41092 -118.21436 
    -26.77550 -117.60487 
    -27.18330 -117.00929 
    -27.63925 -116.43747 
    -28.14682 -115.90137 
    -28.70714 -115.41413 
    -29.31841 -114.98886 
    -29.97568 -114.63725 
    -30.67101 -114.36831 
    -31.39423 -114.18727 
    -32.13381 -114.09505 
    -32.87810 -114.08826 
    -33.61643 -114.15969 
    -34.33998 -114.29943 
    -35.04238 -114.49606 
    -35.71979 -114.73800 
    -36.37073 -115.01471 
    -36.99554 -115.31753 
    -37.60011 -115.62662 
    -38.17830 -115.96577 
    -38.73163 -116.32751 
    -39.26943 -116.69363 
    -39.85396 -116.97161 
    -40.42785 -117.28101 
    -40.98943 -117.62244 
    -41.53639 -117.99685 
    -42.06565 -118.40535 
    -42.57335 -118.84901 
    -43.05473 -119.32861 
    -43.50442 -119.84431 
    -43.91655 -120.39548 
    -44.28511 -120.98042 
    -44.60442 -121.59627 
    -44.86942 -122.23902 
    -45.07615 -122.90366 
    -45.22205 -123.58437 
    -45.30611 -124.27489 
    -45.32895 -124.96887 
Cell 17 100 -14.36643 -125.37338 
    -24.41391 -125.37338 
    -24.42238 -126.00605 
    -24.45727 -126.64816 
    -24.51612 -127.30954 
    -24.54373 -127.98647 
    -24.51410 -128.67056 
    -24.28710 -129.30125 
    -24.01846 -129.91528 
    -23.71063 -130.51041 
    -23.36534 -131.08426 
    -22.98433 -131.63466 
    -22.56947 -132.15953 
    -22.12266 -132.65697 
    -21.64584 -133.12517 
    -21.14102 -133.56245 
    -20.61022 -133.96722 
    -20.05554 -134.33798 
    -19.47912 -134.67334 
    -18.88319 -134.97198 
    -18.27001 -135.23271 
    -17.64196 -135.45444 
    -17.00146 -135.63615 
    -16.35101 -135.77693 
    -15.69313 -135.87529 
    -15.03028 -135.92494 
    -14.36643 -135.88986 
    -13.71957 -135.65491 
    -13.11939 -135.24467 
    -12.53626 -134.96748 
    -11.96051 -134.74384 
    -11.38808 -134.53981 
    -10.81092 -134.35358 
    -10.22168 -134.18141 
    -9.61062 -134.02417 
    -8.94207 -133.92081 
    -8.28940 -133.73769 
    -7.71875 -133.40904 
    -7.24241 -132.95969 
    -6.79727 -132.48129 
    -6.38509 -131.97612 
    -6.00747 -131.44652 
    -5.66581 -130.89496 
    -5.36135 -130.32397 
    -5.09510 -129.73615 
    -4.86791 -129.13411 
    -4.68039 -128.52057 
    -4.53303 -127.89817 
    -4.42560 -127.26970 
    -4.35194 -126.63850 
    -4.27400 -126.00835 
    -4.22839 -125.37338 
    -4.21805 -124.73490 
    -4.24310 -124.09451 
    -4.30380 -123.45383 
    -4.40055 -122.81458 
    -4.53393 -122.17861 
    -4.70467 -121.54802 
    -4.91358 -120.92521 
    -5.16153 -120.31295 
    -5.44928 -119.71439 
    -5.77740 -119.13309 
    -6.14611 -118.57294 
    -6.55516 -118.03811 
    -7.00371 -117.53288 
    -7.49027 -117.06154 
    -8.01265 -116.62816 
    -8.56796 -116.23646 
    -9.15267 -115.88958 
    -9.76274 -115.59004 
    -10.26368 -115.01102 
    -10.56282 -113.66707 
    -11.37309 -113.71509 
    -12.25455 -114.30251 
    -12.95904 -114.23273 
    -13.66908 -114.28936 
    -14.36643 -114.44781 
    -15.03960 -114.67363 
    -15.68532 -114.93327 
    -16.30663 -115.20252 
    -16.92373 -115.41338 
    -17.52921 -115.63934 
    -18.11822 -115.89745 
    -18.68948 -116.18642 
    -19.24178 -116.50517 
    -19.77382 -116.85271 
    -20.28425 -117.22820 
    -20.77469 -117.62713 
    -21.28609 -118.00469 
    -21.77529 -118.41600 
    -22.23956 -118.86017 
    -22.67616 -119.33601 
    -23.08238 -119.84207 
    -23.45558 -120.37659 
    -23.79326 -120.93745 
    -24.09305 -121.52235 
    -24.34808 -122.13015 
    -24.53626 -122.76221 
    -24.53800 -123.43305 
    -24.47184 -124.09677 
    -24.43049 -124.74021 
Cell 18 100 14.59812 -125.71566 
    4.47832 -125.71566 
    4.49145 -126.35152 
    4.54185 -126.98606 
    4.63260 -127.61668 
    4.76345 -128.24077 
    4.93395 -128.85573 
    5.14348 -129.45901 
    5.39125 -130.04808 
    5.67631 -130.62047 
    5.99752 -131.17377 
    6.35361 -131.70564 
    6.74314 -132.21387 
    7.16452 -132.69627 
    7.61600 -133.15086 
    8.09574 -133.57568 
    8.60173 -133.96898 
    9.13185 -134.32912 
    9.68391 -134.65456 
    10.25559 -134.94400 
    10.84448 -135.19624 
    11.44813 -135.41031 
    12.06400 -135.58537 
    12.68954 -135.72079 
    13.32213 -135.81615 
    13.95918 -135.87122 
    14.59812 -135.88597 
    15.23639 -135.86067 
    15.87153 -135.79573 
    16.50118 -135.69186 
    17.12314 -135.54999 
    17.73540 -135.37123 
    18.33618 -135.15694 
    18.92399 -134.90862 
    19.49765 -134.62788 
    20.05631 -134.31641 
    20.59946 -133.97580 
    21.12686 -133.60756 
    21.62980 -133.20364 
    21.93688 -132.60722 
    22.21368 -132.01579 
    22.46376 -131.43039 
    22.69666 -130.85516 
    22.91963 -130.29045 
    23.13874 -129.73457 
    23.35726 -129.18365 
    23.58049 -128.63420 
    23.81303 -128.08163 
    24.05799 -127.52023 
    24.31672 -126.94341 
    24.59760 -126.34477 
    24.93565 -125.71566 
    25.39028 -125.03667 
    25.98009 -124.27779 
    26.31967 -123.47965 
    26.17287 -122.74377 
    25.95186 -122.02660 
    25.65936 -121.33620 
    25.30001 -120.67973 
    24.88012 -120.06308 
    24.40721 -119.49062 
    23.88949 -118.96508 
    23.33526 -118.48766 
    22.75190 -118.05875 
    22.14445 -117.67963 
    21.51742 -117.35166 
    20.88380 -117.06416 
    20.26476 -116.78647 
    19.67193 -116.48642 
    19.06638 -116.22011 
    18.44591 -115.99725 
    17.81533 -115.81409 
    17.17727 -115.67050 
    16.53421 -115.56628 
    15.88852 -115.50109 
    15.24243 -115.47458 
    14.59812 -115.42773 
    13.95017 -115.41688 
    13.30109 -115.44863 
    12.65394 -115.52391 
    12.01200 -115.64339 
    11.37871 -115.80735 
    10.75762 -116.01568 
    10.15227 -116.26777 
    9.56614 -116.56254 
    9.00254 -116.89845 
    8.46450 -117.27347 
    7.95477 -117.68523 
    7.47570 -118.13106 
    7.02925 -118.60802 
    6.61699 -119.11310 
    6.24009 -119.64320 
    5.89941 -120.19530 
    5.59552 -120.76644 
    5.32875 -121.35383 
    5.09714 -121.95396 
    4.89702 -122.56358 
    4.73566 -123.18341 
    4.61314 -123.81092 
    4.52947 -124.44370 
    4.48458 -125.07937 
Cell 19 100 24.44192 -107.28925 
    13.25500 -107.28925 
    13.31184 -107.98949 
    13.41986 -108.68166 
    13.57718 -109.36181 
    13.78155 -110.02637 
    14.03037 -110.67216 
    14.32088 -111.29646 
    14.65018 -111.89689 
    15.01538 -112.47153 
    15.41359 -113.01881 
    15.84206 -113.53741 
    16.29818 -114.02634 
    16.77950 -114.48474 
    17.28374 -114.91193 
    17.80880 -115.30731 
    18.34257 -115.68429 
    18.87967 -116.05396 
    19.44718 -116.37464 
    20.02901 -116.66715 
    20.61882 -116.94530 
    21.21677 -117.21525 
    21.83123 -117.45722 
    22.47106 -117.62084 
    23.12222 -117.73575 
    23.78016 -117.80757 
    24.44192 -117.83589 
    25.10449 -117.82049 
    25.76485 -117.76138 
    26.42001 -117.65878 
    27.06697 -117.51317 
    27.70280 -117.32521 
    28.32460 -117.09579 
    28.92957 -116.82601 
    29.51501 -116.51718 
    30.07831 -116.17079 
    30.61701 -115.78854 
    31.12878 -115.37228 
    31.61147 -114.92406 
    32.06311 -114.44603 
    32.48195 -113.94055 
    32.86647 -113.41005 
    33.21541 -112.85708 
    33.52781 -112.28426 
    33.80305 -111.69427 
    34.04084 -111.08974 
    34.24127 -110.47325 
    34.40479 -109.84728 
    34.53220 -109.21407 
    34.62456 -108.57562 
    34.68312 -107.93358 
    34.70915 -107.28925 
    34.70376 -106.64363 
    34.66774 -105.99743 
    34.60128 -105.35125 
    34.50393 -104.70576 
    34.37436 -104.06200 
    34.21051 -103.42159 
    34.00962 -102.78703 
    33.76859 -102.16187 
    33.48426 -101.55081 
    33.22081 -100.91101 
    32.96274 -100.24021 
    32.66887 -99.56364 
    32.33121 -98.88801 
    31.94172 -98.22355 
    31.49344 -97.58366 
    30.98167 -96.98425 
    30.40500 -96.44245 
    29.76595 -95.97510 
    29.07121 -95.59698 
    28.33121 -95.31925 
    27.55922 -95.14816 
    26.77012 -95.08440 
    25.97885 -95.12316 
    25.19906 -95.25475 
    24.44192 -95.46588 
    23.71538 -95.74121 
    23.02397 -96.06506 
    22.36904 -96.42285 
    21.74934 -96.80236 
    21.16188 -97.19434 
    20.60003 -97.58575 
    19.97165 -97.78944 
    19.35233 -98.03133 
    18.74465 -98.31181 
    18.15144 -98.63116 
    17.57579 -98.98953 
    17.02100 -99.38678 
    16.49060 -99.82247 
    15.98827 -100.29579 
    15.51775 -100.80547 
    15.08277 -101.34976 
    14.68698 -101.92644 
    14.33381 -102.53274 
    14.02635 -103.16544 
    13.76732 -103.82087 
    13.55892 -104.49497 
    13.40278 -105.18343 
    13.29993 -105.88169 
    13.25075 -106.58517 
Cell 20 100 61.44969 -106.57372 
    51.36160 -106.57372 
    51.37686 -107.20744 
    51.43209 -107.83923 
    51.52715 -108.46654 
    51.66173 -109.08684 
    51.83537 -109.69759 
    52.04741 -110.29634 
    52.29705 -110.88062 
    52.58332 -111.44804 
    52.90509 -111.99628 
    53.26107 -112.52309 
    53.64985 -113.02631 
    54.06982 -113.50387 
    54.51928 -113.95386 
    54.99641 -114.37440 
    55.49927 -114.76377 
    56.02579 -115.12041 
    56.57383 -115.44288 
    57.14113 -115.72987 
    57.72537 -115.98027 
    58.32417 -116.19308 
    58.93507 -116.36750 
    59.55560 -116.50288 
    60.18324 -116.59873 
    60.81544 -116.65475 
    61.44969 -116.67082 
    62.08345 -116.64697 
    62.71421 -116.58340 
    63.33951 -116.48049 
    63.95667 -116.33776 
    64.56278 -116.15482 
    65.15739 -115.93831 
    65.73830 -115.68748 
    66.30177 -115.39962 
    66.84613 -115.07714 
    67.36969 -114.72189 
    67.87070 -114.33539 
    68.34749 -113.91913 
    68.79845 -113.47466 
    69.22211 -113.00362 
    69.61707 -112.50766 
    69.98200 -111.98848 
    70.31566 -111.44782 
    70.61687 -110.88746 
    70.88450 -110.30922 
    71.12110 -109.71615 
    71.39537 -109.12733 
    71.67229 -108.52378 
    71.95284 -107.90057 
    72.22888 -107.25188 
    72.48117 -106.57372 
    72.68066 -105.86713 
    72.79383 -105.14062 
    72.79101 -104.41024 
    72.65488 -103.69671 
    72.38596 -103.02031 
    72.00255 -102.39555 
    71.53548 -101.82770 
    71.08896 -101.27448 
    70.94381 -100.54856 
    70.75406 -99.81370 
    70.50581 -99.08184 
    70.18601 -98.36977 
    69.78479 -97.69774 
    69.26085 -97.13165 
    68.65286 -96.65940 
    68.01618 -96.22658 
    67.34689 -95.84675 
    66.62098 -95.58417 
    65.84714 -95.46704 
    65.06804 -95.43758 
    64.29839 -95.47878 
    63.54829 -95.57246 
    62.82585 -95.68029 
    62.13413 -95.69489 
    61.44969 -95.75572 
    60.77564 -95.85995 
    60.11452 -96.00471 
    59.46837 -96.18726 
    58.83882 -96.40504 
    58.22718 -96.65583 
    57.63452 -96.93770 
    57.06182 -97.24902 
    56.51000 -97.58845 
    55.98000 -97.95486 
    55.47285 -98.34730 
    54.98965 -98.76487 
    54.53164 -99.20674 
    54.10011 -99.67200 
    53.69643 -100.15966 
    53.31794 -100.66565 
    52.96207 -101.18731 
    52.63881 -101.72989 
    52.34947 -102.29148 
    52.09531 -102.87006 
    51.87743 -103.46350 
    51.69682 -104.06960 
    51.55431 -104.68607 
    51.45061 -105.31054 
    51.38625 -105.94057 
Cell 21 100 65.20115 -127.90066 
    55.19164 -127.90066 
    55.21272 -128.52908 
    55.27323 -129.15485 
    55.37293 -129.77550 
    55.51141 -130.38857 
    55.68810 -130.99164 
    55.90226 -131.58235 
    56.09407 -132.18613 
    56.31601 -132.78531 
    56.57693 -133.37375 
    56.87693 -133.94856 
    57.21572 -134.50677 
    57.59278 -135.04539 
    58.00714 -135.56151 
    58.45765 -136.05215 
    58.94284 -136.51448 
    59.46097 -136.94574 
    60.01003 -137.34328 
    60.58776 -137.70461 
    61.19169 -138.02740 
    61.81913 -138.30943 
    62.46806 -138.54533 
    63.13514 -138.73106 
    63.81527 -138.87100 
    64.50507 -138.96440 
    65.20115 -139.01143 
    65.90042 -139.01530 
    66.60043 -138.97705 
    67.29886 -138.89723 
    67.99268 -138.77295 
    68.67416 -138.58951 
    69.34081 -138.35623 
    69.98967 -138.07678 
    70.56360 -137.65491 
    70.91302 -136.90112 
    71.00809 -135.89322 
    71.39417 -135.38673 
    71.72759 -134.85062 
    72.01906 -134.30310 
    72.28121 -133.75780 
    72.52679 -133.22305 
    72.76884 -132.70326 
    73.01556 -132.19667 
    73.27091 -131.69800 
    73.53739 -131.20120 
    73.81552 -130.69965 
    74.10258 -130.18616 
    74.39082 -129.65369 
    74.67056 -129.09692 
    74.96773 -128.51512 
    75.31847 -127.90066 
    75.65028 -127.24326 
    75.52975 -126.59586 
    75.43447 -125.94855 
    75.31976 -125.30264 
    75.16161 -124.66431 
    74.95990 -124.03690 
    74.71486 -123.42385 
    74.42711 -122.82864 
    74.09772 -122.25472 
    73.72818 -121.70541 
    73.32041 -121.18382 
    72.87672 -120.69281 
    72.39976 -120.23492 
    71.89243 -119.81229 
    71.35784 -119.42670 
    70.83534 -119.02259 
    70.35559 -118.52477 
    69.84681 -118.02812 
    69.30125 -117.54500 
    68.71227 -117.09454 
    68.07677 -116.70085 
    67.39703 -116.38946 
    66.68147 -116.18272 
    65.94388 -116.09535 
    65.20115 -116.13127 
    64.47040 -116.28567 
    63.76544 -116.53583 
    63.09432 -116.85626 
    62.46154 -117.23057 
    61.86460 -117.63181 
    61.29856 -118.04386 
    60.75746 -118.45734 
    60.23606 -118.86920 
    59.73106 -119.28118 
    59.24139 -119.69775 
    58.76795 -120.12425 
    58.31305 -120.56557 
    57.87968 -121.02534 
    57.47101 -121.50573 
    57.09000 -122.00756 
    56.73922 -122.53056 
    56.42081 -123.07362 
    56.13653 -123.63518 
    55.88781 -124.21325 
    55.67577 -124.80568 
    55.50135 -125.41017 
    55.36526 -126.02436 
    55.26805 -126.64581 
    55.21011 -127.27207 
Cell 22 100 75.30924 -88.31393 
    63.17373 -88.31393 
    63.19312 -89.07621 
    63.28675 -89.83272 
    63.45197 -90.57582 
    63.68458 -91.29863 
    63.97914 -91.99530 
    64.32931 -92.66119 
    64.72829 -93.29295 
    65.16917 -93.88847 
    65.64537 -94.44681 
    66.15083 -94.96790 
    66.68861 -95.44553 
    67.30408 -95.83126 
    67.92654 -96.17570 
    68.49438 -96.55167 
    69.03196 -96.95386 
    69.56417 -97.36671 
    70.17435 -97.65426 
    70.79339 -97.91061 
    71.42072 -98.13523 
    72.05571 -98.32727 
    72.69759 -98.48565 
    73.34532 -98.60916 
    73.99760 -98.69659 
    74.65286 -98.74675 
    75.30924 -98.76527 
    75.96581 -98.74983 
    76.62023 -98.69145 
    77.26958 -98.59036 
    77.91097 -98.44700 
    78.54156 -98.26199 
    79.15855 -98.03616 
    79.75921 -97.77058 
    80.34090 -97.46648 
    80.90107 -97.12524 
    81.43730 -96.74847 
    81.94728 -96.33794 
    82.42886 -95.89555 
    82.88004 -95.42337 
    83.29901 -94.92364 
    83.68424 -94.39872 
    84.03456 -93.85118 
    84.34937 -93.28378 
    84.62901 -92.69947 
    84.87520 -92.10136 
    85.09178 -91.49246 
    85.28522 -90.87533 
    85.46497 -90.25124 
    85.64276 -89.61935 
    85.83088 -88.97589 
    86.03866 -88.31393 
    86.26799 -87.62446 
    86.50888 -86.89909 
    86.73689 -86.13399 
    86.91443 -85.33422 
    86.99657 -84.51648 
    86.94080 -83.70866 
    86.71773 -82.94550 
    86.31945 -82.26101 
    85.76223 -81.68026 
    85.08255 -81.21320 
    84.32794 -80.85301 
    83.82412 -80.31792 
    83.41226 -79.68509 
    82.95299 -79.07423 
    82.44597 -78.49107 
    81.89164 -77.94173 
    81.29134 -77.43253 
    80.64735 -76.96986 
    79.96301 -76.55986 
    79.24261 -76.20827 
    78.49142 -75.92015 
    77.71553 -75.69971 
    76.92169 -75.55010 
    76.11710 -75.47330 
    75.30924 -75.47000 
    74.50555 -75.53966 
    73.71326 -75.68043 
    72.93913 -75.88936 
    72.18927 -76.16245 
    71.46902 -76.49492 
    70.78276 -76.88135 
    70.13398 -77.31594 
    69.52517 -77.79275 
    68.95793 -78.30586 
    68.43303 -78.84963 
    67.95052 -79.41877 
    67.50993 -80.00851 
    67.11034 -80.61465 
    66.75057 -81.23358 
    66.42934 -81.86230 
    65.94527 -82.37138 
    65.44284 -82.88982 
    64.97256 -83.44986 
    64.54178 -84.05079 
    64.15804 -84.69068 
    63.82870 -85.36623 
    63.56053 -86.07274 
    63.35931 -86.80430 
    63.22945 -87.55393 
Cell 23 100 92.86802 -119.11465 
    81.30883 -119.11465 
    81.47742 -119.83129 
    81.69533 -120.52609 
    81.95530 -121.19637 
    82.25063 -121.84074 
    82.57555 -122.45888 
    82.92535 -123.05123 
    83.29673 -123.61856 
    83.81625 -124.09090 
    84.48726 -124.43325 
    85.08556 -124.76894 
    85.61420 -125.11554 
    86.13519 -125.43720 
    86.64744 -125.73890 
    87.14907 -126.02767 
    87.64074 -126.30939 
    88.12489 -126.58864 
    88.60506 -126.86895 
    89.08549 -127.15291 
    89.57091 -127.44221 
    90.06635 -127.73727 
    90.57771 -128.03485 
    91.11024 -128.32924 
    91.66833 -128.61113 
    92.25111 -128.92026 
    92.86802 -129.35938 
    93.54395 -129.85828 
    94.22031 -129.81909 
    94.89382 -129.73427 
    95.56123 -129.60399 
    96.21925 -129.42871 
    96.86468 -129.20906 
    97.49432 -128.94606 
    98.10509 -128.64084 
    98.69396 -128.29488 
    99.25808 -127.90981 
    99.79468 -127.48755 
    100.30120 -127.03019 
    100.77523 -126.54002 
    101.21454 -126.01950 
    101.61714 -125.47127 
    101.98123 -124.89808 
    102.30527 -124.30283 
    102.58792 -123.68849 
    102.82810 -123.05813 
    103.02502 -122.41486 
    103.17809 -121.76183 
    103.28702 -121.10218 
    103.35175 -120.43906 
    103.37251 -119.77554 
    103.34975 -119.11465 
    103.28423 -118.45932 
    103.17687 -117.81234 
    103.02892 -117.17636 
    102.84182 -116.55382 
    102.61720 -115.94695 
    102.35692 -115.35773 
    102.06293 -114.78786 
    101.73738 -114.23869 
    101.38242 -113.71126 
    101.00021 -113.20627 
    100.59291 -112.72407 
    100.16280 -112.26440 
    99.71349 -111.82497 
    99.24226 -111.40952 
    98.74882 -111.02043 
    98.24056 -110.64889 
    97.71489 -110.29823 
    97.17183 -109.96859 
    96.61118 -109.66052 
    96.03255 -109.37522 
    95.43560 -109.11459 
    94.82014 -108.88130 
    94.18638 -108.67879 
    93.53513 -108.51112 
    92.86802 -108.38294 
    92.18756 -108.29908 
    91.49731 -108.26438 
    90.80183 -108.28330 
    90.10660 -108.35962 
    89.41784 -108.49610 
    88.74229 -108.69425 
    88.08684 -108.95412 
    87.45821 -109.27425 
    86.86263 -109.65168 
    86.30548 -110.08209 
    85.75057 -110.51115 
    85.11339 -110.85681 
    84.49563 -111.25246 
    83.90556 -111.70026 
    83.35217 -112.20099 
    82.84470 -112.75366 
    82.39204 -113.35544 
    82.00217 -114.00158 
    81.68158 -114.68563 
    81.43479 -115.39977 
    81.26410 -116.13528 
    81.16943 -116.88303 
    81.14846 -117.63413 
    81.19688 -118.38037 
Cell 24 100 -97.82459 -104.75803 
    -107.99461 -104.75803 
    -107.98441 -105.39723 
    -107.93342 -106.03507 
    -107.84171 -106.66890 
    -107.70959 -107.29607 
    -107.53754 -107.91396 
    -107.32623 -108.52000 
    -107.07648 -109.11164 
    -106.78934 -109.68644 
    -106.46597 -110.24201 
    -106.10773 -110.77608 
    -105.71612 -111.28647 
    -105.29279 -111.77114 
    -104.83955 -112.22820 
    -104.35827 -112.65589 
    -103.85097 -113.05262 
    -103.31973 -113.41698 
    -102.76673 -113.74774 
    -102.19416 -114.04384 
    -101.60426 -114.30440 
    -100.99928 -114.52872 
    -100.38144 -114.71630 
    -99.75294 -114.86676 
    -99.11591 -114.97987 
    -98.47246 -115.05556 
    -97.82459 -115.09380 
    -97.17426 -115.09468 
    -96.52336 -115.05833 
    -95.87371 -114.98491 
    -95.22711 -114.87457 
    -94.58533 -114.72744 
    -93.95020 -114.54364 
    -93.32355 -114.32323 
    -92.70734 -114.06628 
    -92.10363 -113.77283 
    -91.51466 -113.44291 
    -90.94384 -113.07543 
    -90.51260 -112.54452 
    -90.26505 -111.85692 
    -90.08442 -111.16126 
    -89.90329 -110.51320 
    -89.70738 -109.90937 
    -89.48470 -109.34293 
    -89.24205 -108.79668 
    -88.97002 -108.26380 
    -88.64801 -107.73969 
    -88.28153 -107.20827 
    -87.91228 -106.64891 
    -87.54140 -106.05710 
    -87.07687 -105.43423 
    -86.50294 -104.75803 
    -85.87771 -104.00639 
    -85.48734 -103.19948 
    -85.68928 -102.44310 
    -86.10438 -101.74879 
    -86.67268 -101.13456 
    -87.31802 -100.59819 
    -87.75758 -100.02086 
    -87.63162 -99.15440 
    -87.40741 -98.14709 
    -89.00375 -98.34931 
    -89.48483 -97.85877 
    -89.99285 -97.40354 
    -90.52448 -96.98420 
    -91.07656 -96.60107 
    -91.64618 -96.25417 
    -92.23066 -95.94341 
    -92.82760 -95.66853 
    -93.43480 -95.42925 
    -94.05031 -95.22529 
    -94.67233 -95.05636 
    -95.29919 -94.92225 
    -95.92935 -94.82281 
    -96.55497 -94.70791 
    -97.18393 -94.57494 
    -97.82459 -94.45034 
    -98.48050 -94.33272 
    -99.15498 -94.22699 
    -99.84895 -94.14597 
    -100.55860 -94.10976 
    -101.27378 -94.14253 
    -101.97831 -94.26694 
    -102.65260 -94.49802 
    -103.27783 -94.83864 
    -103.84063 -95.27827 
    -104.33612 -95.79568 
    -104.76843 -96.36437 
    -105.14846 -96.95891 
    -105.48997 -97.55976 
    -105.80555 -98.15562 
    -106.10375 -98.74287 
    -106.38814 -99.32345 
    -106.65784 -99.90192 
    -106.95201 -100.46300 
    -107.21563 -101.03986 
    -107.44258 -101.63297 
    -107.63176 -102.23998 
    -107.78224 -102.85851 
    -107.89326 -103.48607 
    -107.96420 -104.12010 
