8 25 
Cell 0 100 -115.07276 -153.36700 
    -125.07285 -153.36700 
    -125.05310 -153.99492 
    -124.99396 -154.62035 
    -124.89655 -155.24100 
    -124.77126 -155.85716 
    -124.61198 -156.46648 
    -124.41963 -157.06769 
    -124.18919 -157.65686 
    -123.92133 -158.23155 
    -123.61691 -158.78928 
    -123.27692 -159.32767 
    -122.90254 -159.84436 
    -122.49515 -160.33708 
    -122.05624 -160.80365 
    -121.58747 -161.24194 
    -121.09068 -161.64995 
    -120.56781 -162.02582 
    -120.02098 -162.36778 
    -119.45242 -162.67424 
    -118.86446 -162.94373 
    -118.25955 -163.17494 
    -117.64027 -163.36678 
    -117.00922 -163.51826 
    -116.36911 -163.62865 
    -115.72269 -163.69733 
    -115.07276 -163.72394 
    -114.42214 -163.70833 
    -113.77366 -163.65045 
    -113.13015 -163.55055 
    -112.49440 -163.40906 
    -111.86920 -163.22655 
    -111.25726 -163.00386 
    -110.66124 -162.74196 
    -110.08370 -162.44208 
    -109.52714 -162.10551 
    -108.99390 -161.73384 
    -108.48626 -161.32872 
    -108.00632 -160.89201 
    -107.55606 -160.42566 
    -107.13731 -159.93178 
    -106.75172 -159.41260 
    -106.40078 -158.87041 
    -106.08548 -158.30780 
    -105.80583 -157.72769 
    -106.03635 -156.94478 
    -106.16808 -156.26031 
    -106.25467 -155.63110 
    -106.32422 -155.03589 
    -106.41357 -154.46092 
    -106.52850 -153.90456 
    -106.64002 -153.36700 
    -106.73672 -152.84254 
    -106.82566 -152.32515 
    -106.90798 -151.80949 
    -106.97318 -151.28738 
    -107.02608 -150.75249 
    -106.88461 -150.12508 
    -106.57407 -149.36781 
    -106.40241 -148.60043 
    -106.00454 -147.61214 
    -105.31816 -146.27988 
    -105.69364 -145.60793 
    -106.14267 -144.98109 
    -106.66251 -144.41098 
    -107.24721 -143.90753 
    -107.88804 -143.47809 
    -108.57417 -143.12686 
    -109.34889 -142.95532 
    -110.13359 -142.87074 
    -110.90362 -142.83696 
    -111.71053 -143.01909 
    -112.46223 -143.19966 
    -113.15603 -143.31912 
    -113.81450 -143.40688 
    -114.45047 -143.47594 
    -115.07276 -143.51335 
    -115.69389 -143.49445 
    -116.32125 -143.48421 
    -116.95844 -143.48187 
    -117.61199 -143.47736 
    -118.29459 -143.45123 
    -119.01958 -143.39850 
    -119.66953 -143.59837 
    -120.21151 -144.01967 
    -120.77153 -144.38719 
    -121.27055 -144.83647 
    -121.86641 -145.15489 
    -122.66002 -145.28740 
    -122.65897 -146.24309 
    -122.96764 -146.83580 
    -123.31704 -147.37718 
    -123.63620 -147.93248 
    -123.92477 -148.50056 
    -124.18226 -149.08040 
    -124.40805 -149.67090 
    -124.60144 -150.27095 
    -124.76166 -150.87932 
    -124.89576 -151.49316 
    -124.99403 -152.11366 
    -125.05313 -152.73909 
Cell 1 100 -96.18212 -153.50964 
    -106.61043 -153.50964 
    -106.47629 -154.15730 
    -106.36156 -154.79561 
    -106.27753 -155.43544 
    -106.19290 -156.07997 
    -106.07861 -156.72520 
    -105.91335 -157.36252 
    -105.57870 -157.93134 
    -105.20143 -158.46805 
    -104.80826 -158.98395 
    -104.39842 -159.47913 
    -103.97083 -159.95302 
    -103.52439 -160.40450 
    -103.05827 -160.83199 
    -102.57200 -161.23367 
    -102.07435 -161.61960 
    -101.55593 -161.97742 
    -101.01577 -162.30202 
    -100.45599 -162.59206 
    -99.87879 -162.84636 
    -99.28647 -163.06384 
    -98.68137 -163.24359 
    -98.06592 -163.38487 
    -97.44256 -163.48705 
    -96.81379 -163.54967 
    -96.18212 -163.57246 
    -95.55010 -163.55531 
    -94.92027 -163.49823 
    -94.29517 -163.40143 
    -93.67730 -163.26527 
    -93.06918 -163.09030 
    -92.47325 -162.87718 
    -91.89192 -162.62677 
    -91.32755 -162.34007 
    -90.78242 -162.01822 
    -90.25871 -161.66252 
    -89.75856 -161.27440 
    -89.28397 -160.85542 
    -88.83687 -160.40729 
    -88.41904 -159.93182 
    -88.03217 -159.43092 
    -87.67636 -158.90756 
    -87.34133 -158.36990 
    -87.03535 -157.81378 
    -86.75809 -157.24088 
    -86.50909 -156.65260 
    -86.43966 -156.01108 
    -86.47453 -155.36147 
    -86.50178 -154.73256 
    -86.52630 -154.11713 
    -86.55031 -153.50964 
    -86.57725 -152.90535 
    -86.61133 -152.30058 
    -86.65565 -151.69237 
    -86.71152 -151.07800 
    -86.77730 -150.45383 
    -86.85720 -149.81764 
    -86.94961 -149.16516 
    -87.04926 -148.48882 
    -87.14252 -147.77295 
    -87.17387 -146.96477 
    -87.62450 -146.43016 
    -88.12674 -145.94513 
    -88.66862 -145.50858 
    -89.24245 -145.12102 
    -89.84070 -144.78142 
    -90.45652 -144.48753 
    -91.08408 -144.23634 
    -91.71878 -144.02455 
    -92.35722 -143.84906 
    -92.99712 -143.70723 
    -93.59322 -143.42651 
    -94.20555 -143.14810 
    -94.84648 -142.93700 
    -95.50977 -142.82304 
    -96.18212 -142.74852 
    -96.85835 -142.76132 
    -97.52190 -142.90427 
    -98.16174 -143.13213 
    -98.77382 -143.41563 
    -99.35954 -143.73055 
    -99.96130 -143.96452 
    -100.58565 -144.15169 
    -101.20932 -144.36520 
    -101.83267 -144.60580 
    -102.45534 -144.87531 
    -103.07575 -145.17668 
    -103.69075 -145.51376 
    -104.29520 -145.89095 
    -104.88191 -146.31255 
    -105.44174 -146.78214 
    -105.87409 -147.35893 
    -106.16856 -148.01956 
    -106.42263 -148.69083 
    -106.58372 -149.39136 
    -106.85100 -150.04311 
    -107.02031 -150.72687 
    -106.95223 -151.45514 
    -106.85175 -152.16176 
    -106.73615 -152.84564 
Cell 2 100 -76.24511 -153.43687 
    -86.55355 -153.43687 
    -86.52762 -154.08380 
    -86.50178 -154.73259 
    -86.47311 -155.38797 
    -86.44448 -156.05562 
    -86.26694 -156.69316 
    -85.94238 -157.27629 
    -85.60018 -157.83904 
    -85.24000 -158.38185 
    -84.86106 -158.90472 
    -84.46247 -159.40714 
    -84.04336 -159.88814 
    -83.60305 -160.34644 
    -83.15704 -160.79733 
    -82.70486 -161.24536 
    -82.22363 -161.66560 
    -81.71490 -162.05589 
    -81.18044 -162.41422 
    -80.62219 -162.73865 
    -80.04227 -163.02742 
    -79.44297 -163.27888 
    -78.82672 -163.49159 
    -78.19608 -163.66418 
    -77.55373 -163.79561 
    -76.90244 -163.88492 
    -76.24511 -163.93140 
    -75.58465 -163.93457 
    -74.92405 -163.89415 
    -74.26631 -163.81009 
    -73.61448 -163.68253 
    -72.97154 -163.51187 
    -72.34050 -163.29880 
    -71.72429 -163.04411 
    -71.12577 -162.74893 
    -70.54770 -162.41455 
    -69.99277 -162.04248 
    -69.46349 -161.63445 
    -68.96225 -161.19234 
    -68.49129 -160.71820 
    -68.05264 -160.21428 
    -67.64818 -159.68291 
    -67.27960 -159.12656 
    -66.94843 -158.54778 
    -66.65594 -157.94919 
    -66.40086 -157.33449 
    -66.14159 -156.71971 
    -65.91634 -156.08885 
    -65.82887 -155.42387 
    -65.84119 -154.75119 
    -65.83015 -154.09213 
    -65.79904 -153.43687 
    -65.74777 -152.77643 
    -65.67303 -152.10132 
    -65.56627 -151.39978 
    -65.67480 -150.72289 
    -65.87390 -150.06706 
    -66.12627 -149.43054 
    -66.42989 -148.81819 
    -66.78171 -148.23433 
    -67.17776 -147.68256 
    -67.61349 -147.16563 
    -68.08398 -146.68539 
    -68.58421 -146.24281 
    -69.10941 -145.83812 
    -69.65514 -145.47096 
    -70.21753 -145.14063 
    -70.79327 -144.84615 
    -71.37965 -144.58662 
    -72.00925 -144.43524 
    -72.62003 -144.28098 
    -73.22182 -144.13217 
    -73.82202 -143.99954 
    -74.42424 -143.89153 
    -75.02393 -143.77020 
    -75.62831 -143.63310 
    -76.24511 -143.47725 
    -76.88309 -143.29646 
    -77.55383 -143.07726 
    -78.25947 -142.87726 
    -78.99744 -142.71725 
    -79.77514 -142.57257 
    -80.53888 -142.59204 
    -81.29320 -142.70914 
    -82.02271 -142.92746 
    -82.77441 -143.14835 
    -83.51119 -143.43597 
    -84.22273 -143.79359 
    -84.89805 -144.22243 
    -85.52616 -144.72139 
    -86.09673 -145.28691 
    -86.60073 -145.91309 
    -87.03103 -146.59192 
    -87.15549 -147.43884 
    -87.06813 -148.34395 
    -86.94458 -149.20065 
    -86.83479 -149.99608 
    -86.74710 -150.74042 
    -86.67799 -151.44670 
    -86.62407 -152.12570 
    -86.58395 -152.78641 
Cell 3 100 -55.78463 -154.60988 
    -65.83883 -154.60988 
    -65.83221 -155.24202 
    -65.81316 -155.87677 
    -65.69435 -156.50026 
    -65.53963 -157.11453 
    -65.34954 -157.71770 
    -65.12461 -158.30783 
    -64.86539 -158.88295 
    -64.57255 -159.44107 
    -64.24916 -159.98163 
    -63.89381 -160.50154 
    -63.50651 -160.99797 
    -63.08881 -161.46896 
    -62.64240 -161.91266 
    -62.16905 -162.32732 
    -61.67066 -162.71129 
    -61.14922 -163.06311 
    -60.60682 -163.38139 
    -60.04560 -163.66489 
    -59.46781 -163.91251 
    -58.87573 -164.12331 
    -58.27173 -164.29646 
    -57.65845 -164.43275 
    -57.03797 -164.53102 
    -56.41254 -164.59015 
    -55.78463 -164.60988 
    -55.15673 -164.59015 
    -54.53130 -164.53102 
    -53.91082 -164.43275 
    -53.29774 -164.29572 
    -52.69447 -164.12044 
    -52.10339 -163.90764 
    -51.52684 -163.65814 
    -50.96535 -163.37613 
    -50.42007 -163.06308 
    -49.89306 -162.71893 
    -49.38536 -162.34528 
    -48.89771 -161.94371 
    -48.43064 -161.51573 
    -47.98454 -161.06268 
    -47.55970 -160.58565 
    -47.15655 -160.08543 
    -46.77577 -159.56255 
    -46.41848 -159.01726 
    -46.33600 -158.35086 
    -46.56765 -157.60466 
    -46.66602 -156.95114 
    -46.71477 -156.34004 
    -46.74123 -155.75232 
    -46.75872 -155.17775 
    -46.78907 -154.60988 
    -46.82827 -154.04639 
    -46.89169 -153.48643 
    -46.97499 -152.92935 
    -47.08706 -152.37671 
    -47.22011 -151.82710 
    -47.38045 -151.28242 
    -47.55716 -150.73831 
    -47.74868 -150.19208 
    -47.94969 -149.63768 
    -48.12431 -149.04433 
    -48.23921 -148.36777 
    -48.18651 -147.47476 
    -48.54228 -146.89755 
    -49.09720 -146.52617 
    -49.66636 -146.18880 
    -50.24712 -145.88414 
    -50.83757 -145.61119 
    -51.43637 -145.36935 
    -52.04256 -145.15849 
    -52.65534 -144.97890 
    -53.27391 -144.83125 
    -53.89735 -144.71642 
    -54.52457 -144.63541 
    -55.15414 -144.58846 
    -55.78463 -144.55554 
    -56.41694 -144.55968 
    -57.04908 -144.60080 
    -57.67907 -144.67889 
    -58.30491 -144.79405 
    -58.92746 -144.93726 
    -59.54553 -145.11093 
    -60.14504 -145.34354 
    -60.72210 -145.62866 
    -61.29192 -145.93179 
    -61.84195 -146.27271 
    -62.36883 -146.65096 
    -62.86914 -147.06564 
    -63.33951 -147.51538 
    -63.77673 -147.99825 
    -64.17795 -148.51178 
    -64.54073 -149.05310 
    -64.86319 -149.61890 
    -65.14405 -150.20567 
    -65.38258 -150.80978 
    -65.57089 -151.43015 
    -65.66859 -152.07211 
    -65.74049 -152.71069 
    -65.79196 -153.34566 
    -65.82475 -153.97821 
Cell 4 100 -36.87020 -153.15811 
    -46.94078 -153.15811 
    -46.85770 -153.78648 
    -46.80277 -154.41289 
    -46.76577 -155.04579 
    -46.74304 -155.69302 
    -46.71347 -156.35637 
    -46.65389 -157.03174 
    -46.53603 -157.70651 
    -46.33747 -158.36279 
    -46.00067 -158.95248 
    -45.53179 -159.45111 
    -45.04333 -159.91951 
    -44.53698 -160.35770 
    -44.01413 -160.76561 
    -43.47598 -161.14311 
    -42.92361 -161.48991 
    -42.35807 -161.80559 
    -41.80648 -162.13716 
    -41.24940 -162.46437 
    -40.67040 -162.75632 
    -40.07171 -163.01132 
    -39.45569 -163.22791 
    -38.82484 -163.40465 
    -38.18179 -163.54039 
    -37.52930 -163.63411 
    -36.87020 -163.68500 
    -36.20744 -163.69247 
    -35.54399 -163.65617 
    -34.88290 -163.57591 
    -34.22723 -163.45181 
    -33.58004 -163.28418 
    -32.94439 -163.07359 
    -32.32328 -162.82083 
    -31.71965 -162.52695 
    -31.13639 -162.19316 
    -30.57626 -161.82098 
    -30.04188 -161.41214 
    -29.53577 -160.96849 
    -29.06029 -160.49211 
    -28.61762 -159.98524 
    -28.20976 -159.45030 
    -27.83848 -158.88982 
    -27.50533 -158.30649 
    -27.21151 -157.70316 
    -26.95818 -157.08257 
    -26.74622 -156.44759 
    -26.57628 -155.80115 
    -26.44881 -155.14610 
    -26.36409 -154.48534 
    -26.32224 -153.82173 
    -26.32323 -153.15811 
    -26.36684 -152.49730 
    -26.45273 -151.84207 
    -26.58032 -151.19521 
    -26.74884 -150.55939 
    -26.95732 -149.93723 
    -27.20458 -149.33122 
    -27.48925 -148.74377 
    -27.80804 -148.17615 
    -28.16039 -147.63069 
    -28.54551 -147.10986 
    -28.96179 -146.61571 
    -29.40750 -146.15016 
    -29.86670 -145.70013 
    -30.31602 -145.23546 
    -30.79223 -144.79250 
    -31.29456 -144.37230 
    -31.82239 -143.97617 
    -32.38247 -143.62119 
    -32.97124 -143.31046 
    -33.58461 -143.04611 
    -34.23629 -142.89967 
    -34.88887 -142.77158 
    -35.54216 -142.64551 
    -36.20120 -142.52461 
    -36.87020 -142.41000 
    -37.55328 -142.30099 
    -38.25523 -142.19450 
    -38.98265 -142.08430 
    -39.71926 -142.06180 
    -40.46107 -142.10654 
    -41.21790 -142.17708 
    -41.98806 -142.28212 
    -42.72372 -142.51062 
    -43.44622 -142.79597 
    -44.14955 -143.13896 
    -44.82737 -143.53955 
    -45.47324 -143.99681 
    -46.08079 -144.50880 
    -46.64391 -145.07260 
    -47.15697 -145.68434 
    -47.61495 -146.33929 
    -48.01382 -147.03186 
    -48.20708 -147.82338 
    -48.18658 -148.67764 
    -47.97557 -149.54976 
    -47.68206 -150.38210 
    -47.42520 -151.14464 
    -47.21424 -151.85135 
    -47.05859 -152.51711 
Cell 5 100 -14.08323 -153.84407 
    -24.46504 -153.84407 
    -24.47396 -154.49780 
    -24.44007 -155.15245 
    -24.36320 -155.80508 
    -24.24339 -156.45276 
    -24.08090 -157.09251 
    -23.87623 -157.72139 
    -23.63009 -158.33649 
    -23.34341 -158.93489 
    -23.01735 -159.51384 
    -22.65326 -160.07056 
    -22.25269 -160.60243 
    -21.81742 -161.10696 
    -21.34940 -161.58176 
    -20.85075 -162.02460 
    -20.32375 -162.43341 
    -19.77084 -162.80632 
    -19.19460 -163.14162 
    -18.59769 -163.43779 
    -17.98292 -163.69357 
    -17.35316 -163.90791 
    -16.71134 -164.07988 
    -16.06042 -164.20891 
    -15.40343 -164.29456 
    -14.74337 -164.33670 
    -14.08323 -164.33537 
    -13.42597 -164.29082 
    -12.77452 -164.20355 
    -12.13171 -164.07426 
    -11.50030 -163.90392 
    -10.88294 -163.69354 
    -10.28217 -163.44444 
    -9.70040 -163.15805 
    -9.13990 -162.83594 
    -8.60280 -162.47984 
    -8.09106 -162.09158 
    -7.60650 -161.67310 
    -7.15077 -161.22639 
    -6.70397 -160.77365 
    -6.26340 -160.31320 
    -5.84966 -159.82611 
    -5.46439 -159.31375 
    -5.10928 -158.77754 
    -4.78610 -158.21896 
    -4.49663 -157.63968 
    -4.26944 -157.03276 
    -4.07703 -156.41322 
    -3.95975 -155.77522 
    -3.90451 -155.12993 
    -3.86497 -154.48694 
    -3.83865 -153.84407 
    -3.82686 -153.19879 
    -3.73988 -152.53740 
    -3.61439 -151.84703 
    -3.48180 -151.12209 
    -3.34586 -150.35530 
    -3.20040 -149.53525 
    -3.02824 -148.64200 
    -2.96558 -147.73209 
    -3.46935 -147.10829 
    -4.08524 -146.58011 
    -4.78175 -146.14922 
    -5.52490 -145.80727 
    -6.28364 -145.53836 
    -7.03394 -145.32295 
    -7.76065 -145.14178 
    -8.45739 -144.97916 
    -9.11435 -144.80573 
    -9.70566 -144.54128 
    -10.30992 -144.31378 
    -10.92476 -144.12332 
    -11.54806 -143.97026 
    -12.16758 -143.80186 
    -12.79755 -143.66689 
    -13.43650 -143.56468 
    -14.08323 -143.51102 
    -14.73612 -143.46655 
    -15.39975 -143.42274 
    -16.07812 -143.38651 
    -16.77468 -143.36156 
    -17.49422 -143.34613 
    -18.20134 -143.44292 
    -18.86130 -143.69016 
    -19.44826 -144.08511 
    -19.98421 -144.54561 
    -20.46952 -145.05409 
    -20.90868 -145.59352 
    -21.30865 -146.14978 
    -21.67685 -146.71318 
    -22.01952 -147.27859 
    -22.34059 -147.84474 
    -22.64148 -148.41284 
    -22.95332 -148.96770 
    -23.26920 -149.52148 
    -23.55250 -150.09492 
    -23.80110 -150.68654 
    -24.01306 -151.29453 
    -24.18672 -151.91673 
    -24.32066 -152.55078 
    -24.41373 -153.19414 
Cell 6 100 5.77516 -154.21014 
    -3.85363 -154.21014 
    -3.88532 -154.81793 
    -3.93073 -155.43628 
    -4.01537 -156.07779 
    -4.18723 -156.76805 
    -4.45372 -157.53371 
    -4.24472 -158.17729 
    -3.99278 -158.80658 
    -3.69908 -159.41866 
    -3.36444 -160.01030 
    -2.99029 -160.57861 
    -2.57842 -161.12082 
    -2.13077 -161.63431 
    -1.64948 -162.11658 
    -1.13690 -162.56538 
    -0.59552 -162.97864 
    -0.02801 -163.35448 
    0.56284 -163.69130 
    1.17418 -163.98772 
    1.80304 -164.24257 
    2.44640 -164.45502 
    3.10124 -164.62437 
    3.76450 -164.75037 
    4.43320 -164.83279 
    5.10438 -164.87177 
    5.77516 -164.86763 
    6.44273 -164.82092 
    7.10442 -164.73235 
    7.75766 -164.60280 
    8.40001 -164.43327 
    9.02915 -164.22490 
    9.64289 -163.97891 
    10.23916 -163.69662 
    10.81598 -163.37936 
    11.37146 -163.02850 
    11.91164 -162.65630 
    12.46301 -162.29437 
    12.99574 -161.89929 
    13.50686 -161.47069 
    13.99382 -161.00922 
    14.45395 -160.51566 
    14.88445 -159.99107 
    15.28242 -159.43681 
    15.64491 -158.85449 
    15.96897 -158.24615 
    16.24985 -157.61357 
    16.35325 -156.92613 
    16.41256 -156.23933 
    16.36986 -155.54857 
    16.30399 -154.87256 
    16.24589 -154.21014 
    16.18909 -153.55495 
    16.12996 -152.90202 
    16.06688 -152.24689 
    15.99993 -151.58487 
    15.93079 -150.91037 
    15.86296 -150.21611 
    15.80181 -149.49196 
    15.44950 -148.89163 
    15.05401 -148.32161 
    14.62160 -147.78282 
    14.15561 -147.27724 
    13.65939 -146.80635 
    13.13629 -146.37134 
    12.58952 -145.97299 
    12.02219 -145.61183 
    11.43723 -145.28815 
    10.83736 -145.00203 
    10.22515 -144.75343 
    9.60293 -144.54228 
    8.97294 -144.36839 
    8.33721 -144.23158 
    7.69772 -144.13171 
    7.08445 -143.84599 
    6.43720 -143.68732 
    5.77516 -143.54303 
    5.09322 -143.37106 
    4.38341 -143.19330 
    3.64338 -143.03497 
    2.87476 -142.91385 
    2.07666 -142.82735 
    1.25879 -142.80309 
    0.67650 -143.37495 
    0.20356 -144.07545 
    -0.24365 -144.72601 
    -0.80284 -145.15631 
    -1.31387 -145.64098 
    -1.77441 -146.17067 
    -2.18461 -146.73543 
    -2.54672 -147.32568 
    -2.86447 -147.93309 
    -3.02701 -148.62413 
    -3.15519 -149.30064 
    -3.27429 -149.95180 
    -3.38621 -150.58290 
    -3.49567 -151.19788 
    -3.60605 -151.80147 
    -3.71487 -152.39983 
    -3.80077 -153.00043 
    -3.83429 -153.60558 
Cell 7 100 25.71016 -152.83492 
    16.12350 -152.83492 
    16.17820 -153.43462 
    16.23049 -154.03247 
    16.28300 -154.63326 
    16.33987 -155.24080 
    16.38932 -155.86343 
    16.38781 -156.52589 
    16.30278 -157.26169 
    16.45584 -157.92252 
    16.76662 -158.51065 
    17.11666 -159.07846 
    17.50463 -159.62312 
    17.92898 -160.14194 
    18.38791 -160.63232 
    18.87949 -161.09178 
    19.40155 -161.51799 
    19.95170 -161.90880 
    20.52746 -162.26222 
    21.12613 -162.57648 
    21.74490 -162.85004 
    22.38084 -163.08151 
    23.03094 -163.26981 
    23.69209 -163.41403 
    24.36114 -163.51355 
    25.03489 -163.56799 
    25.71016 -163.57719 
    26.38375 -163.54124 
    27.05249 -163.46056 
    27.71329 -163.33568 
    28.36311 -163.16747 
    28.99901 -162.95695 
    29.61816 -162.70540 
    30.21787 -162.41429 
    30.79558 -162.08525 
    31.34888 -161.72012 
    31.87556 -161.32086 
    32.37356 -160.88957 
    32.84103 -160.42851 
    33.27630 -159.93999 
    33.67792 -159.42641 
    34.06666 -158.90627 
    34.46905 -158.39348 
    34.84370 -157.85612 
    35.18914 -157.29538 
    35.44429 -156.68892 
    35.48796 -156.01192 
    35.53044 -155.35632 
    35.59180 -154.71994 
    35.66413 -154.09239 
    35.74345 -153.46616 
    35.82862 -152.83492 
    35.92132 -152.19247 
    36.02662 -151.53165 
    36.15427 -150.84259 
    36.32446 -150.10962 
    36.41870 -149.35550 
    36.22631 -148.67128 
    35.98370 -148.00055 
    35.69129 -147.34775 
    35.35003 -146.71727 
    34.96146 -146.11345 
    34.52766 -145.54044 
    34.05126 -145.00211 
    33.53536 -144.50192 
    33.00283 -144.01959 
    32.49652 -143.49429 
    31.93169 -143.03136 
    31.31410 -142.64140 
    30.65242 -142.33208 
    29.94429 -142.14073 
    29.20743 -142.07143 
    28.46667 -142.09901 
    27.75377 -142.12196 
    27.06119 -142.14047 
    26.38346 -142.13307 
    25.71016 -142.02167 
    25.02396 -141.92813 
    24.32427 -141.86443 
    23.60742 -141.81194 
    22.87059 -141.77550 
    22.11815 -141.77985 
    21.35666 -141.83923 
    20.65011 -142.08176 
    19.97496 -142.40262 
    19.34089 -142.79855 
    18.75599 -143.26332 
    18.22609 -143.78822 
    17.75439 -144.36288 
    17.34142 -144.97615 
    16.98529 -145.61708 
    16.68223 -146.27574 
    16.42723 -146.94379 
    16.21480 -147.61479 
    16.03967 -148.28433 
    15.89728 -148.94972 
    15.81254 -149.61899 
    15.87203 -150.30891 
    15.93696 -150.97057 
    16.00233 -151.60854 
    16.06498 -152.22810 
Cell 8 100 45.19627 -154.48820 
    35.61851 -154.48820 
    35.55566 -155.09474 
    35.50738 -155.71220 
    35.46653 -156.34425 
    35.43886 -156.99348 
    35.60030 -157.60612 
    35.80924 -158.20479 
    36.05587 -158.78935 
    36.33923 -159.35741 
    36.65821 -159.90662 
    37.01160 -160.43471 
    37.39798 -160.93951 
    37.81581 -161.41891 
    38.26341 -161.87094 
    38.73897 -162.29373 
    39.24058 -162.68550 
    39.76619 -163.04465 
    40.31364 -163.36966 
    40.88072 -163.65921 
    41.46508 -163.91209 
    42.06433 -164.12730 
    42.67602 -164.30392 
    43.29762 -164.44125 
    43.92659 -164.53876 
    44.56033 -164.59604 
    45.19627 -164.61292 
    45.83178 -164.58936 
    46.46427 -164.52550 
    47.09116 -164.42160 
    47.70991 -164.27821 
    48.31801 -164.09593 
    48.91298 -163.87556 
    49.49246 -163.61807 
    50.05410 -163.32457 
    50.59568 -162.99632 
    51.11505 -162.63470 
    51.61015 -162.24126 
    52.07905 -161.81763 
    52.51992 -161.36557 
    52.93108 -160.88699 
    53.31092 -160.38385 
    53.65805 -159.85822 
    53.97113 -159.31223 
    54.24903 -158.74811 
    54.49469 -158.16971 
    54.70857 -157.57893 
    54.88491 -156.97583 
    55.02307 -156.36276 
    55.05930 -155.73419 
    55.03167 -155.10699 
    54.97169 -154.48820 
    54.89637 -153.87793 
    54.80758 -153.27402 
    54.71055 -152.67326 
    54.60835 -152.07158 
    54.50460 -151.46375 
    54.40748 -150.84122 
    54.25666 -150.22470 
    53.97169 -149.66388 
    53.65224 -149.12189 
    53.30570 -148.59636 
    52.93064 -148.08978 
    52.52940 -147.60193 
    52.10411 -147.13210 
    51.65626 -146.67941 
    51.18638 -146.24352 
    50.69389 -145.82533 
    50.17719 -145.42795 
    49.63423 -145.05705 
    49.16434 -144.46600 
    48.67028 -143.79626 
    47.96775 -143.69400 
    47.19270 -144.02251 
    46.53128 -143.92050 
    45.86311 -143.88895 
    45.19627 -143.74515 
    44.51857 -143.71646 
    43.86518 -143.95157 
    43.25620 -144.31802 
    42.64821 -144.56418 
    42.05084 -144.80759 
    41.46918 -145.07466 
    40.90305 -145.36464 
    40.35297 -145.67828 
    39.82021 -146.01689 
    39.30663 -146.38182 
    38.81444 -146.77390 
    38.34597 -147.19339 
    37.90238 -147.63879 
    37.48751 -148.11098 
    37.10316 -148.60823 
    36.75085 -149.12859 
    36.43195 -149.66998 
    36.28180 -150.29337 
    36.14294 -150.90375 
    36.03061 -151.51010 
    35.93443 -152.11017 
    35.84739 -152.70480 
    35.76628 -153.29692 
    35.68975 -153.89011 
Cell 9 100 65.17735 -154.04475 
    54.91696 -154.04475 
    54.99083 -154.68564 
    55.04128 -155.32524 
    55.04527 -155.97754 
    55.04868 -156.64536 
    55.23788 -157.27428 
    55.45068 -157.89581 
    55.69202 -158.50821 
    55.96594 -159.10876 
    56.27508 -159.69431 
    56.62071 -160.26152 
    57.00300 -160.80716 
    57.42127 -161.32820 
    57.87421 -161.82181 
    58.36007 -162.28545 
    58.87690 -162.71660 
    59.42246 -163.11302 
    59.99431 -163.47267 
    60.58981 -163.79378 
    61.20620 -164.07472 
    61.84061 -164.31419 
    62.49004 -164.51114 
    63.15149 -164.66470 
    63.82187 -164.77449 
    64.49815 -164.84033 
    65.17735 -164.86238 
    65.85661 -164.84114 
    66.53320 -164.77737 
    67.20464 -164.67218 
    67.86870 -164.52684 
    68.52343 -164.34291 
    69.16720 -164.12195 
    69.79868 -163.86557 
    70.41682 -163.57530 
    71.02083 -163.25261 
    71.60999 -162.89851 
    72.18359 -162.51384 
    72.74078 -162.09898 
    73.28038 -161.65401 
    73.80071 -161.17862 
    74.29946 -160.67235 
    74.77354 -160.13467 
    75.21906 -159.56523 
    75.51472 -158.90915 
    75.16843 -158.00050 
    74.95516 -157.22176 
    74.96144 -156.55687 
    74.92929 -155.90503 
    74.90065 -155.27309 
    74.87171 -154.65466 
    74.83887 -154.04475 
    74.80247 -153.43919 
    74.76041 -152.83414 
    74.70723 -152.22684 
    74.64362 -151.61424 
    74.57611 -150.99091 
    74.49667 -150.35498 
    74.41134 -149.69957 
    74.32903 -149.01358 
    74.26775 -148.27582 
    74.27821 -147.43259 
    73.96277 -146.77682 
    73.54641 -146.18568 
    73.08259 -145.62654 
    72.57315 -145.10477 
    72.02081 -144.62555 
    71.42906 -144.19363 
    70.80221 -143.81317 
    70.14522 -143.48750 
    69.46373 -143.21860 
    68.75857 -143.02289 
    68.02609 -142.94963 
    67.28331 -143.00494 
    66.56603 -143.05222 
    65.86591 -143.10045 
    65.17735 -143.15288 
    64.49563 -143.20915 
    63.81564 -143.26573 
    63.13859 -143.35719 
    62.49033 -143.57948 
    61.86313 -143.84460 
    61.26020 -144.15115 
    60.68279 -144.49332 
    60.12957 -144.86288 
    59.60110 -145.25800 
    59.09790 -145.67712 
    58.62056 -146.11896 
    58.16974 -146.58240 
    57.64784 -146.97408 
    57.10215 -147.36436 
    56.55239 -147.77835 
    56.00856 -148.22606 
    55.48899 -148.71854 
    55.01864 -149.26443 
    54.62486 -149.86673 
    54.33134 -150.52068 
    54.47872 -151.29782 
    54.60077 -152.02716 
    54.71867 -152.72351 
    54.82514 -153.39345 
Cell 10 100 85.32629 -152.66684 
    74.74577 -152.66684 
    74.79484 -153.32942 
    74.83570 -153.99210 
    74.87201 -154.66110 
    74.90382 -155.34288 
    74.93609 -156.04282 
    74.95942 -156.77138 
    75.41386 -157.33128 
    75.88946 -157.85478 
    76.36440 -158.35423 
    76.83942 -158.83292 
    77.31719 -159.29254 
    77.80124 -159.73334 
    78.29513 -160.15427 
    78.80197 -160.55339 
    79.32406 -160.92821 
    79.86274 -161.27603 
    80.41846 -161.59415 
    80.99088 -161.88007 
    81.57891 -162.13165 
    82.18101 -162.34705 
    82.79520 -162.52477 
    83.41930 -162.66368 
    84.05086 -162.76294 
    84.68739 -162.82191 
    85.32629 -162.84029 
    85.96495 -162.81793 
    86.60115 -162.75836 
    87.23267 -162.66042 
    87.85709 -162.52365 
    88.47216 -162.34883 
    89.07572 -162.13681 
    89.66574 -161.88864 
    90.24033 -161.60544 
    90.79771 -161.28841 
    91.33627 -160.93887 
    91.85454 -160.55814 
    92.35114 -160.14755 
    92.82486 -159.70847 
    93.27455 -159.24220 
    93.69913 -158.75006 
    94.09754 -158.23325 
    94.46877 -157.69296 
    94.81171 -157.13034 
    95.12522 -156.54651 
    95.40804 -155.94260 
    95.65874 -155.31976 
    95.87556 -154.67921 
    96.05126 -154.02171 
    96.16901 -153.34900 
    96.25881 -152.66684 
    96.34398 -151.97366 
    96.38258 -151.27011 
    96.36544 -150.56100 
    96.29494 -149.85057 
    96.17411 -149.14217 
    96.00280 -148.43971 
    95.78024 -147.74759 
    95.50604 -147.07048 
    95.18037 -146.41325 
    94.80404 -145.78085 
    94.37854 -145.17818 
    93.90604 -144.60992 
    93.38940 -144.08051 
    92.83205 -143.59395 
    92.23798 -143.15372 
    91.61166 -142.76268 
    90.95785 -142.42308 
    90.28153 -142.13641 
    89.58781 -141.90349 
    88.88165 -141.72456 
    88.16798 -141.59923 
    87.45139 -141.52667 
    86.73634 -141.50513 
    86.02679 -141.53281 
    85.32629 -141.60495 
    84.63754 -141.71931 
    83.96298 -141.87512 
    83.30492 -142.07045 
    82.66528 -142.30290 
    82.04553 -142.56969 
    81.44685 -142.86847 
    80.87023 -143.19724 
    80.31657 -143.55420 
    79.78668 -143.93781 
    79.23649 -144.28494 
    78.61487 -144.55411 
    77.98108 -144.84497 
    77.33496 -145.16248 
    76.67940 -145.51350 
    76.02111 -145.90623 
    75.37112 -146.34909 
    74.74487 -146.84966 
    74.27778 -147.46780 
    74.26883 -148.28889 
    74.33903 -149.09686 
    74.43353 -149.87006 
    74.52814 -150.60699 
    74.61102 -151.31319 
    74.68339 -151.99724 
Cell 11 100 106.20975 -154.01125 
    96.09848 -154.01125 
    96.07496 -154.64886 
    96.10888 -155.28728 
    96.19376 -155.92191 
    96.32517 -156.54918 
    96.49841 -157.16664 
    96.71098 -157.77208 
    96.96202 -158.36290 
    97.25055 -158.93660 
    97.57536 -159.49080 
    97.93513 -160.02310 
    98.32837 -160.53128 
    98.75341 -161.01321 
    99.20847 -161.46684 
    99.69164 -161.89027 
    100.20087 -162.28177 
    100.73398 -162.63966 
    101.28873 -162.96254 
    101.86276 -163.24905 
    102.45365 -163.49805 
    103.05888 -163.70859 
    103.67592 -163.87984 
    104.30215 -164.01120 
    104.93496 -164.10219 
    105.57171 -164.15257 
    106.20975 -164.16225 
    106.84645 -164.13132 
    107.47921 -164.06009 
    108.10548 -163.94907 
    108.72279 -163.79892 
    109.32877 -163.61061 
    109.92120 -163.38530 
    110.49805 -163.12434 
    111.05758 -162.82941 
    111.59838 -162.50238 
    112.11951 -162.14534 
    112.62049 -161.76050 
    113.10141 -161.35011 
    113.56288 -160.91631 
    114.00598 -160.46085 
    114.43200 -159.98506 
    114.84219 -159.48956 
    115.23725 -158.97415 
    115.61692 -158.43793 
    115.97942 -157.87933 
    116.32108 -157.29662 
    116.63613 -156.68829 
    116.91680 -156.05373 
    117.15377 -155.39380 
    117.33689 -154.71130 
    117.45627 -154.01125 
    117.50343 -153.30070 
    117.47236 -152.58844 
    117.36035 -151.88416 
    117.49682 -151.11322 
    117.68339 -150.28323 
    117.32499 -149.61041 
    116.53075 -149.15456 
    115.73718 -148.77350 
    115.26389 -148.26530 
    114.76517 -147.79536 
    114.24908 -147.36053 
    113.72148 -146.95726 
    113.18608 -146.58220 
    112.64468 -146.23274 
    112.12073 -145.87549 
    111.60426 -145.51086 
    111.06890 -145.17247 
    110.51659 -144.85873 
    109.94836 -144.56860 
    109.36422 -144.30278 
    108.76354 -144.06487 
    108.14585 -143.86185 
    107.51187 -143.70390 
    106.86491 -143.59766 
    106.20975 -143.58827 
    105.55578 -143.61665 
    104.89207 -143.58078 
    104.19078 -143.42746 
    103.45300 -143.27444 
    102.69627 -143.19788 
    101.93260 -143.20840 
    101.25554 -143.48302 
    100.73064 -144.04478 
    100.30758 -144.71092 
    99.94367 -145.38673 
    99.59446 -146.01472 
    99.23402 -146.58286 
    98.85902 -147.10846 
    98.47366 -147.61140 
    98.07590 -148.10165 
    97.70928 -148.61668 
    97.37548 -149.15457 
    97.07600 -149.71323 
    96.81220 -150.29050 
    96.58968 -150.88550 
    96.42565 -151.49911 
    96.32530 -152.12569 
    96.24751 -152.75272 
    96.16372 -153.37921 
Cell 12 100 -115.71479 -134.10780 
    -127.20195 -134.10780 
    -127.22572 -134.83202 
    -127.19301 -135.55785 
    -127.10402 -136.28041 
    -126.95958 -136.99498 
    -126.76115 -137.69698 
    -126.51065 -138.38219 
    -126.21052 -139.04672 
    -125.86353 -139.68712 
    -125.47270 -140.30035 
    -125.04125 -140.88388 
    -124.57247 -141.43552 
    -124.06964 -141.95352 
    -123.53598 -142.43652 
    -122.97463 -142.88344 
    -122.38852 -143.29340 
    -121.78047 -143.66579 
    -121.15311 -144.00008 
    -120.45377 -144.17865 
    -119.44504 -143.52934 
    -118.74013 -143.41882 
    -118.11553 -143.45808 
    -117.50227 -143.47812 
    -116.89904 -143.48209 
    -116.30472 -143.48448 
    -115.71479 -143.49411 
    -115.12315 -143.51183 
    -114.53071 -143.48076 
    -113.93833 -143.42032 
    -113.34332 -143.34409 
    -112.74486 -143.24832 
    -112.14522 -143.12350 
    -111.53961 -142.98051 
    -110.91454 -142.83943 
    -110.15424 -142.86984 
    -109.27477 -142.97174 
    -108.63718 -142.66316 
    -108.12175 -142.19357 
    -107.63931 -141.69118 
    -107.19220 -141.15831 
    -106.78255 -140.59746 
    -106.41228 -140.01135 
    -106.08315 -139.40285 
    -105.79658 -138.77496 
    -105.55376 -138.13084 
    -105.35563 -137.47369 
    -105.19558 -136.80869 
    -105.06506 -136.13934 
    -104.94307 -135.46858 
    -104.85682 -134.79092 
    -104.77907 -134.10780 
    -104.74901 -133.41789 
    -104.37627 -132.67542 
    -104.04137 -131.88098 
    -103.95847 -131.08929 
    -104.21658 -130.37181 
    -104.64857 -129.72638 
    -105.40551 -129.25662 
    -106.16924 -128.86009 
    -106.80951 -128.45634 
    -107.13830 -127.87662 
    -107.43089 -127.25476 
    -107.76681 -126.64415 
    -108.14829 -126.05030 
    -108.58078 -125.48427 
    -109.06773 -124.95892 
    -109.60960 -124.48756 
    -110.20324 -124.08233 
    -110.88376 -123.84134 
    -111.61111 -123.74308 
    -112.33224 -123.69741 
    -113.03152 -123.65717 
    -113.71503 -123.62465 
    -114.38695 -123.59686 
    -115.05234 -123.57844 
    -115.71479 -123.59840 
    -116.37296 -123.64664 
    -117.01624 -123.80573 
    -117.64228 -124.00355 
    -118.25347 -124.22028 
    -118.85062 -124.45670 
    -119.43385 -124.71452 
    -120.00254 -124.99588 
    -120.55539 -125.30280 
    -121.09046 -125.63710 
    -121.60278 -126.00368 
    -122.15865 -126.31851 
    -122.70737 -126.66147 
    -123.24145 -127.03980 
    -123.75779 -127.45406 
    -124.25292 -127.90449 
    -124.72310 -128.39096 
    -125.16441 -128.91283 
    -125.57285 -129.46896 
    -125.94437 -130.05763 
    -126.27510 -130.67656 
    -126.56137 -131.32288 
    -126.79981 -131.99323 
    -126.98753 -132.68373 
    -127.12218 -133.39011 
Cell 13 100 -93.86984 -132.80969 
    -103.99703 -132.80969 
    -103.99251 -133.44655 
    -103.94743 -134.08279 
    -103.86110 -134.71562 
    -103.73441 -135.34248 
    -103.56773 -135.96072 
    -103.36162 -136.56775 
    -103.11677 -137.16096 
    -102.83411 -137.73784 
    -102.51472 -138.29590 
    -102.15986 -138.83275 
    -101.77094 -139.34605 
    -101.34953 -139.83359 
    -100.89738 -140.29327 
    -100.41637 -140.72308 
    -99.90848 -141.12115 
    -99.37587 -141.48579 
    -98.82078 -141.81541 
    -98.24558 -142.10860 
    -97.65270 -142.36411 
    -97.04469 -142.58086 
    -96.41797 -142.73398 
    -95.77439 -142.79372 
    -95.14279 -142.88609 
    -94.50999 -142.98450 
    -93.86984 -143.03314 
    -93.22748 -143.01976 
    -92.58785 -142.95770 
    -91.95457 -142.84993 
    -91.33042 -142.70009 
    -90.71790 -142.51036 
    -90.11942 -142.28220 
    -89.53736 -142.01668 
    -88.97405 -141.71510 
    -88.43166 -141.37891 
    -87.91224 -141.00963 
    -87.38895 -140.64375 
    -86.88494 -140.24786 
    -86.40322 -139.82132 
    -85.94577 -139.36505 
    -85.51466 -138.88008 
    -85.11205 -138.36755 
    -84.74020 -137.82877 
    -84.40141 -137.26520 
    -84.09806 -136.67862 
    -83.83248 -136.07103 
    -83.60695 -135.44475 
    -83.44624 -134.79811 
    -83.34486 -134.13931 
    -83.28938 -133.47536 
    -83.25962 -132.80969 
    -83.24022 -132.14093 
    -83.24138 -131.46701 
    -83.29834 -130.79308 
    -83.44476 -130.13298 
    -83.63975 -129.48573 
    -83.88057 -128.85466 
    -84.16543 -128.24313 
    -84.42216 -127.61578 
    -84.68614 -126.98154 
    -84.99093 -126.35879 
    -85.33757 -125.75118 
    -85.72680 -125.16286 
    -86.15894 -124.59841 
    -86.63374 -124.06275 
    -87.15028 -123.56100 
    -87.70683 -123.09834 
    -88.30087 -122.67978 
    -88.92906 -122.31000 
    -89.58727 -121.99313 
    -90.27068 -121.73259 
    -90.97394 -121.53090 
    -91.69135 -121.38963 
    -92.41701 -121.30932 
    -93.14505 -121.28950 
    -93.86984 -121.32874 
    -94.58612 -121.42474 
    -95.28918 -121.57453 
    -95.97490 -121.77459 
    -96.63988 -122.02108 
    -97.28141 -122.30997 
    -97.89738 -122.63729 
    -98.48631 -122.99920 
    -99.04718 -123.39215 
    -99.57935 -123.81294 
    -100.08245 -124.25877 
    -100.55624 -124.72723 
    -101.00053 -125.21628 
    -101.41515 -125.72418 
    -101.79978 -126.24947 
    -102.15404 -126.79087 
    -102.54302 -127.30553 
    -102.89828 -127.84627 
    -103.18999 -128.42397 
    -103.41374 -129.03099 
    -103.57590 -129.65601 
    -103.68709 -130.28905 
    -103.77718 -130.91977 
    -103.86668 -131.54680 
    -103.96075 -132.17482 
Cell 14 100 -73.28211 -134.26019 
    -83.36346 -134.26019 
    -83.47188 -134.90128 
    -83.54130 -135.55623 
    -83.49116 -136.20767 
    -83.37100 -136.85059 
    -83.18887 -137.47910 
    -82.96745 -138.09488 
    -82.70723 -138.69531 
    -82.40914 -139.27782 
    -82.07407 -139.83974 
    -81.70336 -140.37859 
    -81.29860 -140.89200 
    -80.86157 -141.37778 
    -80.39421 -141.83382 
    -79.89863 -142.25819 
    -79.37543 -142.64693 
    -78.69125 -142.78365 
    -78.05176 -142.93613 
    -77.44747 -143.11201 
    -76.86217 -143.30240 
    -76.27423 -143.46899 
    -75.68499 -143.61877 
    -75.09325 -143.75449 
    -74.49697 -143.87682 
    -73.89405 -143.98662 
    -73.28211 -144.11885 
    -72.65215 -144.27303 
    -71.99631 -144.43835 
    -71.31350 -144.58005 
    -70.65154 -144.50558 
    -69.99091 -144.38948 
    -69.33184 -144.23744 
    -68.67588 -144.04893 
    -68.02476 -143.82329 
    -67.38042 -143.55977 
    -66.74510 -143.25761 
    -66.12137 -142.91605 
    -65.51212 -142.53439 
    -64.92065 -142.11212 
    -64.35059 -141.64899 
    -63.80591 -141.14505 
    -63.29089 -140.60081 
    -62.81000 -140.01729 
    -62.40408 -139.37901 
    -62.49217 -138.53224 
    -62.55802 -137.74466 
    -62.78515 -136.95535 
    -62.95176 -136.23080 
    -63.06821 -135.55051 
    -63.16282 -134.89684 
    -63.24984 -134.26019 
    -63.33960 -133.63466 
    -63.44999 -133.01811 
    -63.57311 -132.40810 
    -63.70859 -131.80212 
    -63.85673 -131.19769 
    -64.01698 -130.59187 
    -64.18587 -129.97983 
    -64.36219 -129.35643 
    -64.54174 -128.71338 
    -64.71756 -128.03767 
    -64.87785 -127.30757 
    -64.99645 -126.47944 
    -65.27528 -125.73379 
    -65.90649 -125.34459 
    -66.54508 -124.98746 
    -67.11671 -124.54506 
    -67.76212 -124.21937 
    -68.45999 -124.01266 
    -69.18430 -123.91029 
    -69.91130 -123.88589 
    -70.60499 -123.83348 
    -71.28221 -123.77633 
    -71.95502 -123.75518 
    -72.62207 -123.76910 
    -73.28211 -123.81728 
    -73.93398 -123.89909 
    -74.57651 -124.01402 
    -75.20851 -124.16164 
    -75.82877 -124.34164 
    -76.45971 -124.48055 
    -77.09560 -124.62843 
    -77.72884 -124.81041 
    -78.35625 -125.03037 
    -78.97300 -125.29279 
    -79.57263 -125.60204 
    -80.14737 -125.96152 
    -80.68875 -126.37292 
    -81.18848 -126.83562 
    -81.63940 -127.34644 
    -82.03636 -127.89986 
    -82.37675 -128.48856 
    -82.66090 -129.10416 
    -82.89128 -129.73846 
    -83.09218 -130.37611 
    -83.27181 -131.01434 
    -83.24097 -131.70319 
    -83.24656 -132.35938 
    -83.26807 -132.99867 
    -83.30228 -133.62978 
Cell 15 100 -54.86000 -131.77028 
    -63.71639 -131.77028 
    -63.59287 -132.31970 
    -63.48201 -132.85948 
    -63.38233 -133.39600 
    -63.29630 -133.93636 
    -63.21894 -134.48627 
    -63.14082 -135.04887 
    -63.05518 -135.62663 
    -62.95364 -136.21979 
    -62.81638 -136.81955 
    -62.64880 -137.42918 
    -62.52721 -138.11314 
    -62.45377 -138.90131 
    -62.10420 -139.48457 
    -61.61240 -139.93253 
    -61.09296 -140.34921 
    -60.54771 -140.73268 
    -59.97860 -141.08098 
    -59.38781 -141.39235 
    -58.77767 -141.66519 
    -58.15070 -141.89801 
    -57.50954 -142.08957 
    -56.85698 -142.23882 
    -56.19590 -142.34500 
    -55.52923 -142.40741 
    -54.86000 -142.42570 
    -54.19125 -142.39977 
    -53.52604 -142.32970 
    -52.86740 -142.21588 
    -52.21833 -142.05890 
    -51.58179 -141.85957 
    -50.96063 -141.61897 
    -50.35762 -141.33833 
    -49.77542 -141.01910 
    -49.21655 -140.66293 
    -48.68341 -140.27162 
    -48.17823 -139.84715 
    -47.70309 -139.39162 
    -47.25989 -138.90726 
    -46.82687 -138.41586 
    -46.37374 -137.93591 
    -45.94771 -137.42619 
    -45.55185 -136.88748 
    -45.18948 -136.32088 
    -45.11376 -135.62909 
    -45.08591 -134.94608 
    -45.03967 -134.29172 
    -44.98815 -133.65343 
    -44.93969 -133.02351 
    -44.89935 -132.39696 
    -44.86934 -131.77028 
    -44.84446 -131.14017 
    -44.82394 -130.50244 
    -44.80262 -129.85173 
    -44.76743 -129.17894 
    -44.69436 -128.46727 
    -44.77036 -127.77551 
    -45.08902 -127.17240 
    -45.44769 -126.59582 
    -45.84272 -126.04774 
    -45.82231 -125.20401 
    -45.34945 -123.90247 
    -46.78325 -124.18571 
    -47.71694 -124.16369 
    -48.24379 -123.77266 
    -48.74762 -123.35730 
    -49.23466 -122.90617 
    -49.74686 -122.46951 
    -50.28506 -122.04805 
    -50.85041 -121.64322 
    -51.44416 -121.25741 
    -52.06745 -120.89401 
    -52.72106 -120.55755 
    -53.40511 -120.25360 
    -54.11876 -119.98866 
    -54.86000 -119.76991 
    -55.62538 -119.60490 
    -56.40996 -119.50108 
    -57.20729 -119.46534 
    -58.00956 -119.50355 
    -58.80783 -119.62009 
    -59.59245 -119.81750 
    -60.35343 -120.09615 
    -61.08104 -120.45425 
    -61.76628 -120.88773 
    -62.40129 -121.39058 
    -62.97984 -121.95509 
    -63.49746 -122.57232 
    -63.95169 -123.23261 
    -64.34196 -123.92612 
    -64.66948 -124.64328 
    -64.93693 -125.37527 
    -65.12906 -126.12482 
    -64.91644 -127.03808 
    -64.75850 -127.85118 
    -64.56701 -128.61627 
    -64.36998 -129.32854 
    -64.18253 -129.99191 
    -64.01106 -130.61424 
    -63.85509 -131.20435 
Cell 16 100 -34.95710 -133.20230 
    -44.95344 -133.20230 
    -45.00275 -133.83432 
    -45.05281 -134.47768 
    -45.09365 -135.13596 
    -45.13414 -135.81532 
    -45.11118 -136.50156 
    -45.07166 -137.20694 
    -44.82520 -137.84587 
    -44.54027 -138.47069 
    -44.21787 -139.07936 
    -43.85876 -139.66974 
    -43.46357 -140.23947 
    -43.03299 -140.78607 
    -42.56778 -141.30685 
    -42.06894 -141.79904 
    -41.50622 -142.21640 
    -40.61713 -142.12108 
    -39.83137 -142.06856 
    -39.13447 -142.07967 
    -38.50253 -142.15704 
    -37.89653 -142.24892 
    -37.30348 -142.34087 
    -36.71852 -142.43599 
    -36.13629 -142.53651 
    -35.55111 -142.64386 
    -34.95710 -142.75841 
    -34.34838 -142.87767 
    -33.71730 -143.01630 
    -33.03403 -143.28340 
    -32.26340 -143.69357 
    -31.46107 -143.96198 
    -30.80421 -143.69131 
    -30.16961 -143.37625 
    -29.56044 -143.01878 
    -28.97969 -142.62119 
    -28.43012 -142.18591 
    -27.91423 -141.71567 
    -27.43430 -141.21327 
    -26.99231 -140.68173 
    -26.59000 -140.12418 
    -26.22878 -139.54379 
    -25.90982 -138.94388 
    -25.63396 -138.32774 
    -25.40175 -137.69872 
    -25.21346 -137.06007 
    -25.22215 -136.36539 
    -25.26545 -135.69069 
    -25.20409 -135.06279 
    -25.12683 -134.44415 
    -25.07745 -133.82387 
    -25.05419 -133.20230 
    -25.05377 -132.57922 
    -25.07752 -131.95422 
    -25.12475 -131.32669 
    -25.19099 -130.69479 
    -25.33080 -130.07452 
    -25.49753 -129.45700 
    -25.68943 -128.84126 
    -25.90546 -128.22612 
    -26.14566 -127.61039 
    -26.41141 -126.99349 
    -26.70554 -126.37601 
    -27.03225 -125.76037 
    -27.39668 -125.15127 
    -27.80428 -124.55603 
    -28.26000 -123.98454 
    -28.76730 -123.44874 
    -29.32731 -122.96175 
    -29.93824 -122.53669 
    -30.59514 -122.18526 
    -31.29010 -121.91644 
    -32.01292 -121.73547 
    -32.75210 -121.64328 
    -33.49599 -121.63645 
    -34.23393 -121.70782 
    -34.95710 -121.84743 
    -35.65913 -122.04388 
    -36.33620 -122.28561 
    -36.98684 -122.56206 
    -37.61138 -122.86458 
    -38.21132 -123.18685 
    -38.78862 -123.52498 
    -39.34514 -123.87724 
    -39.88806 -124.23293 
    -40.47262 -124.51123 
    -41.04652 -124.82095 
    -41.60805 -125.16269 
    -42.15492 -125.53741 
    -42.68407 -125.94620 
    -43.19160 -126.39014 
    -43.67279 -126.86998 
    -44.12226 -127.38591 
    -44.53414 -127.93728 
    -44.70935 -128.61325 
    -44.77456 -129.31529 
    -44.80753 -130.00171 
    -44.82926 -130.66756 
    -44.85136 -131.31488 
    -44.87790 -131.94902 
    -44.91088 -132.57607 
Cell 17 100 -15.00942 -133.83670 
    -25.07847 -133.83670 
    -25.13049 -134.47346 
    -25.21021 -135.12535 
    -25.25895 -135.79190 
    -25.22098 -136.45859 
    -25.19030 -137.14467 
    -24.96174 -137.77710 
    -24.69220 -138.39307 
    -24.38324 -138.99001 
    -24.03661 -139.56552 
    -23.65405 -140.11739 
    -23.23746 -140.64352 
    -22.78880 -141.14203 
    -22.31000 -141.61102 
    -21.80311 -142.04886 
    -21.27020 -142.45392 
    -20.71339 -142.82471 
    -20.13486 -143.15984 
    -19.53686 -143.45801 
    -18.90523 -143.67638 
    -18.12738 -143.43280 
    -17.45127 -143.34705 
    -16.82617 -143.36046 
    -16.21522 -143.38159 
    -15.61181 -143.41142 
    -15.00942 -143.44852 
    -14.40213 -143.48930 
    -13.78413 -143.53584 
    -13.14481 -143.61134 
    -12.46729 -143.73764 
    -11.75449 -143.85434 
    -11.13743 -143.61623 
    -10.53804 -143.33887 
    -9.95890 -143.02356 
    -9.40247 -142.67183 
    -8.87114 -142.28532 
    -8.36712 -141.86586 
    -7.89237 -141.41559 
    -7.44870 -140.93669 
    -7.03796 -140.43126 
    -6.66168 -139.90169 
    -6.32115 -139.35045 
    -6.01752 -138.78004 
    -5.75166 -138.19307 
    -5.52430 -137.59212 
    -5.33592 -136.97981 
    -5.18682 -136.35872 
    -5.07705 -135.73140 
    -5.00066 -135.10110 
    -4.92098 -134.47141 
    -4.87577 -133.83670 
    -4.86580 -133.19852 
    -4.89118 -132.55847 
    -4.95215 -131.91817 
    -5.04913 -131.27933 
    -5.18269 -130.64380 
    -5.35354 -130.01367 
    -5.56251 -129.39133 
    -5.81046 -128.77953 
    -6.09816 -128.18144 
    -6.42616 -127.60060 
    -6.79469 -127.04089 
    -7.20351 -126.50646 
    -7.65179 -126.00162 
    -8.13803 -125.53062 
    -8.66005 -125.09754 
    -9.21495 -124.70609 
    -9.79924 -124.35941 
    -10.40886 -124.06001 
    -10.90653 -123.47400 
    -11.20570 -122.13004 
    -12.01599 -122.17806 
    -12.89709 -122.76348 
    -13.60174 -122.69376 
    -14.31193 -122.75048 
    -15.00942 -122.90903 
    -15.68272 -123.13496 
    -16.32855 -123.39474 
    -16.94994 -123.66413 
    -17.56555 -123.88125 
    -18.17087 -124.10677 
    -18.75976 -124.36443 
    -19.33098 -124.65292 
    -19.88328 -124.97118 
    -20.41539 -125.31825 
    -20.92597 -125.69327 
    -21.42388 -126.08295 
    -21.93714 -126.45943 
    -22.42831 -126.86990 
    -22.89466 -127.31346 
    -23.33340 -127.78898 
    -23.74178 -128.29498 
    -24.11712 -128.82970 
    -24.45691 -129.39105 
    -24.75876 -129.97667 
    -25.02055 -130.58389 
    -25.13414 -131.23712 
    -25.08043 -131.91556 
    -25.05420 -132.56775 
    -25.05428 -133.20473 
Cell 18 100 5.78693 -133.80319 
    -4.32069 -133.80319 
    -4.28822 -134.43707 
    -4.22049 -135.06743 
    -4.12948 -135.69485 
    -3.99879 -136.31573 
    -3.82885 -136.92755 
    -3.62028 -137.52777 
    -3.37384 -138.11392 
    -3.09047 -138.68358 
    -2.77128 -139.23439 
    -2.41750 -139.76405 
    -2.03054 -140.27036 
    -1.61195 -140.75121 
    -1.16342 -141.20457 
    -0.68677 -141.62856 
    -0.18395 -142.02141 
    0.34298 -142.38148 
    0.89187 -142.70728 
    1.54786 -142.81166 
    2.20836 -142.84163 
    2.82833 -142.90881 
    3.42543 -143.00063 
    4.01088 -143.11360 
    4.59402 -143.24605 
    5.18354 -143.39384 
    5.78693 -143.54559 
    6.40839 -143.68105 
    7.05306 -143.82562 
    7.68791 -143.76849 
    8.31014 -143.63045 
    8.92294 -143.45483 
    9.52465 -143.24359 
    10.11379 -142.99823 
    10.68915 -142.72031 
    11.24984 -142.41136 
    11.79530 -142.07300 
    12.32522 -141.70662 
    12.83955 -141.31348 
    13.33840 -140.89449 
    13.82195 -140.45035 
    14.28988 -139.98094 
    14.74155 -139.48596 
    15.17566 -138.96469 
    15.59007 -138.41620 
    15.95552 -137.82922 
    15.80741 -137.05905 
    15.66372 -136.33913 
    15.58578 -135.67242 
    15.56306 -135.03819 
    15.53987 -134.41679 
    15.50994 -133.80319 
    15.46952 -133.19402 
    15.41635 -132.58672 
    15.35111 -131.97873 
    15.27505 -131.36705 
    15.20318 -130.74367 
    15.14413 -130.09842 
    15.09642 -129.42247 
    15.07790 -128.69543 
    15.12776 -127.87531 
    15.11859 -127.02335 
    14.56198 -126.54385 
    13.97693 -126.11227 
    13.37093 -125.72706 
    12.75045 -125.38574 
    12.12081 -125.08536 
    11.48606 -124.82279 
    10.86122 -124.57310 
    10.25385 -124.31051 
    9.63362 -124.08757 
    9.00327 -123.90430 
    8.36543 -123.76059 
    7.72257 -123.65620 
    7.07705 -123.59084 
    6.43116 -123.56345 
    5.78693 -123.51170 
    5.13879 -123.50136 
    4.48958 -123.53362 
    3.84237 -123.60943 
    3.20043 -123.72943 
    2.56721 -123.89392 
    1.94626 -124.10276 
    1.34111 -124.35535 
    0.75524 -124.65058 
    0.19195 -124.98691 
    -0.34572 -125.36232 
    -0.85505 -125.77442 
    -1.33367 -126.22052 
    -1.77964 -126.69771 
    -2.19140 -127.20294 
    -2.56778 -127.73314 
    -2.90793 -128.28526 
    -3.21131 -128.85637 
    -3.47756 -129.44365 
    -3.70652 -130.04446 
    -3.90475 -130.65417 
    -4.06542 -131.27354 
    -4.18730 -131.90051 
    -4.27040 -132.53265 
    -4.31482 -133.16765 
Cell 19 100 25.20402 -132.13506 
    15.36789 -132.13506 
    15.43064 -132.74994 
    15.48076 -133.36339 
    15.51869 -133.98264 
    15.54724 -134.61450 
    15.57118 -135.26495 
    15.61603 -135.93121 
    15.71576 -136.59988 
    15.84947 -137.27776 
    16.15831 -137.87564 
    16.58768 -138.39519 
    17.04480 -138.88495 
    17.52719 -139.34407 
    17.99943 -139.80716 
    18.48284 -140.25957 
    18.99524 -140.68071 
    19.53510 -141.06786 
    20.10008 -141.41908 
    20.69850 -141.70978 
    21.36203 -141.83882 
    22.06899 -141.78368 
    22.72857 -141.77632 
    23.36039 -141.79971 
    23.97812 -141.83908 
    24.59038 -141.88866 
    25.20402 -141.95267 
    25.82725 -142.04105 
    26.46718 -142.13399 
    27.11239 -142.13910 
    27.76811 -142.12151 
    28.44124 -142.09819 
    29.08092 -141.92699 
    29.68918 -141.66650 
    30.27497 -141.35907 
    30.83179 -141.00299 
    31.36284 -140.61194 
    31.86592 -140.18791 
    32.33901 -139.73305 
    32.78029 -139.24965 
    33.18817 -138.74013 
    33.56130 -138.20697 
    33.89859 -137.65280 
    34.19927 -137.08023 
    34.46287 -136.49194 
    34.68931 -135.89055 
    34.87885 -135.27859 
    35.03210 -134.65848 
    35.15002 -134.03236 
    35.23384 -133.40211 
    35.28493 -132.76929 
    35.30468 -132.13506 
    35.29432 -131.50023 
    35.25469 -130.86536 
    35.18608 -130.23088 
    35.08804 -129.59727 
    34.95928 -128.96538 
    34.79773 -128.33664 
    34.60061 -127.71336 
    34.36473 -127.09892 
    34.13040 -126.47021 
    33.90431 -125.81393 
    33.65057 -125.14746 
    33.36164 -124.47454 
    33.02936 -123.80191 
    32.64559 -123.13974 
    32.20329 -122.50139 
    31.69765 -121.90273 
    31.12716 -121.36091 
    30.49425 -120.89275 
    29.80551 -120.51303 
    29.07125 -120.23296 
    28.30467 -120.05881 
    27.52056 -119.99133 
    26.73378 -120.02576 
    25.95790 -120.15247 
    25.20402 -120.35825 
    24.48005 -120.62785 
    23.79047 -120.94568 
    23.13660 -121.29726 
    22.51717 -121.67046 
    21.92918 -122.05613 
    21.36268 -122.43295 
    20.73382 -122.63540 
    20.11387 -122.87611 
    19.50542 -123.15549 
    18.91130 -123.47388 
    18.33463 -123.83139 
    17.77873 -124.22792 
    17.24714 -124.66304 
    16.74355 -125.13594 
    16.27172 -125.64536 
    15.83544 -126.18958 
    15.43834 -126.76633 
    15.12255 -127.39108 
    15.11172 -128.13922 
    15.08174 -128.84613 
    15.10486 -129.54202 
    15.15509 -130.21812 
    15.21816 -130.87355 
    15.29301 -131.51152 
Cell 20 100 46.47391 -132.75957 
    36.42089 -132.75957 
    36.43604 -133.39110 
    36.49087 -134.02072 
    36.58528 -134.64592 
    36.71895 -135.26422 
    36.89145 -135.87309 
    37.10212 -136.47012 
    37.35021 -137.05286 
    37.63475 -137.61894 
    37.95464 -138.16606 
    38.30862 -138.69200 
    38.69530 -139.19460 
    39.11314 -139.67178 
    39.56042 -140.12167 
    40.03540 -140.54239 
    40.53614 -140.93221 
    41.06062 -141.28954 
    41.60672 -141.61295 
    42.17222 -141.90111 
    42.75483 -142.15289 
    43.35217 -142.36729 
    43.96183 -142.54346 
    44.58135 -142.68071 
    45.20822 -142.77850 
    45.83991 -142.83659 
    46.47391 -142.85481 
    47.10768 -142.83311 
    47.73874 -142.77170 
    48.36459 -142.67087 
    48.98282 -142.53113 
    49.59106 -142.35320 
    50.18702 -142.13782 
    50.76847 -141.88597 
    51.33327 -141.59872 
    51.87941 -141.27727 
    52.40493 -140.92293 
    52.90803 -140.53708 
    53.38697 -140.12123 
    53.84012 -139.67691 
    54.26598 -139.20573 
    54.66309 -138.70937 
    55.03012 -138.18950 
    55.36578 -137.64792 
    55.54774 -137.02940 
    55.60943 -136.37657 
    55.64063 -135.73802 
    55.71084 -135.13121 
    55.80940 -134.54041 
    55.93032 -133.95419 
    56.06537 -133.36301 
    56.20201 -132.75957 
    56.32575 -132.13974 
    56.42501 -131.50246 
    56.48306 -130.85022 
    56.49952 -130.18542 
    56.49224 -129.50441 
    56.51815 -128.78278 
    56.46709 -128.05714 
    56.11351 -127.46014 
    55.96835 -126.73421 
    55.77856 -125.99934 
    55.53029 -125.26748 
    55.21046 -124.55540 
    54.80921 -123.88337 
    54.32191 -123.27296 
    53.75048 -122.74422 
    53.10363 -122.31279 
    52.39582 -121.98763 
    51.64528 -121.76984 
    50.87141 -121.65274 
    50.09230 -121.62330 
    49.32263 -121.66453 
    48.57253 -121.75822 
    47.84997 -121.86692 
    47.15832 -121.88114 
    46.47391 -121.94160 
    45.79983 -122.04546 
    45.13864 -122.18986 
    44.49238 -122.37203 
    43.86267 -122.58948 
    43.25083 -122.83995 
    42.65794 -123.12153 
    42.08496 -123.43259 
    41.53284 -123.77180 
    41.00252 -124.13804 
    40.49502 -124.53034 
    40.01147 -124.94782 
    39.55309 -125.38965 
    39.12119 -125.85490 
    38.71715 -126.34262 
    38.34239 -126.85168 
    37.99833 -127.38081 
    37.68636 -127.92857 
    37.40241 -128.49084 
    37.14985 -129.06792 
    36.93336 -129.65965 
    36.75393 -130.26390 
    36.61236 -130.87837 
    36.50934 -131.50075 
    36.44539 -132.12863 
Cell 21 100 65.00787 -133.52316 
    56.02879 -133.52316 
    55.90104 -134.09612 
    55.78473 -134.68831 
    55.69126 -135.30040 
    55.63122 -135.93068 
    55.58990 -136.58325 
    55.46806 -137.30023 
    55.52411 -137.98589 
    55.77657 -138.59811 
    56.06940 -139.19568 
    56.40220 -139.77554 
    56.77417 -140.33467 
    57.18419 -140.87009 
    57.63087 -141.37888 
    58.11251 -141.85822 
    58.62713 -142.30550 
    59.17255 -142.71814 
    59.74633 -143.09386 
    60.34584 -143.43047 
    60.96825 -143.72607 
    61.61872 -143.95389 
    62.41799 -143.61006 
    63.13146 -143.35963 
    63.77642 -143.27103 
    64.39796 -143.21729 
    65.00787 -143.16687 
    65.61163 -143.11981 
    66.21472 -143.07642 
    66.82240 -143.03532 
    67.43939 -142.99332 
    68.07220 -142.95424 
    68.77036 -143.02617 
    69.56103 -143.19911 
    70.26204 -143.08046 
    70.83479 -142.70493 
    71.37953 -142.29300 
    71.89399 -141.84706 
    72.37613 -141.36957 
    72.82413 -140.86313 
    73.23641 -140.33041 
    73.61165 -139.77419 
    73.94874 -139.19722 
    74.24681 -138.60231 
    74.34597 -137.91734 
    74.42151 -137.25029 
    74.33565 -136.55394 
    74.31564 -135.91299 
    74.30526 -135.29674 
    74.28649 -134.69533 
    74.25592 -134.10500 
    74.21101 -133.52316 
    74.15223 -132.94785 
    74.07986 -132.37711 
    73.99065 -131.80962 
    73.88413 -131.24413 
    73.76560 -130.67760 
    73.63539 -130.10728 
    73.52480 -129.51540 
    73.41327 -128.90225 
    73.30855 -128.25539 
    73.22322 -127.55436 
    73.11715 -126.81458 
    72.67431 -126.32389 
    72.19823 -125.86621 
    71.69180 -125.44367 
    71.15813 -125.05805 
    70.64711 -124.63714 
    70.16647 -124.13969 
    69.65687 -123.64353 
    69.11053 -123.16100 
    68.52088 -122.71121 
    67.88479 -122.31828 
    67.20455 -122.00771 
    66.48861 -121.80186 
    65.75075 -121.71541 
    65.00787 -121.75229 
    64.27690 -121.90483 
    63.57180 -122.15553 
    62.90142 -122.48076 
    62.26887 -122.85548 
    61.67233 -123.25743 
    61.10684 -123.67030 
    60.56635 -124.08445 
    60.04582 -124.49724 
    59.54039 -124.90781 
    58.98791 -125.23741 
    58.46528 -125.61453 
    57.97640 -126.03542 
    57.52406 -126.49540 
    57.10983 -126.98934 
    56.73413 -127.51194 
    56.47047 -128.10516 
    56.51557 -128.85449 
    56.49237 -129.51608 
    56.49918 -130.15434 
    56.48544 -130.75406 
    56.44093 -131.32355 
    56.36701 -131.87483 
    56.26994 -132.41931 
    56.15522 -132.96620 
Cell 22 100 84.02644 -130.84546 
    73.80072 -130.84546 
    73.92870 -131.48074 
    74.03745 -132.10736 
    74.12514 -132.73422 
    74.19533 -133.36966 
    74.24953 -134.02217 
    74.28669 -134.70171 
    74.30732 -135.41893 
    74.32396 -136.17944 
    74.38613 -136.96338 
    74.85520 -137.50876 
    75.38580 -137.99361 
    75.93604 -138.44286 
    76.50241 -138.85774 
    77.08229 -139.23950 
    77.67378 -139.58914 
    78.27560 -139.90733 
    78.88684 -140.19435 
    79.50687 -140.45006 
    80.13509 -140.67390 
    80.77087 -140.86507 
    81.41352 -141.02211 
    82.06194 -141.14375 
    82.71481 -141.22813 
    83.37033 -141.27408 
    84.02644 -141.28539 
    84.68182 -141.26247 
    85.33475 -141.20172 
    85.98323 -141.10330 
    86.62482 -140.96548 
    87.25592 -140.78476 
    87.87303 -140.56082 
    88.47308 -140.29503 
    89.05376 -139.99013 
    89.61286 -139.64824 
    90.14793 -139.27097 
    90.65671 -138.86006 
    91.13703 -138.41747 
    91.58694 -137.94524 
    92.00465 -137.44560 
    92.38863 -136.92094 
    92.73775 -136.37383 
    93.05141 -135.80698 
    93.05698 -135.09489 
    93.07484 -134.42796 
    93.16847 -133.81589 
    93.25871 -133.21590 
    93.34337 -132.62276 
    93.42107 -132.03227 
    93.49255 -131.44102 
    93.56096 -130.84546 
    93.62478 -130.24158 
    93.69793 -129.62366 
    93.89742 -128.96246 
    94.13020 -128.25127 
    94.39594 -127.47621 
    94.72133 -126.61105 
    95.18275 -125.59570 
    94.99532 -124.81527 
    94.46266 -124.22243 
    93.78534 -123.75521 
    93.03197 -123.39544 
    92.54329 -122.84760 
    92.13123 -122.21474 
    91.67175 -121.60387 
    91.16452 -121.02074 
    90.60999 -120.47144 
    90.00949 -119.96233 
    89.36533 -119.49976 
    88.68081 -119.08987 
    87.96026 -118.73843 
    87.20894 -118.45047 
    86.43293 -118.23020 
    85.63900 -118.08079 
    84.83435 -118.00418 
    84.02644 -118.00110 
    83.22274 -118.07097 
    82.43046 -118.21195 
    81.65636 -118.42109 
    80.90658 -118.69438 
    80.18641 -119.02705 
    79.50027 -119.41366 
    78.85162 -119.84841 
    78.24297 -120.32536 
    77.67590 -120.83861 
    77.15118 -121.38248 
    76.66888 -121.95169 
    76.22849 -122.54148 
    75.82910 -123.14764 
    75.46954 -123.76658 
    75.14851 -124.39526 
    74.64886 -124.89427 
    74.14534 -125.41328 
    73.67406 -125.97400 
    73.25453 -126.58056 
    73.19028 -127.32458 
    73.28822 -128.08835 
    73.39968 -128.81830 
    73.52545 -129.51888 
    73.65495 -130.19293 
Cell 23 100 103.82152 -133.47282 
    93.22007 -133.47282 
    93.11794 -134.14624 
    93.06402 -134.83182 
    93.05360 -135.52690 
    93.20858 -136.19777 
    93.53169 -136.81619 
    93.88380 -137.40744 
    94.25714 -137.97348 
    94.64938 -138.51526 
    95.05911 -139.03362 
    95.48580 -139.52907 
    95.92943 -140.00172 
    96.39030 -140.45120 
    96.86824 -140.87732 
    97.33784 -141.31026 
    97.82291 -141.72920 
    98.33470 -142.11865 
    98.87173 -142.47644 
    99.43220 -142.80061 
    100.01791 -143.07964 
    100.64455 -143.25053 
    101.29145 -143.32680 
    101.96444 -143.20796 
    102.59277 -143.19930 
    103.20642 -143.24950 
    103.82152 -143.35088 
    104.45139 -143.48444 
    105.09987 -143.59201 
    105.75491 -143.60802 
    106.41950 -143.59128 
    107.10162 -143.56795 
    107.73351 -143.35339 
    108.35036 -143.09712 
    108.94926 -142.80016 
    109.52740 -142.46387 
    110.08206 -142.08972 
    110.61065 -141.67947 
    111.11070 -141.23502 
    111.57993 -140.75845 
    112.01617 -140.25203 
    112.41747 -139.71814 
    112.78206 -139.15936 
    113.10838 -138.57832 
    113.39508 -137.97780 
    113.64103 -137.36064 
    113.84529 -136.72975 
    114.00721 -136.08806 
    114.12633 -135.43857 
    114.20245 -134.78424 
    114.23560 -134.12802 
    114.22607 -133.47282 
    114.17437 -132.82147 
    114.08126 -132.17671 
    113.94772 -131.54115 
    113.77498 -130.91721 
    113.56443 -130.30716 
    113.31773 -129.71301 
    113.03661 -129.13654 
    112.72301 -128.57919 
    112.37889 -128.04214 
    112.00626 -127.52627 
    111.60709 -127.03204 
    111.18324 -126.55972 
    110.73636 -126.10927 
    110.26789 -125.68050 
    109.77894 -125.27314 
    109.27028 -124.88695 
    108.74233 -124.52190 
    108.19520 -124.17828 
    107.62875 -123.85685 
    107.04271 -123.55902 
    106.43682 -123.28690 
    105.81104 -123.04334 
    105.16577 -122.83195 
    104.50199 -122.65695 
    103.82152 -122.52308 
    103.12709 -122.43527 
    102.42249 -122.39842 
    101.71252 -122.41704 
    101.00286 -122.49490 
    100.30001 -122.63474 
    99.61089 -122.83801 
    98.94264 -123.10468 
    98.30218 -123.43318 
    97.69592 -123.82043 
    97.12941 -124.26192 
    96.60710 -124.75209 
    96.04252 -125.18903 
    95.42428 -125.58730 
    94.94148 -126.12662 
    94.64745 -126.80748 
    94.39172 -127.48849 
    94.16086 -128.16183 
    93.94267 -128.82419 
    93.74079 -129.48160 
    93.63411 -130.16273 
    93.56169 -130.83855 
    93.48528 -131.50108 
    93.40467 -132.15686 
    93.31638 -132.81189 
Cell 24 100 -112.97672 -114.01926 
    -123.28139 -114.01926 
    -123.26972 -114.66684 
    -123.21624 -115.31281 
    -123.12106 -115.95439 
    -122.98456 -116.58884 
    -122.80726 -117.21339 
    -122.58992 -117.82539 
    -122.33347 -118.42221 
    -122.03904 -119.00130 
    -121.70792 -119.56024 
    -121.34158 -120.09668 
    -120.94165 -120.60842 
    -120.50992 -121.09341 
    -120.04829 -121.54973 
    -119.55881 -121.97564 
    -119.04359 -122.36959 
    -118.50485 -122.73021 
    -117.94488 -123.05631 
    -117.36599 -123.34693 
    -116.77050 -123.60126 
    -116.09830 -123.62650 
    -115.43404 -123.58994 
    -114.80155 -123.58538 
    -114.18768 -123.60510 
    -113.58144 -123.63100 
    -112.97672 -123.66032 
    -112.36794 -123.69536 
    -111.74941 -123.73432 
    -111.10886 -123.81093 
    -110.42408 -123.96111 
    -109.76256 -123.91141 
    -109.12555 -123.74619 
    -108.50441 -123.52340 
    -107.89545 -123.26203 
    -107.29951 -122.96510 
    -106.71869 -122.63269 
    -106.15527 -122.26497 
    -105.61174 -121.86216 
    -105.09079 -121.42464 
    -104.59530 -120.95297 
    -104.12833 -120.44798 
    -103.69308 -119.91083 
    -103.29281 -119.34303 
    -102.93080 -118.74651 
    -102.61023 -118.12364 
    -102.33414 -117.47724 
    -102.10528 -116.81057 
    -101.92606 -116.12728 
    -101.79845 -115.43140 
    -101.41171 -114.74686 
    -101.00882 -114.01926 
    -100.75989 -113.25064 
    -100.72413 -112.47140 
    -100.92387 -111.72005 
    -101.33615 -111.03047 
    -101.90105 -110.42056 
    -102.54248 -109.88805 
    -103.01493 -109.33160 
    -102.76016 -108.40266 
    -102.53792 -107.39459 
    -104.19690 -107.64035 
    -104.71003 -107.18046 
    -105.20946 -106.72532 
    -105.73252 -106.30498 
    -106.27623 -105.91976 
    -106.83778 -105.56975 
    -107.41467 -105.25487 
    -108.00457 -104.97495 
    -108.60542 -104.72979 
    -109.21537 -104.51919 
    -109.83270 -104.34297 
    -110.45583 -104.20106 
    -111.08326 -104.09342 
    -111.70711 -103.96925 
    -112.33611 -103.83710 
    -112.97672 -103.71332 
    -113.63246 -103.59649 
    -114.30668 -103.49154 
    -115.00030 -103.41125 
    -115.70951 -103.37572 
    -116.42416 -103.40911 
    -117.12810 -103.53407 
    -117.80172 -103.76561 
    -118.42624 -104.10661 
    -118.98828 -104.54655 
    -119.48299 -105.06415 
    -119.91449 -105.63293 
    -120.29370 -106.22746 
    -120.63441 -106.82820 
    -120.94921 -107.42384 
    -121.24667 -108.01079 
    -121.57662 -108.56159 
    -121.91609 -109.10480 
    -122.22100 -109.66923 
    -122.48985 -110.25275 
    -122.72125 -110.85307 
    -122.91404 -111.46779 
    -123.06717 -112.09440 
    -123.17984 -112.73030 
    -123.25140 -113.37283 
