33 25 
Cell 0 100 -117.59249 -151.43527 
    -127.59267 -151.43527 
    -127.57294 -152.06319 
    -127.51381 -152.68863 
    -127.41553 -153.30911 
    -127.27848 -153.92221 
    -127.10320 -154.52548 
    -126.89039 -155.11656 
    -126.64088 -155.69312 
    -126.35567 -156.25287 
    -126.03587 -156.79359 
    -125.68275 -157.31319 
    -125.29769 -157.80957 
    -124.88223 -158.28079 
    -124.43801 -158.72501 
    -123.96677 -159.14044 
    -123.47037 -159.52548 
    -122.95078 -159.87857 
    -122.41003 -160.19835 
    -121.85029 -160.48355 
    -121.27892 -160.74612 
    -120.69299 -160.97763 
    -120.09248 -161.17209 
    -119.47973 -161.32852 
    -118.85715 -161.44608 
    -118.22723 -161.52405 
    -117.59249 -161.56192 
    -116.95554 -161.55931 
    -116.31899 -161.51607 
    -115.68549 -161.43213 
    -115.05769 -161.30768 
    -114.43824 -161.14307 
    -113.82977 -160.93881 
    -113.23490 -160.69562 
    -112.65619 -160.41437 
    -112.09613 -160.09615 
    -111.55717 -159.74217 
    -111.04167 -159.35385 
    -110.55188 -158.93277 
    -110.08994 -158.48064 
    -109.65791 -157.99933 
    -109.25765 -157.49089 
    -108.89095 -156.95744 
    -108.55941 -156.40125 
    -108.26447 -155.82471 
    -108.01106 -155.22882 
    -107.81631 -154.61174 
    -107.99905 -153.89844 
    -108.25562 -153.21638 
    -108.44146 -152.59132 
    -108.59856 -152.00111 
    -108.74029 -151.43527 
    -108.87722 -150.88696 
    -109.01621 -150.35184 
    -109.15950 -149.82660 
    -109.33989 -149.31636 
    -109.53931 -148.81863 
    -109.71631 -148.31688 
    -109.87601 -147.80418 
    -110.02959 -147.27754 
    -110.18453 -146.73404 
    -110.32732 -146.15681 
    -110.39345 -145.47971 
    -109.99070 -144.29672 
    -109.29951 -142.60414 
    -109.70767 -141.90416 
    -110.35300 -141.47096 
    -111.27051 -141.47343 
    -112.25079 -141.71873 
    -113.07960 -141.84488 
    -113.82317 -141.91504 
    -114.51345 -141.95897 
    -115.16759 -141.99089 
    -115.78571 -141.96375 
    -116.39148 -141.92828 
    -116.99165 -141.88509 
    -117.59249 -141.83170 
    -118.20505 -141.69902 
    -118.83894 -141.56863 
    -119.50137 -141.42857 
    -120.20708 -141.25211 
    -120.97025 -141.03961 
    -121.63098 -141.23521 
    -122.18832 -141.66864 
    -122.73634 -142.07866 
    -123.31571 -142.41692 
    -123.81853 -142.86588 
    -124.38612 -143.22319 
    -125.17973 -143.35568 
    -125.17868 -144.31137 
    -125.49245 -144.89986 
    -125.83359 -145.44777 
    -126.14373 -146.00850 
    -126.42268 -146.58084 
    -126.67009 -147.16368 
    -126.89044 -147.75395 
    -127.10325 -148.34505 
    -127.27852 -148.94832 
    -127.41556 -149.56142 
    -127.51383 -150.18192 
    -127.57295 -150.80736 
Cell 1 100 -99.32809 -148.59654 
    -109.61765 -148.59654 
    -109.37504 -149.22864 
    -109.15635 -149.83813 
    -108.99325 -150.44026 
    -108.83935 -151.03862 
    -108.68945 -151.63823 
    -108.53454 -152.24162 
    -108.36488 -152.84892 
    -108.16582 -153.45512 
    -107.95185 -154.06935 
    -107.54202 -154.56430 
    -107.11446 -155.03798 
    -106.66808 -155.48924 
    -106.20202 -155.91653 
    -105.71912 -156.32196 
    -105.22422 -156.71185 
    -104.70550 -157.06998 
    -104.16500 -157.39484 
    -103.60485 -157.68510 
    -103.02726 -157.93958 
    -102.43453 -158.15718 
    -101.82902 -158.33701 
    -101.21314 -158.47829 
    -100.58936 -158.58043 
    -99.96016 -158.64297 
    -99.32809 -158.66563 
    -98.69569 -158.64828 
    -98.06551 -158.59097 
    -97.44007 -158.49390 
    -96.82192 -158.35744 
    -96.21355 -158.18211 
    -95.61742 -157.96863 
    -95.03594 -157.71783 
    -94.47147 -157.43073 
    -93.92628 -157.10844 
    -93.40257 -156.75232 
    -92.90247 -156.36378 
    -92.42799 -155.94441 
    -91.98104 -155.49588 
    -91.56341 -155.02005 
    -91.17678 -154.51881 
    -90.82172 -153.99486 
    -90.48685 -153.45706 
    -90.18105 -152.90082 
    -89.90399 -152.32780 
    -89.88904 -151.66347 
    -89.89608 -151.01828 
    -89.89530 -150.39594 
    -89.89027 -149.78882 
    -89.88354 -149.19073 
    -89.87945 -148.59654 
    -89.88097 -148.00218 
    -89.88959 -147.40417 
    -89.90306 -146.79861 
    -89.92770 -146.18294 
    -89.96395 -145.55396 
    -90.00869 -144.90674 
    -90.05416 -144.23256 
    -90.09254 -143.51926 
    -90.09373 -142.73624 
    -90.31754 -142.04999 
    -90.77288 -141.51906 
    -91.27508 -141.03426 
    -91.81687 -140.59790 
    -92.39059 -140.21056 
    -92.98872 -139.87114 
    -93.60439 -139.57744 
    -94.23178 -139.32639 
    -94.86629 -139.11473 
    -95.50453 -138.93933 
    -96.14422 -138.79758 
    -96.74087 -138.51996 
    -97.35273 -138.24132 
    -97.99101 -138.01245 
    -98.65253 -137.85887 
    -99.32809 -137.80147 
    -100.00425 -137.84938 
    -100.66717 -137.99672 
    -101.30664 -138.22464 
    -101.91843 -138.50786 
    -102.50390 -138.82242 
    -103.10824 -139.04900 
    -103.73267 -139.23636 
    -104.35640 -139.45009 
    -104.97979 -139.69090 
    -105.60246 -139.96063 
    -106.22285 -140.26222 
    -106.83779 -140.59953 
    -107.44217 -140.97693 
    -107.99178 -141.42934 
    -108.58847 -141.86848 
    -109.11069 -142.38832 
    -109.46978 -143.02110 
    -109.74489 -143.69478 
    -110.01416 -144.36563 
    -110.24677 -145.04884 
    -110.36583 -145.76254 
    -110.23866 -146.51524 
    -110.03932 -147.24339 
    -109.83511 -147.93550 
Cell 2 100 -79.51785 -149.65569 
    -89.88877 -149.65569 
    -89.89458 -150.30853 
    -89.89602 -150.96675 
    -89.88936 -151.63416 
    -89.85087 -152.30876 
    -89.54424 -152.91345 
    -89.21968 -153.49692 
    -88.87746 -154.05998 
    -88.51720 -154.60312 
    -88.13816 -155.12630 
    -87.73942 -155.62901 
    -87.32012 -156.11029 
    -86.87959 -156.56883 
    -86.43584 -157.02260 
    -85.98486 -157.47296 
    -85.50480 -157.89601 
    -84.99664 -158.28888 
    -84.46227 -158.64954 
    -83.90369 -158.97607 
    -83.32312 -159.26671 
    -82.72290 -159.51982 
    -82.10551 -159.73395 
    -81.47354 -159.90779 
    -80.82971 -160.04019 
    -80.17685 -160.13026 
    -79.51785 -160.17729 
    -78.85566 -160.18079 
    -78.19331 -160.14043 
    -77.53385 -160.05615 
    -76.88032 -159.92818 
    -76.23578 -159.75685 
    -75.60325 -159.54283 
    -74.98570 -159.28697 
    -74.38606 -158.99036 
    -73.80716 -158.65428 
    -73.25171 -158.28027 
    -72.72234 -157.87004 
    -72.22150 -157.42551 
    -71.75152 -156.94876 
    -71.31455 -156.44205 
    -70.91257 -155.90778 
    -70.54737 -155.34853 
    -70.22051 -154.76694 
    -69.93339 -154.16579 
    -69.68425 -153.54909 
    -69.42480 -152.93512 
    -69.20611 -152.30328 
    -69.03177 -151.65601 
    -68.88636 -150.99875 
    -68.77316 -150.33168 
    -68.70485 -149.65569 
    -68.68888 -148.97438 
    -68.72635 -148.29240 
    -68.81739 -147.61447 
    -68.96238 -146.94550 
    -69.16141 -146.29068 
    -69.41358 -145.65512 
    -69.71690 -145.04370 
    -70.06828 -144.46074 
    -70.46378 -143.90981 
    -70.89887 -143.39363 
    -71.44324 -142.97580 
    -72.07523 -142.66661 
    -72.66644 -142.35966 
    -73.22319 -142.04675 
    -73.73557 -141.69708 
    -74.24958 -141.35423 
    -74.77178 -141.02263 
    -75.30891 -140.71124 
    -75.85328 -140.40004 
    -76.41110 -140.09410 
    -76.98846 -139.80438 
    -77.59695 -139.58597 
    -78.22269 -139.40350 
    -78.86285 -139.24493 
    -79.51785 -139.10901 
    -80.19173 -138.94467 
    -80.88944 -138.79839 
    -81.59997 -138.74080 
    -82.30569 -138.79774 
    -83.04770 -138.79190 
    -83.81098 -138.81247 
    -84.56532 -138.92928 
    -85.29483 -139.14740 
    -86.04663 -139.36797 
    -86.78356 -139.65529 
    -87.49528 -140.01263 
    -88.17081 -140.44121 
    -88.79917 -140.93994 
    -89.37001 -141.50526 
    -89.87430 -142.13129 
    -90.09342 -142.94421 
    -90.07464 -143.85204 
    -90.02176 -144.71292 
    -89.96638 -145.51881 
    -89.92403 -146.27452 
    -89.89880 -146.99031 
    -89.88564 -147.67792 
    -89.88009 -148.34662 
    -89.88225 -149.00362 
Cell 3 100 -59.03681 -154.62007 
    -69.18879 -154.62007 
    -69.14398 -155.25597 
    -69.06203 -155.88655 
    -68.94361 -156.50989 
    -68.78929 -157.12408 
    -68.59962 -157.72722 
    -68.37510 -158.31735 
    -68.11629 -158.89255 
    -67.82384 -159.45078 
    -67.49976 -159.99083 
    -67.14544 -160.51134 
    -66.75907 -161.00848 
    -66.34222 -161.48030 
    -65.89653 -161.92493 
    -65.42378 -162.34059 
    -64.92587 -162.72566 
    -64.40476 -163.07861 
    -63.86254 -163.39804 
    -63.30137 -163.68272 
    -62.72346 -163.93150 
    -62.13114 -164.14345 
    -61.52673 -164.31769 
    -60.91265 -164.45360 
    -60.29133 -164.55061 
    -59.66522 -164.60840 
    -59.03681 -164.62672 
    -58.40858 -164.60555 
    -57.78297 -164.54518 
    -57.16227 -164.44673 
    -56.54886 -164.30998 
    -55.94500 -164.13570 
    -55.35281 -163.92477 
    -54.77430 -163.67836 
    -54.21124 -163.39775 
    -53.66520 -163.08437 
    -53.13748 -162.73979 
    -52.62912 -162.36563 
    -52.14089 -161.96349 
    -51.67331 -161.53485 
    -51.22678 -161.08109 
    -50.80162 -160.60329 
    -50.39823 -160.10228 
    -50.01731 -159.57858 
    -49.65999 -159.03247 
    -49.32803 -158.46405 
    -49.02393 -157.87346 
    -48.75100 -157.26102 
    -48.51337 -156.62752 
    -48.31240 -155.97488 
    -48.67765 -155.27182 
    -49.03980 -154.62007 
    -49.31454 -154.00839 
    -49.55046 -153.42166 
    -49.77652 -152.85358 
    -50.00787 -152.30183 
    -50.24614 -151.76381 
    -50.50713 -151.24294 
    -50.78403 -150.73660 
    -51.08028 -150.24594 
    -51.39431 -149.76999 
    -51.72008 -149.30415 
    -52.06261 -148.85051 
    -52.40453 -148.39195 
    -52.75356 -147.92908 
    -53.09935 -147.44292 
    -53.42535 -146.89656 
    -53.71320 -146.23140 
    -54.09215 -145.62578 
    -54.69100 -145.38475 
    -55.29713 -145.17471 
    -55.90974 -144.99594 
    -56.52804 -144.84908 
    -57.15113 -144.73499 
    -57.77789 -144.65466 
    -58.40662 -144.60347 
    -59.03681 -144.57083 
    -59.66878 -144.57520 
    -60.30055 -144.61652 
    -60.93016 -144.69476 
    -61.55560 -144.81001 
    -62.17580 -144.95926 
    -62.79303 -145.13293 
    -63.39172 -145.36542 
    -63.97117 -145.64450 
    -64.54061 -145.94746 
    -65.09029 -146.28818 
    -65.61684 -146.66618 
    -66.11686 -147.08058 
    -66.58697 -147.53000 
    -67.02399 -148.01251 
    -67.42503 -148.52567 
    -67.78770 -149.06659 
    -68.11009 -149.63199 
    -68.39094 -150.21835 
    -68.62950 -150.82205 
    -68.82563 -151.43950 
    -68.97959 -152.06720 
    -69.09201 -152.70193 
    -69.16372 -153.34074 
    -69.19566 -153.98093 
Cell 4 100 -41.64760 -147.87305 
    -52.79341 -147.87305 
    -52.29210 -148.54274 
    -51.82944 -149.15932 
    -51.41754 -149.73677 
    -51.05466 -150.28836 
    -50.73525 -150.82579 
    -50.44949 -151.35797 
    -50.18919 -151.89241 
    -49.95086 -152.43781 
    -49.71989 -152.99588 
    -49.49036 -153.57114 
    -49.24665 -154.15953 
    -48.96870 -154.74802 
    -48.64839 -155.32814 
    -48.25292 -155.85751 
    -47.70029 -156.20386 
    -47.13453 -156.51906 
    -46.59316 -156.86899 
    -46.03809 -157.20331 
    -45.46002 -157.50211 
    -44.86124 -157.76363 
    -44.24423 -157.98625 
    -43.61158 -158.16858 
    -42.96601 -158.30936 
    -42.31037 -158.40752 
    -41.64760 -158.46222 
    -40.98072 -158.47285 
    -40.31281 -158.43903 
    -39.64700 -158.36058 
    -38.98643 -158.23761 
    -38.33427 -158.07042 
    -37.69365 -157.85959 
    -37.06764 -157.60596 
    -36.45929 -157.31055 
    -35.87153 -156.97467 
    -35.30721 -156.59984 
    -34.76903 -156.18781 
    -34.25956 -155.74051 
    -33.78122 -155.26007 
    -33.33620 -154.74883 
    -32.92656 -154.20926 
    -32.55408 -153.64397 
    -32.22038 -153.05569 
    -31.92682 -152.44730 
    -31.67451 -151.82167 
    -31.46437 -151.18178 
    -31.29704 -150.53062 
    -31.17294 -149.87120 
    -31.09226 -149.20650 
    -31.05498 -148.53947 
    -31.06087 -147.87305 
    -31.10949 -147.21005 
    -31.20025 -146.55324 
    -31.33238 -145.90532 
    -31.50496 -145.26886 
    -31.71696 -144.64639 
    -31.96718 -144.04030 
    -32.25436 -143.45293 
    -32.57711 -142.88651 
    -32.93393 -142.34319 
    -33.32324 -141.82504 
    -33.74334 -141.33408 
    -34.19242 -140.87218 
    -34.65308 -140.42464 
    -35.14708 -140.01526 
    -35.71455 -139.70691 
    -36.28450 -139.42216 
    -36.84484 -139.13687 
    -37.40335 -138.85356 
    -37.96555 -138.57324 
    -38.53581 -138.29596 
    -39.11794 -138.02068 
    -39.71556 -137.74493 
    -40.33267 -137.46431 
    -40.97430 -137.17117 
    -41.64760 -136.85149 
    -42.35152 -136.68460 
    -43.06762 -136.63246 
    -43.81034 -136.53557 
    -44.53476 -136.62830 
    -45.27888 -136.69713 
    -46.02502 -136.81694 
    -46.76873 -136.99008 
    -47.50491 -137.21864 
    -48.22793 -137.50410 
    -48.93174 -137.84729 
    -49.61002 -138.24814 
    -50.25632 -138.70569 
    -50.86425 -139.21803 
    -51.42771 -139.78224 
    -51.94105 -140.39442 
    -52.39925 -141.04985 
    -52.79811 -141.74300 
    -53.13437 -142.46779 
    -53.40577 -143.21765 
    -53.61115 -143.98586 
    -53.75046 -144.76556 
    -53.82018 -145.55101 
    -53.65945 -146.35559 
    -53.27935 -147.14125 
Cell 5 100 -12.22730 -151.25940 
    -22.59735 -151.25940 
    -22.60840 -151.91252 
    -22.57666 -152.56683 
    -22.50193 -153.21939 
    -22.38425 -153.86726 
    -22.22384 -154.50748 
    -22.02116 -155.13705 
    -21.77690 -155.75310 
    -21.49195 -156.35268 
    -21.16745 -156.93300 
    -20.80472 -157.49126 
    -20.40531 -158.02484 
    -19.97096 -158.53117 
    -19.50361 -159.00789 
    -19.00537 -159.45268 
    -18.47853 -159.86348 
    -17.92553 -160.23837 
    -17.34892 -160.57559 
    -16.75141 -160.87363 
    -16.13579 -161.13113 
    -15.50496 -161.34702 
    -14.86187 -161.52040 
    -14.20952 -161.65059 
    -13.55095 -161.73717 
    -12.88920 -161.77995 
    -12.22730 -161.77892 
    -11.56827 -161.73434 
    -10.91507 -161.64671 
    -10.27062 -161.51668 
    -9.63772 -161.34512 
    -9.01912 -161.13315 
    -8.41743 -160.88202 
    -7.83516 -160.59315 
    -7.27468 -160.26819 
    -6.73819 -159.90884 
    -6.22777 -159.51704 
    -5.74533 -159.09476 
    -5.29261 -158.64409 
    -4.84867 -158.18839 
    -4.40819 -157.72792 
    -3.99451 -157.24086 
    -3.60930 -156.72855 
    -3.25425 -156.19237 
    -2.94396 -155.62781 
    -2.67751 -155.04042 
    -2.50801 -154.41739 
    -2.40163 -153.78220 
    -2.30553 -153.15207 
    -2.22106 -152.52348 
    -2.15088 -151.89336 
    -2.09657 -151.25940 
    -2.05881 -150.61964 
    -1.99678 -149.96700 
    -1.82486 -149.27504 
    -1.64160 -148.54146 
    -1.44124 -147.75479 
    -1.20903 -146.89696 
    -0.88608 -145.92262 
    -1.09530 -145.13953 
    -1.59957 -144.51485 
    -2.21609 -143.98582 
    -2.91332 -143.55420 
    -3.65727 -143.21161 
    -4.41690 -142.94217 
    -5.16814 -142.72633 
    -5.89584 -142.54489 
    -6.59359 -142.38211 
    -7.25896 -142.22203 
    -7.84999 -141.95714 
    -8.45407 -141.72931 
    -9.06887 -141.53877 
    -9.69216 -141.38568 
    -10.30735 -141.19467 
    -10.93133 -141.00079 
    -11.57370 -140.87074 
    -12.22730 -140.77756 
    -12.88658 -140.78033 
    -13.54989 -140.79002 
    -14.22110 -140.80754 
    -14.90259 -140.83984 
    -15.59657 -140.88986 
    -16.30116 -140.97002 
    -16.97660 -141.16663 
    -17.59237 -141.50038 
    -18.12833 -141.96086 
    -18.61365 -142.46935 
    -19.05282 -143.00876 
    -19.45281 -143.56502 
    -19.82103 -144.12842 
    -20.16371 -144.69383 
    -20.48480 -145.25998 
    -20.78571 -145.82806 
    -21.06560 -146.40050 
    -21.38039 -146.95229 
    -21.66892 -147.52119 
    -21.92142 -148.10959 
    -22.13640 -148.71518 
    -22.31256 -149.33554 
    -22.44873 -149.96814 
    -22.54392 -150.61034 
Cell 6 100 7.24281 -153.06149 
    -2.29336 -153.06149 
    -2.38409 -153.66716 
    -2.48678 -154.29062 
    -2.65268 -154.94916 
    -2.97544 -155.68509 
    -3.33025 -156.49689 
    -3.17716 -157.18704 
    -2.91598 -157.84186 
    -2.60956 -158.47787 
    -2.25923 -159.09166 
    -1.86669 -159.67993 
    -1.43399 -160.23956 
    -0.96340 -160.76764 
    -0.45742 -161.26140 
    0.08123 -161.71835 
    0.64963 -162.13622 
    1.24470 -162.51299 
    1.86320 -162.84695 
    2.50179 -163.13667 
    3.15704 -163.38097 
    3.82546 -163.57901 
    4.50353 -163.73026 
    5.18776 -163.83444 
    5.87464 -163.89163 
    6.56077 -163.90208 
    7.24281 -163.86644 
    7.91751 -163.78563 
    8.58179 -163.66061 
    9.23269 -163.49283 
    9.86743 -163.28374 
    10.48341 -163.03503 
    11.07822 -162.74864 
    11.64961 -162.42642 
    12.22375 -162.12180 
    12.80762 -161.83023 
    13.37658 -161.50391 
    13.92853 -161.14314 
    14.46126 -160.74837 
    14.97239 -160.32005 
    15.45941 -159.85886 
    15.91963 -159.36557 
    16.35026 -158.84126 
    16.74838 -158.28723 
    17.11106 -157.70514 
    17.43533 -157.09700 
    17.71832 -156.46519 
    17.95732 -155.81252 
    18.14985 -155.14212 
    18.29372 -154.45755 
    18.38714 -153.76263 
    18.42287 -153.06149 
    18.32566 -152.36421 
    18.20746 -151.67635 
    18.05123 -150.99966 
    17.85099 -150.33778 
    17.63232 -149.68573 
    17.41846 -149.03267 
    17.20366 -148.37427 
    16.91933 -147.74178 
    16.52396 -147.17149 
    16.09165 -146.63243 
    15.62570 -146.12656 
    15.12950 -145.65540 
    14.60637 -145.22009 
    14.05955 -144.82146 
    13.49213 -144.46004 
    12.90704 -144.13608 
    12.30702 -143.84972 
    11.69462 -143.60092 
    11.07219 -143.38957 
    10.44196 -143.21550 
    9.80598 -143.07857 
    9.16622 -142.97859 
    8.55419 -142.68079 
    7.91810 -142.32806 
    7.24281 -141.93530 
    6.51793 -141.53987 
    5.75804 -141.30833 
    4.96463 -141.11890 
    4.14474 -140.99533 
    3.38193 -141.17896 
    2.71098 -141.61540 
    2.14184 -142.22139 
    1.66871 -142.92226 
    1.22372 -143.57693 
    0.66452 -144.00726 
    0.15347 -144.49196 
    -0.30707 -145.02168 
    -0.71727 -145.58649 
    -0.99379 -146.24759 
    -1.21444 -146.91695 
    -1.39403 -147.58040 
    -1.56023 -148.22198 
    -1.71746 -148.84512 
    -1.86927 -149.45377 
    -2.00530 -150.05659 
    -2.06192 -150.67244 
    -2.09830 -151.27957 
    -2.14931 -151.87500 
    -2.21471 -152.46648 
Cell 7 100 27.09126 -146.92505 
    16.91314 -146.92505 
    16.94892 -147.56316 
    17.11853 -148.18489 
    17.33785 -148.78560 
    17.53202 -149.37946 
    17.72688 -149.96771 
    17.91739 -150.55724 
    18.08857 -151.16138 
    18.22828 -151.79750 
    18.34150 -152.47781 
    18.47561 -153.18468 
    18.85996 -153.73456 
    19.28142 -154.25897 
    19.73823 -154.75523 
    20.22845 -155.22076 
    20.74991 -155.65317 
    21.30028 -156.05017 
    21.87702 -156.40970 
    22.47744 -156.72989 
    23.09871 -157.00906 
    23.73785 -157.24576 
    24.39179 -157.43878 
    25.05734 -157.58719 
    25.73130 -157.69020 
    26.41037 -157.74741 
    27.09126 -157.75861 
    27.77066 -157.72382 
    28.44530 -157.64337 
    29.11194 -157.51785 
    29.76742 -157.34804 
    30.40867 -157.13499 
    31.03270 -156.88000 
    31.63669 -156.58458 
    32.21790 -156.25040 
    32.77383 -155.87936 
    33.30208 -155.47351 
    33.80050 -155.03513 
    34.26708 -154.56653 
    34.70008 -154.07022 
    35.09798 -153.54880 
    35.45956 -153.00497 
    35.78294 -152.44096 
    35.96782 -151.80499 
    36.16723 -151.19588 
    36.37651 -150.60135 
    36.59378 -150.01260 
    36.81959 -149.42285 
    37.05703 -148.82611 
    37.31256 -148.21631 
    37.59713 -147.58603 
    37.93063 -146.92505 
    38.07759 -146.23384 
    38.08039 -145.53680 
    38.03596 -144.83723 
    37.94300 -144.13879 
    37.80053 -143.44539 
    37.60796 -142.76118 
    37.36518 -142.09050 
    37.07260 -141.43776 
    36.73119 -140.80736 
    36.34248 -140.20364 
    35.90855 -139.63074 
    35.43204 -139.09253 
    34.91604 -138.59250 
    34.36409 -138.13371 
    33.84535 -137.62883 
    33.28057 -137.17224 
    32.66384 -136.78856 
    32.00379 -136.48538 
    31.31120 -136.26668 
    30.59799 -136.13242 
    29.87616 -136.07854 
    29.15670 -136.09760 
    28.45792 -136.10681 
    27.77172 -136.10933 
    27.09126 -135.93219 
    26.39082 -135.79196 
    25.67276 -135.69653 
    24.94128 -135.65450 
    24.20256 -135.67433 
    23.46468 -135.76360 
    22.73721 -135.92798 
    22.03060 -136.17061 
    21.35537 -136.49152 
    20.72122 -136.88748 
    20.13626 -137.35231 
    19.60629 -137.87729 
    19.13454 -138.45201 
    18.72153 -139.06535 
    18.36536 -139.70636 
    18.06227 -140.36511 
    17.80725 -141.03325 
    17.59483 -141.70435 
    17.41971 -142.37396 
    17.27734 -143.03944 
    17.16425 -143.69957 
    17.07823 -144.35414 
    17.01826 -145.00352 
    16.98441 -145.64825 
    16.96225 -146.28778 
Cell 8 100 45.71742 -153.14006 
    35.67896 -153.14006 
    35.69141 -153.77084 
    35.74430 -154.39996 
    35.83622 -155.02499 
    35.96745 -155.64343 
    36.13763 -156.25272 
    36.34616 -156.85040 
    36.59223 -157.43405 
    36.87493 -158.00127 
    37.19316 -158.54971 
    37.54571 -159.07716 
    37.93117 -159.58141 
    38.34801 -160.06039 
    38.79459 -160.51213 
    39.26910 -160.93475 
    39.76964 -161.32648 
    40.29418 -161.68571 
    40.84060 -162.01097 
    41.40667 -162.30087 
    41.99008 -162.55424 
    42.58845 -162.77005 
    43.19934 -162.94736 
    43.82023 -163.08549 
    44.44859 -163.18387 
    45.08186 -163.24210 
    45.71742 -163.25998 
    46.35270 -163.23744 
    46.98508 -163.17464 
    47.61201 -163.07182 
    48.23092 -162.92947 
    48.83930 -162.74821 
    49.43470 -162.52882 
    50.01471 -162.27226 
    50.57700 -161.97960 
    51.11932 -161.65210 
    51.63952 -161.29114 
    52.13554 -160.89822 
    52.60541 -160.47502 
    53.04731 -160.02328 
    53.45951 -159.54488 
    53.84043 -159.04176 
    54.18861 -158.51604 
    54.50274 -157.96983 
    54.78164 -157.40535 
    55.02430 -156.82491 
    55.23036 -156.23100 
    55.40359 -155.62704 
    55.53526 -155.01292 
    55.59785 -154.38824 
    55.56470 -153.75960 
    55.51091 -153.14006 
    55.44453 -152.52809 
    55.37163 -151.92046 
    55.29331 -151.31337 
    55.21328 -150.70193 
    55.13839 -150.07901 
    55.02436 -149.45518 
    54.77533 -148.87773 
    54.49049 -148.31703 
    54.17274 -147.77415 
    53.82625 -147.24866 
    53.45123 -146.74210 
    53.05005 -146.25427 
    52.62480 -145.78444 
    52.17700 -145.33177 
    51.70718 -144.89587 
    51.21473 -144.47768 
    50.69808 -144.08028 
    50.15517 -143.70935 
    49.68495 -143.11923 
    49.19101 -142.44945 
    48.48864 -142.34689 
    47.71380 -142.67468 
    47.05240 -142.57262 
    46.38426 -142.54102 
    45.71742 -142.39612 
    45.03968 -142.36763 
    44.38628 -142.60301 
    43.77732 -142.96967 
    43.16936 -143.21600 
    42.57197 -143.45935 
    41.99028 -143.72638 
    41.42412 -144.01633 
    40.87400 -144.32993 
    40.34121 -144.66850 
    39.82758 -145.03340 
    39.33535 -145.42546 
    38.86623 -145.84428 
    38.42229 -146.28947 
    38.00725 -146.76166 
    37.72476 -147.33305 
    37.45650 -147.89752 
    37.20932 -148.46269 
    36.97704 -149.02715 
    36.75498 -149.59158 
    36.54007 -150.15816 
    36.33119 -150.73009 
    36.12952 -151.31107 
    35.93883 -151.90474 
    35.74195 -152.51245 
Cell 9 100 65.91421 -153.23820 
    55.51944 -153.23820 
    55.57152 -153.88892 
    55.58230 -154.54343 
    55.50090 -155.22466 
    55.43494 -155.92882 
    55.60525 -156.58778 
    55.81282 -157.23763 
    56.05939 -157.87553 
    56.34605 -158.49834 
    56.67323 -159.10271 
    57.04056 -159.68529 
    57.44705 -160.24284 
    57.89117 -160.77234 
    58.37093 -161.27098 
    58.88417 -161.73607 
    59.42838 -162.16518 
    60.00086 -162.55615 
    60.59874 -162.90700 
    61.21896 -163.21613 
    61.85839 -163.48204 
    62.51376 -163.70370 
    63.18178 -163.88029 
    63.85912 -164.01137 
    64.54244 -164.09682 
    65.22852 -164.13689 
    65.91421 -164.13210 
    66.59653 -164.08342 
    67.27274 -163.99205 
    67.94032 -163.85945 
    68.59712 -163.68745 
    69.24130 -163.47795 
    69.87138 -163.23289 
    70.48629 -162.95438 
    71.08521 -162.64423 
    71.66763 -162.30415 
    72.23321 -161.93556 
    72.78161 -161.53947 
    73.31237 -161.11646 
    73.82471 -160.66666 
    74.31742 -160.18994 
    74.78857 -159.68581 
    75.23554 -159.15370 
    75.65486 -158.59317 
    75.99242 -157.98065 
    76.03516 -157.24538 
    76.11134 -156.55145 
    76.26952 -155.89700 
    76.41468 -155.24127 
    76.50324 -154.57591 
    76.54969 -153.90733 
    76.55886 -153.23820 
    76.52720 -152.57050 
    76.46985 -151.90472 
    76.39844 -151.23824 
    76.31600 -150.56747 
    76.10542 -149.92688 
    75.86610 -149.29797 
    75.60786 -148.67673 
    75.32925 -148.06224 
    75.02921 -147.45366 
    74.70670 -146.85008 
    74.36234 -146.24930 
    73.99608 -145.64883 
    73.60761 -145.04555 
    73.19873 -144.43272 
    72.75751 -143.81920 
    72.16555 -143.38766 
    71.53854 -143.00758 
    70.88142 -142.68233 
    70.19970 -142.41428 
    69.49916 -142.20485 
    68.78516 -142.05656 
    68.05716 -142.00444 
    67.32915 -142.03781 
    66.61674 -142.07162 
    65.91421 -142.10683 
    65.21886 -142.18596 
    64.53659 -142.33325 
    63.87094 -142.52705 
    63.22321 -142.75745 
    62.59996 -143.03799 
    61.99945 -143.35066 
    61.42252 -143.69289 
    60.86979 -144.06245 
    60.34180 -144.45749 
    59.83907 -144.87650 
    59.36217 -145.31815 
    58.91177 -145.78137 
    58.37843 -146.16164 
    57.83239 -146.55234 
    57.28233 -146.96678 
    56.73826 -147.41498 
    56.21850 -147.90794 
    55.74804 -148.45438 
    55.35422 -149.05721 
    55.07191 -149.71533 
    55.18707 -150.48393 
    55.27973 -151.20958 
    55.36979 -151.90613 
    55.45014 -152.57986 
Cell 10 100 85.49883 -145.10742 
    73.64745 -145.10742 
    74.10316 -145.82437 
    74.50397 -146.49640 
    74.85995 -147.13689 
    75.17884 -147.75714 
    75.46735 -148.36684 
    75.73164 -148.97452 
    75.97656 -149.58826 
    76.20136 -150.21875 
    76.57278 -150.77206 
    77.04446 -151.24988 
    77.51882 -151.70905 
    77.99944 -152.14983 
    78.48992 -152.57115 
    78.99344 -152.97108 
    79.51233 -153.34712 
    80.04800 -153.69653 
    80.60096 -154.01660 
    81.17086 -154.30482 
    81.75669 -154.55898 
    82.35693 -154.77719 
    82.96964 -154.95796 
    83.59263 -155.10007 
    84.22350 -155.20261 
    84.85976 -155.26495 
    85.49883 -155.28670 
    86.13805 -155.26767 
    86.77509 -155.21004 
    87.40785 -155.11491 
    88.03387 -154.98080 
    88.65086 -154.80840 
    89.25663 -154.59856 
    89.84912 -154.35228 
    90.42639 -154.07063 
    90.98664 -153.75484 
    91.52821 -153.40616 
    92.04956 -153.02589 
    92.54930 -152.61542 
    93.02615 -152.17606 
    93.47891 -151.70912 
    93.90646 -151.21593 
    94.30770 -150.69771 
    94.68156 -150.15567 
    95.02690 -149.59099 
    95.34254 -149.00482 
    95.62717 -148.39832 
    95.87936 -147.77269 
    96.09754 -147.12924 
    96.27999 -146.46941 
    96.42482 -145.79483 
    96.53005 -145.10742 
    96.59362 -144.40939 
    96.61344 -143.70332 
    96.58749 -142.99214 
    96.51389 -142.27924 
    96.39098 -141.56834 
    96.21745 -140.86362 
    95.99241 -140.16951 
    95.71548 -139.49077 
    95.31532 -138.87769 
    94.82439 -138.33200 
    94.31021 -137.81801 
    93.79274 -137.31892 
    93.27432 -136.82736 
    92.74590 -136.34723 
    92.20579 -135.87608 
    91.65241 -135.41092 
    91.08583 -134.94469 
    90.46140 -134.56142 
    89.76554 -134.33092 
    89.05763 -134.15453 
    88.34259 -134.03168 
    87.62508 -133.96120 
    86.90941 -133.94148 
    86.19950 -133.97047 
    85.49883 -134.04587 
    84.81039 -134.16516 
    84.13679 -134.32578 
    83.48014 -134.52510 
    82.84222 -134.76067 
    82.22449 -135.03006 
    81.62811 -135.33112 
    81.05407 -135.66183 
    80.50320 -136.02043 
    79.97628 -136.40529 
    79.43120 -136.75606 
    78.81305 -137.02571 
    78.18275 -137.31660 
    77.54011 -137.63368 
    76.88791 -137.98386 
    76.23286 -138.37531 
    75.58591 -138.81650 
    74.96220 -139.31487 
    74.38021 -139.87540 
    73.86024 -140.49937 
    73.42245 -141.18358 
    73.08458 -141.91998 
    72.86012 -142.69646 
    72.76708 -143.49902 
    73.12404 -144.32886 
Cell 11 100 109.39272 -151.00964 
    99.22768 -151.00964 
    99.23825 -151.64851 
    99.28964 -152.28596 
    99.38175 -152.91934 
    99.51428 -153.54599 
    99.68677 -154.16330 
    99.89856 -154.76865 
    100.14883 -155.35948 
    100.43658 -155.93332 
    100.76065 -156.48772 
    101.11971 -157.02034 
    101.51228 -157.52892 
    101.93671 -158.01131 
    102.39122 -158.46548 
    102.87391 -158.88953 
    103.38274 -159.28168 
    103.91553 -159.64029 
    104.47007 -159.96390 
    105.04398 -160.25117 
    105.63483 -160.50096 
    106.24014 -160.71227 
    106.85734 -160.88429 
    107.48383 -161.01637 
    108.11699 -161.10806 
    108.75417 -161.15909 
    109.39272 -161.16934 
    110.03000 -161.13895 
    110.66341 -161.06818 
    111.29037 -160.95750 
    111.90842 -160.80765 
    112.51515 -160.61952 
    113.10835 -160.39429 
    113.68599 -160.13332 
    114.24630 -159.83829 
    114.78786 -159.51105 
    115.30972 -159.15372 
    115.81139 -158.76849 
    116.29293 -158.35764 
    116.75498 -157.92326 
    117.19857 -157.46721 
    117.62501 -156.99075 
    118.03551 -156.49454 
    118.43082 -155.97838 
    118.81062 -155.44138 
    119.17316 -154.88199 
    119.51476 -154.29849 
    119.82965 -153.68939 
    120.11008 -153.05409 
    120.34669 -152.39345 
    120.52937 -151.71030 
    120.64824 -151.00964 
    120.69481 -150.29857 
    120.66308 -149.58586 
    120.55037 -148.88121 
    120.67923 -148.11176 
    120.86594 -147.28177 
    120.50767 -146.60892 
    119.71355 -146.15303 
    118.92330 -145.77016 
    118.44923 -145.26221 
    117.94978 -144.79257 
    117.43300 -144.35814 
    116.90477 -143.95535 
    116.36880 -143.58087 
    115.82691 -143.23204 
    115.30410 -142.87332 
    114.78764 -142.50861 
    114.25230 -142.17009 
    113.69999 -141.85622 
    113.13173 -141.56598 
    112.54755 -141.30006 
    111.94683 -141.06203 
    111.32906 -140.85893 
    110.69505 -140.70061 
    110.04778 -140.59778 
    109.39272 -140.55919 
    108.73711 -140.58907 
    108.06620 -140.50920 
    107.34585 -140.27960 
    106.58536 -140.07571 
    105.81297 -139.99231 
    105.07990 -140.11671 
    104.43834 -140.48106 
    103.91342 -141.04285 
    103.49034 -141.70900 
    103.12641 -142.38483 
    102.77718 -143.01283 
    102.41673 -143.58098 
    102.04173 -144.10660 
    101.66294 -144.61502 
    101.26899 -145.10741 
    100.90261 -145.62166 
    100.56900 -146.15877 
    100.26962 -146.71664 
    100.00584 -147.29312 
    99.77886 -147.88591 
    99.58975 -148.49268 
    99.43941 -149.11095 
    99.32859 -149.73825 
    99.25788 -150.37201 
Cell 12 100 -115.73645 -132.63353 
    -127.38509 -132.63353 
    -127.47320 -133.37195 
    -127.50252 -134.11993 
    -127.47226 -134.87225 
    -127.38239 -135.62370 
    -127.23344 -136.36913 
    -127.02658 -137.10361 
    -126.76359 -137.82251 
    -126.44661 -138.52148 
    -126.07824 -139.19662 
    -125.66131 -139.84436 
    -125.19888 -140.46153 
    -124.69413 -141.04535 
    -124.15034 -141.59341 
    -123.57081 -142.10364 
    -122.43485 -141.85309 
    -121.09445 -141.07639 
    -120.43904 -141.18752 
    -119.83574 -141.34496 
    -119.24049 -141.48373 
    -118.65213 -141.60706 
    -118.07150 -141.72795 
    -117.49279 -141.84056 
    -116.90598 -141.89125 
    -116.32149 -141.93239 
    -115.73645 -141.96591 
    -115.14780 -141.98993 
    -114.55810 -141.96115 
    -113.96420 -141.92401 
    -113.36447 -141.87177 
    -112.75934 -141.79614 
    -112.14941 -141.69336 
    -111.54445 -141.54198 
    -110.89446 -141.44109 
    -110.13551 -141.45920 
    -109.21531 -141.60910 
    -108.28276 -141.64349 
    -107.70123 -141.19017 
    -107.22592 -140.62544 
    -106.79672 -140.02911 
    -106.41278 -139.40758 
    -106.07565 -138.76445 
    -105.78659 -138.10352 
    -105.54633 -137.42863 
    -105.35534 -136.74370 
    -105.21379 -136.05255 
    -105.11605 -135.36038 
    -105.05494 -134.67114 
    -105.01393 -133.98810 
    -105.01214 -133.30824 
    -105.02820 -132.63353 
    -104.82643 -131.94713 
    -104.39543 -131.20082 
    -104.05748 -130.40564 
    -103.97365 -129.61336 
    -104.23647 -128.89696 
    -104.80749 -128.30644 
    -105.54296 -127.83684 
    -106.28431 -127.43717 
    -106.89212 -127.02074 
    -107.15575 -126.39929 
    -107.45262 -125.78055 
    -107.78870 -125.17010 
    -108.17030 -124.57640 
    -108.60289 -124.01053 
    -109.08992 -123.48537 
    -109.63184 -123.01421 
    -110.22551 -122.60917 
    -110.86426 -122.27960 
    -111.53852 -122.03077 
    -112.23697 -121.86324 
    -112.94794 -121.77299 
    -113.66074 -121.75224 
    -114.36669 -121.79076 
    -115.05975 -121.87758 
    -115.73645 -122.00235 
    -116.39561 -122.15658 
    -117.03755 -122.33428 
    -117.66341 -122.53205 
    -118.27441 -122.74883 
    -118.87136 -122.98526 
    -119.45440 -123.24307 
    -120.02288 -123.52440 
    -120.57553 -123.83128 
    -121.11055 -124.16531 
    -121.62585 -124.52748 
    -122.11918 -124.91814 
    -122.58833 -125.33701 
    -123.03198 -125.78257 
    -123.44727 -126.25459 
    -123.88642 -126.71223 
    -124.39014 -127.14173 
    -124.87182 -127.61132 
    -125.32684 -128.12064 
    -125.75044 -128.66872 
    -126.13792 -129.25389 
    -126.48464 -129.87386 
    -126.78638 -130.52565 
    -127.03919 -131.20566 
    -127.23972 -131.90981 
Cell 13 100 -90.53675 -126.44943 
    -100.66811 -126.44943 
    -100.66245 -127.08649 
    -100.61626 -127.72277 
    -100.52951 -128.35565 
    -100.40240 -128.98250 
    -100.23532 -129.60069 
    -100.02879 -130.20760 
    -99.78356 -130.80064 
    -99.50054 -131.37732 
    -99.18082 -131.93512 
    -98.82565 -132.47166 
    -98.43646 -132.98463 
    -98.01485 -133.47183 
    -97.56252 -133.93111 
    -97.08137 -134.36052 
    -96.57341 -134.75818 
    -96.04078 -135.12239 
    -95.48573 -135.45158 
    -94.91061 -135.74435 
    -94.31787 -135.99945 
    -93.71004 -136.21581 
    -93.08971 -136.39255 
    -92.45952 -136.52892 
    -91.82215 -136.62444 
    -91.18032 -136.67873 
    -90.53675 -136.69164 
    -89.89415 -136.66322 
    -89.25523 -136.59369 
    -88.62266 -136.48346 
    -87.99905 -136.33310 
    -87.38699 -136.14339 
    -86.78896 -135.91528 
    -86.20735 -135.64987 
    -85.64447 -135.34845 
    -85.10249 -135.01245 
    -84.57932 -134.64912 
    -84.05487 -134.28467 
    -83.55080 -133.88870 
    -83.06902 -133.46210 
    -82.61150 -133.00577 
    -82.18033 -132.52072 
    -81.77768 -132.00810 
    -81.40579 -131.46922 
    -81.06699 -130.90556 
    -80.76363 -130.31888 
    -80.49805 -129.71120 
    -80.27254 -129.08484 
    -80.08926 -128.44240 
    -79.95014 -127.78683 
    -79.85690 -127.12135 
    -79.81086 -126.44943 
    -79.81298 -125.77475 
    -79.86376 -125.10112 
    -79.96324 -124.43243 
    -80.11095 -123.77254 
    -80.30595 -123.12524 
    -80.54684 -122.49415 
    -80.83179 -121.88262 
    -81.08887 -121.25542 
    -81.35290 -120.62119 
    -81.65774 -119.99845 
    -82.00443 -119.39088 
    -82.39369 -118.80259 
    -82.82587 -118.23818 
    -83.30071 -117.70256 
    -83.81727 -117.20086 
    -84.37385 -116.73824 
    -84.96790 -116.31974 
    -85.59610 -115.95002 
    -86.25430 -115.63321 
    -86.93771 -115.37271 
    -87.64096 -115.17107 
    -88.35835 -115.02985 
    -89.08398 -114.94959 
    -89.81200 -114.92982 
    -90.53675 -114.96909 
    -91.25299 -115.06513 
    -91.95599 -115.21495 
    -92.64167 -115.41504 
    -93.30661 -115.66154 
    -93.94808 -115.95045 
    -94.56400 -116.27776 
    -95.15288 -116.63967 
    -95.71369 -117.03261 
    -96.24582 -117.45338 
    -96.74886 -117.89919 
    -97.22260 -118.36762 
    -97.66687 -118.85663 
    -98.08144 -119.36449 
    -98.46605 -119.88975 
    -98.82027 -120.43110 
    -99.20857 -120.94613 
    -99.56380 -121.48677 
    -99.85548 -122.06437 
    -100.07864 -122.67153 
    -100.23957 -123.29680 
    -100.35182 -123.92935 
    -100.44454 -124.55942 
    -100.55869 -125.18336 
    -100.63340 -125.81421 
Cell 14 100 -68.59545 -133.28952 
    -79.25652 -133.28952 
    -79.22350 -133.95818 
    -79.15027 -134.62291 
    -79.03639 -135.28123 
    -78.88164 -135.93056 
    -78.68606 -136.56816 
    -78.45007 -137.19124 
    -78.17440 -137.79703 
    -77.86011 -138.38281 
    -77.50854 -138.94594 
    -77.12132 -139.48392 
    -76.66610 -139.96614 
    -76.05157 -140.29129 
    -75.47549 -140.61601 
    -74.92119 -140.93602 
    -74.39001 -141.26506 
    -73.87291 -141.60547 
    -73.35887 -141.95416 
    -72.82231 -142.27205 
    -72.26840 -142.56631 
    -71.70164 -142.84938 
    -71.12376 -143.13660 
    -70.51225 -143.33775 
    -69.88158 -143.47031 
    -69.24161 -143.55989 
    -68.59545 -143.61331 
    -67.94476 -143.63187 
    -67.29092 -143.61589 
    -66.63524 -143.56534 
    -65.97895 -143.48012 
    -65.32336 -143.35997 
    -64.66981 -143.20456 
    -64.01974 -143.01340 
    -63.37480 -142.78584 
    -62.73684 -142.52122 
    -62.10798 -142.21877 
    -61.49069 -141.87770 
    -60.88778 -141.49736 
    -60.30241 -141.07721 
    -59.73814 -140.61693 
    -59.19885 -140.11655 
    -58.68871 -139.57652 
    -58.21214 -138.99780 
    -57.77365 -138.38187 
    -57.37782 -137.73090 
    -57.02911 -137.04765 
    -56.73177 -136.33560 
    -56.48967 -135.59882 
    -56.30622 -134.84201 
    -56.18445 -134.07036 
    -56.12820 -133.28952 
    -56.14493 -132.50620 
    -56.27828 -131.73351 
    -56.65140 -131.01108 
    -57.18806 -130.36060 
    -57.68560 -129.74469 
    -58.23944 -129.18929 
    -58.80272 -128.68141 
    -59.31538 -128.18776 
    -59.79691 -127.70580 
    -60.25904 -127.23277 
    -60.70897 -126.76525 
    -61.08104 -126.23302 
    -61.42767 -125.65662 
    -61.80852 -125.08553 
    -62.23198 -124.53096 
    -62.69914 -123.99842 
    -63.21740 -123.50687 
    -63.77659 -123.04893 
    -64.49623 -122.93607 
    -65.22440 -122.91448 
    -65.91532 -122.85109 
    -66.59207 -122.78743 
    -67.26524 -122.75979 
    -67.93345 -122.76731 
    -68.59545 -122.80931 
    -69.25003 -122.88525 
    -69.89599 -122.99469 
    -70.53209 -123.13731 
    -71.15702 -123.31286 
    -71.79029 -123.45682 
    -72.43206 -123.59937 
    -73.06876 -123.78326 
    -73.69646 -124.01083 
    -74.31043 -124.28416 
    -74.90538 -124.60465 
    -75.47554 -124.97292 
    -76.01499 -125.38851 
    -76.51796 -125.84979 
    -76.98006 -126.35316 
    -77.39882 -126.89350 
    -77.77319 -127.46516 
    -78.10313 -128.06262 
    -78.38937 -128.68085 
    -78.63299 -129.31538 
    -78.83511 -129.96245 
    -78.99684 -130.61890 
    -79.11971 -131.28191 
    -79.20410 -131.94934 
    -79.24987 -132.61920 
Cell 15 100 -53.83857 -120.69929 
    -64.41396 -120.69929 
    -64.36747 -121.36171 
    -64.25957 -122.01577 
    -64.01604 -122.64075 
    -63.58879 -123.20272 
    -63.02909 -123.68547 
    -62.56305 -124.15356 
    -62.16572 -124.61774 
    -61.81105 -125.08220 
    -61.49380 -125.55745 
    -61.19477 -126.04388 
    -60.87828 -126.52305 
    -60.51395 -126.96789 
    -60.11366 -127.38158 
    -59.70826 -127.79453 
    -59.29413 -128.20822 
    -58.86570 -128.62077 
    -58.41765 -129.02861 
    -57.96375 -129.46574 
    -57.50729 -129.96542 
    -57.03715 -130.54352 
    -56.52342 -131.15610 
    -55.86242 -131.30867 
    -55.19254 -131.41704 
    -54.51687 -131.48058 
    -53.83857 -131.49884 
    -53.16082 -131.47173 
    -52.48683 -131.39938 
    -51.81977 -131.28217 
    -51.16280 -131.12071 
    -50.51898 -130.91592 
    -49.89131 -130.66891 
    -49.28269 -130.38101 
    -48.69588 -130.05380 
    -48.13350 -129.68904 
    -47.59801 -129.28867 
    -47.09174 -128.85480 
    -46.61678 -128.38971 
    -46.17505 -127.89581 
    -45.76826 -127.37563 
    -45.35605 -126.86220 
    -44.92751 -126.35442 
    -44.56958 -125.79495 
    -44.22682 -125.22223 
    -43.87669 -124.64347 
    -43.55502 -124.04061 
    -43.32010 -123.39997 
    -43.12573 -122.74287 
    -42.98191 -122.07080 
    -42.89040 -121.38808 
    -42.85279 -120.69929 
    -42.86991 -120.00920 
    -42.94171 -119.32269 
    -43.06734 -118.64457 
    -43.24518 -117.97937 
    -43.47288 -117.33127 
    -43.74754 -116.70396 
    -44.06584 -116.10059 
    -44.42422 -115.52370 
    -44.81899 -114.97529 
    -44.79895 -114.13162 
    -44.32596 -112.82977 
    -45.75968 -113.11271 
    -46.69265 -113.08966 
    -47.21949 -112.69820 
    -47.72900 -112.29020 
    -48.21595 -111.83947 
    -48.72800 -111.40320 
    -49.26600 -110.98209 
    -49.83111 -110.57761 
    -50.42457 -110.19209 
    -51.04754 -109.82896 
    -51.70080 -109.49271 
    -52.38447 -109.18892 
    -53.09773 -108.92410 
    -53.83857 -108.70541 
    -54.60354 -108.54041 
    -55.38771 -108.43655 
    -56.18464 -108.40071 
    -56.98653 -108.43877 
    -57.78444 -108.55513 
    -58.56872 -108.75229 
    -59.32940 -109.03067 
    -60.05676 -109.38845 
    -60.74177 -109.82159 
    -61.37661 -110.32406 
    -61.95502 -110.88818 
    -62.47258 -111.50500 
    -62.92679 -112.16488 
    -63.31709 -112.85797 
    -63.64469 -113.57472 
    -63.91227 -114.30632 
    -64.12367 -115.04501 
    -64.28344 -115.78431 
    -64.39644 -116.51913 
    -64.46750 -117.24574 
    -64.50108 -117.96162 
    -64.50100 -118.66532 
    -64.47038 -119.35618 
    -64.41146 -120.03410 
Cell 16 100 -34.45623 -130.05182 
    -45.40752 -130.05182 
    -45.31532 -130.73502 
    -45.17167 -131.40549 
    -45.00478 -132.06406 
    -44.94424 -132.74469 
    -44.87424 -133.43683 
    -44.78016 -134.13934 
    -44.59225 -134.82147 
    -44.35633 -135.49445 
    -44.07268 -136.15460 
    -43.44580 -136.58313 
    -42.46398 -136.67641 
    -41.68716 -136.84210 
    -41.09011 -137.11618 
    -40.51824 -137.37953 
    -39.96364 -137.63213 
    -39.42384 -137.87953 
    -38.89508 -138.12607 
    -38.37290 -138.37517 
    -37.85243 -138.62964 
    -37.32843 -138.89156 
    -36.79534 -139.16208 
    -36.24726 -139.44077 
    -35.67843 -139.72653 
    -35.08625 -140.06567 
    -34.45623 -140.58524 
    -33.76583 -141.02530 
    -33.03267 -141.32042 
    -32.27760 -141.47261 
    -31.51932 -141.49033 
    -30.77987 -141.36647 
    -30.09844 -141.05832 
    -29.44417 -140.70297 
    -28.82056 -140.30305 
    -28.23081 -139.86151 
    -27.67780 -139.38153 
    -27.16413 -138.86646 
    -26.69202 -138.31985 
    -26.26334 -137.74545 
    -25.87963 -137.14700 
    -25.54200 -136.52838 
    -25.25124 -135.89348 
    -25.00775 -135.24617 
    -24.88539 -134.55551 
    -24.99546 -133.79759 
    -24.98692 -133.12859 
    -24.84838 -132.51869 
    -24.73762 -131.90575 
    -24.65856 -131.28955 
    -24.61897 -130.67073 
    -24.58131 -130.05182 
    -24.56699 -129.42964 
    -24.58297 -128.80453 
    -24.62451 -128.17633 
    -24.68900 -127.54402 
    -24.82872 -126.92365 
    -24.99537 -126.30600 
    -25.18720 -125.69015 
    -25.40318 -125.07487 
    -25.64335 -124.45900 
    -25.90909 -123.84196 
    -26.20323 -123.22434 
    -26.52996 -122.60856 
    -26.89442 -121.99931 
    -27.30209 -121.40395 
    -27.75788 -120.83234 
    -28.26527 -120.29642 
    -28.82538 -119.80934 
    -29.43642 -119.38419 
    -30.09344 -119.03269 
    -30.78853 -118.76382 
    -31.51149 -118.58282 
    -32.25081 -118.49060 
    -32.99484 -118.48377 
    -33.73292 -118.55515 
    -34.45623 -118.69480 
    -35.15839 -118.89130 
    -35.83558 -119.13309 
    -36.48633 -119.40963 
    -37.11098 -119.71225 
    -37.71101 -120.03463 
    -38.28839 -120.37288 
    -38.84497 -120.72527 
    -39.38662 -121.08348 
    -39.97116 -121.36168 
    -40.54505 -121.67128 
    -41.10659 -122.01292 
    -41.65348 -122.38752 
    -42.18266 -122.79621 
    -42.69024 -123.24005 
    -43.17150 -123.71980 
    -43.62278 -124.23455 
    -43.98084 -124.81562 
    -44.33511 -125.40318 
    -44.69858 -125.99659 
    -44.98694 -126.63018 
    -45.19183 -127.29539 
    -45.33751 -127.97610 
    -45.42137 -128.66660 
    -45.44400 -129.36053 
Cell 17 100 -14.76929 -131.22771 
    -24.65460 -131.22771 
    -24.73104 -131.85445 
    -24.84511 -132.50058 
    -24.98754 -133.17694 
    -24.98766 -133.85133 
    -24.89106 -134.51646 
    -24.76487 -135.18523 
    -24.49446 -135.80402 
    -24.18430 -136.40364 
    -23.83612 -136.98169 
    -23.45173 -137.53587 
    -23.03304 -138.06407 
    -22.58202 -138.56435 
    -22.10067 -139.03482 
    -21.59106 -139.47382 
    -21.05532 -139.87968 
    -20.49559 -140.25090 
    -19.91412 -140.58611 
    -19.31318 -140.88396 
    -18.69488 -141.14261 
    -18.05628 -141.34401 
    -17.37165 -141.36320 
    -16.64694 -141.07066 
    -15.99564 -140.93526 
    -15.37619 -140.87398 
    -14.76929 -140.83353 
    -14.16667 -140.80612 
    -13.56125 -140.79031 
    -12.94686 -140.78122 
    -12.31721 -140.77794 
    -11.63911 -140.86142 
    -10.89544 -141.01195 
    -10.29644 -140.73300 
    -9.71856 -140.41496 
    -9.16375 -140.06062 
    -8.63433 -139.67175 
    -8.13252 -139.25018 
    -7.66034 -138.79797 
    -7.21967 -138.31728 
    -6.81222 -137.81038 
    -6.43951 -137.27965 
    -6.10287 -136.72758 
    -5.80344 -136.15672 
    -5.54216 -135.56967 
    -5.31981 -134.96902 
    -5.13692 -134.35745 
    -4.99388 -133.73761 
    -4.87800 -133.11458 
    -4.76214 -132.49190 
    -4.68148 -131.86238 
    -4.63602 -131.22771 
    -4.62581 -130.58954 
    -4.65095 -129.94946 
    -4.71169 -129.30911 
    -4.80844 -128.67020 
    -4.94178 -128.03456 
    -5.11243 -127.40429 
    -5.32123 -126.78178 
    -5.56902 -126.16982 
    -5.85658 -125.57153 
    -6.18447 -124.99046 
    -6.55292 -124.43053 
    -6.96169 -123.89587 
    -7.40994 -123.39079 
    -7.89619 -122.91955 
    -8.41824 -122.48623 
    -8.97321 -122.09454 
    -9.55759 -121.74765 
    -10.16733 -121.44804 
    -10.66647 -120.86516 
    -10.96562 -119.52121 
    -11.77591 -119.56924 
    -12.65719 -120.15568 
    -13.36177 -120.08599 
    -14.07189 -120.14273 
    -14.76929 -120.30130 
    -15.44251 -120.52723 
    -16.08826 -120.78699 
    -16.70958 -121.05637 
    -17.32635 -121.26862 
    -17.93189 -121.49425 
    -18.52098 -121.75204 
    -19.09237 -122.04070 
    -19.64483 -122.35915 
    -20.17706 -122.70643 
    -20.68773 -123.08167 
    -21.18912 -123.46747 
    -21.70476 -123.84219 
    -22.19851 -124.25121 
    -22.66759 -124.69366 
    -23.10918 -125.16843 
    -23.52047 -125.67404 
    -23.89876 -126.20874 
    -24.24146 -126.77045 
    -24.54617 -127.35677 
    -24.64042 -128.02039 
    -24.58946 -128.70631 
    -24.56881 -129.35834 
    -24.57985 -129.98834 
    -24.61517 -130.60826 
Cell 18 100 7.45946 -131.51120 
    -2.65495 -131.51120 
    -2.62139 -132.14543 
    -2.56178 -132.77718 
    -2.46618 -133.40462 
    -2.33092 -134.02495 
    -2.15651 -134.63562 
    -1.94364 -135.23415 
    -1.69315 -135.81808 
    -1.40603 -136.38504 
    -1.08345 -136.93269 
    -0.72670 -137.45880 
    -0.33724 -137.96120 
    0.08334 -138.43784 
    0.53333 -138.88678 
    1.01087 -139.30621 
    1.51401 -139.69441 
    2.04068 -140.04982 
    2.58873 -140.37102 
    3.15589 -140.65674 
    3.73987 -140.90581 
    4.36700 -141.02882 
    4.99101 -141.12520 
    5.59785 -141.27008 
    6.20461 -141.44440 
    6.82634 -141.57446 
    7.45946 -141.59109 
    8.09215 -141.56754 
    8.72198 -141.50504 
    9.34666 -141.40425 
    9.96408 -141.26602 
    10.57228 -141.09148 
    11.16957 -140.88185 
    11.75532 -140.64037 
    12.32881 -140.36852 
    12.88635 -140.06261 
    13.42605 -139.72351 
    13.95273 -139.36021 
    14.46505 -138.97139 
    14.96246 -138.55699 
    15.44502 -138.11743 
    15.91255 -137.65273 
    16.36440 -137.16245 
    16.79928 -136.64581 
    17.21505 -136.10184 
    17.60855 -135.52951 
    17.97556 -134.92809 
    18.31078 -134.29735 
    18.60749 -133.63780 
    18.84193 -132.94914 
    18.67537 -132.21684 
    18.26696 -131.51120 
    17.94351 -130.85161 
    17.66438 -130.22202 
    17.40503 -129.61398 
    17.15322 -129.02228 
    16.90400 -128.44247 
    16.66332 -127.86713 
    16.41956 -127.29489 
    16.16297 -126.72641 
    15.89379 -126.15862 
    15.61346 -125.58697 
    15.33291 -124.99772 
    15.08430 -124.35100 
    14.87055 -123.61919 
    14.44802 -123.06349 
    13.81876 -122.75838 
    13.18379 -122.49110 
    12.54604 -122.25875 
    11.92486 -122.02174 
    11.30474 -121.79913 
    10.67455 -121.61617 
    10.03690 -121.47273 
    9.39427 -121.36860 
    8.74900 -121.30346 
    8.10433 -121.26131 
    7.45946 -121.20919 
    6.81065 -121.19861 
    6.16074 -121.23073 
    5.51281 -121.30649 
    4.87016 -121.42653 
    4.23624 -121.59115 
    3.61460 -121.80020 
    3.00881 -122.05308 
    2.42233 -122.34869 
    1.85848 -122.68547 
    1.32032 -123.06140 
    0.81058 -123.47408 
    0.33160 -123.92080 
    -0.11463 -124.39865 
    -0.52658 -124.90457 
    -0.90305 -125.43548 
    -1.24321 -125.98832 
    -1.54650 -126.56013 
    -1.81258 -127.14811 
    -2.04452 -127.74831 
    -2.24334 -128.35857 
    -2.40333 -128.97887 
    -2.52443 -129.60667 
    -2.60666 -130.23955 
    -2.65011 -130.87515 
Cell 19 100 25.88428 -124.72811 
    15.22927 -124.72811 
    15.51515 -125.38048 
    15.81602 -126.00002 
    16.10042 -126.59448 
    16.36429 -127.17243 
    16.60983 -127.74156 
    16.84700 -128.30623 
    17.08685 -128.86786 
    17.32766 -129.43216 
    17.57126 -130.00371 
    17.82474 -130.58371 
    18.09899 -131.16867 
    18.40572 -131.75095 
    18.71702 -132.36047 
    19.20687 -132.79971 
    19.71502 -133.21938 
    20.25058 -133.60541 
    20.81127 -133.95589 
    21.39464 -134.26909 
    21.99812 -134.54343 
    22.61902 -134.77756 
    23.25457 -134.97018 
    23.90192 -135.12004 
    24.55806 -135.22629 
    25.21982 -135.28954 
    25.88428 -135.31020 
    26.54859 -135.28690 
    27.20961 -135.21915 
    27.86428 -135.10760 
    28.50963 -134.95317 
    29.14275 -134.75664 
    29.76079 -134.51906 
    30.36101 -134.24164 
    30.94076 -133.92581 
    31.49754 -133.57318 
    32.02898 -133.18555 
    32.53286 -132.76486 
    33.00716 -132.31320 
    33.45003 -131.83282 
    33.85986 -131.32608 
    34.23526 -130.79546 
    34.57513 -130.24348 
    34.87864 -129.67281 
    35.14530 -129.08601 
    35.37496 -128.48573 
    35.56784 -127.87449 
    35.72451 -127.25465 
    35.84587 -126.62839 
    35.93309 -125.99757 
    35.98748 -125.36375 
    36.01040 -124.72811 
    36.00300 -124.09149 
    35.96611 -123.45448 
    35.89995 -122.81752 
    35.80403 -122.18115 
    35.67704 -121.54625 
    35.51687 -120.91430 
    35.32071 -120.28767 
    35.08537 -119.66977 
    34.83340 -119.04883 
    34.60772 -118.39017 
    34.35356 -117.72172 
    34.06387 -117.04697 
    33.73060 -116.37263 
    33.34563 -115.70889 
    32.90194 -115.06914 
    32.39474 -114.46928 
    31.82255 -113.92645 
    31.18782 -113.45752 
    30.49718 -113.07728 
    29.76096 -112.79692 
    28.99242 -112.62273 
    28.20634 -112.55548 
    27.41764 -112.59039 
    26.63991 -112.71782 
    25.88428 -112.92455 
    25.15870 -113.19533 
    24.46768 -113.51452 
    23.81254 -113.86765 
    23.19205 -114.24255 
    22.60322 -114.63004 
    22.04185 -115.02324 
    21.41297 -115.22609 
    20.79304 -115.46718 
    20.18466 -115.74695 
    19.59067 -116.06570 
    19.01416 -116.42356 
    18.45847 -116.82042 
    17.92712 -117.25584 
    17.42381 -117.72900 
    16.95230 -118.23865 
    16.51635 -118.78304 
    16.11961 -119.35993 
    15.76551 -119.96658 
    15.45719 -120.59973 
    15.19736 -121.25572 
    14.98823 -121.93048 
    14.83146 -122.61967 
    14.75113 -123.32167 
    14.99433 -124.04297 
Cell 20 100 49.38643 -125.35612 
    39.33479 -125.35612 
    39.34909 -125.98761 
    39.40308 -126.61731 
    39.49666 -127.24269 
    39.62954 -127.86126 
    39.80128 -128.47052 
    40.01126 -129.06801 
    40.25871 -129.65129 
    40.54268 -130.21800 
    40.86209 -130.76582 
    41.21569 -131.29251 
    41.60208 -131.79590 
    42.01972 -132.27391 
    42.46692 -132.72466 
    42.94191 -133.14621 
    43.44277 -133.53687 
    43.96748 -133.89502 
    44.51390 -134.21921 
    45.07983 -134.50812 
    45.66294 -134.76059 
    46.26087 -134.97560 
    46.87120 -135.15231 
    47.49144 -135.29002 
    48.11908 -135.38826 
    48.75159 -135.44664 
    49.38643 -135.46500 
    50.02107 -135.44336 
    50.65298 -135.38187 
    51.27969 -135.28090 
    51.89874 -135.14093 
    52.50778 -134.96263 
    53.10447 -134.74681 
    53.68660 -134.49443 
    54.25201 -134.20657 
    54.79868 -133.88445 
    55.32465 -133.52937 
    55.82809 -133.14275 
    56.24484 -132.65958 
    56.43279 -131.97308 
    56.65809 -131.37177 
    56.89454 -130.81108 
    57.13401 -130.27287 
    57.37241 -129.74644 
    57.60869 -129.22522 
    57.84480 -128.70503 
    58.08570 -128.18268 
    58.34233 -127.65559 
    58.61900 -127.11732 
    58.92080 -126.56059 
    59.25264 -125.97685 
    59.61953 -125.35612 
    60.03516 -124.68616 
    60.52885 -123.94850 
    60.61521 -123.21411 
    60.57514 -122.48335 
    60.30727 -121.80772 
    59.92495 -121.18362 
    59.45906 -120.61630 
    59.02598 -120.05673 
    58.88080 -119.33081 
    58.69102 -118.59594 
    58.44274 -117.86409 
    58.12291 -117.15202 
    57.72166 -116.48000 
    57.23436 -115.86961 
    56.66293 -115.34087 
    56.01609 -114.90945 
    55.30828 -114.58431 
    54.55774 -114.36653 
    53.78388 -114.24943 
    53.00478 -114.21999 
    52.23512 -114.26123 
    51.48502 -114.35493 
    50.76277 -114.46130 
    50.07098 -114.47549 
    49.38643 -114.53595 
    48.71222 -114.63982 
    48.05089 -114.78423 
    47.40450 -114.96645 
    46.77467 -115.18395 
    46.16270 -115.43450 
    45.56971 -115.71617 
    44.99664 -116.02734 
    44.44444 -116.36667 
    43.91405 -116.73302 
    43.40650 -117.12545 
    42.92292 -117.54308 
    42.46452 -117.98503 
    42.03263 -118.45043 
    41.62860 -118.93829 
    41.25388 -119.44748 
    40.90988 -119.97673 
    40.59798 -120.52463 
    40.31951 -121.08955 
    40.06819 -121.66676 
    39.85110 -122.25790 
    39.67099 -122.86162 
    39.52869 -123.47565 
    39.42489 -124.09768 
    39.36013 -124.72532 
Cell 21 100 66.24053 -132.22653 
    56.36340 -132.22653 
    56.17507 -132.85980 
    56.03131 -133.51625 
    55.92611 -134.19411 
    55.92957 -134.87393 
    56.02486 -135.54581 
    56.13271 -136.22850 
    56.33460 -136.88791 
    56.62702 -137.51160 
    56.96092 -138.11555 
    57.33523 -138.69661 
    57.74851 -139.25174 
    58.19900 -139.77803 
    58.68470 -140.27267 
    59.20325 -140.73314 
    59.75215 -141.15703 
    60.32864 -141.54219 
    60.92981 -141.88669 
    61.55259 -142.18890 
    62.19379 -142.44742 
    62.85165 -142.65645 
    63.56815 -142.63475 
    64.29939 -142.40231 
    64.97573 -142.23845 
    65.61679 -142.14067 
    66.24053 -142.09047 
    66.85921 -142.06012 
    67.47912 -142.03093 
    68.10645 -142.00797 
    68.76407 -142.05505 
    69.43050 -142.04425 
    70.06014 -141.87378 
    70.67421 -141.64857 
    71.25024 -141.33917 
    71.78011 -140.95551 
    72.28097 -140.54047 
    72.75109 -140.09645 
    73.18898 -139.62589 
    73.59336 -139.13130 
    73.98373 -138.63226 
    74.37963 -138.13994 
    74.74613 -137.62434 
    75.08202 -137.08719 
    75.38623 -136.53017 
    75.65768 -135.95505 
    75.89534 -135.36357 
    76.09816 -134.75754 
    76.26509 -134.13882 
    76.39503 -133.50934 
    76.48690 -132.87119 
    76.53958 -132.22653 
    76.55201 -131.57779 
    76.52319 -130.92754 
    76.45222 -130.27855 
    76.33842 -129.63383 
    76.18133 -128.99657 
    75.98080 -128.37009 
    75.73702 -127.75783 
    75.45053 -127.16329 
    75.12203 -126.59016 
    74.75198 -126.04260 
    74.34126 -125.52502 
    73.89431 -125.03916 
    73.41898 -124.58227 
    72.91742 -124.15556 
    72.39028 -123.76212 
    71.87966 -123.34068 
    71.39835 -122.84449 
    70.88853 -122.34904 
    70.34207 -121.86723 
    69.75237 -121.41819 
    69.11634 -121.02599 
    68.43625 -120.71616 
    67.72055 -120.51100 
    66.98301 -120.42522 
    66.24053 -120.46271 
    65.51005 -120.61582 
    64.80549 -120.86702 
    64.13571 -121.19268 
    63.50382 -121.56773 
    62.90797 -121.96998 
    62.34337 -122.38342 
    61.71489 -122.60906 
    61.09373 -122.86454 
    60.60049 -123.33926 
    60.38373 -124.16534 
    60.02120 -124.70865 
    59.68686 -125.24758 
    59.37138 -125.77597 
    59.07138 -126.29570 
    58.78551 -126.81014 
    58.51341 -127.32275 
    58.25443 -127.83614 
    58.00745 -128.35234 
    57.76885 -128.87236 
    57.53099 -129.39664 
    57.29000 -129.92842 
    57.04522 -130.47243 
    56.80054 -131.03398 
    56.56588 -131.61786 
Cell 22 100 82.00182 -117.47188 
    69.86641 -117.47188 
    69.88548 -118.23417 
    69.97888 -118.99073 
    70.14417 -119.73385 
    70.37785 -120.45641 
    70.67513 -121.15214 
    71.03094 -121.81555 
    71.44033 -122.44173 
    71.89665 -123.02724 
    72.38905 -123.57233 
    72.91277 -124.07545 
    73.43534 -124.55869 
    73.95994 -125.02370 
    74.49360 -125.46732 
    75.06310 -125.85934 
    75.65351 -126.20957 
    76.25432 -126.52848 
    76.86466 -126.81633 
    77.48389 -127.07296 
    78.11144 -127.29783 
    78.74670 -127.49009 
    79.38886 -127.64866 
    80.03690 -127.77233 
    80.68951 -127.85988 
    81.34510 -127.91012 
    82.00182 -127.92991 
    82.65881 -127.91445 
    83.31364 -127.85600 
    83.96339 -127.75480 
    84.60516 -127.61125 
    85.23611 -127.42603 
    85.85344 -127.19997 
    86.45440 -126.93409 
    87.03635 -126.62965 
    87.59674 -126.28806 
    88.13314 -125.91093 
    88.64325 -125.49999 
    89.12206 -125.05417 
    89.54871 -124.55889 
    89.94309 -124.04147 
    90.32291 -123.51751 
    90.68826 -122.98446 
    91.01836 -122.42877 
    91.31076 -121.85233 
    91.56435 -121.25795 
    91.78418 -120.65036 
    91.97882 -120.03354 
    92.15884 -119.40943 
    92.33645 -118.77744 
    92.52425 -118.13390 
    92.73166 -117.47188 
    92.96058 -116.78241 
    93.20105 -116.05708 
    93.42865 -115.29209 
    93.60579 -114.49249 
    93.68757 -113.67495 
    93.63144 -112.86739 
    93.40807 -112.10451 
    93.00952 -111.42034 
    92.45207 -110.83994 
    91.77222 -110.37327 
    91.01748 -110.01347 
    90.51660 -109.47596 
    90.10476 -108.84312 
    89.64550 -108.23225 
    89.13850 -107.64909 
    88.58418 -107.09973 
    87.98389 -106.59053 
    87.33991 -106.12785 
    86.65557 -105.71783 
    85.93518 -105.36622 
    85.18400 -105.07809 
    84.40811 -104.85763 
    83.61427 -104.70800 
    82.80968 -104.63118 
    82.00182 -104.62788 
    81.19812 -104.69751 
    80.40582 -104.83827 
    79.63168 -105.04718 
    78.88181 -105.32027 
    78.16154 -105.65273 
    77.47527 -106.03915 
    76.82648 -106.47373 
    76.21765 -106.95053 
    75.65040 -107.46365 
    75.12547 -108.00742 
    74.64296 -108.57655 
    74.20235 -109.16629 
    73.80274 -109.77244 
    73.44296 -110.39138 
    73.12171 -111.02010 
    72.64041 -111.53095 
    72.13781 -112.04910 
    71.66734 -112.60884 
    71.23632 -113.20952 
    70.85231 -113.84919 
    70.52268 -114.52454 
    70.25420 -115.23090 
    70.05266 -115.96235 
    69.92246 -116.71191 
Cell 23 100 100.19964 -130.05533 
    88.66287 -130.05533 
    88.83365 -130.77042 
    89.05353 -131.46341 
    89.31522 -132.13164 
    89.61200 -132.77377 
    89.93806 -133.38951 
    90.28870 -133.97934 
    90.66044 -134.54413 
    91.17398 -135.01723 
    91.69894 -135.45003 
    92.19756 -135.86917 
    92.67198 -136.28275 
    93.12888 -136.69521 
    93.57370 -137.11124 
    94.01408 -137.53239 
    94.45475 -137.96249 
    94.89634 -138.41199 
    95.33387 -138.90611 
    95.84737 -139.30435 
    96.41953 -139.60278 
    97.01241 -139.86462 
    97.62362 -140.08827 
    98.25070 -140.27200 
    98.89100 -140.41425 
    99.54167 -140.51337 
    100.19964 -140.56781 
    100.86156 -140.57640 
    101.52397 -140.53853 
    102.18340 -140.45454 
    102.83688 -140.32669 
    103.48610 -140.17001 
    104.13414 -139.99275 
    104.76583 -139.75899 
    105.37500 -139.46927 
    105.96421 -139.13884 
    106.53061 -138.76917 
    107.07141 -138.36188 
    107.58392 -137.91879 
    108.06570 -137.44206 
    108.51439 -136.93390 
    108.92782 -136.39673 
    109.30405 -135.83316 
    109.64133 -135.24594 
    109.93814 -134.63792 
    110.19318 -134.01205 
    110.40540 -133.37138 
    110.57399 -132.71901 
    110.69841 -132.05807 
    110.77837 -131.39174 
    110.81386 -130.72311 
    110.80510 -130.05533 
    110.75261 -129.39139 
    110.65715 -128.73424 
    110.51974 -128.08667 
    110.34167 -127.45129 
    110.12445 -126.83056 
    109.86976 -126.22665 
    109.57953 -125.64149 
    109.25580 -125.07666 
    108.90070 -124.53347 
    108.51641 -124.01284 
    108.10509 -123.51537 
    107.66875 -123.04136 
    107.20930 -122.59080 
    106.72832 -122.16351 
    106.22715 -121.75917 
    105.70673 -121.37754 
    105.16769 -121.01849 
    104.61029 -120.68221 
    104.03457 -120.36940 
    103.44040 -120.08128 
    102.82767 -119.81983 
    102.19643 -119.58775 
    101.54718 -119.38844 
    100.88097 -119.22594 
    100.19964 -119.10477 
    99.50597 -119.02972 
    98.80371 -119.00544 
    98.09763 -119.03622 
    97.39338 -119.12568 
    96.69734 -119.27636 
    96.01634 -119.48953 
    95.35738 -119.76501 
    94.72725 -120.10110 
    94.13219 -120.49456 
    93.57757 -120.94083 
    93.06765 -121.43423 
    92.43728 -121.78925 
    91.82094 -122.18720 
    91.23290 -122.63741 
    90.69236 -123.14789 
    90.21127 -123.71651 
    89.76750 -124.32021 
    89.36282 -124.95591 
    89.03047 -125.63315 
    88.77937 -126.34466 
    88.60870 -127.07928 
    88.51611 -127.82658 
    88.49764 -128.57703 
    88.54856 -129.32231 
Cell 24 100 -107.17194 -111.86387 
    -117.47742 -111.86387 
    -117.46270 -112.51131 
    -117.40623 -113.15676 
    -117.30814 -113.79745 
    -117.16886 -114.43064 
    -116.98897 -115.05361 
    -116.76925 -115.66370 
    -116.51067 -116.25834 
    -116.21439 -116.83499 
    -115.88174 -117.39128 
    -115.51423 -117.92489 
    -115.11348 -118.43368 
    -114.68130 -118.91562 
    -114.21960 -119.36886 
    -113.73042 -119.79170 
    -113.21589 -120.18265 
    -112.67821 -120.54035 
    -112.11964 -120.86370 
    -111.54249 -121.15174 
    -110.94904 -121.40373 
    -110.34156 -121.61894 
    -109.72237 -121.79713 
    -109.09375 -121.93833 
    -108.45778 -122.04233 
    -107.81651 -122.10902 
    -107.17194 -122.13857 
    -106.52598 -122.13119 
    -105.88044 -122.08717 
    -105.23708 -122.00679 
    -104.59759 -121.89031 
    -103.96365 -121.73798 
    -103.33694 -121.54999 
    -102.71918 -121.32648 
    -102.11218 -121.06754 
    -101.51787 -120.77326 
    -100.93832 -120.44371 
    -100.37582 -120.07897 
    -99.83281 -119.67925 
    -99.31199 -119.24486 
    -98.81624 -118.77631 
    -98.34861 -118.27439 
    -97.91232 -117.74021 
    -97.51063 -117.17522 
    -97.14686 -116.58131 
    -96.82420 -115.96083 
    -96.54575 -115.31653 
    -96.31427 -114.65164 
    -96.13223 -113.96980 
    -96.00164 -113.27501 
    -95.60931 -112.59133 
    -95.20438 -111.86387 
    -94.95344 -111.09515 
    -94.91570 -110.31554 
    -95.11351 -109.56360 
    -95.52396 -108.87318 
    -96.08715 -108.26220 
    -96.72701 -107.72842 
    -97.19204 -107.16768 
    -96.95976 -106.24967 
    -96.73787 -105.24220 
    -98.39732 -105.48873 
    -98.88145 -105.00537 
    -99.38039 -104.54710 
    -99.90337 -104.12362 
    -100.44739 -103.73528 
    -101.00966 -103.38221 
    -101.58762 -103.06439 
    -102.17899 -102.78171 
    -102.78164 -102.53399 
    -103.39368 -102.32108 
    -104.01340 -102.14286 
    -104.63914 -101.99925 
    -105.26938 -101.89026 
    -105.90260 -101.81596 
    -106.53161 -101.68600 
    -107.17194 -101.56223 
    -107.82742 -101.44537 
    -108.50137 -101.34036 
    -109.19474 -101.25999 
    -109.90371 -101.22434 
    -110.61813 -101.25758 
    -111.32187 -101.38235 
    -111.99531 -101.61370 
    -112.61967 -101.95448 
    -113.18159 -102.39417 
    -113.67621 -102.91152 
    -114.10764 -103.48004 
    -114.48684 -104.07430 
    -114.82755 -104.67477 
    -115.14239 -105.27015 
    -115.43991 -105.85684 
    -115.79314 -106.39269 
    -116.13168 -106.93821 
    -116.43517 -107.50493 
    -116.70216 -108.09059 
    -116.93136 -108.69285 
    -117.12165 -109.30922 
    -117.27208 -109.93716 
    -117.38188 -110.57405 
    -117.45045 -111.21720 
