50 25 
Cell 0 100 -119.32749 -150.41588 
    -129.32762 -150.41588 
    -129.30788 -151.04379 
    -129.24875 -151.66922 
    -129.15047 -152.28970 
    -129.01341 -152.90280 
    -128.83813 -153.50607 
    -128.62532 -154.09715 
    -128.37582 -154.67369 
    -128.09061 -155.23344 
    -127.77081 -155.77417 
    -127.41768 -156.29375 
    -127.03264 -156.79013 
    -126.61726 -157.26143 
    -126.17731 -157.71019 
    -125.71254 -158.13408 
    -125.22307 -158.53044 
    -124.71004 -158.89742 
    -124.17464 -159.23280 
    -123.61860 -159.53494 
    -123.04375 -159.80208 
    -122.45222 -160.03279 
    -121.84624 -160.22575 
    -121.22825 -160.38000 
    -120.60075 -160.49474 
    -119.96629 -160.56932 
    -119.32749 -160.60326 
    -118.68700 -160.59625 
    -118.04749 -160.54819 
    -117.41164 -160.45912 
    -116.78217 -160.32928 
    -116.16172 -160.15912 
    -115.55296 -159.94925 
    -114.95850 -159.70044 
    -114.38090 -159.41370 
    -113.82264 -159.09013 
    -113.28613 -158.73111 
    -112.77368 -158.33807 
    -112.28751 -157.91270 
    -111.82971 -157.45676 
    -111.40224 -156.97221 
    -111.00694 -156.46112 
    -110.64548 -155.92566 
    -110.31938 -155.36813 
    -110.03001 -154.79094 
    -109.77858 -154.19656 
    -109.55272 -153.59189 
    -109.34868 -152.97800 
    -109.18000 -152.35161 
    -109.09133 -151.70900 
    -109.44341 -151.03773 
    -109.75359 -150.41588 
    -110.00767 -149.82953 
    -110.22713 -149.26624 
    -110.42511 -148.71765 
    -110.60837 -148.17719 
    -110.78165 -147.63916 
    -110.95425 -147.10068 
    -111.13309 -146.55988 
    -111.31586 -146.01144 
    -111.54133 -145.47462 
    -111.80322 -144.94917 
    -112.08279 -144.42255 
    -112.37302 -143.88519 
    -112.65948 -143.31516 
    -112.87333 -142.61412 
    -112.39410 -140.87288 
    -113.06638 -140.54996 
    -113.95818 -140.64915 
    -114.74487 -140.67729 
    -115.47200 -140.67802 
    -116.15898 -140.66420 
    -116.81245 -140.62042 
    -117.44257 -140.53476 
    -118.06708 -140.43866 
    -118.69296 -140.33034 
    -119.32749 -140.16002 
    -119.98720 -139.93022 
    -120.68398 -139.67816 
    -121.43430 -139.37161 
    -122.22299 -139.13866 
    -122.90981 -139.39066 
    -123.54092 -139.77396 
    -124.10023 -140.27328 
    -124.55309 -140.91057 
    -125.04993 -141.39876 
    -125.54760 -141.85464 
    -126.12112 -142.20380 
    -126.91473 -142.33629 
    -126.91368 -143.29198 
    -127.23141 -143.87718 
    -127.57581 -144.42313 
    -127.88945 -144.98230 
    -128.17204 -145.55354 
    -128.42323 -146.13576 
    -128.64246 -146.72783 
    -128.83823 -147.32565 
    -129.01349 -147.92894 
    -129.15051 -148.54204 
    -129.24879 -149.16252 
    -129.30791 -149.78796 
Cell 1 100 -101.40038 -145.08446 
    -111.73579 -145.08446 
    -111.43991 -145.71608 
    -111.21173 -146.32391 
    -111.01452 -146.91846 
    -110.82489 -147.50427 
    -110.63778 -148.08586 
    -110.44306 -148.66470 
    -110.23584 -149.24211 
    -110.01189 -149.81866 
    -109.76389 -150.39211 
    -109.48356 -150.95723 
    -109.18508 -151.52452 
    -108.73892 -151.97580 
    -108.27309 -152.40315 
    -107.79330 -152.81218 
    -107.29805 -153.20190 
    -106.77900 -153.55980 
    -106.23820 -153.88441 
    -105.67778 -154.17439 
    -105.09997 -154.42854 
    -104.50705 -154.64580 
    -103.90140 -154.82526 
    -103.28542 -154.96617 
    -102.66159 -155.06792 
    -102.03240 -155.13007 
    -101.40038 -155.15234 
    -100.76808 -155.13461 
    -100.13804 -155.07693 
    -99.51279 -154.97954 
    -98.89487 -154.84276 
    -98.28677 -154.66716 
    -97.69095 -154.45341 
    -97.10980 -154.20241 
    -96.54568 -153.91513 
    -96.00086 -153.59274 
    -95.47755 -153.23654 
    -94.97784 -152.84798 
    -94.50375 -152.42862 
    -94.05719 -151.98018 
    -93.63994 -151.50446 
    -93.25367 -151.00339 
    -92.89676 -150.48102 
    -92.56207 -149.94336 
    -92.25642 -149.38728 
    -92.05091 -148.78618 
    -92.05216 -148.12187 
    -92.04120 -147.48749 
    -92.02415 -146.87308 
    -92.00275 -146.27165 
    -91.98177 -145.67702 
    -91.96413 -145.08446 
    -91.95247 -144.49005 
    -91.94241 -143.88963 
    -91.94037 -143.27986 
    -91.94787 -142.65747 
    -91.96344 -142.01822 
    -91.97826 -141.35397 
    -91.98841 -140.65552 
    -91.97282 -139.90160 
    -91.98971 -139.11226 
    -92.39181 -138.53935 
    -92.84694 -138.00844 
    -93.34891 -137.52362 
    -93.89049 -137.08723 
    -94.46400 -136.69981 
    -95.06192 -136.36032 
    -95.67741 -136.06648 
    -96.30462 -135.81531 
    -96.93897 -135.60349 
    -97.57708 -135.42790 
    -98.21666 -135.28596 
    -98.81329 -135.00842 
    -99.42505 -134.72940 
    -100.06327 -134.50012 
    -100.72478 -134.34613 
    -101.40038 -134.28831 
    -102.07663 -134.33585 
    -102.73969 -134.48280 
    -103.37935 -134.71037 
    -103.99136 -134.99326 
    -104.57711 -135.30751 
    -105.17977 -135.53882 
    -105.76345 -135.81248 
    -106.36420 -136.05531 
    -106.97248 -136.30424 
    -107.57906 -136.58025 
    -108.16168 -136.91145 
    -108.66517 -137.34825 
    -109.18017 -137.77875 
    -109.70264 -138.21623 
    -110.23325 -138.66701 
    -110.77508 -139.13510 
    -111.33659 -139.62199 
    -111.88068 -140.15280 
    -112.35843 -140.74585 
    -112.55566 -141.45990 
    -112.75112 -142.17009 
    -112.78207 -142.91328 
    -112.47331 -143.68562 
    -112.08848 -144.41202 
Cell 2 100 -81.51458 -146.74358 
    -92.01954 -146.74358 
    -92.03893 -147.40572 
    -92.05135 -148.07469 
    -92.05097 -148.75351 
    -91.85023 -149.39732 
    -91.54371 -150.00223 
    -91.21922 -150.58591 
    -90.87705 -151.14922 
    -90.51682 -151.69260 
    -90.13776 -152.21602 
    -89.73898 -152.71895 
    -89.31962 -153.20047 
    -88.88703 -153.66678 
    -88.46610 -154.14619 
    -88.01382 -154.59981 
    -87.53144 -155.02507 
    -87.02071 -155.41983 
    -86.48353 -155.78204 
    -85.92199 -156.10979 
    -85.33833 -156.40126 
    -84.73494 -156.65482 
    -84.11434 -156.86899 
    -83.47919 -157.04247 
    -82.83227 -157.17412 
    -82.17641 -157.26309 
    -81.51458 -157.30864 
    -80.84978 -157.31030 
    -80.18506 -157.26781 
    -79.52351 -157.18115 
    -78.86821 -157.05052 
    -78.22224 -156.87637 
    -77.58865 -156.65936 
    -76.97041 -156.40042 
    -76.37049 -156.10065 
    -75.79168 -155.76141 
    -75.23673 -155.38429 
    -74.70824 -154.97104 
    -74.20865 -154.52361 
    -73.74027 -154.04414 
    -73.30524 -153.53493 
    -72.90549 -152.99844 
    -72.54279 -152.43726 
    -72.21864 -151.85406 
    -71.93440 -151.25166 
    -71.68449 -150.63559 
    -71.42666 -150.02135 
    -71.20391 -149.39090 
    -71.01829 -148.74585 
    -70.87220 -148.08803 
    -70.76837 -147.41968 
    -70.70969 -146.74358 
    -70.69897 -146.06311 
    -70.73876 -145.38228 
    -70.83105 -144.70558 
    -70.97701 -144.03798 
    -71.17682 -143.38463 
    -71.42960 -142.75066 
    -71.73331 -142.14085 
    -72.08488 -141.55956 
    -72.48038 -141.01030 
    -72.91525 -140.49579 
    -73.38484 -140.01807 
    -73.88428 -139.57825 
    -74.40804 -139.17587 
    -74.95175 -138.81047 
    -75.51170 -138.48132 
    -76.08482 -138.18764 
    -76.66849 -137.92856 
    -77.23127 -137.64108 
    -77.79997 -137.36156 
    -78.38387 -137.10822 
    -78.98205 -136.88002 
    -79.59406 -136.67584 
    -80.21986 -136.49477 
    -80.85980 -136.33621 
    -81.51458 -136.20020 
    -82.18612 -136.06973 
    -82.88152 -135.92313 
    -83.58974 -135.86516 
    -84.29534 -135.91322 
    -85.04376 -135.88187 
    -85.80697 -135.90224 
    -86.56126 -136.01884 
    -87.29062 -136.23700 
    -88.04243 -136.45734 
    -88.77939 -136.74443 
    -89.49118 -137.10153 
    -90.16681 -137.52989 
    -90.79530 -138.02841 
    -91.36628 -138.59355 
    -91.87074 -139.21939 
    -91.97701 -140.10391 
    -91.98358 -140.98820 
    -91.96776 -141.82468 
    -91.94897 -142.61232 
    -91.94062 -143.35594 
    -91.94536 -144.06541 
    -91.95760 -144.75146 
    -91.97419 -145.42221 
    -91.99614 -146.08414 
Cell 3 100 -59.98457 -155.25458 
    -70.12906 -155.25458 
    -70.08434 -155.89000 
    -70.00253 -156.52014 
    -69.88431 -157.14305 
    -69.73025 -157.75684 
    -69.54087 -158.35960 
    -69.31670 -158.94942 
    -69.05827 -159.52434 
    -68.76624 -160.08234 
    -68.44135 -160.62141 
    -68.08453 -161.13954 
    -67.69686 -161.63474 
    -67.27986 -162.10532 
    -66.83552 -162.55009 
    -66.36409 -162.96609 
    -65.86744 -163.35164 
    -65.34753 -163.70523 
    -64.80641 -164.02545 
    -64.24623 -164.31105 
    -63.66920 -164.56088 
    -63.07761 -164.77396 
    -62.47379 -164.94943 
    -61.86013 -165.08661 
    -61.23907 -165.18497 
    -60.61306 -165.24409 
    -59.98457 -165.26378 
    -59.35610 -165.24393 
    -58.73011 -165.18463 
    -58.10910 -165.08614 
    -57.49525 -164.94987 
    -56.89077 -164.77632 
    -56.29790 -164.56606 
    -55.71861 -164.32021 
    -55.15472 -164.04005 
    -54.60779 -163.72704 
    -54.07914 -163.38271 
    -53.56984 -163.00867 
    -53.08065 -162.60652 
    -52.61213 -162.17776 
    -52.16467 -161.72377 
    -51.73861 -161.24562 
    -51.33439 -160.74416 
    -50.95269 -160.21989 
    -50.59468 -159.67313 
    -50.26210 -159.10397 
    -49.95748 -158.51257 
    -49.68415 -157.89928 
    -49.44621 -157.26488 
    -49.24842 -156.61087 
    -49.09591 -155.93964 
    -48.99385 -155.25458 
    -48.94703 -154.56015 
    -48.96019 -153.86188 
    -49.23503 -153.20399 
    -49.78941 -152.63692 
    -50.31104 -152.11147 
    -50.76617 -151.60475 
    -51.19139 -151.11682 
    -51.60652 -150.64871 
    -52.02201 -150.20139 
    -52.44286 -149.77519 
    -52.86645 -149.36595 
    -53.29383 -148.97156 
    -53.72858 -148.59262 
    -54.16541 -148.22043 
    -54.60623 -147.85191 
    -55.05259 -147.48302 
    -55.50317 -147.10292 
    -55.95577 -146.69293 
    -56.41204 -146.23140 
    -56.87093 -145.67178 
    -57.47528 -145.48152 
    -58.09867 -145.36833 
    -58.72562 -145.28896 
    -59.35441 -145.23836 
    -59.98457 -145.20621 
    -60.61646 -145.21103 
    -61.24809 -145.25279 
    -61.87751 -145.33148 
    -62.50270 -145.44713 
    -63.12161 -145.59976 
    -63.73816 -145.77411 
    -64.33607 -146.00717 
    -64.91684 -146.28282 
    -65.48584 -146.58597 
    -66.03506 -146.92680 
    -66.56114 -147.30487 
    -67.06068 -147.71928 
    -67.53033 -148.16864 
    -67.96688 -148.65105 
    -68.36749 -149.16403 
    -68.72973 -149.70473 
    -69.05174 -150.26987 
    -69.33223 -150.85591 
    -69.57050 -151.45924 
    -69.76637 -152.07628 
    -69.92012 -152.70357 
    -70.03239 -153.33786 
    -70.10400 -153.97620 
    -70.13591 -154.61591 
Cell 4 100 -45.32199 -143.87271 
    -57.34759 -143.87271 
    -57.18665 -144.61917 
    -56.97740 -145.34512 
    -56.58446 -146.02113 
    -56.02668 -146.62120 
    -55.43654 -147.15913 
    -54.85437 -147.64684 
    -54.30801 -148.10121 
    -53.79874 -148.53284 
    -53.32023 -148.94855 
    -52.87365 -149.35931 
    -52.44932 -149.76895 
    -52.04094 -150.18222 
    -51.64558 -150.60666 
    -51.25526 -151.04480 
    -50.86078 -151.49619 
    -50.45134 -151.95526 
    -50.01515 -152.40953 
    -49.55767 -152.87396 
    -49.12284 -153.47253 
    -48.54158 -153.78159 
    -47.92379 -154.00604 
    -47.29013 -154.19005 
    -46.64336 -154.33237 
    -45.98632 -154.43193 
    -45.32199 -154.48785 
    -44.65342 -154.49950 
    -43.98369 -154.46648 
    -43.31598 -154.38860 
    -42.65347 -154.26595 
    -41.99932 -154.09885 
    -41.35672 -153.88786 
    -40.72876 -153.63382 
    -40.11853 -153.33778 
    -39.52898 -153.00105 
    -38.96297 -152.62515 
    -38.42327 -152.21184 
    -37.91244 -151.76309 
    -37.43291 -151.28105 
    -36.98692 -150.76808 
    -36.57652 -150.22667 
    -36.20353 -149.65947 
    -35.86954 -149.06924 
    -35.57594 -148.45886 
    -35.32384 -147.83125 
    -35.11415 -147.18944 
    -34.94749 -146.53644 
    -34.82430 -145.87526 
    -34.74473 -145.20892 
    -34.70876 -144.54044 
    -34.71612 -143.87271 
    -34.76637 -143.20860 
    -34.85888 -142.55092 
    -34.99286 -141.90233 
    -35.16735 -141.26544 
    -35.38129 -140.64278 
    -35.63348 -140.03676 
    -35.92260 -139.44969 
    -36.24723 -138.88382 
    -36.60586 -138.34128 
    -37.07423 -137.88036 
    -37.60910 -137.49205 
    -38.10369 -137.09428 
    -38.58704 -136.70071 
    -39.06651 -136.31113 
    -39.54721 -135.92441 
    -40.03396 -135.54010 
    -40.53019 -135.15645 
    -41.03896 -134.77078 
    -41.56316 -134.37900 
    -42.10597 -133.97481 
    -42.67106 -133.54799 
    -43.28704 -133.20509 
    -43.94523 -132.97452 
    -44.62257 -132.75572 
    -45.32199 -132.62975 
    -46.03414 -132.55350 
    -46.75513 -132.52826 
    -47.48061 -132.55684 
    -48.20856 -132.63029 
    -48.95240 -132.69946 
    -49.69831 -132.81941 
    -50.44176 -132.99266 
    -51.17767 -133.22128 
    -51.72914 -133.77667 
    -52.30781 -134.25757 
    -52.86256 -134.75774 
    -53.39484 -135.27600 
    -53.90364 -135.81401 
    -54.38821 -136.37250 
    -54.84790 -136.95174 
    -55.28159 -137.55217 
    -55.68903 -138.17340 
    -56.07051 -138.81483 
    -56.42637 -139.47618 
    -56.75834 -140.15681 
    -57.07592 -140.85481 
    -57.49458 -141.55066 
    -57.50521 -142.33362 
    -57.45512 -143.10936 
Cell 5 100 -10.94205 -149.46024 
    -21.32284 -149.46024 
    -21.33458 -150.11407 
    -21.30344 -150.76918 
    -21.22921 -151.42262 
    -21.11191 -152.07141 
    -20.95177 -152.71259 
    -20.74924 -153.34317 
    -20.50499 -153.96022 
    -20.21993 -154.56079 
    -19.89520 -155.14207 
    -19.53213 -155.70129 
    -19.13225 -156.23576 
    -18.69733 -156.74294 
    -18.22931 -157.22038 
    -17.73032 -157.66585 
    -17.20265 -158.07721 
    -16.64874 -158.45255 
    -16.07119 -158.79012 
    -15.47270 -159.08836 
    -14.85609 -159.34598 
    -14.22425 -159.56181 
    -13.58017 -159.73505 
    -12.92685 -159.86496 
    -12.26736 -159.95114 
    -11.60474 -159.99341 
    -10.94205 -159.99179 
    -10.28231 -159.94650 
    -9.62849 -159.85806 
    -8.98353 -159.72717 
    -8.35023 -159.55469 
    -7.73135 -159.34175 
    -7.12951 -159.08960 
    -6.54720 -158.79976 
    -5.98681 -158.47377 
    -5.45056 -158.11343 
    -4.94050 -157.72066 
    -4.45853 -157.29745 
    -4.00641 -156.84593 
    -3.56354 -156.38911 
    -3.12302 -155.92870 
    -2.70929 -155.44168 
    -2.32402 -154.92940 
    -1.97759 -154.38849 
    -1.68387 -153.81680 
    -1.48926 -153.20285 
    -1.34619 -152.57813 
    -1.21463 -151.95781 
    -1.09485 -151.33868 
    -0.98940 -150.71754 
    -0.89989 -150.09204 
    -0.82703 -149.46024 
    -0.77052 -148.82030 
    -0.67280 -148.16293 
    -0.46065 -147.46080 
    -0.22638 -146.70892 
    0.04464 -145.89044 
    0.40266 -144.96855 
    0.55442 -144.05042 
    0.18590 -143.34259 
    -0.31831 -142.71820 
    -0.93472 -142.18948 
    -1.63182 -141.75815 
    -2.37559 -141.41580 
    -3.13502 -141.14659 
    -3.88602 -140.93097 
    -4.61347 -140.74969 
    -5.31095 -140.58705 
    -5.97320 -140.42195 
    -6.56429 -140.15703 
    -7.16844 -139.92920 
    -7.78331 -139.73865 
    -8.40666 -139.58557 
    -9.02207 -139.39537 
    -9.64504 -139.19341 
    -10.28441 -139.00735 
    -10.94205 -138.92160 
    -11.60801 -138.87512 
    -12.27257 -138.92807 
    -12.94096 -138.98155 
    -13.61485 -139.05035 
    -14.29529 -139.14001 
    -14.98454 -139.25008 
    -15.66865 -139.41568 
    -16.30076 -139.71277 
    -16.84311 -140.16165 
    -17.32843 -140.67014 
    -17.76760 -141.20956 
    -18.16757 -141.76582 
    -18.53579 -142.32924 
    -18.87846 -142.89467 
    -19.19955 -143.46082 
    -19.50045 -144.02892 
    -19.78032 -144.60135 
    -20.09928 -145.15117 
    -20.38885 -145.71999 
    -20.64238 -146.30841 
    -20.85836 -146.91415 
    -21.03549 -147.53481 
    -21.17258 -148.16782 
    -21.26863 -148.81055 
Cell 6 100 8.30356 -152.36339 
    -1.30065 -152.36339 
    -1.43737 -152.97623 
    -1.62057 -153.61710 
    -1.94121 -154.31767 
    -2.32990 -155.09360 
    -2.40717 -155.84351 
    -2.21373 -156.52747 
    -1.94727 -157.18706 
    -1.63491 -157.82710 
    -1.27818 -158.44414 
    -0.87887 -159.03481 
    -0.43914 -159.59598 
    0.03865 -160.12465 
    0.55186 -160.61810 
    1.09768 -161.07379 
    1.67307 -161.48947 
    2.27483 -161.86313 
    2.89962 -162.19310 
    3.54399 -162.47798 
    4.20442 -162.71661 
    4.87731 -162.90828 
    5.55908 -163.05241 
    6.24610 -163.14896 
    6.93483 -163.19794 
    7.62179 -163.19978 
    8.30356 -163.15518 
    8.97685 -163.06517 
    9.63854 -162.93086 
    10.28562 -162.75377 
    10.91530 -162.53546 
    11.52495 -162.27780 
    12.11218 -161.98288 
    12.68749 -161.67972 
    13.28432 -161.42336 
    13.86823 -161.13190 
    14.43723 -160.80566 
    14.98925 -160.44501 
    15.52205 -160.05031 
    16.03326 -159.62207 
    16.52037 -159.16093 
    16.98069 -158.66769 
    17.41142 -158.14342 
    17.80965 -157.58940 
    18.17243 -157.00732 
    18.49681 -156.39919 
    18.77991 -155.76736 
    19.01902 -155.11465 
    19.21164 -154.44421 
    19.35560 -153.75958 
    19.44913 -153.06461 
    19.49092 -152.36339 
    19.48015 -151.66022 
    19.41657 -150.95949 
    19.30051 -150.26561 
    19.13283 -149.58290 
    18.91496 -148.91553 
    18.64883 -148.26741 
    18.33679 -147.64211 
    17.98156 -147.04286 
    17.58615 -146.47247 
    17.15378 -145.93332 
    16.68777 -145.42735 
    16.19151 -144.95612 
    15.66829 -144.52074 
    15.12138 -144.12206 
    14.55387 -143.76057 
    13.96867 -143.43658 
    13.36855 -143.15021 
    12.75603 -142.90140 
    12.13350 -142.69005 
    11.50316 -142.51601 
    10.86708 -142.37910 
    10.22722 -142.27917 
    9.61516 -141.98100 
    8.97895 -141.62836 
    8.30355 -141.23569 
    7.57840 -140.83736 
    6.80413 -140.49420 
    5.99874 -140.28114 
    5.19716 -140.26477 
    4.44241 -140.48000 
    3.77145 -140.91660 
    3.20233 -141.52272 
    2.72923 -142.22372 
    2.28445 -142.87880 
    1.72526 -143.30914 
    1.21422 -143.79385 
    0.75369 -144.32359 
    0.40618 -144.94727 
    0.15028 -145.61842 
    -0.08148 -146.27132 
    -0.28913 -146.91031 
    -0.48252 -147.53320 
    -0.66659 -148.14236 
    -0.76356 -148.77347 
    -0.82157 -149.39845 
    -0.88962 -150.00298 
    -0.97173 -150.59404 
    -1.06783 -151.17950 
    -1.17769 -151.76689 
Cell 7 100 27.99703 -142.96712 
    17.80215 -142.96712 
    17.77359 -143.61032 
    17.78802 -144.25682 
    17.84697 -144.90335 
    17.95157 -145.54636 
    18.10181 -146.18227 
    18.29458 -146.80859 
    18.52440 -147.42459 
    18.78370 -148.03220 
    19.07009 -148.63232 
    19.39997 -149.21324 
    19.78438 -149.76122 
    20.20564 -150.28372 
    20.66201 -150.77812 
    21.15158 -151.24185 
    21.67216 -151.67256 
    22.22145 -152.06798 
    22.79693 -152.42607 
    23.39592 -152.74498 
    24.01560 -153.02307 
    24.65303 -153.25888 
    25.30516 -153.45125 
    25.96886 -153.59918 
    26.64090 -153.70200 
    27.31805 -153.75923 
    27.99703 -153.77068 
    28.67458 -153.73637 
    29.34743 -153.65666 
    30.01240 -153.53207 
    30.66634 -153.36339 
    31.30619 -153.15166 
    31.92900 -152.89813 
    32.53194 -152.60429 
    33.11234 -152.27184 
    33.66766 -151.90260 
    34.19554 -151.49863 
    34.69382 -151.06215 
    35.16050 -150.59544 
    35.59385 -150.10100 
    35.99230 -149.58138 
    36.35469 -149.03932 
    36.66462 -148.46773 
    36.96687 -147.89833 
    37.27935 -147.33505 
    37.60537 -146.77133 
    37.95102 -146.20135 
    38.31489 -145.61629 
    38.53457 -144.97726 
    38.70870 -144.32031 
    38.84286 -143.64948 
    38.93514 -142.96712 
    38.98362 -142.27589 
    38.98650 -141.57883 
    38.94218 -140.87921 
    38.84934 -140.18073 
    38.70697 -139.48724 
    38.51450 -138.80296 
    38.27180 -138.13217 
    37.97929 -137.47932 
    37.63794 -136.84882 
    37.24928 -136.24496 
    36.81538 -135.67195 
    36.33887 -135.13361 
    35.82286 -134.63345 
    35.27587 -134.16852 
    34.76748 -133.64839 
    34.20166 -133.19019 
    33.58370 -132.80501 
    32.92223 -132.50053 
    32.22810 -132.28067 
    31.51324 -132.14536 
    30.78964 -132.09064 
    30.06828 -132.10922 
    29.36395 -132.14688 
    28.67743 -132.15250 
    27.99703 -131.97536 
    27.29667 -131.83513 
    26.57868 -131.73969 
    25.84726 -131.69762 
    25.10860 -131.71742 
    24.37078 -131.80664 
    23.64335 -131.97099 
    22.93679 -132.21356 
    22.26160 -132.53441 
    21.62748 -132.93031 
    21.04254 -133.39508 
    20.51259 -133.91998 
    20.04084 -134.49463 
    19.62782 -135.10791 
    19.27165 -135.74886 
    18.96853 -136.40753 
    18.71349 -137.07561 
    18.50103 -137.74664 
    18.32586 -138.41621 
    18.18344 -139.08165 
    18.07030 -139.74173 
    17.98421 -140.39626 
    17.92419 -141.04562 
    17.89027 -141.69034 
    17.87232 -142.33012 
Cell 8 100 45.89476 -152.17766 
    35.86465 -152.17766 
    35.88708 -152.80728 
    35.94056 -153.43517 
    36.03166 -154.05914 
    36.16178 -154.67667 
    36.33071 -155.28520 
    36.53790 -155.88231 
    36.78257 -156.46553 
    37.06383 -157.03250 
    37.38061 -157.58090 
    37.73170 -158.10847 
    38.11573 -158.61304 
    38.53120 -159.09250 
    38.97647 -159.54489 
    39.44977 -159.96831 
    39.94922 -160.36101 
    40.47279 -160.72131 
    41.01838 -161.04776 
    41.58378 -161.33896 
    42.16669 -161.59370 
    42.76473 -161.81091 
    43.37547 -161.98969 
    43.99639 -162.12927 
    44.62497 -162.22908 
    45.25863 -162.28873 
    45.89476 -162.30795 
    46.53077 -162.28668 
    47.16404 -162.22501 
    47.79198 -162.12325 
    48.41204 -161.98180 
    49.02167 -161.80128 
    49.61840 -161.58249 
    50.19981 -161.32635 
    50.76354 -161.03394 
    51.30732 -160.70648 
    51.82898 -160.34541 
    52.32643 -159.95221 
    52.79768 -159.52852 
    53.24090 -159.07614 
    53.65432 -158.59692 
    54.03635 -158.09286 
    54.38551 -157.56606 
    54.70047 -157.01865 
    54.98005 -156.45287 
    55.22322 -155.87105 
    55.42908 -155.27554 
    55.59691 -154.66875 
    55.72621 -154.05310 
    55.81763 -153.43121 
    55.82029 -152.80212 
    55.77614 -152.17766 
    55.72105 -151.55945 
    55.66003 -150.94402 
    55.59649 -150.32697 
    55.53871 -149.70151 
    55.41197 -149.08533 
    55.19993 -148.49348 
    54.95110 -147.91608 
    54.66644 -147.35539 
    54.34973 -146.81198 
    54.00329 -146.28647 
    53.62833 -145.77989 
    53.22719 -145.29205 
    52.80200 -144.82220 
    52.35424 -144.36949 
    51.88446 -143.93355 
    51.39205 -143.51532 
    50.87543 -143.11786 
    50.33254 -142.74690 
    49.86244 -142.15645 
    49.36855 -141.48647 
    48.66618 -141.38373 
    47.89119 -141.71201 
    47.22979 -141.60988 
    46.56162 -141.57823 
    45.89476 -141.43539 
    45.21714 -141.40709 
    44.56388 -141.64264 
    43.95507 -142.00946 
    43.34655 -142.25301 
    42.74911 -142.49634 
    42.16737 -142.76334 
    41.60115 -143.05327 
    41.05098 -143.36685 
    40.51813 -143.70544 
    40.00445 -144.07034 
    39.51217 -144.46242 
    39.04160 -144.87978 
    38.59750 -145.32507 
    38.19549 -145.80827 
    37.86479 -146.34354 
    37.54372 -146.87793 
    37.23418 -147.41646 
    36.93366 -147.96089 
    36.63986 -148.51338 
    36.37200 -149.08353 
    36.15582 -149.67712 
    35.97682 -150.28571 
    35.88670 -150.91335 
    35.86249 -151.54648 
Cell 9 100 66.43958 -152.66954 
    55.81092 -152.66954 
    55.85476 -153.33548 
    55.85218 -154.00703 
    55.83107 -154.69322 
    55.84060 -155.39090 
    56.00378 -156.06033 
    56.20879 -156.72020 
    56.45630 -157.36731 
    56.74652 -157.99834 
    57.07909 -158.60988 
    57.45315 -159.19856 
    57.86731 -159.76114 
    58.31977 -160.29454 
    58.80840 -160.79591 
    59.33076 -161.26262 
    59.88427 -161.69215 
    60.46600 -162.08238 
    61.07297 -162.43135 
    61.70200 -162.73741 
    62.34978 -162.99919 
    63.01291 -163.21573 
    63.68799 -163.38626 
    64.37157 -163.51041 
    65.06022 -163.58824 
    65.75063 -163.62003 
    66.43958 -163.60648 
    67.12403 -163.54869 
    67.80122 -163.44804 
    68.46861 -163.30614 
    69.12404 -163.12485 
    69.76572 -162.90636 
    70.39217 -162.65268 
    71.00241 -162.36607 
    71.59566 -162.04843 
    72.17155 -161.70169 
    72.72980 -161.32730 
    73.27020 -160.92635 
    73.79241 -160.49951 
    74.29578 -160.04701 
    74.77928 -159.56874 
    75.24108 -159.06421 
    75.67873 -158.53288 
    76.08891 -157.97430 
    76.43950 -157.37515 
    76.60894 -156.69588 
    76.77907 -156.02905 
    76.97477 -155.37451 
    77.14031 -154.71082 
    77.24904 -154.03510 
    77.30724 -153.35327 
    77.31625 -152.66954 
    77.27339 -151.98793 
    77.18715 -151.31181 
    77.06474 -150.64268 
    76.90934 -149.98137 
    76.73481 -149.32442 
    76.59619 -148.64825 
    76.41457 -147.97566 
    76.16687 -147.32191 
    75.81814 -146.71773 
    75.44714 -146.12515 
    75.04967 -145.54665 
    74.62446 -144.98343 
    74.17117 -144.43622 
    73.69005 -143.90523 
    73.18162 -143.38991 
    72.64662 -142.88881 
    72.06353 -142.43961 
    71.40649 -142.11432 
    70.72484 -141.84621 
    70.02435 -141.63672 
    69.31099 -141.48611 
    68.58907 -141.40147 
    67.86663 -141.37325 
    67.14888 -141.39542 
    66.43958 -141.46327 
    65.74136 -141.57175 
    65.05835 -141.73604 
    64.39342 -141.94321 
    63.74854 -142.18864 
    63.12526 -142.46913 
    62.52472 -142.78174 
    61.94773 -143.12389 
    61.39494 -143.49339 
    60.86689 -143.88840 
    60.36409 -144.30736 
    59.88712 -144.74898 
    59.43664 -145.21217 
    58.90437 -145.59351 
    58.35841 -145.98422 
    57.80843 -146.39865 
    57.26443 -146.84682 
    56.74474 -147.33977 
    56.27434 -147.88615 
    55.88058 -148.48894 
    55.58713 -149.14337 
    55.55472 -149.87479 
    55.62529 -150.60661 
    55.69656 -151.31238 
    55.76010 -151.99763 
Cell 10 100 84.19729 -140.91660 
    71.61443 -140.91660 
    71.84729 -141.69359 
    72.17942 -142.43480 
    72.85169 -143.08089 
    73.46111 -143.67319 
    73.98781 -144.23386 
    74.45187 -144.77509 
    74.86834 -145.30646 
    75.24860 -145.83618 
    75.60148 -146.37166 
    75.93472 -146.91969 
    76.25645 -147.48584 
    76.73646 -147.92278 
    77.22588 -148.34039 
    77.72787 -148.73677 
    78.24482 -149.10947 
    78.77814 -149.45581 
    79.32838 -149.77312 
    79.89523 -150.05893 
    80.47775 -150.31107 
    81.07446 -150.52769 
    81.68346 -150.70731 
    82.30264 -150.84872 
    82.92964 -150.95107 
    83.56203 -151.01367 
    84.19729 -151.03622 
    84.83303 -151.02142 
    85.46699 -150.96729 
    86.09676 -150.87401 
    86.72005 -150.74211 
    87.33459 -150.57224 
    87.93825 -150.36519 
    88.52899 -150.12193 
    89.10490 -149.84352 
    89.66421 -149.53108 
    90.20525 -149.18585 
    90.72652 -148.80908 
    91.22662 -148.40207 
    91.70425 -147.96609 
    92.15820 -147.50244 
    92.58735 -147.01233 
    92.99057 -146.49698 
    93.36674 -145.95755 
    93.71472 -145.39516 
    94.03326 -144.81093 
    94.32101 -144.20599 
    94.57650 -143.58153 
    94.79811 -142.93881 
    94.98405 -142.27928 
    95.13239 -141.60457 
    95.24110 -140.91660 
    95.30805 -140.21756 
    95.33111 -139.51007 
    95.30819 -138.79707 
    95.23737 -138.08199 
    95.11695 -137.36858 
    94.72105 -136.74995 
    94.21588 -136.20221 
    93.65784 -135.71561 
    93.15245 -135.23347 
    92.67525 -134.75700 
    92.21149 -134.28668 
    91.75301 -133.82130 
    91.29494 -133.35835 
    90.83389 -132.89432 
    90.36707 -132.42462 
    89.89304 -131.94153 
    89.39143 -131.46849 
    88.84683 -131.03581 
    88.28003 -130.60478 
    87.69020 -130.16653 
    87.05505 -129.78636 
    86.33408 -129.71518 
    85.61488 -129.69519 
    84.90144 -129.72440 
    84.19729 -129.80043 
    83.50549 -129.92082 
    82.82867 -130.08293 
    82.16904 -130.28418 
    81.52841 -130.52202 
    80.90827 -130.79404 
    80.30983 -131.09801 
    79.73412 -131.43187 
    79.18198 -131.79379 
    78.65423 -132.18213 
    78.10687 -132.53386 
    77.48881 -132.80743 
    76.85909 -133.10220 
    76.36670 -133.56319 
    75.95435 -134.09746 
    75.56711 -134.64639 
    75.18127 -135.19485 
    74.78163 -135.74030 
    74.37210 -136.29321 
    73.95461 -136.86124 
    73.52705 -137.44963 
    73.07985 -138.06213 
    72.59138 -138.70265 
    72.00817 -139.37674 
    71.65122 -140.12726 
Cell 11 100 111.54585 -148.92900 
    101.38082 -148.92900 
    101.39139 -149.56787 
    101.44279 -150.20532 
    101.53490 -150.83870 
    101.66743 -151.46535 
    101.83991 -152.08266 
    102.05170 -152.68800 
    102.30197 -153.27884 
    102.58972 -153.85268 
    102.91380 -154.40707 
    103.27285 -154.93968 
    103.66541 -155.44827 
    104.08984 -155.93066 
    104.54436 -156.38484 
    105.02705 -156.80888 
    105.53587 -157.20103 
    106.06868 -157.55965 
    106.62321 -157.88326 
    107.19712 -158.17053 
    107.78797 -158.42032 
    108.39328 -158.63162 
    109.01048 -158.80365 
    109.63697 -158.93573 
    110.27013 -159.02742 
    110.90730 -159.07845 
    111.54585 -159.08870 
    112.18314 -159.05830 
    112.81654 -158.98753 
    113.44350 -158.87686 
    114.06155 -158.72701 
    114.66829 -158.53888 
    115.26150 -158.31364 
    115.83913 -158.05267 
    116.39944 -157.75764 
    116.94101 -157.43040 
    117.46287 -157.07307 
    117.96453 -156.68785 
    118.44608 -156.27699 
    118.90811 -155.84262 
    119.35171 -155.38657 
    119.77814 -154.91011 
    120.18866 -154.41389 
    120.58395 -153.89774 
    120.96376 -153.36073 
    121.32630 -152.80135 
    121.66790 -152.21785 
    121.98280 -151.60875 
    122.26321 -150.97345 
    122.49982 -150.31281 
    122.68251 -149.62965 
    122.80138 -148.92900 
    122.84795 -148.21793 
    122.81622 -147.50522 
    122.70351 -146.80057 
    122.83237 -146.03111 
    123.01907 -145.20113 
    122.66080 -144.52827 
    121.86668 -144.07239 
    121.07645 -143.68951 
    120.60237 -143.18156 
    120.10292 -142.71193 
    119.58614 -142.27750 
    119.05791 -141.87471 
    118.52193 -141.50023 
    117.98005 -141.15140 
    117.45724 -140.79268 
    116.94077 -140.42796 
    116.40543 -140.08945 
    115.85313 -139.77559 
    115.28486 -139.48534 
    114.70068 -139.21942 
    114.09996 -138.98138 
    113.48220 -138.77829 
    112.84818 -138.61998 
    112.20091 -138.51714 
    111.54585 -138.47855 
    110.89024 -138.50842 
    110.21934 -138.42856 
    109.49899 -138.19896 
    108.73849 -137.99507 
    107.96610 -137.91167 
    107.23303 -138.03607 
    106.59148 -138.40042 
    106.06656 -138.96220 
    105.64348 -139.62836 
    105.27955 -140.30418 
    104.93032 -140.93219 
    104.56987 -141.50034 
    104.19486 -142.02596 
    103.81608 -142.53438 
    103.42212 -143.02676 
    103.05575 -143.54102 
    102.72214 -144.07813 
    102.42276 -144.63600 
    102.15898 -145.21248 
    101.93201 -145.80527 
    101.74290 -146.41203 
    101.59255 -147.03030 
    101.48174 -147.65761 
    101.41102 -148.29137 
Cell 12 100 -116.07360 -131.16989 
    -127.50318 -131.16989 
    -127.65434 -131.89848 
    -127.74739 -132.64464 
    -127.78060 -133.40312 
    -127.75293 -134.16864 
    -127.66387 -134.93579 
    -127.51374 -135.69936 
    -127.30331 -136.45419 
    -127.03401 -137.19542 
    -126.70763 -137.91846 
    -126.32635 -138.61894 
    -125.89268 -139.29294 
    -125.40932 -139.93672 
    -124.87928 -140.54698 
    -122.85898 -139.37201 
    -121.92680 -139.22614 
    -121.31064 -139.42213 
    -120.73875 -139.65578 
    -120.16554 -139.86571 
    -119.59601 -140.06648 
    -119.02137 -140.24219 
    -118.43697 -140.37465 
    -117.84814 -140.47235 
    -117.25980 -140.55960 
    -116.66879 -140.63005 
    -116.07360 -140.66592 
    -115.47541 -140.67796 
    -114.87252 -140.67741 
    -114.26325 -140.66006 
    -113.64858 -140.61472 
    -113.01833 -140.57304 
    -112.30733 -140.68242 
    -111.85730 -140.12999 
    -111.39545 -139.67941 
    -110.93224 -139.27138 
    -110.47493 -138.87579 
    -110.02077 -138.48650 
    -109.56493 -138.10092 
    -109.10384 -137.71494 
    -108.63592 -137.32288 
    -108.16594 -136.91515 
    -107.56111 -136.57208 
    -106.83591 -136.24835 
    -106.00237 -135.90906 
    -105.15713 -135.49203 
    -105.05424 -134.75031 
    -105.00224 -134.01253 
    -104.99441 -133.28336 
    -105.01633 -132.56674 
    -105.08253 -131.86139 
    -105.17440 -131.16989 
    -105.04317 -130.47592 
    -104.71738 -129.73526 
    -104.40158 -128.94333 
    -104.31635 -128.15114 
    -104.57777 -127.43467 
    -105.14742 -126.84391 
    -105.88158 -126.37389 
    -106.62165 -125.97364 
    -107.22876 -125.55679 
    -107.49181 -124.93486 
    -107.78815 -124.31557 
    -108.12379 -123.70452 
    -108.50501 -123.11016 
    -108.93731 -122.54360 
    -109.42415 -122.01771 
    -109.96597 -121.54580 
    -110.55963 -121.14001 
    -111.19846 -120.80969 
    -111.87290 -120.56013 
    -112.57162 -120.39190 
    -113.28294 -120.30099 
    -113.99617 -120.27962 
    -114.70264 -120.31760 
    -115.39626 -120.40392 
    -116.07360 -120.52828 
    -116.73343 -120.68219 
    -117.37609 -120.85965 
    -118.00269 -121.05728 
    -118.61443 -121.27399 
    -119.21214 -121.51048 
    -119.79591 -121.76842 
    -120.36510 -122.04998 
    -120.91843 -122.35718 
    -121.45409 -122.69160 
    -121.97015 -123.05399 
    -122.46762 -123.44084 
    -122.93971 -123.85822 
    -123.38454 -124.30446 
    -123.80034 -124.77778 
    -124.18547 -125.27628 
    -124.53840 -125.79797 
    -124.85774 -126.34077 
    -125.13587 -126.90551 
    -125.55827 -127.41465 
    -125.98507 -127.94946 
    -126.37711 -128.52440 
    -126.72941 -129.13719 
    -127.03729 -129.78485 
    -127.29647 -130.46381 
Cell 13 100 -88.06670 -122.30070 
    -98.22356 -122.30070 
    -98.21633 -122.93926 
    -98.16840 -123.57684 
    -98.07977 -124.21080 
    -97.95067 -124.83848 
    -97.78149 -125.45723 
    -97.57283 -126.06445 
    -97.32545 -126.65754 
    -97.04029 -127.23398 
    -96.71848 -127.79129 
    -96.36131 -128.32709 
    -95.97023 -128.83907 
    -95.54685 -129.32503 
    -95.09294 -129.78288 
    -94.61040 -130.21068 
    -94.10126 -130.60657 
    -93.56769 -130.96886 
    -93.01193 -131.29604 
    -92.43636 -131.58672 
    -91.84345 -131.83968 
    -91.23571 -132.05389 
    -90.61573 -132.22852 
    -89.98616 -132.36284 
    -89.34966 -132.45638 
    -88.70895 -132.50880 
    -88.06670 -132.52003 
    -87.42564 -132.49008 
    -86.78844 -132.41924 
    -86.15773 -132.30789 
    -85.53613 -132.15665 
    -84.92615 -131.96634 
    -84.33027 -131.73785 
    -83.75085 -131.47237 
    -83.19015 -131.17113 
    -82.64647 -130.84163 
    -82.10278 -130.50934 
    -81.57769 -130.14458 
    -81.07302 -129.74821 
    -80.59068 -129.32115 
    -80.13268 -128.86430 
    -79.70110 -128.37866 
    -79.29811 -127.86543 
    -78.92596 -127.32587 
    -78.58699 -126.76152 
    -78.28355 -126.17413 
    -78.01798 -125.56573 
    -77.79257 -124.93865 
    -77.60947 -124.29552 
    -77.47063 -123.63930 
    -77.37775 -122.97320 
    -77.33214 -122.30070 
    -77.33476 -121.62551 
    -77.38611 -120.95143 
    -77.48621 -120.28236 
    -77.63458 -119.62219 
    -77.83028 -118.97469 
    -78.07188 -118.34348 
    -78.35756 -117.73193 
    -78.61704 -117.10571 
    -78.88144 -116.47156 
    -79.18663 -115.84895 
    -79.53365 -115.24155 
    -79.92323 -114.65348 
    -80.35570 -114.08932 
    -80.83079 -113.55398 
    -81.34756 -113.05259 
    -81.90430 -112.59032 
    -82.49849 -112.17216 
    -83.12677 -111.80281 
    -83.78500 -111.48637 
    -84.46840 -111.22626 
    -85.17159 -111.02499 
    -85.88888 -110.88412 
    -86.61436 -110.80421 
    -87.34218 -110.78475 
    -88.06670 -110.82432 
    -88.78268 -110.92062 
    -89.48539 -111.07066 
    -90.17075 -111.27094 
    -90.83534 -111.51758 
    -91.47645 -111.80659 
    -92.09200 -112.13396 
    -92.64372 -112.57405 
    -93.13062 -113.08948 
    -93.59653 -113.58709 
    -94.04022 -114.07886 
    -94.46348 -114.56833 
    -94.86838 -115.05766 
    -95.25675 -115.54881 
    -95.63031 -116.04354 
    -96.02284 -116.52023 
    -96.42722 -116.99496 
    -96.80744 -117.49545 
    -97.15305 -118.02499 
    -97.45886 -118.58208 
    -97.75549 -119.15263 
    -97.87108 -119.78337 
    -98.00344 -120.40517 
    -98.11668 -121.03110 
    -98.19022 -121.66379 
Cell 14 100 -63.63010 -132.37099 
    -74.33209 -132.37099 
    -74.30785 -133.04277 
    -74.24299 -133.71170 
    -74.13689 -134.37526 
    -73.98923 -135.03076 
    -73.79993 -135.67537 
    -73.56931 -136.30620 
    -73.29800 -136.92035 
    -72.98700 -137.51498 
    -72.63762 -138.08733 
    -72.25141 -138.63474 
    -71.83005 -139.15457 
    -71.37488 -139.64381 
    -70.88886 -140.10078 
    -70.37482 -140.52396 
    -69.83562 -140.91216 
    -69.27369 -141.26385 
    -68.69122 -141.57713 
    -68.09099 -141.85086 
    -67.47562 -142.08365 
    -66.84808 -142.27490 
    -66.21125 -142.42390 
    -65.56838 -142.53180 
    -64.92463 -142.61819 
    -64.28014 -142.70306 
    -63.63010 -142.75735 
    -62.97544 -142.77658 
    -62.31757 -142.76077 
    -61.65785 -142.70988 
    -60.99762 -142.62384 
    -60.33821 -142.50238 
    -59.68103 -142.34518 
    -59.02760 -142.15179 
    -58.37960 -141.92160 
    -57.73894 -141.65398 
    -57.25273 -141.14868 
    -56.91119 -140.49275 
    -56.60806 -139.84871 
    -56.30468 -139.25002 
    -55.99477 -138.68748 
    -55.67442 -138.15114 
    -55.33574 -137.63474 
    -54.97575 -137.12875 
    -54.58894 -136.62543 
    -54.16710 -136.11766 
    -53.69913 -135.59776 
    -53.16967 -135.05676 
    -52.55796 -134.48311 
    -51.83125 -133.86153 
    -51.20104 -133.15295 
    -51.14628 -132.37099 
    -51.15630 -131.58620 
    -51.23141 -130.80467 
    -51.37106 -130.03246 
    -51.57385 -129.27547 
    -51.83754 -128.53935 
    -52.15916 -127.82932 
    -52.53511 -127.15008 
    -52.96127 -126.50574 
    -53.43334 -125.89993 
    -53.94743 -125.33611 
    -54.49957 -124.81755 
    -55.09013 -124.35142 
    -55.71931 -123.94685 
    -56.37959 -123.60664 
    -56.94221 -123.16590 
    -57.52920 -122.75751 
    -58.16546 -122.43084 
    -58.83833 -122.18796 
    -59.53235 -122.02125 
    -60.25164 -121.97317 
    -60.96444 -121.98891 
    -61.63793 -121.92764 
    -62.30755 -121.90195 
    -62.97201 -121.91096 
    -63.63010 -121.95396 
    -64.28068 -122.03039 
    -64.92260 -122.13981 
    -65.55470 -122.28191 
    -66.17573 -122.45644 
    -66.80935 -122.58627 
    -67.44550 -122.73439 
    -68.07822 -122.91824 
    -68.70492 -123.13994 
    -69.32133 -123.40305 
    -69.92076 -123.71263 
    -70.49482 -124.07297 
    -71.03464 -124.48596 
    -71.53080 -124.95174 
    -71.97553 -125.46704 
    -72.38917 -126.00716 
    -72.77043 -126.57036 
    -73.10783 -127.16056 
    -73.40191 -127.77273 
    -73.65375 -128.40234 
    -73.86465 -129.04558 
    -74.03579 -129.69926 
    -74.16799 -130.36078 
    -74.26158 -131.02792 
    -74.31645 -131.69865 
Cell 15 100 -54.36462 -113.33060 
    -64.84201 -113.33060 
    -64.74072 -113.98341 
    -64.67538 -114.63315 
    -64.57113 -115.27760 
    -64.42870 -115.91461 
    -64.24880 -116.54216 
    -64.03207 -117.15821 
    -63.77888 -117.76061 
    -63.49004 -118.34734 
    -63.16522 -118.91563 
    -62.80509 -119.46295 
    -62.40926 -119.98570 
    -61.97478 -120.47701 
    -61.50530 -120.93465 
    -60.99751 -121.34838 
    -60.44042 -121.69321 
    -59.83461 -121.94991 
    -59.18784 -122.10400 
    -58.57697 -122.28230 
    -58.00108 -122.51524 
    -57.44634 -122.81516 
    -56.89866 -123.20002 
    -56.32977 -123.63230 
    -55.70189 -123.91615 
    -55.03583 -123.99913 
    -54.36462 -124.02774 
    -53.69262 -124.01176 
    -53.02293 -123.95114 
    -52.35868 -123.84608 
    -51.70298 -123.69702 
    -51.05886 -123.50468 
    -50.42935 -123.26997 
    -49.81735 -122.99404 
    -49.22569 -122.67828 
    -48.65706 -122.32428 
    -48.11402 -121.93381 
    -47.59900 -121.50883 
    -47.11423 -121.05148 
    -46.66178 -120.56404 
    -46.24355 -120.04893 
    -45.86112 -119.50875 
    -45.45984 -118.98174 
    -45.06455 -118.44336 
    -44.70272 -117.87714 
    -44.37784 -117.28465 
    -44.09345 -116.66790 
    -43.85303 -116.02952 
    -43.65978 -115.37265 
    -43.51653 -114.70103 
    -43.42554 -114.01882 
    -43.38839 -113.33060 
    -43.40588 -112.64113 
    -43.47798 -111.95529 
    -43.60383 -111.27786 
    -43.78179 -110.61339 
    -44.00952 -109.96602 
    -44.28411 -109.33945 
    -44.60227 -108.73679 
    -44.96040 -108.16058 
    -45.35485 -107.61282 
    -45.33216 -106.76813 
    -44.85880 -105.46670 
    -46.29210 -105.75000 
    -47.22648 -105.72925 
    -47.75266 -105.33811 
    -48.24883 -104.91294 
    -48.73648 -104.46207 
    -49.24924 -104.02575 
    -49.78796 -103.60469 
    -50.35376 -103.20033 
    -50.94791 -102.81504 
    -51.57153 -102.45222 
    -52.22539 -102.11636 
    -52.90961 -101.81305 
    -53.62337 -101.54876 
    -54.36462 -101.33067 
    -55.12993 -101.16631 
    -55.91436 -101.06313 
    -56.71146 -101.02800 
    -57.51343 -101.06680 
    -58.31133 -101.18388 
    -59.09550 -101.38176 
    -59.85599 -101.66085 
    -60.58306 -102.01929 
    -61.26771 -102.45306 
    -61.90212 -102.95612 
    -62.48002 -103.52076 
    -62.99701 -104.13804 
    -63.45059 -104.79830 
    -63.84023 -105.49169 
    -64.16714 -106.20866 
    -64.43401 -106.94037 
    -64.64468 -107.67908 
    -64.80373 -108.41833 
    -64.91602 -109.15300 
    -64.98641 -109.87937 
    -65.01935 -110.59492 
    -65.01868 -111.29823 
    -64.98753 -111.98861 
    -64.92815 -112.66600 
Cell 16 100 -34.07475 -128.27649 
    -45.02567 -128.27649 
    -44.93355 -128.95967 
    -44.79000 -129.63014 
    -44.65260 -130.29433 
    -44.60397 -130.97993 
    -44.52299 -131.67133 
    -44.40320 -132.36581 
    -44.01244 -132.95280 
    -43.16421 -133.27347 
    -42.53876 -133.64792 
    -42.01305 -134.04401 
    -41.50446 -134.42287 
    -41.01212 -134.79112 
    -40.53327 -135.15411 
    -40.06432 -135.51663 
    -39.60064 -135.88222 
    -39.13746 -136.25404 
    -38.66927 -136.63390 
    -38.19073 -137.02341 
    -37.69583 -137.42230 
    -37.17214 -137.80928 
    -36.63855 -138.26183 
    -36.06287 -138.69861 
    -35.43815 -139.06889 
    -34.77331 -139.37975 
    -34.07475 -139.62115 
    -33.35153 -139.77177 
    -32.61510 -139.83078 
    -31.87660 -139.79958 
    -31.14618 -139.68251 
    -30.43529 -139.47762 
    -29.76233 -139.16840 
    -29.11661 -138.81306 
    -28.50148 -138.41423 
    -27.92002 -137.97479 
    -27.37498 -137.49792 
    -26.86884 -136.98694 
    -26.40370 -136.44533 
    -25.98131 -135.87674 
    -25.60312 -135.28484 
    -25.27016 -134.67340 
    -24.98314 -134.04620 
    -24.74240 -133.40700 
    -24.76601 -132.65685 
    -24.77027 -131.96039 
    -24.63951 -131.34218 
    -24.50330 -130.73402 
    -24.41043 -130.12006 
    -24.37253 -129.50215 
    -24.33440 -128.88930 
    -24.29579 -128.27649 
    -24.25418 -127.65863 
    -24.23082 -127.03291 
    -24.26637 -126.40544 
    -24.33332 -125.77531 
    -24.44719 -125.14831 
    -24.61373 -124.53061 
    -24.80546 -123.91470 
    -25.02135 -123.29934 
    -25.26144 -122.68339 
    -25.52710 -122.06626 
    -25.82118 -121.44855 
    -26.14787 -120.83265 
    -26.51230 -120.22330 
    -26.91995 -119.62782 
    -27.37574 -119.05609 
    -27.88313 -118.52007 
    -28.44327 -118.03287 
    -29.05436 -117.60761 
    -29.71143 -117.25600 
    -30.40658 -116.98703 
    -31.12961 -116.80594 
    -31.86902 -116.71365 
    -32.61315 -116.70676 
    -33.35133 -116.77808 
    -34.07475 -116.91769 
    -34.77702 -117.11417 
    -35.45433 -117.35596 
    -36.10520 -117.63250 
    -36.72996 -117.93513 
    -37.33010 -118.25755 
    -37.90759 -118.59585 
    -38.46427 -118.94830 
    -39.00445 -119.30939 
    -39.58894 -119.58752 
    -40.16277 -119.89706 
    -40.72426 -120.23861 
    -41.27112 -120.61314 
    -41.80028 -121.02174 
    -42.30784 -121.46548 
    -42.78910 -121.94514 
    -43.23865 -122.46090 
    -43.65063 -123.01211 
    -44.01905 -123.59706 
    -44.33820 -124.21291 
    -44.60305 -124.85564 
    -44.80965 -125.52023 
    -44.95541 -126.20089 
    -45.03934 -126.89134 
    -45.06206 -127.58523 
Cell 17 100 -14.57752 -129.50813 
    -24.37289 -129.50813 
    -24.41146 -130.12683 
    -24.50976 -130.76286 
    -24.65833 -131.43115 
    -24.76926 -132.12494 
    -24.76097 -132.81694 
    -24.57944 -133.46817 
    -24.30805 -134.08698 
    -23.99692 -134.68649 
    -23.64780 -135.26431 
    -23.26250 -135.81813 
    -22.84296 -136.34590 
    -22.39114 -136.84561 
    -21.90907 -137.31544 
    -21.39884 -137.75369 
    -20.86255 -138.15874 
    -20.30240 -138.52910 
    -19.72061 -138.86339 
    -19.11947 -139.16028 
    -18.50135 -139.41859 
    -17.86834 -139.63623 
    -17.22122 -139.80467 
    -16.54561 -139.82524 
    -15.83926 -139.49586 
    -15.19361 -139.30069 
    -14.57752 -139.18509 
    -13.97419 -139.09770 
    -13.37515 -139.02588 
    -12.77293 -138.96811 
    -12.16117 -138.91919 
    -11.53228 -138.88040 
    -10.84548 -138.93419 
    -10.11077 -139.00044 
    -9.53387 -138.68250 
    -8.98001 -138.32840 
    -8.45151 -137.93985 
    -7.95057 -137.51874 
    -7.47920 -137.06708 
    -7.03928 -136.58701 
    -6.63248 -136.08084 
    -6.26034 -135.55092 
    -5.92415 -134.99973 
    -5.62507 -134.42978 
    -5.36404 -133.84367 
    -5.14180 -133.24400 
    -4.95893 -132.63341 
    -4.81579 -132.01453 
    -4.68732 -131.39479 
    -4.57145 -130.77219 
    -4.49078 -130.14273 
    -4.44530 -129.50813 
    -4.43505 -128.87003 
    -4.46015 -128.23001 
    -4.52084 -127.58972 
    -4.61754 -126.95084 
    -4.75082 -126.31525 
    -4.92141 -125.68501 
    -5.13014 -125.06254 
    -5.37786 -124.45058 
    -5.66534 -123.85229 
    -5.99316 -123.27123 
    -6.36154 -122.71129 
    -6.77024 -122.17661 
    -7.21843 -121.67149 
    -7.70461 -121.20022 
    -8.22661 -120.76686 
    -8.78153 -120.37512 
    -9.36586 -120.02817 
    -9.97557 -119.72850 
    -10.47469 -119.14558 
    -10.77385 -117.80164 
    -11.58414 -117.84968 
    -12.46543 -118.43620 
    -13.17001 -118.36654 
    -13.88012 -118.42330 
    -14.57752 -118.58190 
    -15.25072 -118.80786 
    -15.89646 -119.06764 
    -16.51776 -119.33704 
    -17.13475 -119.54836 
    -17.74035 -119.77395 
    -18.32950 -120.03171 
    -18.90096 -120.32034 
    -19.45349 -120.63877 
    -19.98580 -120.98605 
    -20.49654 -121.36130 
    -21.00718 -121.73600 
    -21.52363 -122.11127 
    -22.01810 -122.52096 
    -22.48782 -122.96416 
    -22.92993 -123.43975 
    -23.34166 -123.94624 
    -23.72026 -124.48187 
    -24.06315 -125.04453 
    -24.35871 -125.63548 
    -24.27137 -126.35841 
    -24.23101 -127.02954 
    -24.25442 -127.66216 
    -24.29604 -128.28040 
    -24.33471 -128.89426 
Cell 18 100 9.38328 -130.48244 
    -0.76374 -130.48244 
    -0.74740 -131.11981 
    -0.69048 -131.75505 
    -0.59317 -132.38554 
    -0.45583 -133.00870 
    -0.27902 -133.62190 
    -0.06345 -134.22266 
    0.19000 -134.80847 
    0.48027 -135.37691 
    0.80618 -135.92563 
    1.16635 -136.45238 
    1.55928 -136.95500 
    1.98334 -137.43144 
    2.43674 -137.87975 
    2.91760 -138.29810 
    3.42389 -138.68483 
    3.95350 -139.03839 
    4.50423 -139.35739 
    5.07378 -139.64059 
    5.65978 -139.88690 
    6.25983 -140.09541 
    6.87146 -140.26530 
    7.49210 -140.39632 
    8.11930 -140.48785 
    8.75052 -140.53976 
    9.38328 -140.55211 
    10.01511 -140.52518 
    10.64366 -140.45943 
    11.26667 -140.35556 
    11.88253 -140.21638 
    12.49252 -140.05170 
    13.09238 -139.85056 
    13.68012 -139.61369 
    14.25382 -139.34192 
    14.81160 -139.03610 
    15.35164 -138.69719 
    15.87215 -138.32614 
    16.37135 -137.92398 
    16.85201 -137.49605 
    17.33123 -137.05756 
    17.79556 -136.59433 
    18.24444 -136.10590 
    18.67660 -135.59149 
    19.08995 -135.05005 
    19.48138 -134.48056 
    19.84668 -133.88220 
    20.18061 -133.25471 
    20.47702 -132.59868 
    20.72909 -131.91574 
    20.92972 -131.20888 
    21.07183 -130.48244 
    21.14541 -129.74243 
    21.07383 -129.00557 
    20.62708 -128.33757 
    20.09012 -127.73339 
    19.59416 -127.16472 
    19.13933 -126.61974 
    18.70782 -126.09464 
    18.28962 -125.58614 
    17.90024 -125.07741 
    17.52241 -124.56901 
    17.13552 -124.06922 
    16.73831 -123.57559 
    16.33070 -123.08418 
    15.91323 -122.58908 
    15.48722 -122.08107 
    15.08349 -121.50033 
    14.46186 -121.24452 
    13.84917 -120.99194 
    13.22889 -120.76952 
    12.59857 -120.58679 
    11.96081 -120.44360 
    11.31810 -120.33972 
    10.67280 -120.27484 
    10.02820 -120.23162 
    9.38328 -120.17896 
    8.73434 -120.16784 
    8.08423 -120.19945 
    7.43605 -120.27472 
    6.79309 -120.39432 
    6.15880 -120.55853 
    5.53675 -120.76723 
    4.93050 -121.01981 
    4.34354 -121.31519 
    3.77917 -121.65179 
    3.24048 -122.02760 
    2.73019 -122.44024 
    2.25068 -122.88699 
    1.80391 -123.36494 
    1.39144 -123.87102 
    1.01447 -124.40215 
    0.67385 -124.95527 
    0.37014 -125.52743 
    0.10368 -126.11579 
    -0.13337 -126.71453 
    -0.33262 -127.32555 
    -0.49295 -127.94666 
    -0.61428 -128.57530 
    -0.69663 -129.20905 
    -0.74119 -129.84546 
Cell 19 100 25.95841 -119.60255 
    14.76134 -119.60255 
    14.81784 -120.30346 
    14.92576 -120.99630 
    15.19197 -121.65636 
    15.63215 -122.25389 
    16.09680 -122.80679 
    16.53691 -123.33279 
    16.95171 -123.84079 
    17.34391 -124.33842 
    17.71794 -124.83212 
    18.08703 -125.32145 
    18.46610 -125.80073 
    18.85470 -126.27338 
    19.24732 -126.74914 
    19.64973 -127.22843 
    20.06878 -127.70893 
    20.50335 -128.19835 
    20.91753 -128.77187 
    21.46996 -129.14099 
    22.07221 -129.41798 
    22.69220 -129.65491 
    23.32718 -129.85052 
    23.97426 -130.00386 
    24.63049 -130.11409 
    25.29289 -130.18065 
    25.95841 -130.20322 
    26.62399 -130.18163 
    27.28657 -130.11601 
    27.94311 -130.00671 
    28.59060 -129.85426 
    29.22610 -129.65947 
    29.84672 -129.42331 
    30.44968 -129.14699 
    31.03230 -128.83192 
    31.59202 -128.47971 
    32.12643 -128.09210 
    32.63328 -127.67108 
    33.11048 -127.21873 
    33.55615 -126.73730 
    33.96863 -126.22918 
    34.34650 -125.69685 
    34.68860 -125.14290 
    34.99408 -124.56995 
    35.26242 -123.98069 
    35.49345 -123.37775 
    35.68736 -122.76368 
    35.84469 -122.14092 
    35.96635 -121.51167 
    36.05349 -120.87786 
    36.10743 -120.24107 
    36.12952 -119.60255 
    36.12096 -118.96318 
    36.08254 -118.32358 
    36.01455 -117.68424 
    35.91651 -117.04575 
    35.78715 -116.40900 
    35.62438 -115.77553 
    35.42545 -115.14771 
    35.18719 -114.52898 
    34.92015 -113.91526 
    34.69295 -113.25654 
    34.43727 -112.58823 
    34.14609 -111.91381 
    33.81137 -111.24000 
    33.42505 -110.57694 
    32.98008 -109.93806 
    32.47173 -109.33920 
    31.89852 -108.79753 
    31.26294 -108.32986 
    30.57159 -107.95100 
    29.83486 -107.67208 
    29.06597 -107.49939 
    28.27975 -107.43366 
    27.49109 -107.47011 
    26.71361 -107.59905 
    25.95841 -107.80726 
    25.23344 -108.07944 
    24.54319 -108.39996 
    23.88899 -108.75430 
    23.26959 -109.13028 
    22.68197 -109.51871 
    22.11724 -109.90087 
    21.48866 -110.10384 
    20.86904 -110.34503 
    20.26098 -110.62485 
    19.66732 -110.94361 
    19.09113 -111.30145 
    18.53576 -111.69823 
    18.00471 -112.13354 
    17.50169 -112.60655 
    17.03045 -113.11601 
    16.59474 -113.66019 
    16.19821 -114.23684 
    15.84429 -114.84321 
    15.53611 -115.47607 
    15.27638 -116.13175 
    15.06732 -116.80620 
    14.91057 -117.49506 
    14.80716 -118.19382 
    14.75749 -118.89785 
Cell 20 100 52.19609 -119.83894 
    42.13213 -119.83894 
    42.14612 -120.47124 
    42.19990 -121.10175 
    42.29337 -121.72799 
    42.42625 -122.34741 
    42.59809 -122.95752 
    42.80827 -123.55584 
    43.05602 -124.13993 
    43.34040 -124.70740 
    43.66030 -125.25592 
    44.01447 -125.78324 
    44.40150 -126.28719 
    44.81985 -126.76569 
    45.26781 -127.21681 
    45.74360 -127.63866 
    46.24529 -128.02951 
    46.77084 -128.38776 
    47.31812 -128.71194 
    47.88488 -129.00073 
    48.46880 -129.25299 
    49.06752 -129.46768 
    49.67859 -129.64398 
    50.29950 -129.78122 
    50.92775 -129.87886 
    51.56080 -129.93660 
    52.19609 -129.95425 
    52.83108 -129.93185 
    53.46326 -129.86958 
    54.09012 -129.76779 
    54.70923 -129.62698 
    55.31821 -129.44786 
    55.91475 -129.23122 
    56.49662 -128.97804 
    57.00013 -128.57745 
    57.35234 -127.96390 
    57.73591 -127.46385 
    58.11692 -126.99599 
    58.49258 -126.54402 
    58.86111 -126.09782 
    59.22190 -125.65121 
    59.57617 -125.20089 
    59.92816 -124.74586 
    60.28191 -124.28416 
    60.64049 -123.81258 
    61.01149 -123.32921 
    61.40423 -122.83086 
    61.82875 -122.31219 
    62.29973 -121.76632 
    62.68454 -121.16394 
    62.96162 -120.51625 
    63.21447 -119.83894 
    63.41463 -119.13313 
    63.52857 -118.40732 
    63.52660 -117.67754 
    63.39140 -116.96448 
    63.12344 -116.28844 
    62.74104 -115.66390 
    62.27501 -115.09616 
    61.83549 -114.53963 
    61.69032 -113.81372 
    61.50055 -113.07887 
    61.25227 -112.34702 
    60.93246 -111.63495 
    60.53121 -110.96294 
    60.04392 -110.35255 
    59.47250 -109.82382 
    58.82567 -109.39240 
    58.11787 -109.06725 
    57.36734 -108.84947 
    56.59349 -108.73237 
    55.81440 -108.70293 
    55.04475 -108.74416 
    54.29466 -108.83785 
    53.57258 -108.94291 
    52.88071 -108.95722 
    52.19609 -109.01779 
    51.52182 -109.12179 
    50.86046 -109.26634 
    50.21405 -109.44870 
    49.58421 -109.66634 
    48.97226 -109.91703 
    48.37930 -110.19884 
    47.80629 -110.51013 
    47.25415 -110.84958 
    46.72383 -111.21606 
    46.21638 -111.60858 
    45.73291 -112.02630 
    45.27462 -112.46833 
    44.84285 -112.93379 
    44.43896 -113.42169 
    44.06437 -113.93091 
    43.72050 -114.46017 
    43.40874 -115.00806 
    43.12308 -115.56951 
    42.86917 -116.14616 
    42.65131 -116.73766 
    42.47049 -117.34184 
    42.32753 -117.95641 
    42.22314 -118.57907 
    42.15788 -119.20739 
Cell 21 100 66.60394 -131.20375 
    56.41568 -131.20375 
    56.35298 -131.84868 
    56.32826 -132.50188 
    56.34105 -133.16150 
    56.41452 -133.81995 
    56.54401 -134.47241 
    56.70478 -135.12311 
    56.92307 -135.75922 
    57.19780 -136.37482 
    57.51315 -136.97293 
    57.86832 -137.55054 
    58.26219 -138.10464 
    58.69333 -138.63231 
    59.15998 -139.13075 
    59.66013 -139.59737 
    60.19154 -140.02966 
    60.75175 -140.42531 
    61.33809 -140.78227 
    61.94772 -141.09871 
    62.57766 -141.37296 
    63.22528 -141.60217 
    63.90188 -141.72757 
    64.59992 -141.70914 
    65.28508 -141.64355 
    65.95370 -141.53876 
    66.60394 -141.44756 
    67.24496 -141.39246 
    67.88875 -141.37411 
    68.54896 -141.39990 
    69.23939 -141.46817 
    69.89237 -141.32451 
    70.51976 -141.09399 
    71.12817 -140.81825 
    71.64016 -140.36461 
    71.91500 -139.57265 
    72.29832 -139.04138 
    72.69508 -138.56668 
    73.06396 -138.08298 
    73.41644 -137.60112 
    73.76240 -137.12575 
    74.10645 -136.65465 
    74.45253 -136.18463 
    74.80296 -135.71120 
    75.15670 -135.22838 
    75.50871 -134.72940 
    75.87147 -134.21495 
    76.27187 -133.68607 
    76.65808 -133.12167 
    76.77631 -132.48882 
    76.86707 -131.84946 
    76.91965 -131.20375 
    76.93185 -130.55397 
    76.90266 -129.90273 
    76.83121 -129.25279 
    76.71682 -128.60721 
    76.55903 -127.96915 
    76.35771 -127.34196 
    76.11308 -126.72909 
    75.82577 -126.13401 
    75.49682 -125.56016 
    75.12773 -125.01085 
    74.72041 -124.48921 
    74.27717 -123.99811 
    73.80062 -123.54006 
    73.29369 -123.11723 
    72.75948 -122.73137 
    72.23896 -122.32438 
    71.75890 -121.82690 
    71.24987 -121.33064 
    70.70409 -120.84793 
    70.11497 -120.39790 
    69.47937 -120.00467 
    68.79959 -119.69373 
    68.08405 -119.48746 
    67.34653 -119.40054 
    66.60394 -119.43690 
    65.87319 -119.58891 
    65.16824 -119.83904 
    64.49793 -120.16370 
    63.86539 -120.53782 
    63.26879 -120.93922 
    62.70315 -121.35149 
    62.21127 -121.86885 
    61.76116 -122.39478 
    61.34114 -122.91092 
    60.94535 -123.41538 
    60.56814 -123.90773 
    60.20288 -124.38731 
    59.84351 -124.85529 
    59.48611 -125.31538 
    59.12560 -125.77042 
    58.75697 -126.22391 
    58.37821 -126.68162 
    57.99088 -127.15076 
    57.60129 -127.63935 
    57.23921 -128.16098 
    56.89275 -128.71034 
    56.77556 -129.32889 
    56.65239 -129.94658 
    56.52699 -130.56976 
Cell 22 100 80.07046 -109.07190 
    67.93713 -109.07190 
    67.95666 -109.83404 
    68.05040 -110.59039 
    68.21571 -111.33331 
    68.44840 -112.05594 
    68.74301 -112.75240 
    69.09321 -113.41810 
    69.49218 -114.04966 
    69.93304 -114.64499 
    70.40919 -115.20313 
    70.91457 -115.72404 
    71.44391 -116.20840 
    71.99283 -116.65730 
    72.55786 -117.07200 
    73.13639 -117.45375 
    73.72655 -117.80354 
    74.32706 -118.12205 
    74.93705 -118.40953 
    75.55589 -118.66584 
    76.18302 -118.89044 
    76.81782 -119.08249 
    77.45950 -119.24090 
    78.10705 -119.36447 
    78.75915 -119.45197 
    79.41424 -119.50223 
    80.07046 -119.52064 
    80.72688 -119.50535 
    81.38116 -119.44714 
    82.03039 -119.34623 
    82.67169 -119.20305 
    83.30222 -119.01824 
    83.91917 -118.79263 
    84.51981 -118.52727 
    85.10152 -118.22337 
    85.66173 -117.88233 
    86.19802 -117.50577 
    86.70809 -117.09542 
    87.18978 -116.65321 
    87.64109 -116.18120 
    88.06022 -115.68160 
    88.44563 -115.15681 
    88.79613 -114.60938 
    89.11113 -114.04205 
    89.39096 -113.45779 
    89.63737 -112.85971 
    89.85417 -112.25082 
    90.04784 -111.63365 
    90.22778 -111.00951 
    90.40578 -110.37756 
    90.59409 -109.73399 
    90.80205 -109.07190 
    91.03154 -108.38229 
    91.27257 -107.65675 
    91.50070 -106.89146 
    91.67834 -106.09150 
    91.76057 -105.27355 
    91.70483 -104.46552 
    91.48178 -103.70214 
    91.08350 -103.01743 
    90.52624 -102.43646 
    89.84649 -101.96920 
    89.09179 -101.60880 
    88.58501 -101.07620 
    88.17316 -100.44339 
    87.71391 -99.83255 
    87.20691 -99.24941 
    86.65261 -98.70008 
    86.05233 -98.19090 
    85.40838 -97.72824 
    84.72406 -97.31824 
    84.00369 -96.96665 
    83.25253 -96.67853 
    82.47667 -96.45808 
    81.68285 -96.30846 
    80.87830 -96.23164 
    80.07046 -96.22833 
    79.26679 -96.29797 
    78.47452 -96.43872 
    77.70040 -96.64761 
    76.95055 -96.92068 
    76.23030 -97.25313 
    75.54406 -97.63953 
    74.89528 -98.07409 
    74.28647 -98.55087 
    73.71922 -99.06395 
    73.19431 -99.60769 
    72.71179 -100.17680 
    72.27118 -100.76652 
    71.87157 -101.37263 
    71.51178 -101.99155 
    71.19051 -102.62025 
    70.70699 -103.12966 
    70.20474 -103.64818 
    69.73466 -104.20824 
    69.30408 -104.80920 
    68.92054 -105.44907 
    68.59140 -106.12458 
    68.32343 -106.83103 
    68.12238 -107.56251 
    67.99269 -108.31203 
Cell 23 100 97.90340 -127.21254 
    86.33849 -127.21254 
    86.50813 -127.92947 
    86.72710 -128.62444 
    86.98816 -129.29474 
    87.30240 -129.93442 
    88.03149 -130.42010 
    88.64143 -130.87961 
    89.19340 -131.31116 
    89.67516 -131.73605 
    90.10742 -132.16000 
    90.51907 -132.57756 
    90.92476 -132.98576 
    91.32568 -133.38942 
    91.72446 -133.79245 
    92.12434 -134.19823 
    92.52945 -134.60913 
    92.94476 -135.02611 
    93.37640 -135.44711 
    93.83107 -135.86665 
    94.30561 -136.29950 
    94.77641 -136.83646 
    95.29085 -137.38774 
    95.92808 -137.56755 
    96.57786 -137.70528 
    97.23730 -137.79991 
    97.90340 -137.85063 
    98.57308 -137.85684 
    99.24321 -137.81824 
    99.91061 -137.73473 
    100.57211 -137.60649 
    101.22461 -137.43419 
    101.86507 -137.21858 
    102.49019 -136.95996 
    103.09688 -136.65944 
    103.68229 -136.31862 
    104.24362 -135.93912 
    104.77815 -135.52269 
    105.28333 -135.07137 
    105.75677 -134.58734 
    106.19627 -134.07300 
    106.59982 -133.53087 
    106.96561 -132.96359 
    107.29207 -132.37401 
    107.57782 -131.76498 
    107.82175 -131.13950 
    108.02299 -130.50060 
    108.18089 -129.85135 
    108.29509 -129.19485 
    108.36544 -128.53421 
    108.39208 -127.87243 
    108.37540 -127.21254 
    108.31599 -126.55743 
    108.21478 -125.90991 
    108.07285 -125.27261 
    107.89156 -124.64802 
    107.67245 -124.03838 
    107.41729 -123.44572 
    107.12799 -122.87177 
    106.80656 -122.31799 
    106.45512 -121.78545 
    106.07581 -121.27494 
    105.67066 -120.78690 
    105.24165 -120.32146 
    104.79052 -119.87849 
    104.31876 -119.45769 
    103.82755 -119.05864 
    103.31769 -118.68098 
    102.78961 -118.32455 
    102.24344 -117.98948 
    101.67901 -117.67644 
    101.09602 -117.38667 
    100.49416 -117.12215 
    99.87336 -116.88564 
    99.23389 -116.68060 
    98.57667 -116.51117 
    97.90340 -116.38199 
    97.21671 -116.29794 
    96.52025 -116.26383 
    95.81870 -116.28415 
    95.11761 -116.36262 
    94.42333 -116.50200 
    93.74266 -116.70373 
    93.08259 -116.96780 
    92.44991 -117.29269 
    91.85092 -117.67536 
    91.29105 -118.11142 
    90.77454 -118.59523 
    90.13801 -118.94324 
    89.51989 -119.33990 
    88.92959 -119.78876 
    88.37610 -120.29055 
    87.86866 -120.84430 
    87.41618 -121.44714 
    87.02661 -122.09431 
    86.70645 -122.77936 
    86.46021 -123.49443 
    86.29019 -124.23077 
    86.19630 -124.97929 
    86.17619 -125.73105 
    86.22555 -126.47783 
Cell 24 100 -103.58544 -110.30905 
    -113.82191 -110.30905 
    -113.81062 -110.95236 
    -113.75804 -111.59415 
    -113.66428 -112.23170 
    -113.52967 -112.86230 
    -113.35472 -113.48328 
    -113.14014 -114.09203 
    -112.88684 -114.68595 
    -112.59587 -115.26257 
    -112.26849 -115.81949 
    -111.90612 -116.35438 
    -111.51031 -116.86507 
    -111.08279 -117.34953 
    -110.62540 -117.80585 
    -110.14011 -118.23228 
    -109.62899 -118.62728 
    -109.09418 -118.98944 
    -108.53792 -119.31757 
    -107.96244 -119.61065 
    -107.37004 -119.86785 
    -106.76299 -120.08854 
    -106.14355 -120.27223 
    -105.51395 -120.41864 
    -104.87634 -120.52760 
    -104.23283 -120.59908 
    -103.58544 -120.63313 
    -102.93611 -120.62992 
    -102.28671 -120.58964 
    -101.63904 -120.51248 
    -100.99487 -120.39867 
    -100.35594 -120.24842 
    -99.72403 -120.06187 
    -99.10093 -119.83913 
    -98.48853 -119.58031 
    -97.88884 -119.28546 
    -97.50719 -118.67504 
    -97.17268 -118.06075 
    -96.81955 -117.51400 
    -96.44323 -117.01603 
    -96.04540 -116.54671 
    -95.65363 -116.07185 
    -95.28013 -115.57977 
    -94.89243 -115.08808 
    -94.48325 -114.59222 
    -94.04629 -114.08587 
    -93.57323 -113.56221 
    -93.05757 -113.01215 
    -92.46894 -112.42963 
    -92.34000 -111.72968 
    -91.97402 -111.03958 
    -91.57106 -110.30905 
    -91.32246 -109.53753 
    -91.28738 -108.75545 
    -91.48816 -108.00137 
    -91.90182 -107.30920 
    -92.46842 -106.69691 
    -93.11184 -106.16226 
    -93.56821 -105.59530 
    -93.38226 -104.69981 
    -93.15884 -103.69212 
    -94.80209 -103.92757 
    -95.27897 -103.43733 
    -95.78270 -102.98179 
    -96.31010 -102.56160 
    -96.85809 -102.17708 
    -97.42382 -101.82830 
    -98.00468 -101.51517 
    -98.59831 -101.23750 
    -99.20260 -100.99503 
    -99.81561 -100.78754 
    -100.43559 -100.61478 
    -101.06091 -100.47664 
    -101.69004 -100.37300 
    -102.31579 -100.25874 
    -102.94479 -100.12612 
    -103.58544 -100.00186 
    -104.24129 -99.88457 
    -104.91567 -99.77917 
    -105.60952 -99.69846 
    -106.31900 -99.66256 
    -107.03397 -99.69559 
    -107.73826 -99.82024 
    -108.41227 -100.05152 
    -109.03722 -100.39232 
    -109.59970 -100.83209 
    -110.09487 -101.34959 
    -110.52684 -101.91834 
    -110.90653 -102.51289 
    -111.24770 -103.11371 
    -111.56295 -103.70949 
    -111.86083 -104.29663 
    -112.14501 -104.87698 
    -112.47060 -105.42440 
    -112.77251 -105.98595 
    -113.03857 -106.56630 
    -113.26750 -107.16316 
    -113.45819 -107.77416 
    -113.60967 -108.39683 
    -113.72117 -109.02861 
    -113.79206 -109.66691 
