128 25 
Cell 0 100 -124.22430 -140.71591 
    -134.22441 -140.71591 
    -134.20467 -141.34383 
    -134.14554 -141.96925 
    -134.04724 -142.58974 
    -133.91019 -143.20282 
    -133.73491 -143.80609 
    -133.52209 -144.39717 
    -133.27258 -144.97371 
    -132.99580 -145.53809 
    -132.69452 -146.09126 
    -132.35852 -146.62576 
    -131.98860 -147.13910 
    -131.58601 -147.62901 
    -131.15221 -148.09338 
    -130.68878 -148.53012 
    -130.19746 -148.93726 
    -129.68013 -149.31293 
    -129.13881 -149.65536 
    -128.57565 -149.96298 
    -127.99290 -150.23428 
    -127.39293 -150.46794 
    -126.77823 -150.66280 
    -126.15135 -150.81784 
    -125.51493 -150.93227 
    -124.87167 -151.00542 
    -124.22430 -151.03683 
    -123.57563 -151.02629 
    -122.92844 -150.97369 
    -122.28556 -150.87918 
    -121.64977 -150.74307 
    -121.02385 -150.56590 
    -120.41053 -150.34840 
    -119.81250 -150.09148 
    -119.23236 -149.79622 
    -118.67265 -149.46391 
    -118.13580 -149.09602 
    -117.62410 -148.69418 
    -117.13979 -148.26016 
    -116.68490 -147.79588 
    -116.26137 -147.30342 
    -115.87096 -146.78497 
    -115.51527 -146.24283 
    -115.19575 -145.67940 
    -114.91364 -145.09718 
    -114.67001 -144.49872 
    -114.44896 -143.89212 
    -114.24942 -143.27702 
    -114.08406 -142.65027 
    -113.95300 -142.01347 
    -113.85631 -141.36821 
    -114.08640 -140.71591 
    -114.49256 -140.10364 
    -114.81654 -139.52744 
    -115.09082 -138.97360 
    -115.33494 -138.43350 
    -115.56242 -137.90149 
    -115.78348 -137.37396 
    -116.00635 -136.84885 
    -116.23260 -136.32243 
    -116.47156 -135.79588 
    -116.72793 -135.26949 
    -116.99905 -134.73866 
    -117.28723 -134.20157 
    -117.61103 -133.67349 
    -117.98014 -133.16801 
    -118.36517 -132.65150 
    -118.72692 -132.05342 
    -118.93823 -131.10059 
    -119.32454 -130.30336 
    -120.09109 -130.27661 
    -120.80885 -130.20424 
    -121.49632 -130.09109 
    -122.17248 -129.95984 
    -122.84650 -129.80951 
    -123.52485 -129.59839 
    -124.22430 -129.29655 
    -124.96382 -128.96162 
    -125.73277 -128.77516 
    -126.48602 -128.85960 
    -127.20403 -129.11063 
    -127.83737 -129.59602 
    -128.43254 -130.08713 
    -128.96568 -130.63995 
    -129.40593 -131.29056 
    -129.92072 -131.73982 
    -130.41809 -132.19090 
    -131.01796 -132.50378 
    -131.81157 -132.63629 
    -131.81052 -133.59198 
    -132.10678 -134.19496 
    -132.45380 -134.73683 
    -132.77054 -135.29230 
    -133.05669 -135.86028 
    -133.31180 -136.43967 
    -133.53529 -137.02943 
    -133.73503 -137.62569 
    -133.91029 -138.22897 
    -134.04732 -138.84207 
    -134.14558 -139.46255 
    -134.20470 -140.08800 
Cell 1 100 -107.24137 -133.49432 
    -117.74186 -133.49432 
    -117.33163 -134.12915 
    -117.00491 -134.72775 
    -116.71255 -135.30106 
    -116.44377 -135.85710 
    -116.19741 -136.40431 
    -115.96428 -136.94797 
    -115.73448 -137.49088 
    -115.50448 -138.03700 
    -115.26569 -138.58672 
    -115.00936 -139.13809 
    -114.72689 -139.68687 
    -114.41080 -140.22688 
    -114.06905 -140.76508 
    -113.63323 -141.22076 
    -113.12951 -141.59865 
    -112.61034 -141.95445 
    -112.06967 -142.27696 
    -111.50965 -142.56488 
    -110.93249 -142.81702 
    -110.34047 -143.03238 
    -109.73595 -143.21005 
    -109.12132 -143.34933 
    -108.49902 -143.44965 
    -107.87154 -143.51054 
    -107.24137 -143.53180 
    -106.61103 -143.51329 
    -105.98303 -143.45508 
    -105.35989 -143.35739 
    -104.74409 -143.22060 
    -104.13809 -143.04523 
    -103.54433 -142.83200 
    -102.96516 -142.58174 
    -102.40292 -142.29544 
    -101.85983 -141.97427 
    -101.33809 -141.61949 
    -100.83978 -141.23253 
    -100.36687 -140.81493 
    -99.92126 -140.36836 
    -99.50471 -139.89464 
    -99.11475 -139.39867 
    -98.75102 -138.88246 
    -98.41629 -138.34595 
    -98.11047 -137.79100 
    -98.05865 -137.13004 
    -98.06588 -136.47562 
    -98.05080 -135.85406 
    -98.04416 -135.24878 
    -98.04941 -134.65553 
    -98.06889 -134.07141 
    -98.10445 -133.49432 
    -98.15604 -132.92273 
    -98.18869 -132.35071 
    -98.22624 -131.77458 
    -98.27684 -131.19263 
    -98.33939 -130.60188 
    -98.41927 -130.00140 
    -98.51554 -129.38826 
    -98.62131 -128.75540 
    -98.73167 -128.09390 
    -98.83248 -127.38491 
    -98.86543 -126.56515 
    -99.18614 -125.92996 
    -99.72720 -125.49254 
    -100.30032 -125.10403 
    -100.89799 -124.76340 
    -101.51336 -124.46842 
    -102.14062 -124.21609 
    -102.77515 -124.00312 
    -103.41358 -123.82643 
    -104.05362 -123.68342 
    -104.64798 -123.39373 
    -105.26103 -123.11301 
    -105.90075 -122.88223 
    -106.56394 -122.72693 
    -107.24137 -122.66803 
    -107.91899 -122.72389 
    -108.57713 -122.92068 
    -109.21452 -123.15072 
    -109.81699 -123.46293 
    -110.38292 -123.82564 
    -110.89486 -124.26665 
    -111.36560 -124.72989 
    -111.83904 -125.13120 
    -112.31356 -125.50184 
    -112.79034 -125.85682 
    -113.27168 -126.20493 
    -113.75542 -126.55756 
    -114.24062 -126.92159 
    -114.72646 -127.30212 
    -115.21630 -127.70020 
    -115.70631 -128.12231 
    -116.20048 -128.56902 
    -116.71034 -129.03856 
    -117.26304 -129.52646 
    -117.94742 -130.01572 
    -118.70894 -130.54996 
    -118.90062 -131.27020 
    -118.72922 -132.04308 
    -118.25336 -132.80150 
Cell 2 100 -88.37417 -133.61345 
    -98.09711 -133.61345 
    -98.06383 -134.22307 
    -98.04781 -134.83551 
    -98.04646 -135.45854 
    -98.05676 -136.09952 
    -98.06272 -136.76144 
    -98.08436 -137.45798 
    -97.75071 -138.02571 
    -97.38956 -138.56970 
    -97.00952 -139.09361 
    -96.60970 -139.59691 
    -96.21925 -140.10347 
    -95.82229 -140.60770 
    -95.39227 -141.08696 
    -94.93072 -141.53896 
    -94.43935 -141.96146 
    -93.92005 -142.35236 
    -93.37486 -142.70969 
    -92.80601 -143.03159 
    -92.21581 -143.31635 
    -91.60679 -143.56244 
    -90.98154 -143.76851 
    -90.34280 -143.93336 
    -89.69337 -144.05606 
    -89.03618 -144.13579 
    -88.37417 -144.17203 
    -87.71036 -144.16441 
    -87.04778 -144.11288 
    -86.38949 -144.01749 
    -85.73853 -143.87862 
    -85.09789 -143.69682 
    -84.47054 -143.47290 
    -83.85938 -143.20787 
    -83.26723 -142.90294 
    -82.69680 -142.55956 
    -82.15067 -142.17935 
    -81.63134 -141.76413 
    -81.14110 -141.31589 
    -80.68210 -140.83678 
    -80.25634 -140.32910 
    -79.86563 -139.79527 
    -79.51154 -139.23784 
    -79.19552 -138.65945 
    -78.91114 -138.06641 
    -78.62397 -137.47383 
    -78.36969 -136.86411 
    -78.14991 -136.23859 
    -77.96662 -135.59880 
    -77.82220 -134.94647 
    -77.71935 -134.28380 
    -77.66093 -133.61345 
    -77.64977 -132.93872 
    -77.68841 -132.26352 
    -77.77884 -131.59229 
    -77.92226 -130.92986 
    -78.11893 -130.28133 
    -78.36799 -129.65172 
    -78.66745 -129.04582 
    -79.01434 -128.46783 
    -79.40475 -127.92128 
    -79.83424 -127.40883 
    -80.29797 -126.93224 
    -80.79104 -126.49242 
    -81.30878 -126.08957 
    -81.84687 -125.72330 
    -82.40157 -125.39288 
    -82.96969 -125.09735 
    -83.54263 -124.82491 
    -84.09400 -124.51762 
    -84.66190 -124.23733 
    -85.24509 -123.98313 
    -85.84269 -123.75397 
    -86.45423 -123.54879 
    -87.07970 -123.36665 
    -87.71945 -123.20699 
    -88.37417 -123.06985 
    -89.04655 -122.92616 
    -89.74400 -122.77014 
    -90.45543 -122.70310 
    -91.16348 -122.74979 
    -91.90488 -122.74702 
    -92.66872 -122.76665 
    -93.42373 -122.88259 
    -94.15443 -123.09918 
    -94.90723 -123.31900 
    -95.64524 -123.60568 
    -96.35810 -123.96253 
    -97.03484 -124.39077 
    -97.66443 -124.88931 
    -98.23651 -125.45461 
    -98.74203 -126.08076 
    -98.84933 -126.96571 
    -98.75860 -127.90456 
    -98.61475 -128.79459 
    -98.48039 -129.61211 
    -98.37086 -130.36533 
    -98.29009 -131.06747 
    -98.22982 -131.73338 
    -98.18738 -132.37375 
    -98.14921 -132.99846 
Cell 3 100 -51.52407 -152.91801 
    -61.65513 -152.91801 
    -61.60979 -153.55255 
    -61.52747 -154.18173 
    -61.40886 -154.80363 
    -61.25454 -155.41638 
    -61.06504 -156.01807 
    -60.84088 -156.60680 
    -60.58260 -157.18063 
    -60.29085 -157.73759 
    -59.96735 -158.27628 
    -59.61424 -158.79587 
    -59.22920 -159.29225 
    -58.81375 -159.76349 
    -58.36954 -160.20770 
    -57.89831 -160.62315 
    -57.40192 -161.00818 
    -56.88234 -161.36130 
    -56.34161 -161.68108 
    -55.78186 -161.96628 
    -55.20531 -162.21577 
    -54.61424 -162.42857 
    -54.01097 -162.60385 
    -53.39788 -162.74089 
    -52.77740 -162.83916 
    -52.15197 -162.89828 
    -51.52407 -162.91801 
    -50.89616 -162.89828 
    -50.27073 -162.83916 
    -49.65025 -162.74089 
    -49.03717 -162.60385 
    -48.43390 -162.42857 
    -47.84133 -162.21954 
    -47.26177 -161.97586 
    -46.69733 -161.69781 
    -46.14960 -161.38683 
    -45.61990 -161.04440 
    -45.10931 -160.67212 
    -44.61863 -160.27156 
    -44.14842 -159.84421 
    -43.69912 -159.39137 
    -43.27108 -158.91415 
    -42.86478 -158.41336 
    -42.48093 -157.88953 
    -42.12073 -157.34288 
    -41.78597 -156.77361 
    -41.47920 -156.18179 
    -41.20379 -155.56781 
    -40.96388 -154.93248 
    -40.76424 -154.27730 
    -40.61005 -153.60466 
    -40.50650 -152.91801 
    -40.45839 -152.22182 
    -40.46973 -151.52153 
    -40.54332 -150.82332 
    -40.68040 -150.13383 
    -40.88058 -149.45973 
    -41.14169 -148.80734 
    -41.46004 -148.18224 
    -41.83061 -147.58899 
    -42.24750 -147.03093 
    -42.70437 -146.51013 
    -43.19483 -146.02747 
    -43.71289 -145.58282 
    -44.25323 -145.17535 
    -44.81136 -144.80374 
    -45.38374 -144.46657 
    -45.96765 -144.16251 
    -46.56116 -143.89053 
    -47.16289 -143.65004 
    -47.77181 -143.44090 
    -48.38708 -143.26337 
    -49.00787 -143.11806 
    -49.63322 -143.00583 
    -50.26199 -142.92764 
    -50.89281 -142.88449 
    -51.52407 -142.85886 
    -52.15658 -142.86456 
    -52.78872 -142.90729 
    -53.41851 -142.98698 
    -54.04396 -143.10370 
    -54.66493 -143.25143 
    -55.28144 -143.42798 
    -55.87905 -143.66321 
    -56.45776 -143.94366 
    -57.02634 -144.24782 
    -57.57502 -144.58958 
    -58.10046 -144.96852 
    -58.59925 -145.38371 
    -59.06805 -145.83374 
    -59.50368 -146.31671 
    -59.90330 -146.83014 
    -60.26451 -147.37115 
    -60.58546 -147.93648 
    -60.86488 -148.52257 
    -61.10206 -149.12582 
    -61.29688 -149.74265 
    -61.44961 -150.36957 
    -61.56090 -151.00339 
    -61.63162 -151.64113 
    -61.66270 -152.28015 
Cell 4 100 -63.74127 -130.22798 
    -75.79576 -130.22798 
    -75.63438 -130.97623 
    -75.42320 -131.70375 
    -75.16645 -132.40746 
    -74.86838 -133.08493 
    -74.53307 -133.73445 
    -74.16438 -134.35478 
    -73.76583 -134.94518 
    -73.34057 -135.50523 
    -72.89134 -136.03479 
    -72.42052 -136.53383 
    -71.93011 -137.00238 
    -71.42178 -137.44048 
    -70.89699 -137.84805 
    -70.35696 -138.22498 
    -69.80280 -138.57097 
    -69.23558 -138.88564 
    -68.65633 -139.16844 
    -68.08646 -139.46198 
    -67.51996 -139.77187 
    -66.93130 -140.04587 
    -66.32273 -140.28210 
    -65.69675 -140.47896 
    -65.05597 -140.63490 
    -64.40318 -140.74869 
    -63.74127 -140.81920 
    -63.07326 -140.84564 
    -62.40226 -140.82736 
    -61.73142 -140.76398 
    -61.06395 -140.65544 
    -60.40311 -140.50179 
    -59.75215 -140.30334 
    -59.11443 -140.06052 
    -58.49310 -139.77437 
    -57.89128 -139.44608 
    -57.31205 -139.07704 
    -56.75834 -138.66888 
    -56.23296 -138.22353 
    -55.73854 -137.74304 
    -55.27757 -137.22977 
    -54.85229 -136.68620 
    -54.46478 -136.11502 
    -54.11686 -135.51904 
    -53.81010 -134.90123 
    -53.54585 -134.26463 
    -53.32517 -133.61238 
    -53.14888 -132.94765 
    -53.01755 -132.27364 
    -52.93146 -131.59358 
    -52.89069 -130.91064 
    -52.89506 -130.22798 
    -52.94417 -129.54869 
    -53.03740 -128.87576 
    -53.17396 -128.21216 
    -53.35287 -127.56069 
    -53.57298 -126.92410 
    -53.83300 -126.30502 
    -54.13151 -125.70597 
    -54.46694 -125.12938 
    -54.83762 -124.57755 
    -55.24172 -124.05270 
    -55.67734 -123.55692 
    -56.14243 -123.09220 
    -56.63483 -122.66039 
    -57.15224 -122.26322 
    -57.67094 -121.87289 
    -58.17181 -121.45192 
    -58.69829 -121.05484 
    -59.24982 -120.68318 
    -59.82584 -120.33875 
    -60.42569 -120.02366 
    -61.04852 -119.74040 
    -61.69323 -119.49175 
    -62.35832 -119.28081 
    -63.04184 -119.11085 
    -63.74127 -118.98530 
    -64.45349 -118.90753 
    -65.17476 -118.88078 
    -65.90070 -118.90787 
    -66.62959 -118.97874 
    -67.37441 -119.04631 
    -68.12148 -119.16482 
    -68.86628 -119.33678 
    -69.60368 -119.56430 
    -70.32803 -119.84890 
    -71.03329 -120.19138 
    -71.71307 -120.59173 
    -72.36093 -121.04898 
    -72.97044 -121.56120 
    -73.53549 -122.12550 
    -74.05038 -122.73798 
    -74.51008 -123.39389 
    -74.91036 -124.08772 
    -75.24794 -124.81335 
    -75.52055 -125.56423 
    -75.72700 -126.33359 
    -75.86714 -127.11459 
    -75.94189 -127.90059 
    -75.95304 -128.68527 
    -75.90324 -129.46281 
Cell 5 100 -4.58635 -140.26137 
    -15.02340 -140.26137 
    -15.04159 -140.91916 
    -15.01636 -141.57898 
    -14.94740 -142.23784 
    -14.83465 -142.89268 
    -14.67827 -143.54044 
    -14.47865 -144.17801 
    -14.23643 -144.80235 
    -13.95247 -145.41043 
    -13.62789 -145.99931 
    -13.26402 -146.56607 
    -12.86242 -147.10793 
    -12.42488 -147.62224 
    -11.95336 -148.10645 
    -11.45006 -148.55818 
    -10.91734 -148.97523 
    -10.35772 -149.35559 
    -9.77387 -149.69743 
    -9.16859 -149.99913 
    -8.54482 -150.25934 
    -7.90557 -150.47690 
    -7.25392 -150.65088 
    -6.59300 -150.78061 
    -5.92598 -150.86568 
    -5.25604 -150.90588 
    -4.58635 -150.90132 
    -3.92002 -150.85223 
    -3.26016 -150.75923 
    -2.60975 -150.62305 
    -1.97173 -150.44464 
    -1.34889 -150.22522 
    -0.74394 -149.96617 
    -0.15942 -149.66907 
    0.40226 -149.33560 
    0.93887 -148.96771 
    1.44833 -148.56738 
    1.92875 -148.13676 
    2.35885 -147.65726 
    2.69367 -147.09776 
    3.01655 -146.55103 
    3.32833 -146.01172 
    3.62823 -145.47449 
    3.91530 -144.93518 
    4.18917 -144.39081 
    4.45003 -143.83913 
    4.69868 -143.27826 
    4.93699 -142.70654 
    5.16844 -142.12219 
    5.40253 -141.52325 
    5.64881 -140.90530 
    6.02126 -140.26137 
    6.51778 -139.56276 
    6.77759 -138.82578 
    6.99318 -138.05246 
    7.13972 -137.25063 
    7.18639 -136.43617 
    7.10677 -135.63173 
    6.88417 -134.86375 
    6.51522 -134.15823 
    6.01091 -133.53615 
    5.39471 -133.00970 
    4.69810 -132.58060 
    3.95509 -132.24042 
    3.19670 -131.97327 
    2.44698 -131.75954 
    1.72105 -131.57999 
    1.02528 -131.41885 
    0.38647 -131.21585 
    -0.20508 -130.95070 
    -0.80971 -130.72269 
    -1.42509 -130.53203 
    -2.04896 -130.37889 
    -2.66615 -130.19533 
    -3.28920 -129.99339 
    -3.92863 -129.80736 
    -4.58635 -129.51247 
    -5.31786 -128.63422 
    -5.98216 -129.21237 
    -6.66030 -129.38933 
    -7.36272 -129.44809 
    -8.02979 -129.66353 
    -8.65437 -129.98671 
    -9.25561 -130.33868 
    -9.84027 -130.70451 
    -10.40930 -131.08586 
    -10.94308 -131.51208 
    -11.41220 -132.01033 
    -11.81215 -132.56667 
    -12.18033 -133.13014 
    -12.52296 -133.69563 
    -12.84400 -134.26184 
    -13.14483 -134.82999 
    -13.42465 -135.40247 
    -13.74859 -135.94995 
    -14.04533 -136.51630 
    -14.30627 -137.10318 
    -14.52980 -137.70833 
    -14.71448 -138.32933 
    -14.85902 -138.96362 
    -14.96230 -139.60857 
Cell 6 100 12.38540 -149.42604 
    1.61851 -149.42604 
    1.52502 -150.10931 
    1.50836 -150.80013 
    1.55992 -151.49110 
    1.67063 -152.17712 
    1.83457 -152.85422 
    2.04935 -153.51837 
    2.31037 -154.16699 
    2.61603 -154.79680 
    2.96488 -155.40448 
    3.35521 -155.98686 
    3.78499 -156.54092 
    4.25205 -157.06377 
    4.75394 -157.55272 
    5.28796 -158.00537 
    5.85131 -158.41945 
    6.44094 -158.79301 
    7.05372 -159.12433 
    7.68639 -159.41196 
    8.33557 -159.65475 
    8.99787 -159.85181 
    9.66981 -160.00256 
    10.34797 -160.10664 
    11.02886 -160.16412 
    11.70912 -160.17516 
    12.38540 -160.14038 
    13.05446 -160.06052 
    13.71319 -159.93655 
    14.35857 -159.76979 
    14.98779 -159.56168 
    15.59816 -159.31390 
    16.18718 -159.02824 
    16.77004 -158.74387 
    17.36712 -158.48775 
    17.95130 -158.19649 
    18.52060 -157.87042 
    19.07293 -157.50987 
    19.60606 -157.11526 
    20.11762 -156.68707 
    20.60506 -156.22594 
    21.06572 -155.73267 
    21.49678 -155.20830 
    21.89533 -154.65417 
    22.25841 -154.07193 
    22.58307 -153.46358 
    22.86642 -152.83153 
    23.10574 -152.17856 
    23.29854 -151.50783 
    23.44265 -150.82289 
    23.53629 -150.12759 
    23.57814 -149.42604 
    23.56740 -148.72253 
    23.50380 -148.02145 
    23.38767 -147.32724 
    23.21989 -146.64421 
    23.00188 -145.97653 
    22.73557 -145.32813 
    22.42330 -144.70256 
    22.06782 -144.10309 
    21.67213 -143.53250 
    21.23946 -142.99319 
    20.77314 -142.48709 
    20.27654 -142.01576 
    19.75299 -141.58035 
    19.20574 -141.18167 
    18.63788 -140.82024 
    18.05236 -140.49634 
    17.45192 -140.21008 
    16.83911 -139.96144 
    16.21630 -139.75029 
    15.58571 -139.57649 
    14.94942 -139.43985 
    14.30937 -139.34021 
    13.69723 -139.04187 
    13.06087 -138.68968 
    12.38540 -138.29745 
    11.66022 -137.89958 
    10.88598 -137.55690 
    10.08068 -137.34428 
    9.27924 -137.32835 
    8.52469 -137.54399 
    7.85398 -137.98097 
    7.28515 -138.58746 
    6.81239 -139.28877 
    6.36648 -139.94173 
    5.89078 -140.48697 
    5.54725 -141.16014 
    5.27371 -141.85286 
    5.01639 -142.50607 
    4.76415 -143.12120 
    4.50988 -143.70415 
    4.24964 -144.26294 
    3.98057 -144.80544 
    3.70028 -145.33914 
    3.40679 -145.87117 
    3.09886 -146.40866 
    2.77578 -146.95871 
    2.43613 -147.52812 
    2.06557 -148.12234 
    1.79656 -148.75984 
Cell 7 100 36.03982 -127.49801 
    25.62188 -127.49801 
    25.60142 -128.15474 
    25.62426 -128.81380 
    25.69075 -129.47220 
    25.80099 -130.12689 
    25.95485 -130.77481 
    26.15199 -131.41287 
    26.39180 -132.03802 
    26.67345 -132.64722 
    26.99587 -133.23747 
    27.35777 -133.80588 
    27.75761 -134.34966 
    28.19363 -134.86607 
    28.66388 -135.35258 
    29.16621 -135.80678 
    29.69827 -136.22641 
    30.25754 -136.60942 
    30.84136 -136.95396 
    31.44693 -137.25838 
    32.07133 -137.52126 
    32.71154 -137.74138 
    33.36446 -137.91783 
    34.02694 -138.04987 
    34.69579 -138.13704 
    35.36782 -138.17915 
    36.03982 -138.17618 
    36.70863 -138.12846 
    37.37114 -138.03648 
    38.02429 -137.90100 
    38.66514 -137.72296 
    39.29082 -137.50359 
    39.89861 -137.24422 
    40.48590 -136.94643 
    41.05026 -136.61197 
    41.58940 -136.24275 
    42.10121 -135.84079 
    42.58377 -135.40829 
    43.03535 -134.94749 
    43.50471 -134.50801 
    43.95770 -134.04825 
    44.38582 -133.56174 
    44.78769 -133.04958 
    45.16191 -132.51292 
    45.50701 -131.95293 
    45.82143 -131.37082 
    46.10353 -130.76791 
    46.35155 -130.14561 
    46.56364 -129.50554 
    46.73788 -128.84949 
    46.87231 -128.17953 
    46.96497 -127.49801 
    47.01391 -126.80758 
    47.01736 -126.11122 
    46.97371 -125.41225 
    46.88160 -124.71431 
    46.74003 -124.02130 
    46.54841 -123.33736 
    46.30661 -122.66682 
    46.01502 -122.01410 
    45.67459 -121.38360 
    45.28685 -120.77965 
    44.85385 -120.20641 
    44.37821 -119.66773 
    43.86303 -119.16714 
    43.31181 -118.70768 
    42.79208 -118.20432 
    42.23673 -117.73323 
    41.62753 -117.33400 
    40.97300 -117.01445 
    40.28386 -116.77878 
    39.57197 -116.62715 
    38.84928 -116.55589 
    38.12675 -116.55795 
    37.41354 -116.62388 
    36.72041 -116.68030 
    36.03982 -116.51007 
    35.33972 -116.37027 
    34.62205 -116.27522 
    33.89100 -116.23349 
    33.15274 -116.25359 
    32.41536 -116.34306 
    31.68840 -116.50758 
    30.98232 -116.75028 
    30.30762 -117.07119 
    29.70218 -117.51148 
    29.28787 -118.20476 
    28.90654 -118.87536 
    28.56481 -119.53793 
    28.27389 -120.20531 
    28.03598 -120.87666 
    27.81686 -121.52368 
    27.60942 -122.14792 
    27.41286 -122.75529 
    27.22481 -123.34998 
    27.04198 -123.93552 
    26.86033 -124.51541 
    26.67227 -125.09283 
    26.47525 -125.67347 
    26.26081 -126.26263 
    26.02295 -126.86781 
Cell 8 100 46.49937 -147.40814 
    36.46761 -147.40814 
    36.48968 -148.03790 
    36.54282 -148.66595 
    36.63358 -149.29015 
    36.76340 -149.90791 
    36.93208 -150.51674 
    37.13903 -151.11417 
    37.38353 -151.69772 
    37.66465 -152.26508 
    37.98134 -152.81384 
    38.33237 -153.34181 
    38.71642 -153.84676 
    39.13194 -154.32661 
    39.57732 -154.77937 
    40.05077 -155.20316 
    40.55040 -155.59619 
    41.07421 -155.95682 
    41.62007 -156.28355 
    42.18577 -156.57500 
    42.76901 -156.82994 
    43.36741 -157.04732 
    43.97852 -157.22621 
    44.59983 -157.36586 
    45.22881 -157.46570 
    45.86285 -157.52531 
    46.49937 -157.54445 
    47.13575 -157.52306 
    47.76937 -157.46124 
    48.39765 -157.35927 
    49.01800 -157.21756 
    49.62790 -157.03677 
    50.22486 -156.81766 
    50.80646 -156.56117 
    51.37034 -156.26840 
    51.91422 -155.94058 
    52.43592 -155.57910 
    52.93337 -155.18552 
    53.40458 -154.76144 
    53.84768 -154.30867 
    54.26096 -153.82909 
    54.64280 -153.32469 
    54.99174 -152.79756 
    55.30643 -152.24986 
    55.58572 -151.68385 
    55.82854 -151.10182 
    56.03405 -150.50615 
    56.20150 -149.89923 
    56.33031 -149.28349 
    56.42057 -148.66148 
    56.48081 -148.03612 
    56.50166 -147.40814 
    56.48303 -146.78003 
    56.42498 -146.15425 
    56.32771 -145.53328 
    56.19162 -144.91960 
    56.01722 -144.31561 
    55.80518 -143.72371 
    55.55634 -143.14626 
    55.27168 -142.58553 
    54.95451 -142.04234 
    54.60807 -141.51683 
    54.23310 -141.01024 
    53.83196 -140.52238 
    53.40675 -140.05252 
    52.95899 -139.59981 
    52.48919 -139.16385 
    51.99677 -138.74562 
    51.48014 -138.34816 
    50.93724 -137.97719 
    50.46730 -137.38629 
    49.97336 -136.71631 
    49.27094 -136.61357 
    48.49583 -136.94231 
    47.83441 -136.84019 
    47.16624 -136.80855 
    46.49937 -136.66655 
    45.82178 -136.63821 
    45.16856 -136.87372 
    44.55979 -137.24049 
    43.95112 -137.48337 
    43.35368 -137.72672 
    42.77194 -137.99373 
    42.20572 -138.28368 
    41.65556 -138.59729 
    41.12271 -138.93588 
    40.60904 -139.30080 
    40.11676 -139.69289 
    39.64619 -140.11024 
    39.20213 -140.55557 
    38.78697 -141.02789 
    38.40236 -141.52531 
    38.04980 -142.04588 
    37.73068 -142.58751 
    37.44625 -143.14807 
    37.19762 -143.72533 
    36.97464 -144.31337 
    36.74788 -144.90439 
    36.57617 -145.51520 
    36.48957 -146.14362 
    36.46571 -146.77687 
Cell 9 100 68.70630 -150.07599 
    57.87203 -150.07599 
    57.84796 -150.75914 
    57.85738 -151.44653 
    57.90957 -152.13557 
    58.00825 -152.82278 
    58.16208 -153.50201 
    58.36282 -154.17126 
    58.60995 -154.82697 
    58.90257 -155.46564 
    59.23950 -156.08380 
    59.61926 -156.67810 
    60.04008 -157.24530 
    60.49986 -157.78235 
    60.99627 -158.28635 
    61.52672 -158.75461 
    62.08844 -159.18469 
    62.67842 -159.57440 
    63.29352 -159.92180 
    63.93040 -160.22528 
    64.58566 -160.48354 
    65.25577 -160.69563 
    65.93722 -160.86086 
    66.62644 -160.97896 
    67.31995 -161.05000 
    68.01433 -161.07455 
    68.70630 -161.05328 
    69.39279 -160.98746 
    70.07098 -160.87852 
    70.73833 -160.72829 
    71.39269 -160.53880 
    72.03226 -160.31224 
    72.65562 -160.05084 
    73.26181 -159.75694 
    73.85017 -159.43265 
    74.42029 -159.07979 
    74.97211 -158.70015 
    75.50545 -158.29475 
    76.02013 -157.86444 
    76.51559 -157.40941 
    76.99089 -156.92960 
    77.44439 -156.42459 
    77.87376 -155.89384 
    78.27576 -155.33684 
    78.64447 -154.75253 
    78.96685 -154.13843 
    79.25089 -153.50214 
    79.49317 -152.84558 
    79.68468 -152.17023 
    79.81886 -151.47983 
    79.89219 -150.77974 
    79.90192 -150.07599 
    79.84626 -149.37512 
    79.72585 -148.68390 
    79.54266 -148.00885 
    79.30003 -147.35599 
    79.00381 -146.73012 
    78.86278 -146.05475 
    78.68108 -145.38222 
    78.45450 -144.71687 
    78.18150 -144.06284 
    77.86092 -143.42476 
    77.49215 -142.80769 
    77.07526 -142.21701 
    76.61112 -141.65820 
    76.10149 -141.13675 
    75.54897 -140.65785 
    74.95710 -140.22630 
    74.33016 -139.84622 
    73.67313 -139.52092 
    72.99149 -139.25282 
    72.29102 -139.04333 
    71.57764 -138.89285 
    70.85715 -138.80080 
    70.13512 -138.76570 
    69.41665 -138.78534 
    68.70630 -138.85690 
    68.00802 -138.97714 
    67.32509 -139.14262 
    66.66016 -139.34979 
    66.01530 -139.59521 
    65.39202 -139.87569 
    64.79148 -140.18828 
    64.21450 -140.53043 
    63.66171 -140.89992 
    63.13366 -141.29491 
    62.63085 -141.71385 
    62.15388 -142.15547 
    61.70340 -142.61865 
    61.17108 -142.99995 
    60.62512 -143.39066 
    60.07515 -143.80510 
    59.53116 -144.25327 
    59.01148 -144.74622 
    58.54110 -145.29260 
    58.14735 -145.89540 
    57.85391 -146.54984 
    57.67494 -147.24362 
    57.61147 -147.95953 
    57.65133 -148.67943 
    57.77270 -149.38811 
Cell 10 100 83.23136 -130.32158 
    72.11330 -130.32158 
    71.89333 -131.03491 
    71.59139 -131.79204 
    71.53314 -132.55313 
    71.96105 -133.21530 
    72.41756 -133.83519 
    72.88921 -134.41632 
    73.36653 -134.96361 
    73.84418 -135.48222 
    74.32035 -135.97667 
    74.79595 -136.45026 
    75.27367 -136.90475 
    75.75700 -137.34047 
    76.24957 -137.75644 
    76.75447 -138.15080 
    77.27403 -138.52113 
    77.80967 -138.86479 
    78.36186 -139.17917 
    78.93029 -139.46182 
    79.51397 -139.71063 
    80.11140 -139.92383 
    80.72070 -140.09993 
    81.33974 -140.23784 
    81.96616 -140.33670 
    82.59753 -140.39594 
    83.23136 -140.41766 
    83.86546 -140.40025 
    84.49744 -140.34361 
    85.12494 -140.24808 
    85.74568 -140.11421 
    86.35745 -139.94270 
    86.95815 -139.73439 
    87.54580 -139.49023 
    88.11853 -139.21130 
    88.67461 -138.89876 
    89.21243 -138.55382 
    89.73054 -138.17773 
    90.22758 -137.77179 
    90.70230 -137.33727 
    91.15356 -136.87540 
    91.58024 -136.38739 
    91.98128 -135.87445 
    92.35559 -135.33766 
    92.70203 -134.77814 
    93.01942 -134.19695 
    93.30640 -133.59515 
    93.56152 -132.97391 
    93.78317 -132.33444 
    93.96955 -131.67813 
    94.11874 -131.00656 
    94.22868 -130.32158 
    94.29722 -129.62538 
    94.32221 -128.92047 
    94.30154 -128.20982 
    94.23325 -127.49677 
    94.11561 -126.78507 
    93.94720 -126.07888 
    93.72707 -125.38268 
    93.45475 -124.70122 
    93.13040 -124.03946 
    92.75481 -123.40239 
    92.32946 -122.79498 
    91.85615 -122.22237 
    91.25822 -121.77384 
    90.55637 -121.46717 
    89.82508 -121.24610 
    89.04718 -121.15731 
    88.32590 -121.05465 
    87.64588 -120.94024 
    86.99236 -120.82236 
    86.35588 -120.70530 
    85.72985 -120.59061 
    85.10918 -120.47775 
    84.48927 -120.36420 
    83.86532 -120.24521 
    83.23136 -120.11304 
    82.57919 -119.95557 
    81.89695 -119.75862 
    81.19720 -119.65816 
    80.55401 -119.89397 
    79.93106 -120.16429 
    79.32963 -120.46693 
    78.75078 -120.79986 
    78.19543 -121.16126 
    77.66441 -121.54948 
    77.11101 -121.89764 
    76.48945 -122.17200 
    75.85637 -122.46801 
    75.21159 -122.79052 
    74.55810 -123.14643 
    74.18384 -123.74817 
    73.91867 -124.41157 
    73.65924 -125.05926 
    73.45403 -125.72072 
    73.23772 -126.36482 
    73.02359 -127.00488 
    72.82064 -127.64857 
    72.63326 -128.29988 
    72.45849 -128.96065 
    72.29106 -129.63329 
Cell 11 100 121.42499 -139.38252 
    111.25996 -139.38252 
    111.27052 -140.02139 
    111.32192 -140.65884 
    111.41403 -141.29222 
    111.54656 -141.91887 
    111.71905 -142.53618 
    111.93083 -143.14153 
    112.18111 -143.73236 
    112.46886 -144.30620 
    112.79293 -144.86060 
    113.15199 -145.39320 
    113.54455 -145.90179 
    113.96898 -146.38419 
    114.42349 -146.83836 
    114.90618 -147.26241 
    115.41501 -147.65456 
    115.94781 -148.01317 
    116.50234 -148.33678 
    117.07626 -148.62405 
    117.66711 -148.87384 
    118.27242 -149.08514 
    118.88961 -149.25717 
    119.51611 -149.38925 
    120.14926 -149.48094 
    120.78644 -149.53197 
    121.42499 -149.54222 
    122.06227 -149.51183 
    122.69568 -149.44106 
    123.32264 -149.33038 
    123.94069 -149.18053 
    124.54742 -148.99240 
    125.14063 -148.76717 
    125.71826 -148.50620 
    126.27857 -148.21117 
    126.82014 -147.88393 
    127.34200 -147.52660 
    127.84367 -147.14137 
    128.32521 -146.73051 
    128.78725 -146.29614 
    129.23083 -145.84009 
    129.65727 -145.36363 
    130.06779 -144.86742 
    130.46309 -144.35126 
    130.84290 -143.81425 
    131.20543 -143.25487 
    131.54703 -142.67137 
    131.86192 -142.06227 
    132.14235 -141.42697 
    132.37895 -140.76633 
    132.56163 -140.08318 
    132.68051 -139.38252 
    132.72708 -138.67146 
    132.69534 -137.95874 
    132.58264 -137.25409 
    132.71150 -136.48463 
    132.89821 -135.65465 
    132.53993 -134.98181 
    131.74582 -134.52591 
    130.95558 -134.14304 
    130.48151 -133.63509 
    129.98206 -133.16545 
    129.46527 -132.73102 
    128.93704 -132.32823 
    128.40108 -131.95375 
    127.85918 -131.60492 
    127.33637 -131.24620 
    126.81991 -130.88148 
    126.28457 -130.54297 
    125.73226 -130.22911 
    125.16399 -129.93886 
    124.57982 -129.67294 
    123.97910 -129.43491 
    123.36134 -129.23181 
    122.72732 -129.07350 
    122.08005 -128.97066 
    121.42499 -128.93207 
    120.76938 -128.96194 
    120.09847 -128.88208 
    119.37812 -128.65248 
    118.61763 -128.44859 
    117.84524 -128.36519 
    117.11217 -128.48959 
    116.47061 -128.85394 
    115.94569 -129.41573 
    115.52261 -130.08188 
    115.15868 -130.75771 
    114.80946 -131.38571 
    114.44901 -131.95386 
    114.07400 -132.47948 
    113.69521 -132.98790 
    113.30125 -133.48029 
    112.93488 -133.99454 
    112.60127 -134.53165 
    112.30190 -135.08952 
    112.03812 -135.66600 
    111.81114 -136.25879 
    111.62203 -136.86555 
    111.47169 -137.48383 
    111.36087 -138.11113 
    111.29015 -138.74489 
Cell 12 100 -119.92608 -120.47747 
    -129.93657 -120.47747 
    -129.91467 -121.10590 
    -130.27725 -121.78513 
    -130.65492 -122.52411 
    -130.97130 -123.31340 
    -131.22066 -124.14730 
    -131.39775 -125.01942 
    -131.49841 -125.92300 
    -131.51897 -126.85071 
    -131.45688 -127.79514 
    -131.31000 -128.74837 
    -131.07722 -129.70250 
    -130.75813 -130.64944 
    -130.35310 -131.58112 
    -127.01271 -129.04375 
    -125.97438 -128.80225 
    -125.26408 -128.88881 
    -124.66474 -129.09708 
    -124.10105 -129.34975 
    -123.53549 -129.59380 
    -122.94798 -129.77792 
    -122.35054 -129.92012 
    -121.75056 -130.04175 
    -121.14781 -130.14845 
    -120.53974 -130.23137 
    -119.92608 -130.28236 
    -119.30540 -130.34286 
    -118.65813 -130.51431 
    -118.08778 -130.11418 
    -117.55002 -129.73161 
    -117.04766 -129.33633 
    -116.58295 -128.92125 
    -116.14295 -128.51701 
    -115.71766 -128.13257 
    -115.29783 -127.77043 
    -114.87813 -127.42538 
    -114.45568 -127.09004 
    -114.02592 -126.76051 
    -113.58428 -126.43282 
    -113.12820 -126.10117 
    -112.65783 -125.75816 
    -112.17701 -125.39518 
    -111.69031 -125.00513 
    -111.21149 -124.57824 
    -110.72508 -124.12040 
    -110.12676 -123.66146 
    -109.31390 -123.20222 
    -108.00893 -122.75079 
    -106.23991 -122.20644 
    -106.62167 -121.31451 
    -107.06366 -120.47747 
    -107.46225 -119.69331 
    -107.82196 -118.94836 
    -108.20245 -118.24107 
    -108.16920 -117.45882 
    -108.43051 -116.74233 
    -109.00005 -116.15155 
    -109.73409 -115.68148 
    -110.47406 -115.28117 
    -111.08114 -114.86430 
    -111.34414 -114.24232 
    -111.64044 -113.62299 
    -111.97604 -113.01189 
    -112.35724 -112.41747 
    -112.78951 -111.85085 
    -113.27634 -111.32489 
    -113.81815 -110.85291 
    -114.41182 -110.44706 
    -115.05066 -110.11668 
    -115.72512 -109.86705 
    -116.42387 -109.69876 
    -117.13522 -109.60780 
    -117.84850 -109.58638 
    -118.55501 -109.62431 
    -119.24869 -109.71060 
    -119.92608 -109.83492 
    -120.58597 -109.98881 
    -121.22869 -110.16625 
    -121.85535 -110.36388 
    -122.46716 -110.58059 
    -123.06493 -110.81708 
    -123.64877 -111.07504 
    -124.21803 -111.35662 
    -124.77141 -111.66385 
    -125.30711 -111.99832 
    -125.82371 -112.36008 
    -126.32127 -112.74701 
    -126.79343 -113.16449 
    -127.23830 -113.61083 
    -127.65414 -114.08427 
    -128.03928 -114.58289 
    -128.39223 -115.10470 
    -128.71156 -115.64761 
    -128.99603 -116.20947 
    -129.24455 -116.78802 
    -129.45613 -117.38097 
    -129.62994 -117.98594 
    -129.76534 -118.60053 
    -129.86179 -119.22230 
    -129.91893 -119.84878 
Cell 13 100 -73.70227 -104.83818 
    -83.40503 -104.83818 
    -83.45371 -105.45168 
    -83.56123 -106.08366 
    -83.71455 -106.74813 
    -83.61294 -107.38280 
    -83.44310 -108.00317 
    -83.23358 -108.61189 
    -82.98516 -109.20638 
    -82.69881 -109.78407 
    -82.37566 -110.34248 
    -82.01702 -110.87920 
    -81.62437 -111.39191 
    -81.19936 -111.87842 
    -80.74377 -112.33661 
    -80.25951 -112.76452 
    -79.74865 -113.16032 
    -79.21339 -113.52231 
    -78.65600 -113.84898 
    -78.07888 -114.13895 
    -77.48451 -114.39102 
    -76.87543 -114.60418 
    -76.25427 -114.77757 
    -75.62367 -114.91053 
    -74.98634 -115.00259 
    -74.34496 -115.05347 
    -73.70227 -115.06305 
    -73.06097 -115.03143 
    -72.42373 -114.95887 
    -71.79321 -114.84583 
    -71.17200 -114.69294 
    -70.56262 -114.50102 
    -69.96754 -114.27104 
    -69.38910 -114.00414 
    -68.82954 -113.70164 
    -68.28103 -113.38068 
    -67.73703 -113.04863 
    -67.21155 -112.68412 
    -66.70644 -112.28799 
    -66.22365 -111.86108 
    -65.76517 -111.40432 
    -65.33311 -110.91873 
    -64.92963 -110.40546 
    -64.55701 -109.86583 
    -64.21757 -109.30134 
    -63.91368 -108.71376 
    -63.64770 -108.10511 
    -63.42191 -107.47773 
    -63.23846 -106.83426 
    -63.09933 -106.17764 
    -63.00620 -105.51112 
    -62.96040 -104.83818 
    -62.96290 -104.16251 
    -63.01418 -103.48796 
    -63.11427 -102.81841 
    -63.26269 -102.15775 
    -63.45850 -101.50978 
    -63.70028 -100.87811 
    -63.98619 -100.26614 
    -64.24914 -99.64128 
    -64.51372 -99.00695 
    -64.81911 -98.38419 
    -65.16634 -97.77665 
    -65.55616 -97.18848 
    -65.98887 -96.62424 
    -66.46421 -96.08887 
    -66.98123 -95.58747 
    -67.53823 -95.12521 
    -68.13268 -94.70712 
    -68.76119 -94.33785 
    -69.41965 -94.02154 
    -70.10326 -93.76157 
    -70.80665 -93.56047 
    -71.52410 -93.41980 
    -72.24973 -93.34010 
    -72.97766 -93.32088 
    -73.70227 -93.36069 
    -74.41830 -93.45724 
    -75.12103 -93.60754 
    -75.80637 -93.80807 
    -76.47093 -94.05497 
    -77.11196 -94.34422 
    -77.72742 -94.67183 
    -78.31579 -95.03396 
    -78.87608 -95.42706 
    -79.40766 -95.84792 
    -79.91016 -96.29375 
    -80.38336 -96.76213 
    -80.82709 -97.25102 
    -81.24129 -97.75857 
    -81.40533 -98.46565 
    -81.65123 -99.06293 
    -81.95361 -99.60172 
    -82.23936 -100.14488 
    -82.49909 -100.69872 
    -82.73106 -101.26343 
    -82.93629 -101.83787 
    -83.09229 -102.42723 
    -83.20058 -103.02628 
    -83.27914 -103.62834 
    -83.34721 -104.23137 
Cell 14 100 -48.56831 -112.18318 
    -59.09171 -112.18318 
    -59.08262 -112.84469 
    -59.03406 -113.50531 
    -58.94515 -114.16267 
    -58.81528 -114.81416 
    -58.64411 -115.45700 
    -58.43166 -116.08836 
    -58.17831 -116.70530 
    -57.88478 -117.30495 
    -57.55208 -117.88445 
    -57.18153 -118.44105 
    -56.77469 -118.97208 
    -56.33337 -119.47506 
    -55.85823 -119.94615 
    -55.35265 -120.38403 
    -54.81968 -120.78745 
    -54.26209 -121.15513 
    -53.68232 -121.48552 
    -53.08284 -121.77705 
    -52.46625 -122.02823 
    -51.83527 -122.23782 
    -51.19283 -122.40498 
    -50.54185 -122.52882 
    -49.88541 -122.60904 
    -49.22655 -122.64558 
    -48.56831 -122.64295 
    -47.90929 -122.65814 
    -47.24675 -122.64442 
    -46.58215 -122.59503 
    -45.91687 -122.50986 
    -45.25236 -122.38865 
    -44.75138 -121.82365 
    -44.34476 -121.15870 
    -43.92727 -120.62521 
    -43.50632 -120.15961 
    -43.08435 -119.73121 
    -42.65931 -119.32594 
    -42.23216 -118.93050 
    -41.80299 -118.53624 
    -41.36925 -118.13876 
    -40.92593 -117.73569 
    -40.47086 -117.32198 
    -39.99881 -116.89430 
    -39.50002 -116.45040 
    -38.95892 -115.98782 
    -38.34995 -115.50333 
    -37.73526 -114.96464 
    -37.11847 -114.36736 
    -36.38559 -113.72222 
    -36.08886 -112.96832 
    -36.03820 -112.18318 
    -36.05269 -111.39577 
    -36.13257 -110.61218 
    -36.27723 -109.83853 
    -36.48517 -109.08076 
    -36.75407 -108.34451 
    -37.08088 -107.63499 
    -37.46185 -106.95688 
    -37.89275 -106.31424 
    -38.36890 -105.71044 
    -38.88540 -105.14813 
    -39.43719 -104.62926 
    -40.01925 -104.15508 
    -40.62667 -103.72620 
    -41.25480 -103.34266 
    -41.80658 -102.87645 
    -42.37995 -102.43188 
    -43.02752 -102.10452 
    -43.72774 -101.89644 
    -44.45455 -101.79300 
    -45.18423 -101.76805 
    -45.90032 -101.79202 
    -46.58720 -101.79784 
    -47.25360 -101.77618 
    -47.91435 -101.78877 
    -48.56831 -101.83485 
    -49.21441 -101.91380 
    -49.85157 -102.02515 
    -50.47871 -102.16855 
    -51.11474 -102.26550 
    -51.75240 -102.38357 
    -52.38908 -102.53303 
    -53.02292 -102.71667 
    -53.65070 -102.93835 
    -54.26761 -103.20252 
    -54.86719 -103.51353 
    -55.44165 -103.87475 
    -55.98253 -104.28784 
    -56.48156 -104.75215 
    -56.93158 -105.26448 
    -57.32748 -105.81927 
    -57.66668 -106.40919 
    -57.94927 -107.02596 
    -58.17782 -107.66129 
    -58.35773 -108.30728 
    -58.57287 -108.93250 
    -58.75044 -109.56886 
    -58.89114 -110.21400 
    -58.99517 -110.86597 
    -59.06225 -111.52296 
Cell 15 100 -61.38656 -84.60159 
    -71.86263 -84.60159 
    -71.75035 -85.25362 
    -71.65163 -85.89838 
    -71.54455 -86.53934 
    -71.39983 -87.17256 
    -71.21822 -87.79609 
    -71.00050 -88.40802 
    -70.74732 -89.00643 
    -70.45942 -89.58944 
    -70.13749 -90.15511 
    -69.78226 -90.70143 
    -69.39458 -91.22641 
    -68.97538 -91.72797 
    -68.52573 -92.20403 
    -68.04685 -92.65250 
    -67.54015 -93.07130 
    -67.00725 -93.45838 
    -66.44992 -93.81181 
    -65.87016 -94.12971 
    -65.27013 -94.41036 
    -64.65219 -94.65218 
    -64.01887 -94.85376 
    -63.37281 -95.01389 
    -62.71680 -95.13155 
    -62.05373 -95.20597 
    -61.38656 -95.23659 
    -60.71831 -95.22307 
    -60.05205 -95.16534 
    -59.39083 -95.06358 
    -58.73772 -94.91816 
    -58.09573 -94.72974 
    -57.46783 -94.49916 
    -56.85693 -94.22754 
    -56.26582 -93.91618 
    -55.69720 -93.56660 
    -55.15361 -93.18051 
    -54.63750 -92.75980 
    -54.15111 -92.30656 
    -53.69655 -91.82299 
    -53.27573 -91.31145 
    -52.89036 -90.77444 
    -52.48148 -90.25293 
    -52.08632 -89.71444 
    -51.72464 -89.14815 
    -51.39991 -88.55559 
    -51.11569 -87.93880 
    -50.87543 -87.30039 
    -50.68235 -86.64353 
    -50.53926 -85.97192 
    -50.44844 -85.28976 
    -50.41145 -84.60159 
    -50.42908 -83.91221 
    -50.50132 -83.22647 
    -50.62729 -82.54916 
    -50.80536 -81.88480 
    -51.03318 -81.23758 
    -51.30786 -80.61115 
    -51.62606 -80.00865 
    -51.98423 -79.43262 
    -52.37870 -78.88503 
    -52.35555 -78.04018 
    -51.88217 -76.73888 
    -53.31543 -77.02230 
    -54.25017 -77.00211 
    -54.77626 -76.61112 
    -55.26919 -76.18176 
    -55.75697 -75.73077 
    -56.26986 -75.29436 
    -56.80873 -74.87321 
    -57.37470 -74.46880 
    -57.96901 -74.08346 
    -58.59280 -73.72062 
    -59.24684 -73.38477 
    -59.93123 -73.08147 
    -60.64515 -72.81723 
    -61.38656 -72.59922 
    -62.15202 -72.43495 
    -62.93658 -72.33187 
    -63.73381 -72.29687 
    -64.53588 -72.33580 
    -65.33387 -72.45303 
    -66.11810 -72.65108 
    -66.87864 -72.93033 
    -67.60574 -73.28896 
    -68.29039 -73.72290 
    -68.92477 -74.22613 
    -69.50264 -74.79094 
    -70.01956 -75.40838 
    -70.47306 -76.06879 
    -70.86260 -76.76233 
    -71.18938 -77.47942 
    -71.45612 -78.21126 
    -71.66665 -78.95007 
    -71.82554 -79.68938 
    -71.93767 -80.42412 
    -72.00788 -81.15052 
    -72.04064 -81.86609 
    -72.03980 -82.56938 
    -72.00847 -83.25974 
    -71.94892 -83.93707 
Cell 16 100 -34.10486 -124.20961 
    -45.05631 -124.20961 
    -44.96436 -124.89283 
    -44.82096 -125.56337 
    -44.63093 -126.21757 
    -44.39920 -126.85275 
    -44.13049 -127.46713 
    -43.85147 -128.06856 
    -43.58978 -128.67287 
    -43.29495 -129.26190 
    -42.96748 -129.83400 
    -42.61658 -130.39374 
    -42.22938 -130.93079 
    -41.80837 -131.44368 
    -41.35499 -131.93021 
    -40.87101 -132.38847 
    -40.35834 -132.81679 
    -39.81806 -133.21217 
    -39.25204 -133.57228 
    -38.66243 -133.89494 
    -38.05135 -134.17731 
    -37.42172 -134.41785 
    -36.77662 -134.61542 
    -36.11917 -134.76897 
    -35.45254 -134.87756 
    -34.78002 -134.94087 
    -34.10486 -134.95847 
    -33.43039 -134.92998 
    -32.75995 -134.85567 
    -32.09684 -134.73602 
    -31.44427 -134.57191 
    -30.80542 -134.36424 
    -30.18348 -134.11389 
    -29.58099 -133.82332 
    -29.00068 -133.49408 
    -28.44505 -133.12804 
    -27.91648 -132.72719 
    -27.41715 -132.29367 
    -26.94908 -131.82974 
    -26.51409 -131.33783 
    -26.11375 -130.82043 
    -25.74951 -130.28012 
    -25.42252 -129.71959 
    -25.13378 -129.14151 
    -24.88944 -128.54605 
    -24.68808 -127.93798 
    -24.53241 -127.31989 
    -24.41740 -126.69693 
    -24.29181 -126.08155 
    -24.24628 -125.45504 
    -24.21664 -124.83173 
    -24.21600 -124.20961 
    -24.24751 -123.58944 
    -24.30114 -122.97111 
    -24.36199 -122.35106 
    -24.44320 -121.72892 
    -24.55166 -121.10559 
    -24.68133 -120.47857 
    -24.83378 -119.84697 
    -25.04958 -119.23142 
    -25.28960 -118.61527 
    -25.55522 -117.99793 
    -25.84929 -117.38000 
    -26.17599 -116.76390 
    -26.54046 -116.15434 
    -26.94817 -115.55866 
    -27.40405 -114.98674 
    -27.91156 -114.45053 
    -28.47183 -113.96317 
    -29.08307 -113.53777 
    -29.74032 -113.18604 
    -30.43566 -112.91696 
    -31.15889 -112.73579 
    -31.89850 -112.64346 
    -32.64284 -112.63654 
    -33.38123 -112.70786 
    -34.10486 -112.84750 
    -34.80734 -113.04403 
    -35.48485 -113.28590 
    -36.13590 -113.56254 
    -36.72162 -114.01801 
    -37.25869 -114.50314 
    -37.75749 -114.98412 
    -38.24500 -115.41137 
    -38.72649 -115.80290 
    -39.19467 -116.18936 
    -39.64714 -116.58133 
    -40.08901 -116.97602 
    -40.52584 -117.37197 
    -40.96299 -117.76939 
    -41.40436 -118.17094 
    -41.85183 -118.58111 
    -42.30994 -119.00251 
    -42.77961 -119.44063 
    -43.25461 -119.90407 
    -43.72449 -120.40093 
    -44.17241 -120.93847 
    -44.56767 -121.52322 
    -44.99043 -122.13308 
    -45.06965 -122.82443 
    -45.09253 -123.51833 
Cell 17 100 -14.47571 -122.09857 
    -24.39495 -122.09857 
    -24.32595 -122.71830 
    -24.26951 -123.33582 
    -24.22873 -123.95906 
    -24.21640 -124.59956 
    -24.23750 -125.27036 
    -24.28458 -125.98218 
    -24.13206 -126.64250 
    -23.82146 -127.23644 
    -23.47357 -127.80879 
    -23.09018 -128.35735 
    -22.67318 -128.88011 
    -22.22451 -129.37518 
    -21.74616 -129.84082 
    -21.24012 -130.27534 
    -20.70847 -130.67723 
    -20.15330 -131.04503 
    -19.57678 -131.37740 
    -18.98111 -131.67305 
    -18.36859 -131.93086 
    -17.74153 -132.14973 
    -17.10238 -132.32878 
    -16.45362 -132.46716 
    -15.79783 -132.56425 
    -15.13763 -132.61955 
    -14.47571 -132.63257 
    -13.81483 -132.60292 
    -13.15798 -132.52942 
    -12.50942 -132.40622 
    -11.87831 -132.21477 
    -11.29696 -131.88176 
    -10.79534 -131.39412 
    -10.28561 -131.00298 
    -9.76905 -130.65996 
    -9.24887 -130.33475 
    -8.71770 -130.02379 
    -8.16118 -129.73152 
    -7.52487 -129.50046 
    -6.94040 -129.17470 
    -6.52948 -128.67227 
    -6.15276 -128.14554 
    -5.81164 -127.59695 
    -5.50734 -127.02898 
    -5.24087 -126.44415 
    -5.01308 -125.84509 
    -4.82462 -125.23440 
    -4.67595 -124.61472 
    -4.56728 -123.98871 
    -4.46687 -123.36298 
    -4.38592 -122.73337 
    -4.34019 -122.09857 
    -4.32971 -121.46024 
    -4.35461 -120.81998 
    -4.41514 -120.17941 
    -4.51171 -119.54025 
    -4.64490 -118.90435 
    -4.81543 -118.27380 
    -5.02415 -117.65101 
    -5.27189 -117.03873 
    -5.55945 -116.44014 
    -5.88737 -115.85878 
    -6.25589 -115.29855 
    -6.66476 -114.76360 
    -7.11316 -114.25826 
    -7.59958 -113.78677 
    -8.12184 -113.35322 
    -8.67704 -112.96133 
    -9.26167 -112.61428 
    -9.87169 -112.31454 
    -10.37298 -111.73626 
    -10.67211 -110.39231 
    -11.48238 -110.44035 
    -12.36393 -111.02824 
    -13.06839 -110.95853 
    -13.77840 -111.01524 
    -14.47571 -111.17376 
    -15.14883 -111.39963 
    -15.79449 -111.65932 
    -16.41573 -111.92861 
    -17.03365 -112.13605 
    -17.63933 -112.36195 
    -18.22853 -112.62002 
    -18.80000 -112.90898 
    -19.35250 -113.22772 
    -19.88474 -113.57531 
    -20.39537 -113.95087 
    -20.91427 -114.31568 
    -21.42754 -114.69562 
    -21.91829 -115.10952 
    -22.38377 -115.55646 
    -22.82122 -116.03520 
    -23.22793 -116.54424 
    -23.60124 -117.08177 
    -23.93865 -117.64565 
    -24.23783 -118.23347 
    -24.49668 -118.84256 
    -24.71334 -119.46999 
    -24.76402 -120.13597 
    -24.61110 -120.81818 
    -24.48849 -121.46862 
Cell 18 100 18.19785 -120.31746 
    8.08018 -120.31746 
    8.10061 -120.95272 
    8.15130 -121.58663 
    8.24229 -122.21658 
    8.37327 -122.83998 
    8.54382 -123.45424 
    8.75331 -124.05682 
    9.00096 -124.64519 
    9.28581 -125.21690 
    9.60673 -125.76955 
    9.96246 -126.30082 
    10.35155 -126.80849 
    10.77241 -127.29041 
    11.22334 -127.74456 
    11.70246 -128.16904 
    12.20780 -128.56206 
    12.73725 -128.92198 
    13.28861 -129.24731 
    13.85959 -129.53674 
    14.44778 -129.78906 
    15.05074 -130.00327 
    15.66595 -130.17856 
    16.29085 -130.31429 
    16.92286 -130.41003 
    17.55938 -130.46556 
    18.19785 -130.48085 
    18.83572 -130.45612 
    19.47054 -130.39180 
    20.09994 -130.28859 
    20.72174 -130.14738 
    21.33393 -129.96931 
    21.93473 -129.75574 
    22.52264 -129.50810 
    23.09649 -129.22806 
    23.65542 -128.91722 
    24.19892 -128.57722 
    24.72675 -128.20955 
    25.23890 -127.81541 
    25.70510 -127.36723 
    26.04575 -126.80980 
    26.28588 -126.19376 
    26.50401 -125.58871 
    26.70445 -124.99400 
    26.89355 -124.40935 
    27.07433 -123.83190 
    27.25334 -123.25977 
    27.43432 -122.68898 
    27.62039 -122.11490 
    27.81401 -121.53226 
    28.01616 -120.93518 
    28.23414 -120.31746 
    28.50775 -119.66882 
    28.85728 -118.97086 
    29.28978 -118.20156 
    29.78259 -117.34300 
    29.56166 -116.62513 
    29.26914 -115.93403 
    28.90969 -115.27685 
    28.48960 -114.65952 
    28.01641 -114.08641 
    27.49837 -113.56024 
    26.94389 -113.08210 
    26.36115 -112.65161 
    25.75756 -112.26718 
    25.13960 -111.92633 
    24.51250 -111.62609 
    23.88029 -111.36336 
    23.27336 -111.08514 
    22.66579 -110.82261 
    22.04537 -110.59974 
    21.41484 -110.41657 
    20.77683 -110.27298 
    20.13382 -110.16873 
    19.48817 -110.10352 
    18.84212 -110.07698 
    18.19785 -110.02837 
    17.54984 -110.01762 
    16.90070 -110.04945 
    16.25350 -110.12484 
    15.61153 -110.24442 
    14.97823 -110.40850 
    14.35714 -110.61694 
    13.75180 -110.86913 
    13.16570 -111.16402 
    12.60213 -111.50002 
    12.06415 -111.87514 
    11.55448 -112.28700 
    11.07548 -112.73291 
    10.62912 -113.20995 
    10.21694 -113.71508 
    9.84015 -114.24523 
    9.49957 -114.79736 
    9.19578 -115.36853 
    8.92912 -115.95593 
    8.69810 -116.55624 
    8.49815 -117.16584 
    8.33695 -117.78561 
    8.21460 -118.41306 
    8.13108 -119.04573 
    8.08632 -119.68130 
Cell 19 100 22.45180 -97.45154 
    11.26510 -97.45154 
    11.32196 -98.15176 
    11.43000 -98.84392 
    11.58734 -99.52404 
    11.79172 -100.18858 
    12.04056 -100.83435 
    12.33108 -101.45861 
    12.66039 -102.05902 
    13.02559 -102.63364 
    13.42380 -103.18088 
    13.85227 -103.69946 
    14.30838 -104.18835 
    14.78969 -104.64674 
    15.29392 -105.07391 
    15.81896 -105.46925 
    16.35275 -105.84615 
    16.87888 -106.23304 
    17.43034 -106.58553 
    18.00481 -106.90186 
    18.59986 -107.18041 
    19.21292 -107.41976 
    19.84132 -107.61866 
    20.48229 -107.77602 
    21.13298 -107.89101 
    21.79047 -107.96297 
    22.45180 -107.99149 
    23.11396 -107.97633 
    23.77395 -107.91750 
    24.42878 -107.81525 
    25.07545 -107.67001 
    25.71104 -107.48245 
    26.33265 -107.25346 
    26.93749 -106.98413 
    27.52286 -106.67577 
    28.08614 -106.32984 
    28.62488 -105.94805 
    29.13674 -105.53225 
    29.61959 -105.08447 
    30.07144 -104.60686 
    30.49054 -104.10177 
    30.87536 -103.57162 
    31.22465 -103.01896 
    31.53744 -102.44641 
    31.81309 -101.85663 
    32.05131 -101.25226 
    32.25220 -100.63588 
    32.41618 -100.00996 
    32.54406 -99.37674 
    32.63689 -98.73821 
    32.69590 -98.09605 
    32.72237 -97.45154 
    32.71740 -96.80568 
    32.68175 -96.15919 
    32.61564 -95.51268 
    32.51857 -94.86683 
    32.38926 -94.22266 
    32.22560 -93.58182 
    32.02486 -92.94679 
    31.78391 -92.32117 
    31.49960 -91.70963 
    31.23268 -91.07185 
    30.97457 -90.40089 
    30.68064 -89.72414 
    30.34291 -89.04836 
    29.95332 -88.38375 
    29.50493 -87.74373 
    28.99303 -87.14420 
    28.41621 -86.60230 
    27.77701 -86.13487 
    27.08211 -85.75670 
    26.34193 -85.47892 
    25.56977 -85.30781 
    24.78049 -85.24406 
    23.98906 -85.28285 
    23.20910 -85.41449 
    22.45180 -85.62569 
    21.72510 -85.90112 
    21.03356 -86.22507 
    20.37851 -86.58299 
    19.75871 -86.96264 
    19.17116 -87.35477 
    18.60980 -87.74776 
    17.98141 -87.95148 
    17.36209 -88.19340 
    16.75441 -88.47390 
    16.16121 -88.79329 
    15.58556 -89.15169 
    15.03078 -89.54896 
    14.50040 -89.98468 
    13.99808 -90.45802 
    13.52758 -90.96771 
    13.09262 -91.51203 
    12.69686 -92.08872 
    12.34371 -92.69504 
    12.03628 -93.32774 
    11.77728 -93.98318 
    11.56891 -94.65729 
    11.41280 -95.34573 
    11.30997 -96.04400 
    11.26082 -96.74746 
Cell 20 100 70.60255 -96.56225 
    60.51380 -96.56225 
    60.52904 -97.19602 
    60.58424 -97.82786 
    60.67928 -98.45522 
    60.81385 -99.07556 
    60.98747 -99.68638 
    61.19951 -100.28517 
    61.44916 -100.86951 
    61.73544 -101.43698 
    62.05723 -101.98528 
    62.41324 -102.51213 
    62.80204 -103.01540 
    63.22206 -103.49300 
    63.67155 -103.94302 
    64.14873 -104.36359 
    64.65163 -104.75299 
    65.17821 -105.10965 
    65.72630 -105.43213 
    66.29365 -105.71914 
    66.87794 -105.96953 
    67.47680 -106.18233 
    68.08775 -106.35674 
    68.70834 -106.49210 
    69.33601 -106.58793 
    69.96827 -106.64393 
    70.60255 -106.65996 
    71.23634 -106.63606 
    71.86713 -106.57245 
    72.49246 -106.46949 
    73.10990 -106.32772 
    73.71709 -106.14783 
    74.31177 -105.93066 
    74.89172 -105.67719 
    75.45483 -105.38850 
    75.99910 -105.06585 
    76.52263 -104.71053 
    77.02362 -104.32398 
    77.50037 -103.90768 
    77.95129 -103.46317 
    78.37492 -102.99210 
    78.76982 -102.49611 
    79.13470 -101.97691 
    79.46831 -101.43623 
    79.76946 -100.87587 
    80.03703 -100.29762 
    80.27410 -99.70473 
    80.54841 -99.11591 
    80.82537 -98.51235 
    81.10595 -97.88914 
    81.38202 -97.24043 
    81.63434 -96.56225 
    81.83385 -95.85564 
    81.94704 -95.12910 
    81.94424 -94.39870 
    81.80814 -93.68514 
    81.53922 -93.00871 
    81.15583 -92.38391 
    80.68877 -91.81603 
    80.24181 -91.26302 
    80.09666 -90.53710 
    79.90691 -89.80224 
    79.65866 -89.07038 
    79.33887 -88.35831 
    78.93764 -87.68628 
    78.45036 -87.07587 
    77.87897 -86.54713 
    77.23215 -86.11568 
    76.52436 -85.79052 
    75.77383 -85.57272 
    74.99999 -85.45559 
    74.22090 -85.42612 
    73.45125 -85.46732 
    72.70116 -85.56100 
    71.97873 -85.66869 
    71.28700 -85.68329 
    70.60255 -85.74413 
    69.92850 -85.84837 
    69.26736 -85.99314 
    68.62121 -86.17568 
    67.99166 -86.39348 
    67.38001 -86.64428 
    66.78735 -86.92616 
    66.21465 -87.23749 
    65.66283 -87.57693 
    65.13284 -87.94335 
    64.62569 -88.33580 
    64.14250 -88.75339 
    63.68449 -89.19526 
    63.25296 -89.66052 
    62.84930 -90.14819 
    62.47063 -90.65406 
    62.11472 -91.17570 
    61.79140 -91.71828 
    61.50201 -92.27986 
    61.24779 -92.85844 
    61.02986 -93.45190 
    60.84920 -94.05801 
    60.70664 -94.67450 
    60.60289 -95.29900 
    60.53849 -95.92907 
Cell 21 100 64.11494 -125.35854 
    54.10923 -125.35854 
    54.12998 -125.98674 
    54.19016 -126.61234 
    54.28950 -127.23285 
    54.42760 -127.84583 
    54.60390 -128.44887 
    54.80302 -129.04539 
    55.00402 -129.64581 
    55.23600 -130.23978 
    55.50624 -130.82178 
    55.81464 -131.38905 
    56.16087 -131.93872 
    56.54419 -132.46796 
    56.96359 -132.97395 
    57.41784 -133.45395 
    57.90542 -133.90521 
    58.42450 -134.32524 
    58.97311 -134.71149 
    59.54898 -135.06169 
    60.14967 -135.37367 
    60.77253 -135.64543 
    61.41479 -135.87492 
    62.07345 -136.06038 
    62.74521 -136.20100 
    63.42682 -136.29581 
    64.11494 -136.34396 
    64.80618 -136.34541 
    65.49716 -136.29997 
    66.18452 -136.20766 
    66.86481 -136.06859 
    67.53419 -135.88193 
    68.18935 -135.64934 
    68.82700 -135.37218 
    69.43913 -135.04321 
    70.00965 -134.64713 
    70.51572 -134.16847 
    70.93668 -133.60460 
    71.25109 -132.95778 
    71.50724 -132.30038 
    71.66589 -131.60524 
    71.89964 -131.01445 
    72.08419 -130.41599 
    72.24128 -129.82603 
    72.38628 -129.25073 
    72.52999 -128.69031 
    72.67892 -128.14114 
    72.83662 -127.59789 
    73.00780 -127.05495 
    73.19080 -126.50509 
    73.37990 -125.94145 
    73.56639 -125.35854 
    73.78300 -124.75028 
    74.04140 -124.10454 
    74.34562 -123.40694 
    74.23125 -122.76112 
    74.07346 -122.12283 
    73.87211 -121.49541 
    73.62742 -120.88231 
    73.34002 -120.28701 
    73.01096 -119.71296 
    72.64173 -119.16346 
    72.23425 -118.64165 
    71.79082 -118.15041 
    71.31409 -117.69223 
    70.80694 -117.26930 
    70.27251 -116.88337 
    69.74810 -116.48210 
    69.26827 -115.98466 
    68.75948 -115.48840 
    68.21394 -115.00566 
    67.62503 -114.55558 
    66.98965 -114.16225 
    66.31007 -113.85121 
    65.59473 -113.64480 
    64.85738 -113.55772 
    64.11494 -113.59391 
    63.38432 -113.74572 
    62.67947 -113.99564 
    62.00924 -114.32008 
    61.37674 -114.69397 
    60.78016 -115.09514 
    60.21450 -115.50717 
    59.67377 -115.92059 
    59.15275 -116.33236 
    58.64810 -116.74419 
    58.15815 -117.15974 
    57.67898 -117.57880 
    57.22010 -118.01629 
    56.78873 -118.47878 
    56.38545 -118.96416 
    56.00844 -119.46883 
    55.65788 -119.99153 
    55.33954 -120.53423 
    55.05528 -121.09539 
    54.80652 -121.67308 
    54.59440 -122.26514 
    54.41985 -122.86927 
    54.28360 -123.48312 
    54.18617 -124.10425 
    54.12798 -124.73022 
Cell 22 100 71.23846 -70.50036 
    59.10513 -70.50036 
    59.12466 -71.26250 
    59.21840 -72.01884 
    59.38372 -72.76177 
    59.61640 -73.48440 
    59.91101 -74.18087 
    60.26120 -74.84656 
    60.66018 -75.47812 
    61.10104 -76.07345 
    61.57719 -76.63158 
    62.08257 -77.15250 
    62.61190 -77.63686 
    63.16083 -78.08575 
    63.72586 -78.50047 
    64.30439 -78.88221 
    64.89455 -79.23199 
    65.49506 -79.55050 
    66.10505 -79.83798 
    66.72389 -80.09430 
    67.35102 -80.31890 
    67.98582 -80.51095 
    68.62750 -80.66936 
    69.27505 -80.79293 
    69.92715 -80.88043 
    70.58224 -80.93069 
    71.23846 -80.94910 
    71.89487 -80.93381 
    72.54916 -80.87560 
    73.19839 -80.77469 
    73.83969 -80.63151 
    74.47022 -80.44670 
    75.08717 -80.22109 
    75.68781 -79.95573 
    76.26952 -79.65182 
    76.82973 -79.31079 
    77.36602 -78.93423 
    77.87609 -78.52388 
    78.35778 -78.08167 
    78.80909 -77.60966 
    79.22822 -77.11007 
    79.61362 -76.58527 
    79.96413 -76.03784 
    80.27914 -75.47051 
    80.55897 -74.88626 
    80.80537 -74.28817 
    81.02217 -73.67928 
    81.21583 -73.06211 
    81.39577 -72.43797 
    81.57378 -71.80602 
    81.76208 -71.16245 
    81.97005 -70.50036 
    82.19954 -69.81075 
    82.44057 -69.08521 
    82.66870 -68.31992 
    82.84634 -67.51996 
    82.92857 -66.70201 
    82.87283 -65.89398 
    82.64978 -65.13060 
    82.25150 -64.44589 
    81.69424 -63.86492 
    81.01449 -63.39766 
    80.25979 -63.03726 
    79.75301 -62.50467 
    79.34116 -61.87185 
    78.88191 -61.26101 
    78.37491 -60.67787 
    77.82061 -60.12854 
    77.22033 -59.61937 
    76.57638 -59.15670 
    75.89206 -58.74670 
    75.17169 -58.39511 
    74.42053 -58.10699 
    73.64467 -57.88654 
    72.85085 -57.73692 
    72.04630 -57.66010 
    71.23846 -57.65679 
    70.43479 -57.72643 
    69.64252 -57.86718 
    68.86840 -58.07608 
    68.11855 -58.34914 
    67.39830 -58.68158 
    66.71206 -59.06798 
    66.06328 -59.50255 
    65.45447 -59.97932 
    64.88721 -60.49241 
    64.36230 -61.03615 
    63.87979 -61.60526 
    63.43918 -62.19497 
    63.03957 -62.80109 
    62.67978 -63.42001 
    62.35851 -64.04871 
    61.87498 -64.55812 
    61.37274 -65.07664 
    60.90266 -65.63670 
    60.47208 -66.23765 
    60.08854 -66.87753 
    59.75940 -67.55304 
    59.49142 -68.25949 
    59.29038 -68.99097 
    59.16069 -69.74049 
Cell 23 100 87.59027 -111.72763 
    76.05074 -111.72763 
    76.21898 -112.44305 
    76.43637 -113.13670 
    76.69569 -113.80589 
    76.99024 -114.44926 
    77.31425 -115.06651 
    77.66306 -115.65809 
    78.03318 -116.22485 
    78.42230 -116.76776 
    78.82912 -117.28763 
    79.25308 -117.78495 
    79.69425 -118.25979 
    80.15297 -118.71172 
    80.62840 -119.14127 
    81.11665 -119.55289 
    81.76878 -119.74022 
    82.40125 -119.90421 
    83.00977 -120.05954 
    83.60749 -120.19146 
    84.19317 -120.30773 
    84.76752 -120.41517 
    85.33317 -120.51847 
    85.89384 -120.62065 
    86.45385 -120.72332 
    87.01779 -120.82695 
    87.59027 -120.93021 
    88.17548 -121.02934 
    88.77666 -121.11880 
    89.39668 -121.19720 
    90.05180 -121.31464 
    90.78768 -121.56824 
    91.61042 -121.88137 
    92.24606 -121.62169 
    92.86319 -121.31904 
    93.45872 -120.97482 
    94.02966 -120.59069 
    94.57317 -120.16850 
    95.08655 -119.71036 
    95.56730 -119.21856 
    96.01309 -118.69559 
    96.42182 -118.14413 
    96.79161 -117.56698 
    97.12081 -116.96709 
    97.40801 -116.34751 
    97.65210 -115.71139 
    97.85216 -115.06192 
    98.00760 -114.40234 
    98.11806 -113.73592 
    98.18349 -113.06586 
    98.20407 -112.39539 
    98.18030 -111.72763 
    98.11289 -111.06561 
    98.00287 -110.41222 
    97.85146 -109.77020 
    97.66019 -109.14211 
    97.43073 -108.53027 
    97.16502 -107.93672 
    96.86514 -107.36321 
    96.53325 -106.81119 
    96.17165 -106.28172 
    95.78262 -105.77554 
    95.36836 -105.29304 
    94.93099 -104.83424 
    94.47240 -104.39891 
    93.99418 -103.98664 
    93.49760 -103.59689 
    92.98357 -103.22914 
    92.45261 -102.88308 
    91.90485 -102.55868 
    91.34019 -102.25642 
    90.75832 -101.97739 
    90.15892 -101.72340 
    89.54186 -101.49701 
    88.90739 -101.30154 
    88.25632 -101.14099 
    87.59027 -101.01983 
    86.91174 -100.94280 
    86.22427 -100.91463 
    85.53236 -100.93968 
    84.84144 -101.02162 
    84.15766 -101.16315 
    83.48767 -101.36565 
    82.83829 -101.62915 
    82.21613 -101.95210 
    81.62730 -102.33150 
    81.07710 -102.76302 
    80.48281 -103.13618 
    79.84689 -103.48177 
    79.23038 -103.87717 
    78.64153 -104.32458 
    78.08928 -104.82475 
    77.58286 -105.37674 
    77.13117 -105.97769 
    76.74216 -106.62289 
    76.42229 -107.30592 
    76.17608 -108.01894 
    76.00582 -108.75325 
    75.91145 -109.49978 
    75.89060 -110.24962 
    75.93899 -110.99459 
Cell 24 100 -92.99651 -100.90125 
    -103.18533 -100.90125 
    -103.17244 -101.54147 
    -103.11867 -102.17998 
    -103.02412 -102.81413 
    -102.88915 -103.44125 
    -102.71427 -104.05875 
    -102.50021 -104.66403 
    -102.24783 -105.25459 
    -101.95819 -105.82798 
    -101.63254 -106.38184 
    -101.27225 -106.91393 
    -100.87885 -107.42210 
    -100.45403 -107.90434 
    -99.99960 -108.35880 
    -99.51747 -108.78375 
    -99.00967 -109.17767 
    -98.47829 -109.53917 
    -97.92551 -109.86707 
    -97.35351 -110.16035 
    -96.76453 -110.41818 
    -96.16079 -110.63992 
    -95.54451 -110.82507 
    -94.91785 -110.97331 
    -94.28294 -111.08447 
    -93.64184 -111.15845 
    -92.99651 -111.19530 
    -92.34887 -111.19512 
    -91.70077 -111.15805 
    -91.05399 -111.08426 
    -90.41029 -110.97390 
    -89.77139 -110.82713 
    -89.13907 -110.64404 
    -88.51512 -110.42468 
    -87.90145 -110.16912 
    -87.30010 -109.87735 
    -86.71326 -109.54940 
    -86.14330 -109.18535 
    -85.59283 -108.78537 
    -85.06462 -108.34978 
    -84.56170 -107.87913 
    -84.08805 -107.37363 
    -83.70874 -106.79545 
    -83.56219 -106.08781 
    -83.44913 -105.39391 
    -83.39223 -104.70385 
    -83.32599 -104.04340 
    -83.24984 -103.40377 
    -83.15578 -102.77847 
    -83.02191 -102.16134 
    -82.83018 -101.54086 
    -82.58229 -100.90125 
    -82.27782 -100.22689 
    -81.89592 -99.49892 
    -81.50562 -98.70925 
    -81.28186 -97.89344 
    -81.84829 -97.27898 
    -82.49181 -96.74215 
    -82.92923 -96.16396 
    -82.80386 -95.29780 
    -82.58025 -94.29090 
    -84.16833 -94.48721 
    -84.64754 -93.99439 
    -85.15401 -93.53666 
    -85.68440 -93.11465 
    -86.23559 -92.72871 
    -86.80468 -92.37893 
    -87.38900 -92.06523 
    -87.98615 -91.78744 
    -88.59393 -91.54529 
    -89.21037 -91.33855 
    -89.83366 -91.16699 
    -90.46211 -91.03044 
    -91.09415 -90.92879 
    -91.72734 -90.85479 
    -92.35608 -90.72200 
    -92.99651 -90.59753 
    -93.65215 -90.48001 
    -94.32636 -90.37436 
    -95.02007 -90.29337 
    -95.72944 -90.25717 
    -96.44434 -90.28991 
    -97.14861 -90.41425 
    -97.82263 -90.64523 
    -98.44762 -90.98571 
    -99.01020 -91.42519 
    -99.50549 -91.94241 
    -99.93761 -92.51089 
    -100.31750 -93.10519 
    -100.65889 -93.70580 
    -100.97438 -94.30138 
    -101.27253 -94.88837 
    -101.55689 -95.46867 
    -101.85697 -96.03017 
    -102.15543 -96.59139 
    -102.41810 -97.17098 
    -102.64377 -97.76667 
    -102.83136 -98.37609 
    -102.97997 -98.99680 
    -103.08886 -99.62629 
    -103.15744 -100.26198 
