121 25 
Cell 0 100 -123.74033 -141.63823 
    -133.74045 -141.63823 
    -133.72069 -142.26614 
    -133.66156 -142.89157 
    -133.56326 -143.51205 
    -133.42621 -144.12514 
    -133.25093 -144.72841 
    -133.03812 -145.31949 
    -132.78943 -145.89641 
    -132.51544 -146.46239 
    -132.21414 -147.01587 
    -131.87775 -147.55040 
    -131.50742 -148.06372 
    -131.10443 -148.55359 
    -130.67024 -149.01782 
    -130.20644 -149.45441 
    -129.71477 -149.86133 
    -129.19713 -150.23676 
    -128.65552 -150.57892 
    -128.09210 -150.88622 
    -127.50915 -151.15717 
    -126.90903 -151.39046 
    -126.29421 -151.58493 
    -125.66727 -151.73958 
    -125.03084 -151.85359 
    -124.38760 -151.92635 
    -123.74033 -151.95738 
    -123.09180 -151.94644 
    -122.44479 -151.89348 
    -121.80213 -151.79863 
    -121.16660 -151.66223 
    -120.54099 -151.48482 
    -119.92800 -151.26707 
    -119.33033 -151.00996 
    -118.75057 -150.71457 
    -118.19126 -150.38217 
    -117.65480 -150.01425 
    -117.14351 -149.61243 
    -116.65959 -149.17845 
    -116.20510 -148.71428 
    -115.78194 -148.22198 
    -115.39189 -147.70374 
    -115.03653 -147.16183 
    -114.71729 -146.59869 
    -114.43544 -146.01678 
    -114.19203 -145.41867 
    -113.96872 -144.81322 
    -113.76925 -144.19836 
    -113.60393 -143.57185 
    -113.47287 -142.93532 
    -113.37616 -142.29028 
    -113.52641 -141.63823 
    -113.94430 -141.02191 
    -114.27851 -140.44293 
    -114.56071 -139.88712 
    -114.81120 -139.34561 
    -115.04404 -138.81264 
    -115.26984 -138.28452 
    -115.49429 -137.75793 
    -115.72404 -137.23123 
    -115.96688 -136.70505 
    -116.22585 -136.17863 
    -116.49849 -135.64725 
    -116.79068 -135.11208 
    -117.10953 -134.57713 
    -117.47742 -134.06766 
    -117.86450 -133.55084 
    -118.23592 -132.96466 
    -118.49554 -132.09799 
    -118.84922 -131.24408 
    -119.60864 -131.20277 
    -120.32908 -131.13947 
    -121.01799 -131.03540 
    -121.69437 -130.91296 
    -122.36764 -130.77225 
    -123.04440 -130.57671 
    -123.74033 -130.28612 
    -124.47497 -129.96159 
    -125.24802 -129.70369 
    -126.00235 -129.78030 
    -126.71105 -130.06805 
    -127.36679 -130.47716 
    -127.96973 -130.95599 
    -128.48352 -131.55846 
    -128.92415 -132.20891 
    -129.43832 -132.65964 
    -129.93594 -133.11070 
    -130.53398 -133.42612 
    -131.32761 -133.55861 
    -131.32654 -134.51430 
    -131.62560 -135.11497 
    -131.97282 -135.65698 
    -132.28976 -136.21260 
    -132.57610 -136.78073 
    -132.83134 -137.36032 
    -133.05496 -137.95032 
    -133.25105 -138.54800 
    -133.42632 -139.15129 
    -133.56335 -139.76439 
    -133.66161 -140.38489 
    -133.72072 -141.01031 
Cell 1 100 -106.78119 -134.29427 
    -117.31378 -134.29427 
    -116.89873 -134.93080 
    -116.56254 -135.52994 
    -116.26450 -136.10330 
    -115.98972 -136.65862 
    -115.73658 -137.20406 
    -115.49946 -137.74606 
    -115.26835 -138.28802 
    -115.03553 -138.83214 
    -114.79523 -139.38014 
    -114.53871 -139.93044 
    -114.25755 -140.47925 
    -113.94469 -141.02124 
    -113.58981 -141.54471 
    -113.17242 -142.01994 
    -112.67039 -142.40005 
    -112.15116 -142.75598 
    -111.61042 -143.07860 
    -111.05032 -143.36662 
    -110.47305 -143.61885 
    -109.88093 -143.83429 
    -109.27629 -144.01204 
    -108.66153 -144.15137 
    -108.03911 -144.25171 
    -107.41149 -144.31262 
    -106.78119 -144.33388 
    -106.15072 -144.31535 
    -105.52259 -144.25711 
    -104.89932 -144.15938 
    -104.28340 -144.02251 
    -103.67729 -143.84708 
    -103.08343 -143.63374 
    -102.50417 -143.38338 
    -101.94186 -143.09698 
    -101.39872 -142.77568 
    -100.87693 -142.42078 
    -100.37859 -142.03368 
    -99.90567 -141.61595 
    -99.46007 -141.16927 
    -99.04355 -140.69540 
    -98.65406 -140.19897 
    -98.29037 -139.68271 
    -97.95567 -139.14613 
    -97.65008 -138.59103 
    -97.68708 -137.89488 
    -97.66353 -137.25677 
    -97.63939 -136.64148 
    -97.62522 -136.04086 
    -97.62398 -135.45108 
    -97.63790 -134.86951 
    -97.66552 -134.29427 
    -97.70998 -133.72356 
    -97.74224 -133.15239 
    -97.77040 -132.57538 
    -97.81011 -131.99088 
    -97.86568 -131.39745 
    -97.93411 -130.79146 
    -98.01380 -130.16864 
    -98.10289 -129.52333 
    -98.19061 -128.84251 
    -98.25212 -128.09753 
    -98.22525 -127.21617 
    -98.72658 -126.73048 
    -99.26763 -126.29314 
    -99.84074 -125.90470 
    -100.43839 -125.56415 
    -101.05373 -125.26923 
    -101.68094 -125.01695 
    -102.31543 -124.80404 
    -102.95380 -124.62740 
    -103.59378 -124.48444 
    -104.18832 -124.19570 
    -104.80125 -123.91504 
    -105.44083 -123.68429 
    -106.10390 -123.52901 
    -106.78119 -123.47012 
    -107.45856 -123.52768 
    -108.11724 -123.71834 
    -108.75177 -123.96409 
    -109.35835 -124.25689 
    -109.93170 -124.59798 
    -110.46336 -124.99418 
    -110.93071 -125.47608 
    -111.39986 -125.89292 
    -111.87192 -126.27256 
    -112.34698 -126.63361 
    -112.82475 -126.98886 
    -113.30453 -127.34761 
    -113.78654 -127.71581 
    -114.27185 -128.09746 
    -114.75632 -128.50000 
    -115.24014 -128.92606 
    -115.72672 -129.37642 
    -116.22663 -129.84958 
    -116.76559 -130.34117 
    -117.41801 -130.83815 
    -118.20608 -131.36086 
    -118.51279 -132.05635 
    -118.27249 -132.84258 
    -117.82825 -133.59924 
Cell 2 100 -87.87794 -134.80771 
    -97.64087 -134.80771 
    -97.62470 -135.42093 
    -97.62522 -136.03908 
    -97.64051 -136.67001 
    -97.66589 -137.32083 
    -97.68185 -137.99319 
    -97.59701 -138.65576 
    -97.25400 -139.21974 
    -96.89284 -139.76369 
    -96.51280 -140.28757 
    -96.11299 -140.79082 
    -95.71846 -141.29396 
    -95.32172 -141.79788 
    -94.89195 -142.27689 
    -94.43069 -142.72864 
    -93.93965 -143.15094 
    -93.42069 -143.54170 
    -92.87587 -143.89891 
    -92.30737 -144.22073 
    -91.71755 -144.50546 
    -91.10890 -144.75159 
    -90.48402 -144.95773 
    -89.84563 -145.12270 
    -89.19655 -145.24556 
    -88.53966 -145.32549 
    -87.87794 -145.36195 
    -87.21438 -145.35463 
    -86.55202 -145.30338 
    -85.89392 -145.20831 
    -85.24308 -145.06979 
    -84.60254 -144.88835 
    -83.97524 -144.66479 
    -83.36409 -144.40013 
    -82.77190 -144.09557 
    -82.20138 -143.75253 
    -81.65513 -143.37267 
    -81.13562 -142.95778 
    -80.64516 -142.50984 
    -80.18591 -142.03101 
    -79.75986 -141.52356 
    -79.36884 -140.98993 
    -79.01443 -140.43266 
    -78.69805 -139.85440 
    -78.41421 -139.26100 
    -78.12682 -138.66844 
    -77.87233 -138.05873 
    -77.65233 -137.43320 
    -77.46883 -136.79335 
    -77.32420 -136.14096 
    -77.22116 -135.47818 
    -77.16257 -134.80771 
    -77.15124 -134.13284 
    -77.18974 -133.45747 
    -77.28004 -132.78606 
    -77.42337 -132.12343 
    -77.61996 -131.47469 
    -77.86897 -130.84488 
    -78.16841 -130.23875 
    -78.51530 -129.66055 
    -78.90575 -129.11378 
    -79.33530 -128.60112 
    -79.79911 -128.12431 
    -80.29230 -127.68432 
    -80.81017 -127.28130 
    -81.34842 -126.91487 
    -81.90329 -126.58431 
    -82.47160 -126.28868 
    -83.04608 -126.01860 
    -83.59750 -125.71130 
    -84.16544 -125.43099 
    -84.74866 -125.17679 
    -85.34630 -124.94763 
    -85.95789 -124.74245 
    -86.58339 -124.56031 
    -87.22318 -124.40067 
    -87.87794 -124.26355 
    -88.55058 -124.11630 
    -89.24825 -123.96059 
    -89.95986 -123.89389 
    -90.66805 -123.94094 
    -91.40878 -123.94092 
    -92.17262 -123.96058 
    -92.92764 -124.07656 
    -93.65836 -124.29315 
    -94.41116 -124.51300 
    -95.14916 -124.79974 
    -95.86201 -125.15662 
    -96.53873 -125.58490 
    -97.16830 -126.08348 
    -97.74036 -126.64880 
    -98.22745 -127.28835 
    -98.24110 -128.23105 
    -98.14960 -129.16081 
    -98.03307 -130.02905 
    -97.93001 -130.82780 
    -97.84975 -131.56767 
    -97.79167 -132.26230 
    -97.75340 -132.92387 
    -97.71896 -133.56450 
    -97.67353 -134.19142 
Cell 3 100 -52.56537 -153.55397 
    -62.69643 -153.55397 
    -62.65109 -154.18851 
    -62.56878 -154.81769 
    -62.45017 -155.43959 
    -62.29585 -156.05234 
    -62.10635 -156.65402 
    -61.88218 -157.24275 
    -61.62391 -157.81659 
    -61.33215 -158.37355 
    -61.00865 -158.91223 
    -60.65554 -159.43182 
    -60.27050 -159.92821 
    -59.85506 -160.39944 
    -59.41084 -160.84366 
    -58.93961 -161.25911 
    -58.44323 -161.64413 
    -57.92364 -161.99725 
    -57.38291 -162.31703 
    -56.82317 -162.60223 
    -56.24662 -162.85173 
    -55.65554 -163.06453 
    -55.05227 -163.23981 
    -54.43919 -163.37685 
    -53.81871 -163.47511 
    -53.19328 -163.53424 
    -52.56537 -163.55397 
    -51.93747 -163.53424 
    -51.31204 -163.47511 
    -50.69156 -163.37685 
    -50.07848 -163.23981 
    -49.47520 -163.06453 
    -48.88264 -162.85550 
    -48.30308 -162.61182 
    -47.73864 -162.33377 
    -47.19091 -162.02278 
    -46.66121 -161.68036 
    -46.15062 -161.30807 
    -45.65993 -160.90752 
    -45.18972 -160.48016 
    -44.74042 -160.02733 
    -44.31239 -159.55011 
    -43.90608 -159.04932 
    -43.52224 -158.52548 
    -43.16204 -157.97885 
    -42.82728 -157.40956 
    -42.52051 -156.81775 
    -42.24509 -156.20377 
    -42.00518 -155.56844 
    -41.80555 -154.91325 
    -41.65136 -154.24062 
    -41.54780 -153.55397 
    -41.49969 -152.85777 
    -41.51104 -152.15749 
    -41.58462 -151.45927 
    -41.72171 -150.76979 
    -41.92188 -150.09569 
    -42.18300 -149.44330 
    -42.50134 -148.81819 
    -42.87191 -148.22495 
    -43.28881 -147.66689 
    -43.74567 -147.14609 
    -44.23614 -146.66342 
    -44.75420 -146.21880 
    -45.29453 -145.81131 
    -45.85267 -145.43970 
    -46.42504 -145.10252 
    -47.00896 -144.79846 
    -47.60247 -144.52649 
    -48.20420 -144.28601 
    -48.81312 -144.07686 
    -49.42839 -143.89932 
    -50.04917 -143.75401 
    -50.67452 -143.64178 
    -51.30330 -143.56360 
    -51.93412 -143.52045 
    -52.56537 -143.49481 
    -53.19788 -143.50052 
    -53.83002 -143.54324 
    -54.45982 -143.62294 
    -55.08526 -143.73965 
    -55.70623 -143.88739 
    -56.32275 -144.06393 
    -56.92035 -144.29916 
    -57.49906 -144.57962 
    -58.06765 -144.88377 
    -58.61633 -145.22556 
    -59.14177 -145.60448 
    -59.64056 -146.01967 
    -60.10936 -146.46970 
    -60.54499 -146.95267 
    -60.94461 -147.46609 
    -61.30582 -148.00711 
    -61.62677 -148.57243 
    -61.90618 -149.15852 
    -62.14337 -149.76178 
    -62.33818 -150.37860 
    -62.49091 -151.00552 
    -62.60221 -151.63934 
    -62.67292 -152.27708 
    -62.70401 -152.91611 
Cell 4 100 -61.64139 -131.76724 
    -73.69585 -131.76724 
    -73.53448 -132.51549 
    -73.32329 -133.24301 
    -73.06654 -133.94670 
    -72.76846 -134.62419 
    -72.43314 -135.27370 
    -72.06445 -135.89403 
    -71.66590 -136.48442 
    -71.24064 -137.04448 
    -70.79141 -137.57402 
    -70.32059 -138.07306 
    -69.83018 -138.54160 
    -69.32186 -138.97969 
    -68.79707 -139.38727 
    -68.25703 -139.76419 
    -67.70288 -140.11018 
    -67.13567 -140.42484 
    -66.55642 -140.70764 
    -65.98694 -141.00200 
    -65.42017 -141.31136 
    -64.83146 -141.58527 
    -64.22284 -141.82133 
    -63.59680 -142.01787 
    -62.95598 -142.17328 
    -62.30319 -142.28629 
    -61.64139 -142.35597 
    -60.97358 -142.38168 
    -60.30285 -142.36284 
    -59.63227 -142.29941 
    -58.96486 -142.19165 
    -58.30370 -142.03960 
    -57.65216 -141.84290 
    -57.01436 -141.60017 
    -56.39300 -141.31403 
    -55.79116 -140.98572 
    -55.21191 -140.61667 
    -54.65817 -140.20850 
    -54.13277 -139.76311 
    -53.63833 -139.28262 
    -53.17733 -138.76932 
    -52.75205 -138.22572 
    -52.36452 -137.65453 
    -52.01660 -137.05852 
    -51.70984 -136.44067 
    -51.44558 -135.80405 
    -51.22490 -135.15176 
    -51.04862 -134.48700 
    -50.91729 -133.81297 
    -50.83121 -133.13289 
    -50.79047 -132.44992 
    -50.79485 -131.76724 
    -50.84398 -131.08792 
    -50.93723 -130.41499 
    -51.07383 -129.75137 
    -51.25275 -129.09990 
    -51.47289 -128.46330 
    -51.73295 -127.84422 
    -52.03148 -127.24516 
    -52.36695 -126.66857 
    -52.73764 -126.11675 
    -53.14178 -125.59191 
    -53.57743 -125.09615 
    -54.04254 -124.63145 
    -54.53496 -124.19966 
    -55.05239 -123.80252 
    -55.57102 -123.41210 
    -56.07190 -122.99113 
    -56.59838 -122.59405 
    -57.14992 -122.22239 
    -57.72593 -121.87793 
    -58.32578 -121.56284 
    -58.94862 -121.27961 
    -59.59333 -121.03097 
    -60.25843 -120.82000 
    -60.94196 -120.65005 
    -61.64139 -120.52450 
    -62.35361 -120.44674 
    -63.07488 -120.41998 
    -63.80082 -120.44708 
    -64.52972 -120.51794 
    -65.27455 -120.58552 
    -66.02162 -120.70403 
    -66.76642 -120.87600 
    -67.50382 -121.10352 
    -68.22818 -121.38812 
    -68.93343 -121.73061 
    -69.61321 -122.13096 
    -70.26107 -122.58821 
    -70.87059 -123.10045 
    -71.43562 -123.66475 
    -71.95051 -124.27723 
    -72.41021 -124.93314 
    -72.81049 -125.62698 
    -73.14807 -126.35262 
    -73.42067 -127.10349 
    -73.62711 -127.87285 
    -73.76726 -128.65385 
    -73.84199 -129.43985 
    -73.85314 -130.22453 
    -73.80334 -131.00208 
Cell 5 100 -5.19702 -141.15987 
    -15.62840 -141.15987 
    -15.64618 -141.81728 
    -15.62058 -142.47667 
    -15.55131 -143.13506 
    -15.43831 -143.78938 
    -15.28175 -144.43658 
    -15.08201 -145.07361 
    -14.83975 -145.69739 
    -14.55582 -146.30490 
    -14.23134 -146.89322 
    -13.86763 -147.45943 
    -13.46626 -148.00078 
    -13.02901 -148.51460 
    -12.55784 -148.99834 
    -12.05495 -149.44968 
    -11.52267 -149.86638 
    -10.96355 -150.24646 
    -10.38022 -150.58807 
    -9.77550 -150.88962 
    -9.15229 -151.14973 
    -8.51361 -151.36726 
    -7.86252 -151.54129 
    -7.20215 -151.67114 
    -6.53567 -151.75641 
    -5.86624 -151.79688 
    -5.19702 -151.79262 
    -4.53113 -151.74393 
    -3.87164 -151.65132 
    -3.22156 -151.51561 
    -2.58380 -151.33769 
    -1.96116 -151.11882 
    -1.35634 -150.86032 
    -0.77188 -150.56377 
    -0.21018 -150.23090 
    0.32651 -149.86356 
    0.83612 -149.46376 
    1.31675 -149.03366 
    1.76670 -148.57547 
    2.13669 -148.04668 
    2.46505 -147.49847 
    2.76667 -146.94583 
    3.05738 -146.39827 
    3.33549 -145.85065 
    3.60006 -145.29945 
    3.85070 -144.74211 
    4.08768 -144.17665 
    4.31173 -143.60130 
    4.52642 -143.01471 
    4.73675 -142.41479 
    4.94917 -141.79820 
    5.17861 -141.15987 
    5.74189 -140.47165 
    6.16680 -139.72429 
    6.38436 -138.95061 
    6.53099 -138.14862 
    6.57772 -137.33401 
    6.49815 -136.52942 
    6.27557 -135.76128 
    5.90662 -135.05559 
    5.40230 -134.43333 
    4.78605 -133.90674 
    4.08939 -133.47748 
    3.34630 -133.13716 
    2.58781 -132.86986 
    1.83797 -132.65602 
    1.11192 -132.47636 
    0.41602 -132.31514 
    -0.22450 -132.11488 
    -0.81601 -131.84975 
    -1.42061 -131.62175 
    -2.03595 -131.43109 
    -2.65978 -131.27795 
    -3.27684 -131.09392 
    -3.89988 -130.89197 
    -4.53931 -130.70593 
    -5.19702 -130.40387 
    -5.92852 -129.53299 
    -6.59325 -130.10756 
    -7.27096 -130.28789 
    -7.96118 -130.39417 
    -8.61986 -130.62546 
    -9.24505 -130.93571 
    -9.85362 -131.26408 
    -10.44756 -131.60918 
    -11.02551 -131.97565 
    -11.56075 -132.40096 
    -12.02285 -132.90884 
    -12.42281 -133.46518 
    -12.79099 -134.02866 
    -13.13362 -134.59413 
    -13.45466 -135.16034 
    -13.75550 -135.72849 
    -14.03532 -136.30096 
    -14.35732 -136.84935 
    -14.65350 -137.41579 
    -14.91387 -138.00267 
    -15.13684 -138.60776 
    -15.32097 -139.22862 
    -15.46498 -139.86272 
    -15.56777 -140.50740 
Cell 6 100 12.07331 -149.68730 
    1.34249 -149.68730 
    1.21799 -150.37025 
    1.18327 -151.06303 
    1.22587 -151.75656 
    1.33283 -152.44499 
    1.49578 -153.12415 
    1.71155 -153.78981 
    1.97393 -154.43971 
    2.28111 -155.07062 
    2.63159 -155.67920 
    3.02365 -156.26227 
    3.45525 -156.81679 
    3.92416 -157.33986 
    4.42790 -157.82883 
    4.96378 -158.28125 
    5.52893 -158.69487 
    6.12029 -159.06775 
    6.73472 -159.39816 
    7.36889 -159.68471 
    8.01943 -159.92624 
    8.68292 -160.12186 
    9.35587 -160.27104 
    10.03482 -160.37346 
    10.71629 -160.42918 
    11.39691 -160.43840 
    12.07331 -160.40179 
    12.74227 -160.32005 
    13.40065 -160.19427 
    14.04547 -160.02574 
    14.67391 -159.81596 
    15.28330 -159.56664 
    15.87115 -159.27956 
    16.45783 -159.00488 
    17.05488 -158.74873 
    17.63903 -158.45747 
    18.20830 -158.13139 
    18.76060 -157.77084 
    19.29370 -157.37624 
    19.80522 -156.94804 
    20.29263 -156.48691 
    20.75326 -155.99365 
    21.18428 -155.46930 
    21.58280 -154.91519 
    21.94586 -154.33298 
    22.27049 -153.72466 
    22.55383 -153.09262 
    22.79313 -152.43968 
    22.98593 -151.76900 
    23.13003 -151.08409 
    23.22366 -150.38882 
    23.26551 -149.68730 
    23.25477 -148.98383 
    23.19119 -148.28279 
    23.07507 -147.58861 
    22.90731 -146.90561 
    22.68932 -146.23795 
    22.42303 -145.58955 
    22.11079 -144.96402 
    21.75534 -144.36456 
    21.35969 -143.79399 
    20.92705 -143.25468 
    20.46076 -142.74860 
    19.96419 -142.27727 
    19.44068 -141.84186 
    18.89346 -141.44316 
    18.32563 -141.08171 
    17.74014 -140.75780 
    17.13972 -140.47153 
    16.52694 -140.22285 
    15.90416 -140.01169 
    15.27359 -139.83786 
    14.63731 -139.70119 
    13.99728 -139.60152 
    13.38513 -139.30315 
    12.74879 -138.95090 
    12.07331 -138.55864 
    11.34812 -138.16072 
    10.57387 -137.81799 
    9.76855 -137.60533 
    8.96709 -137.58936 
    8.21251 -137.80496 
    7.54176 -138.24191 
    6.97290 -138.84837 
    6.50010 -139.54967 
    6.05436 -140.20296 
    5.54898 -140.70734 
    5.13021 -141.29453 
    4.87289 -142.01962 
    4.63573 -142.70294 
    4.40582 -143.34421 
    4.17608 -143.94963 
    3.94109 -144.52643 
    3.69754 -145.08269 
    3.44319 -145.62628 
    3.17604 -146.16461 
    2.89456 -146.70496 
    2.59820 -147.25452 
    2.27370 -147.81793 
    1.90423 -148.40265 
    1.56807 -149.02637 
Cell 7 100 35.21416 -128.85352 
    24.79663 -128.85352 
    24.77642 -129.51021 
    24.79951 -130.16919 
    24.86624 -130.82748 
    24.97670 -131.48206 
    25.13076 -132.12981 
    25.32808 -132.76768 
    25.56804 -133.39262 
    25.84983 -134.00160 
    26.17236 -134.59161 
    26.53432 -135.15979 
    26.93420 -135.70329 
    27.37023 -136.21945 
    27.84045 -136.70572 
    28.34273 -137.15965 
    28.87470 -137.57904 
    29.43385 -137.96182 
    30.01753 -138.30615 
    30.62293 -138.61037 
    31.24714 -138.87306 
    31.88714 -139.09305 
    32.53983 -139.26936 
    33.20206 -139.40132 
    33.87066 -139.48842 
    34.54242 -139.53050 
    35.21416 -139.52754 
    35.88271 -139.47986 
    36.54497 -139.38794 
    37.19788 -139.25256 
    37.83850 -139.07465 
    38.46397 -138.85541 
    39.07157 -138.59621 
    39.65870 -138.29863 
    40.22291 -137.96440 
    40.76194 -137.59541 
    41.27367 -137.19371 
    41.75618 -136.76146 
    42.20774 -136.30092 
    42.67890 -135.86337 
    43.13189 -135.40363 
    43.56001 -134.91713 
    43.96188 -134.40498 
    44.33611 -133.86835 
    44.68122 -133.30838 
    44.99565 -132.72629 
    45.27776 -132.12338 
    45.52579 -131.50110 
    45.73790 -130.86102 
    45.91216 -130.20499 
    46.04660 -129.53503 
    46.13927 -128.85352 
    46.18823 -128.16309 
    46.19170 -127.46673 
    46.14806 -126.76776 
    46.05597 -126.06981 
    45.91442 -125.37679 
    45.72281 -124.69285 
    45.48102 -124.02230 
    45.18944 -123.36956 
    44.84903 -122.73904 
    44.46129 -122.13509 
    44.02830 -121.56183 
    43.55267 -121.02314 
    43.03749 -120.52252 
    42.48627 -120.06304 
    41.96851 -119.55695 
    41.41304 -119.08564 
    40.80370 -118.68618 
    40.14901 -118.36643 
    39.45967 -118.13058 
    38.74757 -117.97881 
    38.02464 -117.90742 
    37.30186 -117.90939 
    36.58840 -117.97527 
    35.89477 -118.03555 
    35.21416 -117.86572 
    34.51407 -117.72592 
    33.79641 -117.63087 
    33.06536 -117.58914 
    32.32712 -117.60924 
    31.58974 -117.69871 
    30.86280 -117.86323 
    30.15672 -118.10592 
    29.48203 -118.42681 
    28.92797 -118.94807 
    28.50119 -119.61390 
    28.11379 -120.27065 
    27.77044 -120.92677 
    27.48385 -121.59427 
    27.24222 -122.25855 
    27.01353 -122.89541 
    26.79831 -123.51266 
    26.59482 -124.11500 
    26.39778 -124.70484 
    26.20449 -125.28634 
    26.01164 -125.86344 
    25.81389 -126.43994 
    25.60425 -127.02032 
    25.37280 -127.61027 
    25.09890 -128.21712 
Cell 8 100 46.44257 -147.83678 
    36.41081 -147.83678 
    36.43288 -148.46654 
    36.48602 -149.09459 
    36.57679 -149.71878 
    36.70660 -150.33655 
    36.87528 -150.94537 
    37.08223 -151.54280 
    37.32673 -152.12636 
    37.60785 -152.69371 
    37.92454 -153.24248 
    38.27557 -153.77045 
    38.65962 -154.27539 
    39.07515 -154.75525 
    39.52052 -155.20801 
    39.99397 -155.63179 
    40.49361 -156.02483 
    41.01741 -156.38545 
    41.56327 -156.71219 
    42.12897 -157.00363 
    42.71222 -157.25858 
    43.31062 -157.47595 
    43.92172 -157.65485 
    44.54304 -157.79449 
    45.17201 -157.89433 
    45.80605 -157.95395 
    46.44257 -157.97308 
    47.07895 -157.95169 
    47.71257 -157.88988 
    48.34085 -157.78790 
    48.96120 -157.64619 
    49.57111 -157.46541 
    50.16806 -157.24629 
    50.74966 -156.98981 
    51.31354 -156.69704 
    51.85742 -156.36922 
    52.37912 -156.00774 
    52.87657 -155.61415 
    53.34778 -155.19008 
    53.79089 -154.73730 
    54.20416 -154.25772 
    54.58601 -153.75333 
    54.93494 -153.22620 
    55.24963 -152.67850 
    55.52892 -152.11249 
    55.77175 -151.53046 
    55.97725 -150.93478 
    56.14470 -150.32787 
    56.27352 -149.71213 
    56.36377 -149.09012 
    56.42401 -148.46475 
    56.44486 -147.83678 
    56.42623 -147.20866 
    56.36818 -146.58289 
    56.27092 -145.96191 
    56.13482 -145.34824 
    55.96041 -144.74425 
    55.74838 -144.15234 
    55.49955 -143.57489 
    55.21488 -143.01416 
    54.89772 -142.47098 
    54.55128 -141.94547 
    54.17630 -141.43887 
    53.77516 -140.95102 
    53.34996 -140.48116 
    52.90219 -140.02844 
    52.43240 -139.59248 
    51.93998 -139.17426 
    51.42334 -138.77679 
    50.88044 -138.40582 
    50.41051 -137.81493 
    49.91656 -137.14494 
    49.21415 -137.04221 
    48.43904 -137.37094 
    47.77761 -137.26883 
    47.10944 -137.23718 
    46.44257 -137.09518 
    45.76499 -137.06685 
    45.11177 -137.30235 
    44.50299 -137.66913 
    43.89433 -137.91202 
    43.29689 -138.15535 
    42.71515 -138.42236 
    42.14893 -138.71233 
    41.59876 -139.02591 
    41.06591 -139.36452 
    40.55224 -139.72943 
    40.05996 -140.12152 
    39.58939 -140.53888 
    39.14533 -140.98421 
    38.73017 -141.45653 
    38.34556 -141.95395 
    37.99300 -142.47452 
    37.67388 -143.01614 
    37.38945 -143.57671 
    37.14083 -144.15396 
    36.91784 -144.74200 
    36.69109 -145.33302 
    36.51937 -145.94383 
    36.43277 -146.57225 
    36.40891 -147.20551 
Cell 9 100 68.50275 -150.30602 
    57.67070 -150.30602 
    57.64992 -150.98882 
    57.65902 -151.67589 
    57.70967 -152.36490 
    57.80647 -153.05235 
    57.96043 -153.73141 
    58.16120 -154.40053 
    58.40829 -155.05611 
    58.70082 -155.69467 
    59.03763 -156.31276 
    59.41724 -156.90701 
    59.83791 -157.47418 
    60.29753 -158.01122 
    60.79378 -158.51523 
    61.32409 -158.98352 
    61.88565 -159.41367 
    62.47549 -159.80345 
    63.09045 -160.15096 
    63.72721 -160.45454 
    64.38236 -160.71291 
    65.05238 -160.92514 
    65.73376 -161.09050 
    66.42294 -161.20876 
    67.11641 -161.27997 
    67.81077 -161.30467 
    68.50275 -161.28357 
    69.18926 -161.21790 
    69.86750 -161.10913 
    70.53492 -160.95905 
    71.18936 -160.76970 
    71.82903 -160.54324 
    72.45251 -160.28198 
    73.05882 -159.98817 
    73.64732 -159.66396 
    74.21761 -159.31119 
    74.76958 -158.93158 
    75.30306 -158.52618 
    75.81792 -158.09589 
    76.31355 -157.64084 
    76.78900 -157.16101 
    77.24265 -156.65593 
    77.67216 -156.12511 
    78.07431 -155.56802 
    78.44259 -154.98335 
    78.76182 -154.36787 
    79.04349 -153.73091 
    79.28476 -153.07437 
    79.47569 -152.39922 
    79.60928 -151.70909 
    79.68223 -151.00937 
    79.69186 -150.30602 
    79.63641 -149.60555 
    79.51663 -148.91464 
    79.33461 -148.23973 
    79.09370 -147.58672 
    78.80005 -146.96022 
    78.65923 -146.28477 
    78.47752 -145.61224 
    78.25095 -144.94690 
    77.97796 -144.29286 
    77.65738 -143.65479 
    77.28860 -143.03772 
    76.87171 -142.44704 
    76.40758 -141.88823 
    75.89793 -141.36678 
    75.34542 -140.88788 
    74.75355 -140.45633 
    74.12661 -140.07623 
    73.46959 -139.75095 
    72.78794 -139.48285 
    72.08747 -139.27336 
    71.37408 -139.12288 
    70.65360 -139.03082 
    69.93157 -138.99573 
    69.21310 -139.01537 
    68.50275 -139.08691 
    67.80447 -139.20717 
    67.12154 -139.37263 
    66.45661 -139.57980 
    65.81174 -139.82524 
    65.18847 -140.10571 
    64.58792 -140.41830 
    64.01094 -140.76045 
    63.45816 -141.12994 
    62.93010 -141.52493 
    62.42730 -141.94388 
    61.95032 -142.38550 
    61.49984 -142.84868 
    60.96753 -143.22998 
    60.42157 -143.62068 
    59.87160 -144.03513 
    59.32761 -144.48329 
    58.80793 -144.97624 
    58.33754 -145.52263 
    57.94379 -146.12543 
    57.65036 -146.77986 
    57.47139 -147.47365 
    57.40792 -148.18956 
    57.44777 -148.90945 
    57.56915 -149.61813 
Cell 10 100 83.11581 -131.39151 
    71.93239 -131.39151 
    71.65331 -132.11267 
    71.29662 -132.88463 
    71.42133 -133.62234 
    71.84951 -134.28421 
    72.30624 -134.90375 
    72.77807 -135.48451 
    73.25553 -136.03140 
    73.73327 -136.54961 
    74.20947 -137.04364 
    74.68504 -137.51682 
    75.16268 -137.97090 
    75.64590 -138.40622 
    76.13828 -138.82181 
    76.64297 -139.21582 
    77.16228 -139.58585 
    77.69761 -139.92921 
    78.24947 -140.24333 
    78.81754 -140.52579 
    79.40084 -140.77443 
    79.99787 -140.98752 
    80.60677 -141.16356 
    81.22538 -141.30145 
    81.85139 -141.40036 
    82.48236 -141.45988 
    83.11581 -141.48209 
    83.74957 -141.46486 
    84.38123 -141.40842 
    85.00845 -141.31314 
    85.62894 -141.17955 
    86.24051 -141.00835 
    86.84103 -140.80037 
    87.42856 -140.55656 
    88.00120 -140.27800 
    88.55724 -139.96584 
    89.09507 -139.62126 
    89.61324 -139.24556 
    90.11037 -138.83997 
    90.58524 -138.40578 
    91.03669 -137.94423 
    91.46360 -137.45654 
    91.86490 -136.94385 
    92.23950 -136.40730 
    92.58627 -135.84798 
    92.90400 -135.26694 
    93.19135 -134.66525 
    93.44685 -134.04407 
    93.66886 -133.40462 
    93.85562 -132.74826 
    94.00518 -132.07661 
    94.11547 -131.39151 
    94.18435 -130.69513 
    94.20966 -129.99004 
    94.18929 -129.27913 
    94.12125 -128.56580 
    94.00381 -127.85378 
    93.83559 -127.14725 
    93.61558 -126.45069 
    93.34335 -125.76887 
    93.01904 -125.10673 
    92.64343 -124.46928 
    92.21707 -123.86229 
    91.63866 -123.38801 
    90.97155 -123.02599 
    90.23861 -122.78152 
    89.47054 -122.64497 
    88.76593 -122.48833 
    88.10107 -122.32335 
    87.46114 -122.15720 
    86.83672 -121.99356 
    86.22134 -121.83363 
    85.61018 -121.67656 
    84.99899 -121.51951 
    84.38340 -121.35742 
    83.75813 -121.18217 
    83.11581 -120.98096 
    82.44534 -120.73473 
    81.74447 -120.53625 
    81.08073 -120.72325 
    80.43728 -120.95934 
    79.81413 -121.22999 
    79.21253 -121.53297 
    78.63356 -121.86626 
    78.07814 -122.22803 
    77.54710 -122.61663 
    76.99354 -122.96493 
    76.37206 -123.23971 
    75.73910 -123.53611 
    75.09450 -123.85900 
    74.51540 -124.27663 
    74.24976 -124.94995 
    73.96217 -125.58244 
    73.71735 -126.22466 
    73.47877 -126.85667 
    73.23429 -127.47914 
    72.99493 -128.10304 
    72.76804 -128.73466 
    72.55618 -129.37715 
    72.35537 -130.03215 
    72.15514 -130.70192 
Cell 11 100 120.53840 -140.23926 
    110.37337 -140.23926 
    110.38393 -140.87813 
    110.43533 -141.51558 
    110.52744 -142.14896 
    110.65997 -142.77560 
    110.83246 -143.39291 
    111.04424 -143.99826 
    111.29452 -144.58910 
    111.58227 -145.16293 
    111.90634 -145.71733 
    112.26540 -146.24994 
    112.65796 -146.75853 
    113.08239 -147.24092 
    113.53690 -147.69510 
    114.01959 -148.11914 
    114.52842 -148.51129 
    115.06123 -148.86990 
    115.61575 -149.19351 
    116.18967 -149.48079 
    116.78052 -149.73058 
    117.38583 -149.94188 
    118.00302 -150.11391 
    118.62952 -150.24599 
    119.26267 -150.33768 
    119.89985 -150.38870 
    120.53840 -150.39896 
    121.17568 -150.36856 
    121.80909 -150.29779 
    122.43605 -150.18712 
    123.05410 -150.03726 
    123.66084 -149.84914 
    124.25404 -149.62390 
    124.83167 -149.36293 
    125.39198 -149.06790 
    125.93356 -148.74066 
    126.45541 -148.38333 
    126.95708 -147.99811 
    127.43862 -147.58725 
    127.90066 -147.15288 
    128.34425 -146.69682 
    128.77069 -146.22037 
    129.18120 -145.72415 
    129.57649 -145.20799 
    129.95630 -144.67099 
    130.31885 -144.11160 
    130.66045 -143.52811 
    130.97534 -142.91901 
    131.25575 -142.28371 
    131.49237 -141.62306 
    131.67505 -140.93991 
    131.79391 -140.23926 
    131.84048 -139.52818 
    131.80876 -138.81548 
    131.69604 -138.11082 
    131.82491 -137.34137 
    132.01161 -136.51138 
    131.65335 -135.83853 
    130.85922 -135.38264 
    130.06898 -134.99977 
    129.59492 -134.49182 
    129.09547 -134.02219 
    128.57869 -133.58775 
    128.05045 -133.18497 
    127.51448 -132.81049 
    126.97260 -132.46165 
    126.44978 -132.10294 
    125.93332 -131.73822 
    125.39798 -131.39970 
    124.84567 -131.08585 
    124.27740 -130.79561 
    123.69323 -130.52968 
    123.09251 -130.29166 
    122.47475 -130.08855 
    121.84073 -129.93022 
    121.19346 -129.82739 
    120.53840 -129.78882 
    119.88279 -129.81868 
    119.21188 -129.73882 
    118.49153 -129.50922 
    117.73104 -129.30533 
    116.95865 -129.22192 
    116.22558 -129.34633 
    115.58402 -129.71068 
    115.05910 -130.27246 
    114.63602 -130.93861 
    114.27209 -131.61444 
    113.92287 -132.24245 
    113.56242 -132.81059 
    113.18741 -133.33621 
    112.80862 -133.84464 
    112.41467 -134.33702 
    112.04829 -134.85127 
    111.71468 -135.38838 
    111.41531 -135.94626 
    111.15153 -136.52274 
    110.92455 -137.11552 
    110.73544 -137.72229 
    110.58510 -138.34056 
    110.47428 -138.96786 
    110.40356 -139.60162 
Cell 12 100 -119.62608 -121.40105 
    -129.63742 -121.40105 
    -129.61548 -122.02953 
    -130.01149 -122.71303 
    -130.37268 -123.45107 
    -130.67282 -124.23737 
    -130.90643 -125.06625 
    -131.06854 -125.93143 
    -131.15517 -126.82623 
    -131.16292 -127.74348 
    -131.08945 -128.67592 
    -130.93272 -129.61580 
    -130.69188 -130.55547 
    -130.36661 -131.48706 
    -129.95731 -132.40269 
    -126.88673 -130.17766 
    -125.69099 -129.74869 
    -124.95677 -129.80086 
    -124.36016 -130.01231 
    -123.79560 -130.26170 
    -123.22854 -130.49982 
    -122.64494 -130.69212 
    -122.04928 -130.83879 
    -121.44904 -130.95737 
    -120.84646 -131.06131 
    -120.23927 -131.14735 
    -119.62608 -131.20125 
    -119.00735 -131.23547 
    -118.34140 -131.57039 
    -117.78005 -131.07828 
    -117.23821 -130.70119 
    -116.73139 -130.30998 
    -116.26663 -129.88606 
    -115.82803 -129.47231 
    -115.40519 -129.07883 
    -114.99023 -128.70598 
    -114.57677 -128.35081 
    -114.15945 -128.00906 
    -113.73389 -127.67559 
    -113.29846 -127.34307 
    -112.84934 -127.00726 
    -112.38508 -126.66194 
    -111.90736 -126.29950 
    -111.42241 -125.91106 
    -110.94299 -125.48700 
    -110.48763 -125.01921 
    -109.88055 -124.56756 
    -109.06147 -124.11358 
    -107.86347 -123.64488 
    -106.03880 -123.11752 
    -106.40422 -122.23289 
    -106.82832 -121.40105 
    -107.19926 -120.61922 
    -107.52290 -119.87206 
    -107.86515 -119.15753 
    -107.86994 -118.38258 
    -108.13121 -117.66614 
    -108.70070 -117.07538 
    -109.43469 -116.60534 
    -110.17461 -116.20506 
    -110.78142 -115.78805 
    -111.04439 -115.16608 
    -111.34066 -114.54675 
    -111.67622 -113.93563 
    -112.05740 -113.34121 
    -112.48965 -112.77457 
    -112.97644 -112.24860 
    -113.51823 -111.77661 
    -114.11188 -111.37074 
    -114.75070 -111.04033 
    -115.42514 -110.79068 
    -116.12388 -110.62236 
    -116.83523 -110.53137 
    -117.54849 -110.50992 
    -118.25500 -110.54782 
    -118.94868 -110.63408 
    -119.62608 -110.75838 
    -120.28599 -110.91223 
    -120.92872 -111.08965 
    -121.55540 -111.28725 
    -122.16723 -111.50394 
    -122.76501 -111.74040 
    -123.34888 -111.99835 
    -123.91816 -112.27992 
    -124.47157 -112.58714 
    -125.00731 -112.92159 
    -125.52412 -113.28310 
    -126.02174 -113.67004 
    -126.49394 -114.08752 
    -126.93887 -114.53388 
    -127.35476 -115.00733 
    -127.73995 -115.50597 
    -128.09293 -116.02782 
    -128.41231 -116.57078 
    -128.69682 -117.13268 
    -128.94537 -117.71128 
    -129.15697 -118.30428 
    -129.33080 -118.90930 
    -129.46619 -119.52395 
    -129.56264 -120.14577 
    -129.61978 -120.77230 
Cell 13 100 -75.03474 -106.47634 
    -84.78199 -106.47634 
    -84.88419 -107.09602 
    -85.05742 -107.74250 
    -85.07416 -108.39146 
    -84.94440 -109.02071 
    -84.77440 -109.64095 
    -84.56472 -110.24953 
    -84.31617 -110.84385 
    -84.02970 -111.42136 
    -83.70646 -111.97958 
    -83.34776 -112.51610 
    -82.95507 -113.02860 
    -82.53004 -113.51489 
    -82.07446 -113.97287 
    -81.59023 -114.40057 
    -81.07944 -114.79616 
    -80.54427 -115.15796 
    -79.98699 -115.48444 
    -79.41000 -115.77425 
    -78.81579 -116.02617 
    -78.20689 -116.23919 
    -77.58591 -116.41248 
    -76.95551 -116.54535 
    -76.31838 -116.63735 
    -75.67722 -116.68819 
    -75.03474 -116.69776 
    -74.39365 -116.66615 
    -73.75663 -116.59364 
    -73.12632 -116.48067 
    -72.50530 -116.32788 
    -71.89611 -116.13607 
    -71.30119 -115.90623 
    -70.72289 -115.63950 
    -70.16347 -115.33716 
    -69.61296 -115.01971 
    -69.06892 -114.68758 
    -68.54341 -114.32302 
    -68.03828 -113.92681 
    -67.55548 -113.49983 
    -67.09701 -113.04301 
    -66.66496 -112.55735 
    -66.26149 -112.04402 
    -65.88889 -111.50432 
    -65.54948 -110.93977 
    -65.24564 -110.35212 
    -64.97970 -109.74342 
    -64.75396 -109.11600 
    -64.57059 -108.47249 
    -64.43152 -107.81584 
    -64.33845 -107.14929 
    -64.29272 -106.47634 
    -64.29529 -105.80067 
    -64.34664 -105.12612 
    -64.44680 -104.45658 
    -64.59530 -103.79594 
    -64.79117 -103.14800 
    -65.03301 -102.51637 
    -65.31898 -101.90445 
    -65.58180 -101.27954 
    -65.84641 -100.64524 
    -66.15181 -100.02251 
    -66.49906 -99.41501 
    -66.88889 -98.82687 
    -67.32160 -98.26268 
    -67.79694 -97.72734 
    -68.31396 -97.22598 
    -68.87095 -96.76376 
    -69.46538 -96.34570 
    -70.09388 -95.97646 
    -70.75232 -95.66017 
    -71.43590 -95.40023 
    -72.13926 -95.19916 
    -72.85667 -95.05851 
    -73.58227 -94.97882 
    -74.31017 -94.95960 
    -75.03474 -94.99942 
    -75.75074 -95.09598 
    -76.45343 -95.24628 
    -77.13874 -95.44680 
    -77.80326 -95.69369 
    -78.44427 -95.98292 
    -79.05968 -96.31050 
    -79.64803 -96.67261 
    -80.20830 -97.06568 
    -80.73986 -97.48652 
    -81.24235 -97.93231 
    -81.71553 -98.40066 
    -82.15585 -98.89314 
    -82.33149 -99.62424 
    -82.60966 -100.20982 
    -82.93275 -100.73811 
    -83.27357 -101.24783 
    -83.59747 -101.76895 
    -83.88807 -102.31029 
    -84.12740 -102.87630 
    -84.30244 -103.46509 
    -84.42481 -104.06538 
    -84.52883 -104.66525 
    -84.62244 -105.26514 
    -84.70718 -105.86781 
Cell 14 100 -49.92381 -113.47138 
    -60.49007 -113.47138 
    -60.47783 -114.13538 
    -60.42583 -114.79810 
    -60.33327 -115.45709 
    -60.19956 -116.10975 
    -60.02446 -116.75328 
    -59.80803 -117.38482 
    -59.55071 -118.00146 
    -59.25328 -118.60030 
    -58.91681 -119.17851 
    -58.54269 -119.73336 
    -58.13253 -120.26222 
    -57.68819 -120.76262 
    -57.19648 -121.21599 
    -56.67316 -121.62994 
    -56.12831 -122.01115 
    -55.56729 -122.36407 
    -54.99081 -122.68822 
    -54.39845 -122.98046 
    -53.79026 -123.23690 
    -53.16721 -123.45354 
    -52.53184 -123.62897 
    -51.88630 -123.75908 
    -51.23415 -123.84374 
    -50.57887 -123.88310 
    -49.92381 -123.90565 
    -49.26600 -123.92699 
    -48.60474 -123.91290 
    -47.94145 -123.86331 
    -47.27750 -123.77809 
    -46.61431 -123.65700 
    -45.95332 -123.49969 
    -45.29613 -123.30571 
    -44.89655 -122.61594 
    -44.54589 -121.94563 
    -44.17468 -121.38438 
    -43.79291 -120.88237 
    -43.40537 -120.41282 
    -43.01275 -119.96130 
    -42.61379 -119.51875 
    -42.21080 -119.07521 
    -41.80128 -118.62610 
    -41.38149 -118.16756 
    -40.94312 -117.69738 
    -40.48055 -117.21024 
    -39.97975 -116.70240 
    -39.41328 -116.17003 
    -38.73158 -115.60641 
    -38.05622 -114.97061 
    -37.45513 -114.25584 
    -37.40331 -113.47138 
    -37.41656 -112.68449 
    -37.49514 -111.90128 
    -37.63847 -111.12783 
    -37.84505 -110.37009 
    -38.11261 -109.63369 
    -38.43810 -108.92387 
    -38.81780 -108.24529 
    -39.24749 -107.60203 
    -39.72253 -106.99745 
    -40.23802 -106.43424 
    -40.78893 -105.91434 
    -41.37023 -105.43903 
    -41.97705 -105.00893 
    -42.60472 -104.62412 
    -43.16473 -104.16830 
    -43.73808 -103.72423 
    -44.38557 -103.39736 
    -45.08565 -103.18976 
    -45.81226 -103.08677 
    -46.54168 -103.06224 
    -47.25745 -103.08659 
    -47.93950 -103.06924 
    -48.60686 -103.04665 
    -49.26869 -103.05845 
    -49.92381 -103.10388 
    -50.57114 -103.18233 
    -51.20960 -103.29335 
    -51.83805 -103.43659 
    -52.46897 -103.55866 
    -53.10631 -103.67666 
    -53.74269 -103.82600 
    -54.37625 -104.00948 
    -55.00377 -104.23098 
    -55.62045 -104.49493 
    -56.21981 -104.80569 
    -56.79410 -105.16663 
    -57.33484 -105.57944 
    -57.83377 -106.04344 
    -58.28373 -106.55546 
    -58.67962 -107.10992 
    -59.01882 -107.69952 
    -59.30148 -108.31597 
    -59.53065 -108.95074 
    -59.76677 -109.57428 
    -59.98127 -110.20352 
    -60.15771 -110.84377 
    -60.29681 -111.49263 
    -60.39881 -112.14808 
    -60.46344 -112.80829 
Cell 15 100 -60.75346 -87.17276 
    -71.22954 -87.17276 
    -71.11725 -87.82479 
    -71.01854 -88.46954 
    -70.91145 -89.11050 
    -70.76672 -89.74373 
    -70.58513 -90.36726 
    -70.36739 -90.97919 
    -70.11423 -91.57760 
    -69.82632 -92.16061 
    -69.50439 -92.72627 
    -69.14917 -93.27260 
    -68.76149 -93.79758 
    -68.34229 -94.29914 
    -67.89263 -94.77520 
    -67.41375 -95.22367 
    -66.90706 -95.64246 
    -66.37415 -96.02955 
    -65.81682 -96.38297 
    -65.23705 -96.70088 
    -64.63702 -96.98153 
    -64.01910 -97.22335 
    -63.38577 -97.42493 
    -62.73971 -97.58505 
    -62.08371 -97.70272 
    -61.42063 -97.77714 
    -60.75346 -97.80775 
    -60.08521 -97.79424 
    -59.41895 -97.73651 
    -58.75773 -97.63475 
    -58.10462 -97.48933 
    -57.46263 -97.30090 
    -56.83474 -97.07033 
    -56.22383 -96.79871 
    -55.63272 -96.48734 
    -55.06410 -96.13776 
    -54.52051 -95.75168 
    -54.00440 -95.33097 
    -53.51801 -94.87773 
    -53.06345 -94.39416 
    -52.64263 -93.88262 
    -52.25726 -93.34561 
    -51.84838 -92.82410 
    -51.45322 -92.28561 
    -51.09154 -91.71931 
    -50.76681 -91.12675 
    -50.48259 -90.50996 
    -50.24233 -89.87156 
    -50.04925 -89.21470 
    -49.90617 -88.54309 
    -49.81534 -87.86093 
    -49.77835 -87.17276 
    -49.79598 -86.48338 
    -49.86822 -85.79764 
    -49.99419 -85.12032 
    -50.17226 -84.45597 
    -50.40009 -83.80875 
    -50.67476 -83.18232 
    -50.99297 -82.57982 
    -51.35114 -82.00379 
    -51.74560 -81.45620 
    -51.72245 -80.61135 
    -51.24907 -79.31004 
    -52.68233 -79.59347 
    -53.61707 -79.57327 
    -54.14317 -79.18229 
    -54.63609 -78.75293 
    -55.12387 -78.30194 
    -55.63676 -77.86552 
    -56.17563 -77.44438 
    -56.74160 -77.03996 
    -57.33591 -76.65462 
    -57.95970 -76.29179 
    -58.61374 -75.95593 
    -59.29813 -75.65264 
    -60.01205 -75.38840 
    -60.75346 -75.17039 
    -61.51892 -75.00612 
    -62.30349 -74.90304 
    -63.10071 -74.86803 
    -63.90278 -74.90697 
    -64.70077 -75.02419 
    -65.48501 -75.22224 
    -66.24554 -75.50150 
    -66.97264 -75.86012 
    -67.65730 -76.29407 
    -68.29168 -76.79729 
    -68.86954 -77.36211 
    -69.38646 -77.97955 
    -69.83997 -78.63996 
    -70.22950 -79.33350 
    -70.55629 -80.05059 
    -70.82302 -80.78242 
    -71.03355 -81.52123 
    -71.19244 -82.26055 
    -71.30457 -82.99529 
    -71.37478 -83.72169 
    -71.40754 -84.43726 
    -71.40670 -85.14055 
    -71.37537 -85.83090 
    -71.31583 -86.50823 
Cell 16 100 -34.19262 -124.42648 
    -45.14378 -124.42648 
    -45.05183 -125.10968 
    -44.90843 -125.78020 
    -44.71840 -126.43437 
    -44.48668 -127.06954 
    -44.21797 -127.68391 
    -43.96066 -128.29391 
    -43.68737 -128.89436 
    -43.38414 -129.47955 
    -43.05123 -130.04832 
    -42.70135 -130.60843 
    -42.31543 -131.14624 
    -41.89632 -131.66074 
    -41.44532 -132.14981 
    -40.96408 -132.61177 
    -40.45446 -133.04517 
    -39.91693 -133.44655 
    -39.35312 -133.81339 
    -38.76500 -134.14326 
    -38.15438 -134.43274 
    -37.52423 -134.68013 
    -36.87773 -134.88429 
    -36.21803 -135.04404 
    -35.54836 -135.15828 
    -34.87211 -135.22667 
    -34.19262 -135.24866 
    -33.51332 -135.22368 
    -32.83768 -135.15195 
    -32.16914 -135.03392 
    -31.51105 -134.87051 
    -30.86671 -134.66258 
    -30.23952 -134.41086 
    -29.63200 -134.11829 
    -29.04694 -133.78644 
    -28.48693 -133.41721 
    -27.95441 -133.01263 
    -27.45163 -132.57494 
    -26.98065 -132.10645 
    -26.54335 -131.60962 
    -26.14134 -131.08708 
    -25.77607 -130.54146 
    -25.44874 -129.97551 
    -25.16033 -129.39201 
    -24.91935 -128.79015 
    -24.72349 -128.17557 
    -24.57647 -127.55095 
    -24.49479 -126.91646 
    -24.39330 -126.29580 
    -24.34418 -125.67062 
    -24.31340 -125.04803 
    -24.30900 -124.42648 
    -24.32786 -123.80583 
    -24.37010 -123.18560 
    -24.43454 -122.56503 
    -24.52001 -121.94297 
    -24.62462 -121.31764 
    -24.73755 -120.68295 
    -24.92187 -120.06399 
    -25.13765 -119.44846 
    -25.37765 -118.83233 
    -25.64326 -118.21500 
    -25.93731 -117.59708 
    -26.26398 -116.98099 
    -26.62843 -116.37143 
    -27.03612 -115.77576 
    -27.49198 -115.20383 
    -27.99946 -114.66763 
    -28.55971 -114.18026 
    -29.17093 -113.75484 
    -29.82816 -113.40311 
    -30.52348 -113.13402 
    -31.24669 -112.95284 
    -31.98629 -112.86048 
    -32.73062 -112.85354 
    -33.46900 -112.92484 
    -34.19262 -113.06446 
    -34.89510 -113.26097 
    -35.57260 -113.50281 
    -36.22365 -113.77943 
    -36.85466 -114.05850 
    -37.46180 -114.36496 
    -37.97480 -114.87379 
    -38.46231 -115.35292 
    -38.94464 -115.78258 
    -39.42521 -116.18124 
    -39.87561 -116.60452 
    -40.30754 -117.03480 
    -40.72619 -117.46893 
    -41.13697 -117.90530 
    -41.54391 -118.34496 
    -41.95067 -118.78992 
    -42.36224 -119.24188 
    -42.78145 -119.70473 
    -43.20696 -120.18465 
    -43.63309 -120.68873 
    -44.05194 -121.22298 
    -44.44558 -121.79397 
    -44.78651 -122.40559 
    -45.14394 -123.04300 
    -45.18001 -123.73521 
Cell 17 100 -14.49328 -122.71799 
    -24.41866 -122.71799 
    -24.35967 -123.33874 
    -24.32318 -123.95980 
    -24.31017 -124.59067 
    -24.32298 -125.24184 
    -24.36418 -125.92525 
    -24.41277 -126.64540 
    -24.14203 -127.25835 
    -23.83226 -127.85214 
    -23.48521 -128.42444 
    -23.10266 -128.97307 
    -22.68649 -129.49600 
    -22.23861 -129.99133 
    -21.76101 -130.45734 
    -21.25567 -130.89232 
    -20.72465 -131.29474 
    -20.17006 -131.66316 
    -19.59402 -131.99620 
    -18.99874 -132.29259 
    -18.38651 -132.55118 
    -17.75965 -132.77087 
    -17.12060 -132.95074 
    -16.47184 -133.08997 
    -15.81593 -133.18788 
    -15.15551 -133.24391 
    -14.49328 -133.25745 
    -13.83209 -133.22731 
    -13.17543 -133.14984 
    -12.53077 -133.00584 
    -11.92117 -132.73572 
    -11.39094 -132.26602 
    -10.86757 -131.87550 
    -10.33906 -131.54614 
    -9.80843 -131.23970 
    -9.26971 -130.94902 
    -8.71417 -130.67226 
    -8.10207 -130.44363 
    -7.39349 -130.27850 
    -6.94867 -129.80286 
    -6.53704 -129.29997 
    -6.15967 -128.77271 
    -5.81798 -128.22351 
    -5.51318 -127.65485 
    -5.24631 -127.06929 
    -5.01821 -126.46944 
    -4.82954 -125.85793 
    -4.68076 -125.23742 
    -4.57208 -124.61057 
    -4.48419 -123.98244 
    -4.40325 -123.35281 
    -4.35754 -122.71799 
    -4.34707 -122.07965 
    -4.37199 -121.43938 
    -4.43254 -120.79881 
    -4.52913 -120.15964 
    -4.66233 -119.52373 
    -4.83289 -118.89317 
    -5.04162 -118.27038 
    -5.28938 -117.65811 
    -5.57695 -117.05952 
    -5.90490 -116.47817 
    -6.27343 -115.91795 
    -6.68232 -115.38302 
    -7.13073 -114.87768 
    -7.61717 -114.40620 
    -8.13943 -113.97268 
    -8.69465 -113.58081 
    -9.27928 -113.23377 
    -9.88930 -112.93404 
    -10.39055 -112.35567 
    -10.68968 -111.01173 
    -11.49995 -111.05976 
    -12.38149 -111.64760 
    -13.08596 -111.57789 
    -13.79597 -111.63458 
    -14.49328 -111.79311 
    -15.16640 -112.01897 
    -15.81207 -112.27866 
    -16.43332 -112.54795 
    -17.05116 -112.75571 
    -17.65682 -112.98162 
    -18.24600 -113.23970 
    -18.81745 -113.52866 
    -19.36993 -113.84740 
    -19.90215 -114.19498 
    -20.41276 -114.57053 
    -20.92407 -114.94450 
    -21.43653 -115.32418 
    -21.92653 -115.73771 
    -22.39130 -116.18418 
    -22.82812 -116.66238 
    -23.23425 -117.17081 
    -23.60707 -117.70764 
    -23.94409 -118.27078 
    -24.24297 -118.85782 
    -24.50160 -119.46609 
    -24.71799 -120.09274 
    -24.72266 -120.76663 
    -24.60403 -121.44071 
    -24.50003 -122.08842 
Cell 18 100 17.51307 -121.34039 
    7.39530 -121.34039 
    7.41531 -121.97569 
    7.46587 -122.60964 
    7.55672 -123.23966 
    7.68759 -123.86314 
    7.85803 -124.47750 
    8.06743 -125.08018 
    8.31499 -125.66867 
    8.59977 -126.24051 
    8.92065 -126.79330 
    9.27634 -127.32472 
    9.66542 -127.83253 
    10.08629 -128.31459 
    10.53724 -128.76889 
    11.01640 -129.19351 
    11.52180 -129.58667 
    12.05133 -129.94672 
    12.60278 -130.27217 
    13.17385 -130.56169 
    13.76216 -130.81410 
    14.36525 -131.02840 
    14.98059 -131.20375 
    15.60564 -131.33952 
    16.23779 -131.43529 
    16.87446 -131.49081 
    17.51307 -131.50609 
    18.15109 -131.48132 
    18.78604 -131.41698 
    19.41558 -131.31371 
    20.03751 -131.17242 
    20.64981 -130.99426 
    21.25070 -130.78056 
    21.83870 -130.53281 
    22.41262 -130.25262 
    22.97161 -129.94167 
    23.51514 -129.60152 
    24.04299 -129.23369 
    24.55514 -128.83942 
    25.01782 -128.38782 
    25.29648 -127.77937 
    25.54361 -127.17490 
    25.76443 -126.57686 
    25.96862 -125.98886 
    26.16294 -125.41070 
    26.35276 -124.84026 
    26.54172 -124.27397 
    26.73248 -123.70753 
    26.92942 -123.13665 
    27.13542 -122.55597 
    27.35106 -121.95934 
    27.59286 -121.34039 
    27.89583 -120.68716 
    28.28553 -119.97951 
    28.77110 -119.19280 
    29.09695 -118.36615 
    28.87591 -117.64838 
    28.58329 -116.95737 
    28.22375 -116.30032 
    27.80359 -115.68313 
    27.33035 -115.11015 
    26.81227 -114.58413 
    26.25778 -114.10614 
    25.67503 -113.67580 
    25.07147 -113.29150 
    24.45354 -112.95080 
    23.82650 -112.65070 
    23.19437 -112.38809 
    22.58865 -112.10794 
    21.98108 -111.84539 
    21.36065 -111.62252 
    20.73012 -111.43935 
    20.09210 -111.29575 
    19.44908 -111.19150 
    18.80341 -111.12629 
    18.15736 -111.09975 
    17.51307 -111.05164 
    16.86508 -111.04088 
    16.21596 -111.07271 
    15.56879 -111.14809 
    14.92683 -111.26765 
    14.29355 -111.43171 
    13.67247 -111.64014 
    13.06715 -111.89231 
    12.48105 -112.18718 
    11.91749 -112.52316 
    11.37951 -112.89826 
    10.86985 -113.31010 
    10.39085 -113.75598 
    9.94448 -114.23300 
    9.53230 -114.73811 
    9.15549 -115.26825 
    8.81490 -115.82036 
    8.51110 -116.39151 
    8.24442 -116.97889 
    8.01342 -117.57921 
    7.81344 -118.18879 
    7.65221 -118.80855 
    7.52982 -119.43598 
    7.44627 -120.06865 
    7.40148 -120.70422 
Cell 19 100 22.83901 -99.36400 
    11.65231 -99.36400 
    11.70917 -100.06422 
    11.81722 -100.75638 
    11.97456 -101.43650 
    12.17894 -102.10104 
    12.42778 -102.74681 
    12.71830 -103.37107 
    13.04761 -103.97148 
    13.41280 -104.54610 
    13.81102 -105.09334 
    14.23949 -105.61192 
    14.69560 -106.10081 
    15.17691 -106.55920 
    15.68114 -106.98637 
    16.20618 -107.38171 
    16.73997 -107.75861 
    17.26610 -108.14550 
    17.81756 -108.49799 
    18.39203 -108.81432 
    18.98708 -109.09287 
    19.60014 -109.33222 
    20.22854 -109.53112 
    20.86951 -109.68848 
    21.52020 -109.80347 
    22.17769 -109.87543 
    22.83901 -109.90395 
    23.50118 -109.88879 
    24.16117 -109.82996 
    24.81600 -109.72771 
    25.46267 -109.58247 
    26.09826 -109.39491 
    26.71987 -109.16592 
    27.32471 -108.89659 
    27.91007 -108.58823 
    28.47336 -108.24230 
    29.01209 -107.86051 
    29.52396 -107.44471 
    30.00681 -106.99693 
    30.45866 -106.51933 
    30.87776 -106.01423 
    31.26258 -105.48408 
    31.61187 -104.93142 
    31.92465 -104.35887 
    32.20031 -103.76909 
    32.43853 -103.16472 
    32.63942 -102.54834 
    32.80340 -101.92242 
    32.93128 -101.28920 
    33.02411 -100.65067 
    33.08312 -100.00851 
    33.10959 -99.36400 
    33.10461 -98.71814 
    33.06897 -98.07166 
    33.00286 -97.42514 
    32.90579 -96.77929 
    32.77647 -96.13512 
    32.61282 -95.49428 
    32.41208 -94.85925 
    32.17112 -94.23363 
    31.88682 -93.62209 
    31.61989 -92.98431 
    31.36179 -92.31335 
    31.06786 -91.63660 
    30.73013 -90.96082 
    30.34054 -90.29621 
    29.89215 -89.65619 
    29.38025 -89.05666 
    28.80343 -88.51476 
    28.16423 -88.04733 
    27.46933 -87.66916 
    26.72915 -87.39138 
    25.95699 -87.22027 
    25.16771 -87.15652 
    24.37628 -87.19531 
    23.59632 -87.32695 
    22.83901 -87.53815 
    22.11232 -87.81358 
    21.42078 -88.13753 
    20.76573 -88.49545 
    20.14592 -88.87510 
    19.55838 -89.26723 
    18.99702 -89.66022 
    18.36863 -89.86395 
    17.74931 -90.10586 
    17.14163 -90.38636 
    16.54843 -90.70575 
    15.97278 -91.06415 
    15.41800 -91.46142 
    14.88762 -91.89714 
    14.38530 -92.37048 
    13.91479 -92.88017 
    13.47984 -93.42449 
    13.08408 -94.00118 
    12.73093 -94.60750 
    12.42350 -95.24020 
    12.16450 -95.89564 
    11.95612 -96.56975 
    11.80001 -97.25819 
    11.69719 -97.95646 
    11.64804 -98.65992 
Cell 20 100 68.82067 -98.51220 
    58.73192 -98.51220 
    58.74715 -99.14597 
    58.80236 -99.77781 
    58.89740 -100.40517 
    59.03196 -101.02551 
    59.20559 -101.63633 
    59.41763 -102.23512 
    59.66728 -102.81946 
    59.95356 -103.38693 
    60.27535 -103.93523 
    60.63136 -104.46208 
    61.02016 -104.96535 
    61.44017 -105.44295 
    61.88966 -105.89297 
    62.36684 -106.31354 
    62.86975 -106.70294 
    63.39632 -107.05960 
    63.94441 -107.38208 
    64.51176 -107.66909 
    65.09606 -107.91948 
    65.69492 -108.13229 
    66.30587 -108.30669 
    66.92645 -108.44205 
    67.55413 -108.53788 
    68.18639 -108.59388 
    68.82067 -108.60991 
    69.45446 -108.58601 
    70.08525 -108.52240 
    70.71058 -108.41944 
    71.32802 -108.27767 
    71.93521 -108.09778 
    72.52988 -107.88061 
    73.10983 -107.62714 
    73.67295 -107.33846 
    74.21722 -107.01580 
    74.74075 -106.66048 
    75.24174 -106.27393 
    75.71848 -105.85763 
    76.16941 -105.41312 
    76.59303 -104.94205 
    76.98794 -104.44606 
    77.35281 -103.92686 
    77.68642 -103.38618 
    77.98758 -102.82582 
    78.25515 -102.24757 
    78.49222 -101.65468 
    78.76653 -101.06586 
    79.04349 -100.46230 
    79.32407 -99.83909 
    79.60014 -99.19038 
    79.85246 -98.51220 
    80.05197 -97.80559 
    80.16516 -97.07906 
    80.16236 -96.34866 
    80.02626 -95.63509 
    79.75735 -94.95866 
    79.37395 -94.33386 
    78.90689 -93.76598 
    78.45993 -93.21297 
    78.31478 -92.48705 
    78.12503 -91.75219 
    77.87678 -91.02033 
    77.55698 -90.30826 
    77.15576 -89.63623 
    76.66848 -89.02583 
    76.09708 -88.49708 
    75.45026 -88.06563 
    74.74248 -87.74047 
    73.99195 -87.52267 
    73.21811 -87.40554 
    72.43902 -87.37608 
    71.66936 -87.41727 
    70.91927 -87.51095 
    70.19685 -87.61864 
    69.50512 -87.63324 
    68.82067 -87.69408 
    68.14661 -87.79832 
    67.48548 -87.94309 
    66.83932 -88.12564 
    66.20978 -88.34343 
    65.59813 -88.59423 
    65.00547 -88.87611 
    64.43277 -89.18744 
    63.88095 -89.52688 
    63.35095 -89.89330 
    62.84380 -90.28575 
    62.36062 -90.70334 
    61.90261 -91.14521 
    61.47108 -91.61047 
    61.06741 -92.09814 
    60.68875 -92.60401 
    60.33284 -93.12566 
    60.00951 -93.66823 
    59.72013 -94.22981 
    59.46591 -94.80839 
    59.24798 -95.40185 
    59.06731 -96.00797 
    58.92476 -96.62445 
    58.82101 -97.24895 
    58.75661 -97.87902 
Cell 21 100 64.28712 -125.80771 
    54.28042 -125.80771 
    54.30124 -126.43597 
    54.36148 -127.06161 
    54.46089 -127.68216 
    54.59907 -128.29518 
    54.77545 -128.89824 
    54.98474 -129.49078 
    55.18675 -130.09001 
    55.41557 -130.68488 
    55.68280 -131.26817 
    55.98838 -131.83710 
    56.33200 -132.38875 
    56.71300 -132.92027 
    57.13038 -133.42886 
    57.58295 -133.91165 
    58.06922 -134.36591 
    58.58737 -134.78906 
    59.13546 -135.17854 
    59.71121 -135.53200 
    60.31219 -135.84724 
    60.93574 -136.12219 
    61.57914 -136.35457 
    62.23935 -136.54245 
    62.91296 -136.68530 
    63.59667 -136.78206 
    64.28712 -136.83200 
    64.98091 -136.83521 
    65.67469 -136.79150 
    66.36511 -136.70096 
    67.04873 -136.56346 
    67.72141 -136.37740 
    68.37988 -136.14485 
    69.02081 -135.86731 
    69.63327 -135.53232 
    70.19331 -135.11438 
    70.66611 -134.58763 
    71.02013 -133.94652 
    71.22267 -133.19333 
    71.45599 -132.53972 
    71.71519 -131.95276 
    71.94003 -131.36787 
    72.12860 -130.78406 
    72.30116 -130.21347 
    72.46999 -129.65826 
    72.64236 -129.11578 
    72.82316 -128.58124 
    73.01572 -128.04883 
    73.22166 -127.51206 
    73.43678 -126.96358 
    73.65232 -126.39692 
    73.87629 -125.80771 
    74.14165 -125.18771 
    74.41618 -124.52811 
    74.51854 -123.85596 
    74.40411 -123.21011 
    74.24624 -122.57179 
    74.04481 -121.94437 
    73.80004 -121.33127 
    73.51256 -120.73598 
    73.18343 -120.16194 
    72.81413 -119.61247 
    72.40658 -119.09071 
    71.96308 -118.59949 
    71.48628 -118.14137 
    70.97909 -117.71851 
    70.44462 -117.33264 
    69.92038 -116.93111 
    69.44058 -116.43359 
    68.93181 -115.93724 
    68.38628 -115.45442 
    67.79737 -115.00426 
    67.16198 -114.61086 
    66.48238 -114.29973 
    65.76700 -114.09324 
    65.02961 -114.00609 
    64.28712 -114.04221 
    63.55644 -114.19396 
    62.85152 -114.44383 
    62.18122 -114.76823 
    61.54865 -115.14209 
    60.95198 -115.54323 
    60.38625 -115.95525 
    59.84544 -116.36867 
    59.32433 -116.78044 
    58.81960 -117.19229 
    58.33018 -117.60870 
    57.85698 -118.03501 
    57.40229 -118.47610 
    56.96909 -118.93563 
    56.56057 -119.41576 
    56.17967 -119.91730 
    55.82896 -120.44000 
    55.51059 -120.98277 
    55.22631 -121.54402 
    54.97755 -122.12179 
    54.76543 -122.71393 
    54.59090 -123.31815 
    54.45466 -123.93207 
    54.35727 -124.55328 
    54.29912 -125.17932 
Cell 22 100 72.03367 -73.95822 
    59.90034 -73.95822 
    59.91987 -74.72036 
    60.01361 -75.47671 
    60.17893 -76.21964 
    60.41161 -76.94226 
    60.70622 -77.63873 
    61.05642 -78.30442 
    61.45539 -78.93598 
    61.89626 -79.53131 
    62.37240 -80.08945 
    62.87778 -80.61037 
    63.40712 -81.09473 
    63.95604 -81.54362 
    64.52107 -81.95833 
    65.09960 -82.34007 
    65.68977 -82.68986 
    66.29028 -83.00836 
    66.90026 -83.29585 
    67.51910 -83.55216 
    68.14623 -83.77676 
    68.78103 -83.96881 
    69.42271 -84.12722 
    70.07026 -84.25079 
    70.72236 -84.33829 
    71.37745 -84.38855 
    72.03367 -84.40696 
    72.69009 -84.39167 
    73.34437 -84.33346 
    73.99360 -84.23255 
    74.63490 -84.08937 
    75.26543 -83.90456 
    75.88238 -83.67896 
    76.48302 -83.41359 
    77.06473 -83.10969 
    77.62494 -82.76865 
    78.16123 -82.39209 
    78.67130 -81.98174 
    79.15299 -81.53954 
    79.60430 -81.06752 
    80.02343 -80.56793 
    80.40884 -80.04314 
    80.75935 -79.49570 
    81.07435 -78.92838 
    81.35418 -78.34412 
    81.60059 -77.74603 
    81.81738 -77.13715 
    82.01104 -76.51997 
    82.19099 -75.89584 
    82.36899 -75.26388 
    82.55730 -74.62032 
    82.76526 -73.95822 
    82.99475 -73.26861 
    83.23578 -72.54307 
    83.46391 -71.77779 
    83.64156 -70.97782 
    83.72378 -70.15987 
    83.66805 -69.35184 
    83.44499 -68.58846 
    83.04671 -67.90376 
    82.48945 -67.32278 
    81.80970 -66.85552 
    81.05500 -66.49512 
    80.54822 -65.96253 
    80.13638 -65.32971 
    79.67712 -64.71887 
    79.17012 -64.13573 
    78.61582 -63.58641 
    78.01554 -63.07723 
    77.37159 -62.61456 
    76.68727 -62.20457 
    75.96690 -61.85297 
    75.21574 -61.56485 
    74.43988 -61.34440 
    73.64606 -61.19478 
    72.84151 -61.11796 
    72.03367 -61.11465 
    71.23000 -61.18429 
    70.43773 -61.32504 
    69.66361 -61.53394 
    68.91376 -61.80701 
    68.19351 -62.13945 
    67.50727 -62.52584 
    66.85849 -62.96041 
    66.24968 -63.43719 
    65.68243 -63.95028 
    65.15752 -64.49401 
    64.67500 -65.06312 
    64.23439 -65.65284 
    63.83478 -66.25895 
    63.47499 -66.87787 
    63.15372 -67.50657 
    62.67020 -68.01598 
    62.16795 -68.53450 
    61.69788 -69.09457 
    61.26730 -69.69551 
    60.88375 -70.33540 
    60.55461 -71.01090 
    60.28663 -71.71735 
    60.08559 -72.44883 
    59.95591 -73.19836 
Cell 23 100 88.70018 -113.17861 
    77.15685 -113.17861 
    77.32513 -113.89427 
    77.54260 -114.58814 
    77.80202 -115.25755 
    78.09669 -115.90112 
    78.42085 -116.51856 
    78.76983 -117.11031 
    79.14014 -117.67722 
    79.52948 -118.22025 
    79.93651 -118.74020 
    80.36071 -119.23759 
    80.80212 -119.71246 
    81.26129 -120.16419 
    81.78115 -120.54664 
    82.44831 -120.73582 
    83.04921 -120.95650 
    83.64371 -121.14633 
    84.22781 -121.31382 
    84.79991 -121.46709 
    85.36096 -121.61252 
    85.91368 -121.75456 
    86.46189 -121.89615 
    87.00998 -122.03896 
    87.56259 -122.18353 
    88.12447 -122.32915 
    88.70018 -122.47202 
    89.29327 -122.60556 
    89.90584 -122.72236 
    90.55197 -122.88603 
    91.27016 -123.18803 
    92.06660 -123.53938 
    92.71658 -123.32290 
    93.35116 -123.06245 
    93.96714 -122.75917 
    94.56144 -122.41448 
    95.13110 -122.03001 
    95.67330 -121.60767 
    96.18536 -121.14951 
    96.66479 -120.65788 
    97.10930 -120.13524 
    97.51679 -119.58426 
    97.88541 -119.00774 
    98.21352 -118.40862 
    98.49975 -117.78994 
    98.74296 -117.15483 
    98.94228 -116.50647 
    99.09713 -115.84810 
    99.20715 -115.18292 
    99.27229 -114.51418 
    99.29276 -113.84504 
    99.26902 -113.17861 
    99.20183 -112.51791 
    99.09217 -111.86580 
    98.94130 -111.22501 
    98.75069 -110.59808 
    98.52206 -109.98729 
    98.25728 -109.39469 
    97.95843 -108.82201 
    97.62769 -108.27067 
    97.26731 -107.74174 
    96.87955 -107.23595 
    96.46662 -106.75365 
    96.03059 -106.29490 
    95.57333 -105.85946 
    95.09641 -105.44691 
    94.60110 -105.05669 
    94.08826 -104.68835 
    93.55841 -104.34152 
    93.01167 -104.01623 
    92.44790 -103.71295 
    91.86678 -103.43281 
    91.26801 -103.17759 
    90.65141 -102.94993 
    90.01723 -102.75313 
    89.36628 -102.59122 
    88.70018 -102.46870 
    88.02144 -102.39031 
    87.33357 -102.36083 
    86.64112 -102.38464 
    85.94949 -102.46541 
    85.26488 -102.60585 
    84.59393 -102.80740 
    83.94346 -103.07007 
    83.32013 -103.39234 
    82.73006 -103.77120 
    82.17854 -104.20235 
    81.59102 -104.58511 
    80.95486 -104.93068 
    80.33811 -105.32610 
    79.74902 -105.77357 
    79.19654 -106.27381 
    78.68991 -106.82590 
    78.23801 -107.42699 
    77.84882 -108.07235 
    77.52879 -108.75555 
    77.28245 -109.46877 
    77.11209 -110.20329 
    77.01762 -110.95004 
    76.99673 -111.70012 
    77.04509 -112.44534 
Cell 24 100 -93.98684 -101.55944 
    -104.16924 -101.55944 
    -104.15688 -102.19929 
    -104.10367 -102.83749 
    -104.00971 -103.47141 
    -103.87536 -104.09838 
    -103.70112 -104.71580 
    -103.48768 -105.32109 
    -103.23593 -105.91173 
    -102.94691 -106.48528 
    -102.62185 -107.03938 
    -102.26212 -107.57178 
    -101.86923 -108.08032 
    -101.44488 -108.56300 
    -100.99084 -109.01795 
    -100.50906 -109.44344 
    -100.00152 -109.83794 
    -99.47034 -110.20005 
    -98.91766 -110.52857 
    -98.34570 -110.82249 
    -97.75668 -111.08096 
    -97.15282 -111.30332 
    -96.53634 -111.48909 
    -95.90941 -111.63792 
    -95.27415 -111.74960 
    -94.63264 -111.82408 
    -93.98684 -111.86137 
    -93.33868 -111.86157 
    -92.69002 -111.82482 
    -92.04265 -111.75127 
    -91.39832 -111.64108 
    -90.75878 -111.49438 
    -90.12581 -111.31129 
    -89.50122 -111.09187 
    -88.88692 -110.83615 
    -88.28497 -110.54414 
    -87.69756 -110.21589 
    -87.12708 -109.85146 
    -86.57613 -109.45105 
    -86.04752 -109.01497 
    -85.54462 -108.54345 
    -85.11286 -108.00676 
    -84.93919 -107.30125 
    -84.80369 -106.60792 
    -84.71396 -105.92293 
    -84.62270 -105.26697 
    -84.52346 -104.63428 
    -84.41496 -104.01708 
    -84.28605 -103.40997 
    -84.09878 -102.80859 
    -83.82809 -102.19857 
    -83.46725 -101.55944 
    -83.02061 -100.86951 
    -82.56537 -100.11658 
    -82.25893 -99.32222 
    -82.26945 -98.55093 
    -82.83629 -97.93641 
    -83.48022 -97.39957 
    -83.91730 -96.82108 
    -83.79465 -95.95623 
    -83.57090 -94.94928 
    -85.15820 -95.14507 
    -85.63795 -94.65263 
    -86.14489 -94.19536 
    -86.67569 -93.77386 
    -87.22723 -93.38848 
    -87.79659 -93.03929 
    -88.38111 -92.72622 
    -88.97837 -92.44907 
    -89.58619 -92.20758 
    -90.20258 -92.00149 
    -90.82574 -91.83057 
    -91.45399 -91.69463 
    -92.08575 -91.59357 
    -92.71760 -91.51235 
    -93.34637 -91.37951 
    -93.98684 -91.25500 
    -94.64253 -91.13745 
    -95.31680 -91.03177 
    -96.01055 -90.95076 
    -96.71999 -90.91454 
    -97.43494 -90.94727 
    -98.13927 -91.07161 
    -98.81335 -91.30260 
    -99.43840 -91.64310 
    -100.00103 -92.08260 
    -100.49637 -92.59985 
    -100.92854 -93.16836 
    -101.30847 -93.76270 
    -101.64990 -94.36335 
    -101.96542 -94.95898 
    -102.26360 -95.54603 
    -102.54798 -96.12638 
    -102.83900 -96.69292 
    -103.13743 -97.25350 
    -103.40015 -97.83245 
    -103.62595 -98.42751 
    -103.81375 -99.03632 
    -103.96264 -99.65646 
    -104.07188 -100.28540 
    -104.14088 -100.92060 
