89 25 
Cell 0 100 -121.73074 -145.83090 
    -131.73083 -145.83090 
    -131.71109 -146.45882 
    -131.65196 -147.08424 
    -131.55367 -147.70473 
    -131.41661 -148.31781 
    -131.24133 -148.92108 
    -131.03003 -149.51276 
    -130.78986 -150.09380 
    -130.52180 -150.66382 
    -130.21916 -151.21780 
    -129.88139 -151.75270 
    -129.50964 -152.26617 
    -129.10526 -152.75603 
    -128.66965 -153.22009 
    -128.20448 -153.65631 
    -127.71150 -154.06271 
    -127.19262 -154.43744 
    -126.64988 -154.77876 
    -126.08544 -155.08511 
    -125.50159 -155.35497 
    -124.90072 -155.58707 
    -124.28530 -155.78026 
    -123.65793 -155.93358 
    -123.02124 -156.04620 
    -122.37792 -156.11755 
    -121.73074 -156.14720 
    -121.08247 -156.13489 
    -120.43591 -156.08060 
    -119.79385 -155.98448 
    -119.15908 -155.84688 
    -118.53436 -155.66838 
    -117.92240 -155.44968 
    -117.32587 -155.19174 
    -116.74734 -154.89568 
    -116.18933 -154.56276 
    -115.65424 -154.19449 
    -115.14436 -153.79248 
    -114.66185 -153.35851 
    -114.20876 -152.89452 
    -113.78698 -152.40256 
    -113.39825 -151.88481 
    -113.04413 -151.34360 
    -112.72604 -150.78128 
    -112.44524 -150.20033 
    -112.20273 -149.60332 
    -111.97138 -149.00191 
    -111.77228 -148.38780 
    -111.60722 -147.76207 
    -111.47633 -147.12633 
    -111.37970 -146.48213 
    -111.40531 -145.83090 
    -111.82983 -145.20799 
    -112.16846 -144.62291 
    -112.45421 -144.06131 
    -112.70762 -143.51414 
    -112.94280 -142.97552 
    -113.17033 -142.44160 
    -113.39838 -141.90999 
    -113.62918 -141.37703 
    -113.87238 -140.84383 
    -114.13223 -140.31026 
    -114.40707 -139.77223 
    -114.69746 -139.22621 
    -115.02567 -138.69072 
    -115.39471 -138.17195 
    -115.78436 -137.64641 
    -116.14037 -137.02190 
    -116.31384 -135.97758 
    -116.86716 -135.49529 
    -117.63662 -135.49031 
    -118.35983 -135.45628 
    -119.04517 -135.37126 
    -119.71596 -135.26906 
    -120.38136 -135.14943 
    -121.04897 -134.99448 
    -121.73074 -134.73972 
    -122.44662 -134.45229 
    -123.21130 -134.11107 
    -124.01116 -133.87651 
    -124.71806 -134.19606 
    -125.39255 -134.56104 
    -125.98505 -135.08577 
    -126.47904 -135.74025 
    -126.92093 -136.38998 
    -127.43319 -136.84529 
    -127.93162 -137.29613 
    -128.52440 -137.61879 
    -129.31801 -137.75130 
    -129.31694 -138.70699 
    -129.62456 -139.30057 
    -129.97256 -139.84288 
    -130.29022 -140.39890 
    -130.57721 -140.96751 
    -130.83308 -141.54767 
    -131.05724 -142.13829 
    -131.24896 -142.73825 
    -131.41672 -143.34396 
    -131.55374 -143.95706 
    -131.65201 -144.57756 
    -131.71112 -145.20299 
Cell 1 100 -104.59965 -138.49812 
    -115.16268 -138.49812 
    -114.75222 -139.13687 
    -114.42458 -139.73929 
    -114.12943 -140.31602 
    -113.85803 -140.87527 
    -113.60831 -141.42522 
    -113.37206 -141.97136 
    -113.13853 -142.51622 
    -112.90432 -143.06364 
    -112.66129 -143.61420 
    -112.40091 -144.16606 
    -112.11497 -144.71533 
    -111.79670 -145.25661 
    -111.43907 -145.78137 
    -110.98870 -146.22116 
    -110.49278 -146.60933 
    -109.97343 -146.96584 
    -109.43249 -147.28903 
    -108.87212 -147.57758 
    -108.29453 -147.83032 
    -107.70201 -148.04620 
    -107.09692 -148.22437 
    -106.48167 -148.36403 
    -105.85871 -148.46466 
    -105.23054 -148.52579 
    -104.59965 -148.54718 
    -103.96857 -148.52873 
    -103.33984 -148.47047 
    -102.71598 -148.37265 
    -102.09948 -148.23564 
    -101.49281 -148.05998 
    -100.89841 -147.84636 
    -100.31868 -147.59564 
    -99.75592 -147.30884 
    -99.21239 -146.98708 
    -98.69028 -146.63165 
    -98.19168 -146.24402 
    -97.71857 -145.82571 
    -97.27286 -145.37843 
    -96.85630 -144.90398 
    -96.46941 -144.40508 
    -96.10578 -143.88849 
    -95.77119 -143.35161 
    -95.65276 -142.70821 
    -95.62076 -142.05312 
    -95.56565 -141.43346 
    -95.51927 -140.82957 
    -95.48505 -140.23683 
    -95.46457 -139.65215 
    -95.45747 -139.07330 
    -95.46716 -138.49812 
    -95.49175 -137.92511 
    -95.48292 -137.34641 
    -95.48349 -136.75912 
    -95.49529 -136.16051 
    -95.51252 -135.54553 
    -95.53725 -134.91006 
    -95.56414 -134.24634 
    -95.57796 -133.53841 
    -95.53923 -132.74821 
    -95.59109 -131.95302 
    -96.04562 -131.42162 
    -96.54705 -130.93623 
    -97.08817 -130.49921 
    -97.66130 -130.11110 
    -98.25893 -129.77087 
    -98.87421 -129.47629 
    -99.50134 -129.22432 
    -100.13568 -129.01170 
    -100.77389 -128.83536 
    -101.41366 -128.69264 
    -102.00893 -128.40794 
    -102.62138 -128.12764 
    -103.26044 -127.89719 
    -103.92294 -127.74213 
    -104.59965 -127.68340 
    -105.27711 -127.73014 
    -105.94147 -127.87648 
    -106.56852 -128.17694 
    -107.17449 -128.46979 
    -107.75855 -128.77602 
    -108.34055 -129.04970 
    -108.89780 -129.36409 
    -109.35931 -129.84032 
    -109.82576 -130.26309 
    -110.29697 -130.65643 
    -110.77234 -131.03662 
    -111.25087 -131.41530 
    -111.73119 -131.80116 
    -112.21255 -132.20018 
    -112.69602 -132.61577 
    -113.17818 -133.05403 
    -113.66142 -133.51639 
    -114.15401 -134.00218 
    -114.67634 -134.50848 
    -115.29089 -135.02434 
    -116.02452 -135.56471 
    -116.26479 -136.27287 
    -116.12914 -137.04161 
    -115.66924 -137.80168 
Cell 2 100 -85.43497 -140.16855 
    -95.48266 -140.16855 
    -95.51773 -140.80290 
    -95.56699 -141.44853 
    -95.62364 -142.11214 
    -95.66895 -142.79619 
    -95.47449 -143.43059 
    -95.14941 -144.01476 
    -94.80657 -144.57849 
    -94.44563 -145.12219 
    -94.06583 -145.64584 
    -93.66627 -146.14893 
    -93.24651 -146.63081 
    -92.84967 -147.13141 
    -92.42287 -147.60989 
    -91.96461 -148.06152 
    -91.47655 -148.48405 
    -90.96053 -148.87543 
    -90.41853 -149.23361 
    -89.85273 -149.55675 
    -89.26541 -149.84312 
    -88.65903 -150.09119 
    -88.03616 -150.29950 
    -87.39950 -150.46692 
    -86.75182 -150.59239 
    -86.09599 -150.67509 
    -85.43497 -150.71446 
    -84.77176 -150.71007 
    -84.10937 -150.66179 
    -83.45085 -150.56967 
    -82.79926 -150.43399 
    -82.15759 -150.25531 
    -81.52884 -150.03433 
    -80.91591 -149.77205 
    -80.32166 -149.46964 
    -79.74883 -149.12848 
    -79.20006 -148.75017 
    -78.67784 -148.33652 
    -78.18454 -147.88948 
    -77.72237 -147.41116 
    -77.29335 -146.90388 
    -76.89934 -146.37006 
    -76.54198 -145.81221 
    -76.22277 -145.23300 
    -75.94292 -144.63516 
    -75.66241 -144.03778 
    -75.40654 -143.42699 
    -75.18531 -142.80022 
    -75.00074 -142.15898 
    -74.85522 -141.50508 
    -74.75148 -140.84070 
    -74.69238 -140.16855 
    -74.68078 -139.49196 
    -74.71921 -138.81483 
    -74.80967 -138.14166 
    -74.95337 -137.47733 
    -75.15055 -136.82693 
    -75.40034 -136.19556 
    -75.70075 -135.58797 
    -76.04878 -135.00844 
    -76.44054 -134.46051 
    -76.87154 -133.94684 
    -77.33691 -133.46924 
    -77.83174 -133.02864 
    -78.35132 -132.62521 
    -78.89132 -132.25862 
    -79.44794 -131.92810 
    -80.01799 -131.63275 
    -80.59883 -131.37163 
    -81.15315 -131.06921 
    -81.72137 -130.78906 
    -82.30486 -130.53503 
    -82.90273 -130.30611 
    -83.51452 -130.10117 
    -84.14019 -129.91930 
    -84.78012 -129.75995 
    -85.43497 -129.62314 
    -86.10800 -129.47115 
    -86.80566 -129.31850 
    -87.51688 -129.25485 
    -88.22430 -129.30486 
    -88.96571 -129.30205 
    -89.72945 -129.32196 
    -90.48431 -129.43817 
    -91.21478 -129.65514 
    -91.96733 -129.87520 
    -92.70507 -130.16212 
    -93.41765 -130.51915 
    -94.09406 -130.94756 
    -94.72332 -131.44621 
    -95.29506 -132.01158 
    -95.54298 -132.82466 
    -95.57414 -133.73404 
    -95.54949 -134.60805 
    -95.51724 -135.42419 
    -95.49479 -136.18558 
    -95.48335 -136.90364 
    -95.48660 -137.58772 
    -95.47768 -138.25281 
    -95.46036 -138.90205 
    -95.46317 -139.53763 
Cell 3 100 -57.21270 -155.70432 
    -67.34582 -155.70432 
    -67.30088 -156.33900 
    -67.21896 -156.96840 
    -67.10070 -157.59055 
    -66.94671 -158.20358 
    -66.75749 -158.80560 
    -66.53357 -159.39471 
    -66.27548 -159.96893 
    -65.98387 -160.52631 
    -65.65949 -161.06482 
    -65.30324 -161.58244 
    -64.91783 -162.07855 
    -64.50238 -162.54979 
    -64.05817 -162.99400 
    -63.58694 -163.40945 
    -63.09055 -163.79448 
    -62.57096 -164.14760 
    -62.03024 -164.46738 
    -61.47049 -164.75258 
    -60.89394 -165.00208 
    -60.30287 -165.21487 
    -59.69960 -165.39015 
    -59.08651 -165.52719 
    -58.46603 -165.62546 
    -57.84060 -165.68459 
    -57.21270 -165.70432 
    -56.58477 -165.68484 
    -55.95909 -165.62766 
    -55.33804 -165.53160 
    -54.72399 -165.39720 
    -54.11919 -165.22514 
    -53.52581 -165.01633 
    -52.94584 -164.77185 
    -52.38109 -164.49298 
    -51.83316 -164.18111 
    -51.30337 -163.83780 
    -50.79280 -163.46463 
    -50.30225 -163.06319 
    -49.83229 -162.63498 
    -49.38334 -162.18132 
    -48.95576 -161.70332 
    -48.55000 -161.20183 
    -48.16680 -160.67734 
    -47.80730 -160.13016 
    -47.47332 -159.56041 
    -47.16737 -158.96823 
    -46.89283 -158.35400 
    -46.65380 -157.71854 
    -46.45507 -157.06332 
    -46.30178 -156.39078 
    -46.19910 -155.70432 
    -46.15185 -155.00842 
    -46.16400 -154.30853 
    -46.23832 -153.61084 
    -46.37609 -152.92195 
    -46.57685 -152.24852 
    -46.83847 -151.59688 
    -47.15723 -150.97256 
    -47.52810 -150.38016 
    -47.94519 -149.82298 
    -48.40213 -149.30307 
    -48.89256 -148.82130 
    -49.41059 -148.37766 
    -49.94256 -147.96240 
    -50.58812 -147.69658 
    -51.23655 -147.47885 
    -51.91463 -147.35591 
    -52.55253 -147.22751 
    -53.16103 -147.09407 
    -53.75005 -146.95866 
    -54.32766 -146.82507 
    -54.89966 -146.69563 
    -55.47041 -146.57092 
    -56.04269 -146.44276 
    -56.62231 -146.32037 
    -57.21270 -146.19556 
    -57.81944 -146.06046 
    -58.45518 -145.86906 
    -59.10598 -145.77939 
    -59.73109 -145.89580 
    -60.34996 -146.04881 
    -60.96598 -146.22461 
    -61.56320 -146.45903 
    -62.14404 -146.73424 
    -62.71254 -147.03795 
    -63.26118 -147.37929 
    -63.78664 -147.75778 
    -64.28551 -148.17253 
    -64.75444 -148.62215 
    -65.19025 -149.10471 
    -65.59010 -149.61777 
    -65.95159 -150.15845 
    -66.27286 -150.72345 
    -66.55262 -151.30928 
    -66.79019 -151.91232 
    -66.98540 -152.52898 
    -67.13857 -153.15579 
    -67.25029 -153.78954 
    -67.32144 -154.42728 
    -67.35297 -155.06635 
Cell 4 100 -52.23188 -137.70645 
    -64.27061 -137.70645 
    -64.11076 -138.45381 
    -63.90121 -139.18063 
    -63.64616 -139.88383 
    -63.34983 -140.56105 
    -63.01630 -141.21053 
    -62.64937 -141.83102 
    -62.25255 -142.42181 
    -61.82895 -142.98248 
    -61.38130 -143.51285 
    -60.91193 -144.01288 
    -60.42283 -144.48259 
    -59.91569 -144.92203 
    -59.39151 -145.33069 
    -58.86083 -145.71947 
    -58.21492 -145.94139 
    -57.56889 -146.11624 
    -56.93149 -146.25500 
    -56.31575 -146.38510 
    -55.71949 -146.51514 
    -55.13587 -146.64403 
    -54.55967 -146.77257 
    -53.98641 -146.90399 
    -53.41057 -147.03670 
    -52.82711 -147.16730 
    -52.23188 -147.29205 
    -51.62144 -147.40907 
    -50.98674 -147.56273 
    -50.30383 -147.81364 
    -49.62220 -147.87047 
    -48.98027 -147.71390 
    -48.34846 -147.51485 
    -47.72976 -147.27394 
    -47.12707 -146.99207 
    -46.54325 -146.67030 
    -45.98109 -146.30992 
    -45.44327 -145.91248 
    -44.93234 -145.47968 
    -44.45074 -145.01343 
    -44.00075 -144.51584 
    -43.58446 -143.98917 
    -43.20379 -143.43585 
    -42.86048 -142.85843 
    -42.55603 -142.25957 
    -42.29173 -141.64203 
    -42.06867 -141.00868 
    -41.88771 -140.36238 
    -41.74947 -139.70609 
    -41.65436 -139.04271 
    -41.60258 -138.37518 
    -41.59414 -137.70645 
    -41.62881 -137.03937 
    -41.70621 -136.37675 
    -41.82580 -135.72139 
    -41.98684 -135.07597 
    -42.18848 -134.44315 
    -42.42970 -133.82550 
    -42.70938 -133.22551 
    -43.02624 -132.64560 
    -43.37962 -132.08864 
    -43.76801 -131.55708 
    -44.18826 -131.05219 
    -44.63795 -130.57529 
    -45.11589 -130.12869 
    -45.62080 -129.71503 
    -46.14860 -129.33354 
    -46.66670 -128.93713 
    -47.19340 -128.54149 
    -47.74498 -128.17130 
    -48.32085 -127.82832 
    -48.92037 -127.51467 
    -49.54990 -127.26084 
    -50.24006 -127.26495 
    -50.91575 -127.28823 
    -51.57986 -127.34287 
    -52.23188 -127.45184 
    -52.86506 -127.64241 
    -53.48298 -127.80297 
    -54.09459 -127.94176 
    -54.70770 -128.06377 
    -55.32338 -128.19180 
    -55.94136 -128.33739 
    -56.56269 -128.50301 
    -57.19110 -128.68565 
    -57.82740 -128.88933 
    -58.47569 -129.11258 
    -59.14581 -129.34895 
    -59.85882 -129.58458 
    -60.67274 -129.77995 
    -61.63425 -129.92813 
    -62.34941 -130.35564 
    -63.00726 -130.86819 
    -63.37741 -131.57915 
    -63.71640 -132.30225 
    -63.98963 -133.05122 
    -64.19655 -133.81889 
    -64.33738 -134.59828 
    -64.41301 -135.38278 
    -64.42525 -136.16608 
    -64.37669 -136.94237 
Cell 5 100 -7.88082 -145.10567 
    -18.28390 -145.10567 
    -18.29843 -145.76109 
    -18.26985 -146.41811 
    -18.19793 -147.07376 
    -18.08264 -147.72505 
    -17.92418 -148.36894 
    -17.72298 -149.00246 
    -17.47969 -149.62254 
    -17.19521 -150.22629 
    -16.87065 -150.81078 
    -16.50734 -151.37320 
    -16.10683 -151.91081 
    -15.67090 -152.42104 
    -15.20150 -152.90140 
    -14.70077 -153.34956 
    -14.17104 -153.76341 
    -13.61478 -154.14095 
    -13.03462 -154.48039 
    -12.43331 -154.78020 
    -11.81371 -155.03902 
    -11.17876 -155.25569 
    -10.53149 -155.42934 
    -9.87495 -155.55928 
    -9.21226 -155.64508 
    -8.54652 -155.68658 
    -7.88082 -155.68381 
    -7.21825 -155.63701 
    -6.56181 -155.54674 
    -5.91446 -155.41367 
    -5.27909 -155.23872 
    -4.65845 -155.02310 
    -4.05520 -154.76808 
    -3.47186 -154.47517 
    -2.91083 -154.14606 
    -2.37431 -153.78253 
    -1.86441 -153.38655 
    -1.38300 -152.96019 
    -0.93182 -152.50560 
    -0.50325 -152.03368 
    -0.06260 -151.57346 
    0.33012 -151.07127 
    0.62369 -150.50279 
    0.85902 -149.91045 
    1.08099 -149.32277 
    1.29171 -148.73734 
    1.48878 -148.15004 
    1.67067 -147.55807 
    1.83658 -146.95937 
    1.98649 -146.35220 
    2.12134 -145.73495 
    2.24363 -145.10567 
    2.35860 -144.46146 
    2.63323 -143.77744 
    3.04208 -143.02200 
    3.61890 -142.15305 
    3.90580 -141.27596 
    3.82691 -140.47025 
    3.60464 -139.70102 
    3.23586 -138.99422 
    2.73156 -138.37085 
    2.11520 -137.84314 
    1.41828 -137.41278 
    0.67480 -137.07141 
    -0.08421 -136.80313 
    -0.83469 -136.58836 
    -1.56150 -136.40787 
    -2.25826 -136.24593 
    -2.91017 -136.06407 
    -3.50146 -135.79904 
    -4.10582 -135.57112 
    -4.72092 -135.38051 
    -5.34451 -135.22739 
    -5.96074 -135.04027 
    -6.58375 -134.83830 
    -7.22315 -134.65227 
    -7.88082 -134.30278 
    -8.57486 -134.07425 
    -9.24484 -134.30836 
    -9.91841 -134.42426 
    -10.58126 -134.58813 
    -11.23776 -134.77408 
    -11.88871 -134.98291 
    -12.53496 -135.21510 
    -13.18020 -135.46614 
    -13.76805 -135.82889 
    -14.26736 -136.31535 
    -14.70652 -136.85481 
    -15.10649 -137.41110 
    -15.47469 -137.97455 
    -15.81735 -138.54001 
    -16.13841 -139.10619 
    -16.43928 -139.67430 
    -16.71913 -140.24677 
    -17.03863 -140.79633 
    -17.33120 -141.36400 
    -17.58784 -141.95168 
    -17.80701 -142.55705 
    -17.98733 -143.17775 
    -18.12759 -143.81120 
    -18.22673 -144.45476 
Cell 6 100 10.49559 -150.87460 
    0.43168 -150.87460 
    0.00531 -151.53459 
    -0.28232 -152.23618 
    -0.36979 -152.94728 
    -0.32342 -153.65245 
    -0.18496 -154.34492 
    0.03149 -155.01764 
    0.29816 -155.67314 
    0.61026 -156.30911 
    0.96627 -156.92209 
    1.36435 -157.50883 
    1.80238 -158.06625 
    2.27804 -158.59138 
    2.78872 -159.08159 
    3.33162 -159.53435 
    3.90379 -159.94743 
    4.50204 -160.31892 
    5.12312 -160.64709 
    5.76361 -160.93057 
    6.42003 -161.16829 
    7.08887 -161.35942 
    7.76656 -161.50346 
    8.44956 -161.60023 
    9.13436 -161.64984 
    9.81749 -161.65263 
    10.49559 -161.60931 
    11.16539 -161.52072 
    11.82375 -161.38811 
    12.46771 -161.21280 
    13.09444 -160.99644 
    13.70132 -160.74084 
    14.28592 -160.44789 
    14.87965 -160.19119 
    15.47656 -159.93497 
    16.06058 -159.64362 
    16.62970 -159.31747 
    17.18184 -158.95689 
    17.71478 -158.56226 
    18.22614 -158.13408 
    18.71340 -157.67296 
    19.17387 -157.17975 
    19.60475 -156.65546 
    20.00313 -156.10143 
    20.36606 -155.51929 
    20.69057 -154.91109 
    20.97381 -154.27919 
    21.21303 -153.62637 
    21.40575 -152.95583 
    21.54981 -152.27107 
    21.64342 -151.57596 
    21.68526 -150.87460 
    21.67453 -150.17128 
    21.61097 -149.47040 
    21.49491 -148.77637 
    21.32721 -148.09352 
    21.10931 -147.42599 
    20.84312 -146.77773 
    20.53100 -146.15230 
    20.17568 -145.55293 
    19.78017 -144.98244 
    19.34768 -144.44319 
    18.88155 -143.93713 
    18.38514 -143.46582 
    17.86178 -143.03041 
    17.31472 -142.63170 
    16.74705 -142.27020 
    16.16171 -141.94623 
    15.56143 -141.65988 
    14.94877 -141.41112 
    14.32610 -141.19983 
    13.69563 -141.02588 
    13.05944 -140.88907 
    12.41947 -140.78925 
    11.80736 -140.49084 
    11.17106 -140.13838 
    10.49559 -139.74591 
    9.77038 -139.34778 
    8.99609 -139.00482 
    8.19070 -138.79196 
    7.38915 -138.77580 
    6.63445 -138.99123 
    5.96356 -139.42801 
    5.39454 -140.03433 
    4.92156 -140.73549 
    4.47653 -141.39009 
    3.91736 -141.82045 
    3.46825 -142.38000 
    3.07498 -142.97246 
    2.73588 -143.58775 
    2.45455 -144.22247 
    2.27941 -144.90521 
    2.15158 -145.57935 
    2.01682 -146.21336 
    1.87184 -146.81657 
    1.71500 -147.39812 
    1.54519 -147.96645 
    1.36149 -148.52937 
    1.16321 -149.09435 
    0.95031 -149.66876 
    0.72031 -150.25960 
Cell 7 100 31.47931 -134.97368 
    21.08449 -134.97368 
    21.06432 -135.62894 
    21.08727 -136.28650 
    21.15368 -136.94341 
    21.26364 -137.59662 
    21.41706 -138.24310 
    21.61358 -138.87979 
    21.85261 -139.50366 
    22.13333 -140.11168 
    22.45468 -140.70088 
    22.81537 -141.26839 
    23.21391 -141.81140 
    23.64856 -142.32724 
    24.11737 -142.81334 
    24.61823 -143.26730 
    25.14880 -143.68687 
    25.70658 -144.07004 
    26.28895 -144.41490 
    26.89313 -144.71980 
    27.51620 -144.98334 
    28.15518 -145.20430 
    28.80698 -145.38171 
    29.46847 -145.51485 
    30.13648 -145.60324 
    30.80782 -145.64665 
    31.47931 -145.64510 
    32.14779 -145.59882 
    32.81014 -145.50832 
    33.46333 -145.37430 
    34.10440 -145.19772 
    34.73048 -144.97977 
    35.33884 -144.72174 
    35.92688 -144.42525 
    36.49213 -144.09196 
    37.03231 -143.72382 
    37.54529 -143.32278 
    38.02913 -142.89105 
    38.48206 -142.43086 
    38.94432 -141.98380 
    39.39737 -141.52406 
    39.82555 -141.03758 
    40.22749 -140.52545 
    40.60178 -139.98880 
    40.94696 -139.42882 
    41.26145 -138.84669 
    41.54361 -138.24377 
    41.79170 -137.62144 
    42.00385 -136.98134 
    42.17816 -136.32526 
    42.31264 -135.65526 
    42.40534 -134.97368 
    42.45433 -134.28319 
    42.45782 -133.58678 
    42.41418 -132.88774 
    42.32209 -132.18973 
    42.18053 -131.49664 
    41.98891 -130.81264 
    41.74709 -130.14203 
    41.45549 -129.48923 
    41.11503 -128.85866 
    40.72725 -128.25465 
    40.29421 -127.68136 
    39.81852 -127.14263 
    39.30328 -126.64199 
    38.75201 -126.18250 
    38.24265 -125.66474 
    37.68579 -125.19382 
    37.07511 -124.79494 
    36.41917 -124.47594 
    35.72868 -124.24097 
    35.01555 -124.09024 
    34.29173 -124.02000 
    33.56822 -124.02322 
    32.85418 -124.09044 
    32.15995 -124.15524 
    31.47931 -123.98612 
    30.77923 -123.84628 
    30.06158 -123.75120 
    29.33054 -123.70943 
    28.59229 -123.72950 
    27.85491 -123.81893 
    27.12795 -123.98341 
    26.42187 -124.22607 
    25.81475 -124.66989 
    25.31406 -125.25881 
    24.86274 -125.86677 
    24.46684 -126.49707 
    24.13731 -127.15524 
    23.84017 -127.80005 
    23.56030 -128.42250 
    23.29787 -129.02951 
    23.05074 -129.62474 
    22.81525 -130.21057 
    22.58622 -130.78891 
    22.35637 -131.36165 
    22.12164 -131.93318 
    21.87368 -132.50737 
    21.60110 -133.08931 
    21.26028 -133.68272 
    21.14722 -134.32364 
Cell 8 100 46.18293 -149.79625 
    36.15117 -149.79625 
    36.17324 -150.42601 
    36.22638 -151.05406 
    36.31714 -151.67825 
    36.44696 -152.29602 
    36.61563 -152.90485 
    36.82259 -153.50227 
    37.06709 -154.08583 
    37.34821 -154.65318 
    37.66490 -155.20195 
    38.01593 -155.72992 
    38.39997 -156.23486 
    38.81550 -156.71472 
    39.26088 -157.16748 
    39.73433 -157.59126 
    40.23396 -157.98430 
    40.75777 -158.34492 
    41.30363 -158.67166 
    41.86933 -158.96310 
    42.45257 -159.21805 
    43.05097 -159.43542 
    43.66208 -159.61432 
    44.28339 -159.75397 
    44.91236 -159.85381 
    45.54641 -159.91342 
    46.18293 -159.93256 
    46.81931 -159.91116 
    47.45293 -159.84935 
    48.08121 -159.74738 
    48.70156 -159.60567 
    49.31146 -159.42488 
    49.90842 -159.20576 
    50.49002 -158.94928 
    51.05390 -158.65651 
    51.59778 -158.32869 
    52.11948 -157.96721 
    52.61693 -157.57362 
    53.08813 -157.14955 
    53.53124 -156.69678 
    53.94452 -156.21719 
    54.32636 -155.71280 
    54.67530 -155.18567 
    54.98999 -154.63797 
    55.26928 -154.07196 
    55.51210 -153.48993 
    55.71761 -152.89426 
    55.88506 -152.28734 
    56.01387 -151.67160 
    56.10413 -151.04959 
    56.16437 -150.42422 
    56.18522 -149.79625 
    56.16659 -149.16814 
    56.10853 -148.54236 
    56.01127 -147.92139 
    55.87518 -147.30771 
    55.70077 -146.70372 
    55.48874 -146.11182 
    55.23990 -145.53436 
    54.95523 -144.97363 
    54.63807 -144.43045 
    54.29163 -143.90494 
    53.91666 -143.39835 
    53.51552 -142.91049 
    53.09031 -142.44063 
    52.64255 -141.98792 
    52.17275 -141.55196 
    51.68033 -141.13373 
    51.16370 -140.73627 
    50.62080 -140.36530 
    50.15086 -139.77440 
    49.65692 -139.10442 
    48.95450 -139.00168 
    48.17939 -139.33041 
    47.51797 -139.22830 
    46.84980 -139.19666 
    46.18293 -139.05466 
    45.50534 -139.02632 
    44.85212 -139.26183 
    44.24335 -139.62860 
    43.63468 -139.87149 
    43.03724 -140.11482 
    42.45550 -140.38184 
    41.88929 -140.67180 
    41.33912 -140.98538 
    40.80627 -141.32399 
    40.29259 -141.68890 
    39.80031 -142.08099 
    39.32975 -142.49835 
    38.88569 -142.94368 
    38.47053 -143.41600 
    38.08591 -143.91342 
    37.73335 -144.43399 
    37.41423 -144.97562 
    37.12981 -145.53618 
    36.88118 -146.11343 
    36.65820 -146.70148 
    36.43144 -147.29250 
    36.25973 -147.90331 
    36.17313 -148.53172 
    36.14927 -149.16498 
Cell 9 100 67.57224 -151.35767 
    56.76074 -151.35767 
    56.77063 -152.03725 
    56.77684 -152.72144 
    56.81301 -153.41010 
    56.89237 -154.09979 
    57.04757 -154.77733 
    57.24867 -155.44505 
    57.49540 -156.09946 
    57.78712 -156.73708 
    58.12279 -157.35446 
    58.50112 -157.94821 
    58.92037 -158.51511 
    59.37851 -159.05208 
    59.87328 -159.55621 
    60.40213 -160.02483 
    60.96230 -160.45546 
    61.55080 -160.84592 
    62.16452 -161.19427 
    62.80016 -161.49884 
    63.45430 -161.75836 
    64.12350 -161.97177 
    64.80418 -162.13853 
    65.49285 -162.25819 
    66.18599 -162.33092 
    66.88021 -162.35712 
    67.57224 -162.33749 
    68.25899 -162.27328 
    68.93764 -162.16599 
    69.60567 -162.01729 
    70.26088 -161.82924 
    70.90147 -161.60402 
    71.52602 -161.34380 
    72.13354 -161.05092 
    72.72333 -160.72746 
    73.29501 -160.37531 
    73.84843 -159.99612 
    74.38342 -159.59097 
    74.89978 -159.16071 
    75.39692 -158.70554 
    75.87385 -158.22536 
    76.32893 -157.71977 
    76.75977 -157.18825 
    77.16318 -156.63034 
    77.52769 -156.04234 
    77.81749 -155.41405 
    78.07710 -154.77090 
    78.30902 -154.11441 
    78.49448 -153.44119 
    78.62266 -152.75366 
    78.69212 -152.05727 
    78.70098 -151.35767 
    78.64734 -150.66087 
    78.53341 -149.97295 
    78.36232 -149.29935 
    78.13736 -148.64500 
    77.86774 -148.01245 
    77.72871 -147.33643 
    77.54701 -146.66389 
    77.32044 -145.99854 
    77.04745 -145.34451 
    76.72687 -144.70644 
    76.35809 -144.08937 
    75.94120 -143.49869 
    75.47707 -142.93987 
    74.96742 -142.41843 
    74.41492 -141.93953 
    73.82304 -141.50798 
    73.19611 -141.12788 
    72.53908 -140.80260 
    71.85743 -140.53450 
    71.15696 -140.32501 
    70.44358 -140.17453 
    69.72309 -140.08247 
    69.00106 -140.04738 
    68.28259 -140.06702 
    67.57224 -140.13857 
    66.87395 -140.25882 
    66.19102 -140.42429 
    65.52610 -140.63145 
    64.88123 -140.87689 
    64.25795 -141.15736 
    63.65741 -141.46996 
    63.08043 -141.81210 
    62.52765 -142.18159 
    61.99959 -142.57658 
    61.49678 -142.99553 
    61.01981 -143.43715 
    60.56933 -143.90033 
    60.03702 -144.28163 
    59.49107 -144.67235 
    58.94109 -145.08678 
    58.39710 -145.53494 
    57.87742 -146.02789 
    57.40704 -146.57430 
    57.01328 -147.17708 
    56.71984 -147.83151 
    56.54088 -148.52530 
    56.47741 -149.24121 
    56.51726 -149.96111 
    56.63864 -150.66978 
Cell 10 100 83.05769 -135.59895 
    71.50668 -135.59895 
    70.97962 -136.35884 
    70.99797 -137.12245 
    71.38131 -137.82634 
    71.80992 -138.48689 
    72.26693 -139.10509 
    72.73885 -139.68448 
    73.21623 -140.23000 
    73.69372 -140.74684 
    74.16950 -141.23956 
    74.64450 -141.71149 
    75.12141 -142.16441 
    75.60377 -142.59866 
    76.09516 -143.01331 
    76.59874 -143.40648 
    77.11685 -143.77582 
    77.65091 -144.11868 
    78.20145 -144.43243 
    78.76815 -144.71469 
    79.35008 -144.96332 
    79.94575 -145.17653 
    80.55331 -145.35289 
    81.17063 -145.49127 
    81.79543 -145.59081 
    82.42518 -145.65253 
    83.05769 -145.67555 
    83.69064 -145.65927 
    84.32161 -145.60385 
    84.94827 -145.50967 
    85.56834 -145.37726 
    86.17963 -145.20728 
    86.78004 -145.00053 
    87.36761 -144.75798 
    87.94044 -144.48065 
    88.49683 -144.16966 
    89.03516 -143.82623 
    89.55396 -143.45158 
    90.05186 -143.04698 
    90.52762 -142.61368 
    90.98005 -142.15289 
    91.40803 -141.66583 
    91.81048 -141.15364 
    92.18628 -140.61743 
    92.53429 -140.05830 
    92.85326 -139.47729 
    93.14185 -138.87549 
    93.39857 -138.25404 
    93.62177 -137.61417 
    93.80965 -136.95724 
    93.96024 -136.28488 
    94.07148 -135.59895 
    94.14120 -134.90164 
    94.16721 -134.19550 
    94.14741 -133.48347 
    94.07980 -132.76895 
    93.96265 -132.05573 
    93.79453 -131.34793 
    93.57410 -130.65031 
    93.10617 -130.07475 
    92.55537 -129.57153 
    91.86086 -129.20308 
    91.21667 -128.84926 
    90.62369 -128.49402 
    90.06005 -128.14220 
    89.51260 -127.79632 
    88.97296 -127.45728 
    88.43568 -127.12460 
    87.89702 -126.79625 
    87.35448 -126.46780 
    86.80552 -126.13303 
    86.24693 -125.78348 
    85.67587 -125.40181 
    85.07832 -125.00647 
    84.43889 -124.66570 
    83.76440 -124.36614 
    83.05769 -124.44013 
    82.36311 -124.55881 
    81.68331 -124.71959 
    81.02055 -124.91988 
    80.37670 -125.15717 
    79.75330 -125.42905 
    79.15160 -125.73330 
    78.57270 -126.06786 
    78.01750 -126.43089 
    77.48684 -126.82069 
    76.93366 -127.16994 
    76.31291 -127.44591 
    75.69360 -127.75698 
    75.34869 -128.35973 
    75.00897 -128.94048 
    74.71722 -129.53925 
    74.41766 -130.11581 
    74.10229 -130.67567 
    73.78094 -131.23364 
    73.46191 -131.79973 
    73.15103 -132.38008 
    72.85011 -132.97809 
    72.55524 -133.59550 
    72.25443 -134.23418 
    71.92249 -134.89839 
Cell 11 100 116.48542 -144.15576 
    106.32039 -144.15576 
    106.33096 -144.79463 
    106.38235 -145.43208 
    106.47446 -146.06546 
    106.60699 -146.69211 
    106.77948 -147.30942 
    106.99126 -147.91476 
    107.24154 -148.50560 
    107.52929 -149.07944 
    107.85336 -149.63383 
    108.21242 -150.16644 
    108.60498 -150.67503 
    109.02941 -151.15742 
    109.48392 -151.61160 
    109.96661 -152.03564 
    110.47544 -152.42780 
    111.00825 -152.78641 
    111.56277 -153.11002 
    112.13669 -153.39729 
    112.72754 -153.64708 
    113.33285 -153.85838 
    113.95004 -154.03041 
    114.57654 -154.16249 
    115.20969 -154.25418 
    115.84687 -154.30521 
    116.48542 -154.31546 
    117.12270 -154.28506 
    117.75611 -154.21429 
    118.38307 -154.10362 
    119.00112 -153.95377 
    119.60786 -153.76564 
    120.20107 -153.54041 
    120.77869 -153.27943 
    121.33900 -152.98441 
    121.88058 -152.65717 
    122.40244 -152.29984 
    122.90410 -151.91461 
    123.38564 -151.50375 
    123.84768 -151.06938 
    124.29128 -150.61333 
    124.71771 -150.13687 
    125.12823 -149.64066 
    125.52352 -149.12450 
    125.90333 -148.58749 
    126.26587 -148.02811 
    126.60747 -147.44461 
    126.92236 -146.83551 
    127.20278 -146.20021 
    127.43939 -145.53957 
    127.62208 -144.85641 
    127.74094 -144.15576 
    127.78751 -143.44469 
    127.75579 -142.73198 
    127.64307 -142.02733 
    127.77193 -141.25787 
    127.95863 -140.42789 
    127.60036 -139.75505 
    126.80624 -139.29915 
    126.01601 -138.91628 
    125.54194 -138.40833 
    125.04249 -137.93869 
    124.52570 -137.50426 
    123.99747 -137.10147 
    123.46150 -136.72699 
    122.91962 -136.37816 
    122.39680 -136.01944 
    121.88034 -135.65472 
    121.34500 -135.31621 
    120.79269 -135.00235 
    120.22443 -134.71211 
    119.64025 -134.44618 
    119.03953 -134.20816 
    118.42177 -134.00505 
    117.78775 -133.84673 
    117.14048 -133.74390 
    116.48542 -133.70532 
    115.82981 -133.73518 
    115.15891 -133.65532 
    114.43855 -133.42572 
    113.67806 -133.22183 
    112.90567 -133.13843 
    112.17260 -133.26283 
    111.53104 -133.62718 
    111.00613 -134.18896 
    110.58305 -134.85512 
    110.21912 -135.53094 
    109.86989 -136.15895 
    109.50944 -136.72710 
    109.13443 -137.25272 
    108.75565 -137.76114 
    108.36169 -138.25352 
    107.99532 -138.76778 
    107.66171 -139.30489 
    107.36233 -139.86276 
    107.09855 -140.43924 
    106.87157 -141.03203 
    106.68246 -141.63879 
    106.53212 -142.25706 
    106.42130 -142.88437 
    106.35059 -143.51813 
Cell 12 100 -118.03339 -125.73247 
    -128.18692 -125.73247 
    -128.54755 -126.39396 
    -128.85678 -127.09978 
    -129.10944 -127.84534 
    -129.30098 -128.62549 
    -129.42763 -129.43468 
    -129.48608 -130.26691 
    -129.47397 -131.11600 
    -129.38954 -131.97556 
    -129.23177 -132.83917 
    -129.00009 -133.70024 
    -128.69470 -134.55228 
    -128.31633 -135.38878 
    -127.86628 -136.20343 
    -125.29202 -134.50664 
    -123.96106 -133.89120 
    -123.32876 -134.07663 
    -122.75219 -134.31593 
    -122.18590 -134.55698 
    -121.61652 -134.78239 
    -121.04324 -134.99580 
    -120.44733 -135.13411 
    -119.84807 -135.24530 
    -119.24717 -135.34048 
    -118.64296 -135.42116 
    -118.03339 -135.47165 
    -117.41940 -135.49171 
    -116.79176 -135.56100 
    -116.12966 -135.71217 
    -115.59090 -135.24532 
    -115.07355 -134.84190 
    -114.59135 -134.42610 
    -114.14578 -133.99406 
    -113.72155 -133.57568 
    -113.30810 -133.17834 
    -112.89860 -132.79990 
    -112.48739 -132.43643 
    -112.07043 -132.08237 
    -111.64479 -131.73175 
    -111.20649 -131.38017 
    -110.75355 -131.02159 
    -110.28725 -130.64832 
    -109.81310 -130.25162 
    -109.34192 -129.82237 
    -108.88261 -129.35551 
    -108.12948 -128.95044 
    -107.23950 -128.50388 
    -106.18427 -127.99282 
    -105.29334 -127.34191 
    -105.55945 -126.51727 
    -105.87305 -125.73247 
    -106.07469 -124.98009 
    -106.17800 -124.23479 
    -106.28549 -123.49143 
    -106.27887 -122.71442 
    -106.53996 -121.99802 
    -107.10926 -121.40730 
    -107.84307 -120.93726 
    -108.58280 -120.53696 
    -109.18910 -120.11971 
    -109.45198 -119.49770 
    -109.74816 -118.87833 
    -110.08365 -118.26716 
    -110.46474 -117.67267 
    -110.89693 -117.10596 
    -111.38367 -116.57990 
    -111.92541 -116.10782 
    -112.51902 -115.70185 
    -113.15782 -115.37135 
    -113.83225 -115.12160 
    -114.53099 -114.95318 
    -115.24236 -114.86208 
    -115.95565 -114.84054 
    -116.66220 -114.87835 
    -117.35593 -114.96452 
    -118.03339 -115.08874 
    -118.69337 -115.24252 
    -119.33617 -115.41988 
    -119.96294 -115.61742 
    -120.57487 -115.83408 
    -121.17275 -116.07052 
    -121.75671 -116.32845 
    -122.32610 -116.61002 
    -122.87961 -116.91724 
    -123.41544 -117.25172 
    -123.93314 -117.61217 
    -124.43092 -117.99919 
    -124.90327 -118.41679 
    -125.34834 -118.86327 
    -125.76435 -119.33686 
    -126.14965 -119.83566 
    -126.50271 -120.35767 
    -126.82214 -120.90081 
    -127.10670 -121.46290 
    -127.35525 -122.04169 
    -127.56683 -122.63486 
    -127.74063 -123.24007 
    -127.87598 -123.85490 
    -127.97234 -124.47688 
    -128.02939 -125.10358 
Cell 13 100 -81.04172 -113.72676 
    -91.22102 -113.72676 
    -91.21320 -114.36670 
    -91.16450 -115.00556 
    -91.07495 -115.64070 
    -90.94480 -116.26944 
    -90.77445 -116.88911 
    -90.56451 -117.49710 
    -90.31577 -118.09080 
    -90.02920 -118.66767 
    -89.70592 -119.22523 
    -89.34727 -119.76110 
    -88.95473 -120.27296 
    -88.52990 -120.75864 
    -88.07460 -121.21602 
    -87.59073 -121.64316 
    -87.08037 -122.03825 
    -86.54567 -122.39960 
    -85.98892 -122.72569 
    -85.41251 -123.01517 
    -84.81890 -123.26685 
    -84.21064 -123.47969 
    -83.59031 -123.65288 
    -82.96057 -123.78574 
    -82.32410 -123.87782 
    -81.68358 -123.92879 
    -81.04172 -123.93859 
    -80.40121 -123.90728 
    -79.76473 -123.83514 
    -79.13491 -123.72260 
    -78.51433 -123.57030 
    -77.90550 -123.37904 
    -77.31088 -123.14977 
    -76.73281 -122.88365 
    -76.17354 -122.58195 
    -75.61899 -122.27162 
    -75.07496 -121.93930 
    -74.54948 -121.57453 
    -74.04441 -121.17814 
    -73.56169 -120.75098 
    -73.10332 -120.29398 
    -72.67139 -119.80816 
    -72.26807 -119.29469 
    -71.89564 -118.75486 
    -71.55640 -118.19021 
    -71.25275 -117.60249 
    -70.98701 -116.99374 
    -70.76147 -116.36628 
    -70.57830 -115.72276 
    -70.43943 -115.06614 
    -70.34657 -114.39964 
    -70.30103 -113.72676 
    -70.30378 -113.05119 
    -70.35529 -112.37675 
    -70.45561 -111.70735 
    -70.60424 -111.04687 
    -70.80022 -110.39909 
    -71.04215 -109.76765 
    -71.32819 -109.15592 
    -71.58996 -108.53061 
    -71.85456 -107.89642 
    -72.15997 -107.27379 
    -72.50719 -106.66639 
    -72.89700 -106.07835 
    -73.32966 -105.51425 
    -73.80494 -104.97900 
    -74.32190 -104.47772 
    -74.87881 -104.01557 
    -75.47315 -103.59757 
    -76.10155 -103.22839 
    -76.75990 -102.91213 
    -77.44338 -102.65221 
    -78.14664 -102.45115 
    -78.86395 -102.31050 
    -79.58944 -102.23080 
    -80.31725 -102.21156 
    -81.04172 -102.25133 
    -81.75762 -102.34783 
    -82.46024 -102.49806 
    -83.14547 -102.69851 
    -83.80992 -102.94531 
    -84.45087 -103.23446 
    -85.06625 -103.56194 
    -85.65457 -103.92395 
    -86.15572 -104.42443 
    -86.61698 -104.94155 
    -87.06602 -105.43504 
    -87.49572 -105.92521 
    -87.88631 -106.43801 
    -88.23290 -106.97379 
    -88.55825 -107.50854 
    -88.91169 -108.00890 
    -89.26536 -108.50787 
    -89.57128 -109.03760 
    -89.84740 -109.58312 
    -90.10075 -110.14004 
    -90.32396 -110.71078 
    -90.51418 -111.29465 
    -90.68177 -111.88783 
    -90.84264 -112.48862 
    -91.10728 -113.09349 
Cell 14 100 -58.74393 -120.56308 
    -69.32821 -120.56308 
    -69.34179 -121.22984 
    -69.31504 -121.89852 
    -69.24677 -122.56660 
    -69.13602 -123.23132 
    -68.98218 -123.88969 
    -68.78500 -124.53862 
    -68.54464 -125.17494 
    -68.26157 -125.79545 
    -67.93668 -126.39697 
    -67.57114 -126.97643 
    -67.16647 -127.53082 
    -66.72443 -128.05727 
    -66.24700 -128.55304 
    -65.73647 -129.01561 
    -65.19527 -129.44258 
    -64.62605 -129.83180 
    -64.03160 -130.18132 
    -63.41491 -130.48941 
    -62.74227 -130.66173 
    -61.82360 -130.04132 
    -61.12846 -129.85019 
    -60.49395 -129.73703 
    -59.88439 -129.59071 
    -59.29990 -129.39987 
    -58.74393 -129.20720 
    -58.21176 -129.02170 
    -57.69734 -128.84770 
    -57.19427 -128.68666 
    -56.69540 -128.54158 
    -56.19586 -128.40523 
    -55.68937 -128.27803 
    -55.16921 -128.15974 
    -54.62900 -128.04811 
    -54.06547 -127.93515 
    -53.48372 -127.80314 
    -52.88345 -127.64719 
    -52.26546 -127.46195 
    -51.52867 -127.33866 
    -50.62666 -127.27827 
    -49.51242 -127.27016 
    -48.76926 -126.89320 
    -48.24503 -126.33490 
    -47.80304 -125.71147 
    -47.41446 -125.04874 
    -47.07632 -124.35412 
    -46.79126 -123.63200 
    -46.56265 -122.88678 
    -46.39363 -122.12328 
    -46.28673 -121.34682 
    -46.24374 -120.56308 
    -46.26567 -119.77802 
    -46.35263 -118.99770 
    -46.50391 -118.22817 
    -46.71790 -117.47532 
    -46.99219 -116.74471 
    -47.32362 -116.04146 
    -47.70839 -115.37015 
    -48.14220 -114.73473 
    -48.62033 -114.13844 
    -49.13783 -113.58384 
    -49.68964 -113.07272 
    -50.27073 -112.60622 
    -50.87622 -112.18482 
    -51.46589 -111.76543 
    -51.95564 -111.21980 
    -52.53098 -110.77304 
    -53.18079 -110.44377 
    -53.88347 -110.23408 
    -54.61293 -110.12936 
    -55.34541 -110.10349 
    -56.06438 -110.12690 
    -56.76219 -110.17443 
    -57.43858 -110.23014 
    -58.09737 -110.28622 
    -58.74393 -110.33185 
    -59.38284 -110.40801 
    -60.01877 -110.47173 
    -60.65751 -110.53174 
    -61.29652 -110.62140 
    -61.93530 -110.74105 
    -62.57290 -110.89222 
    -63.20743 -111.07767 
    -63.83568 -111.30123 
    -64.45281 -111.56732 
    -65.05238 -111.88026 
    -65.62658 -112.24339 
    -66.16697 -112.65835 
    -66.66527 -113.12445 
    -67.11436 -113.63847 
    -67.50912 -114.19480 
    -67.84698 -114.78611 
    -68.12809 -115.40410 
    -68.35500 -116.04045 
    -68.53206 -116.68769 
    -68.71394 -117.32363 
    -68.89870 -117.95578 
    -69.05867 -118.59544 
    -69.18524 -119.24403 
    -69.27559 -119.90048 
Cell 15 100 -57.85929 -98.92667 
    -68.33537 -98.92667 
    -68.22308 -99.57870 
    -68.12437 -100.22345 
    -68.01729 -100.86440 
    -67.87256 -101.49763 
    -67.69096 -102.12116 
    -67.47323 -102.73309 
    -67.22006 -103.33150 
    -66.93216 -103.91451 
    -66.61023 -104.48018 
    -66.25500 -105.02650 
    -65.86732 -105.55148 
    -65.44812 -106.05305 
    -64.99847 -106.52911 
    -64.51958 -106.97758 
    -64.01289 -107.39637 
    -63.47998 -107.78345 
    -62.92265 -108.13688 
    -62.34289 -108.45479 
    -61.74286 -108.73544 
    -61.12493 -108.97726 
    -60.49160 -109.17883 
    -59.84555 -109.33896 
    -59.18954 -109.45663 
    -58.52647 -109.53104 
    -57.85929 -109.56166 
    -57.19105 -109.54814 
    -56.52478 -109.49042 
    -55.86356 -109.38866 
    -55.21045 -109.24323 
    -54.56846 -109.05481 
    -53.94057 -108.82423 
    -53.32967 -108.55261 
    -52.73856 -108.24125 
    -52.16993 -107.89167 
    -51.62635 -107.50558 
    -51.11024 -107.08488 
    -50.62385 -106.63164 
    -50.16929 -106.14806 
    -49.74847 -105.63653 
    -49.36310 -105.09952 
    -48.95421 -104.57800 
    -48.55906 -104.03951 
    -48.19737 -103.47322 
    -47.87265 -102.88066 
    -47.58842 -102.26387 
    -47.34817 -101.62547 
    -47.15509 -100.96861 
    -47.01200 -100.29700 
    -46.92118 -99.61484 
    -46.88418 -98.92667 
    -46.90182 -98.23728 
    -46.97405 -97.55154 
    -47.10003 -96.87423 
    -47.27810 -96.20988 
    -47.50592 -95.56265 
    -47.78059 -94.93623 
    -48.09880 -94.33372 
    -48.45697 -93.75770 
    -48.85144 -93.21011 
    -48.82829 -92.36526 
    -48.35490 -91.06395 
    -49.78817 -91.34737 
    -50.72290 -91.32718 
    -51.24900 -90.93620 
    -51.74193 -90.50684 
    -52.22970 -90.05585 
    -52.74260 -89.61943 
    -53.28147 -89.19829 
    -53.84743 -88.79387 
    -54.44175 -88.40853 
    -55.06554 -88.04569 
    -55.71957 -87.70984 
    -56.40396 -87.40655 
    -57.11789 -87.14230 
    -57.85929 -86.92429 
    -58.62476 -86.76003 
    -59.40932 -86.65694 
    -60.20655 -86.62194 
    -61.00862 -86.66087 
    -61.80660 -86.77810 
    -62.59084 -86.97615 
    -63.35138 -87.25540 
    -64.07848 -87.61403 
    -64.76313 -88.04797 
    -65.39751 -88.55120 
    -65.97537 -89.11601 
    -66.49229 -89.73345 
    -66.94580 -90.39387 
    -67.33533 -91.08740 
    -67.66212 -91.80450 
    -67.92886 -92.53633 
    -68.13939 -93.27514 
    -68.29827 -94.01446 
    -68.41040 -94.74919 
    -68.48061 -95.47559 
    -68.51337 -96.19116 
    -68.51254 -96.89445 
    -68.48121 -97.58481 
    -68.42166 -98.26214 
Cell 16 100 -34.28588 -125.82025 
    -45.23856 -125.82025 
    -45.14654 -126.50355 
    -45.00306 -127.17415 
    -44.81295 -127.82840 
    -44.58113 -128.46362 
    -44.31231 -129.07803 
    -44.01070 -129.67058 
    -43.67981 -130.24069 
    -43.32240 -130.78812 
    -42.94267 -131.31403 
    -42.57574 -131.84319 
    -42.18094 -132.35161 
    -41.76701 -132.84550 
    -41.33326 -133.32495 
    -40.88040 -133.79166 
    -40.40910 -134.24815 
    -39.91188 -134.68541 
    -39.38687 -135.09892 
    -38.83317 -135.48373 
    -38.24846 -135.82860 
    -37.63596 -136.13074 
    -36.99949 -136.38908 
    -36.34254 -136.60167 
    -35.66858 -136.76549 
    -34.98174 -136.88063 
    -34.28588 -136.94518 
    -33.58527 -136.95602 
    -32.88453 -136.91306 
    -32.18823 -136.81650 
    -31.50077 -136.66753 
    -30.82669 -136.46654 
    -30.17138 -136.21228 
    -29.53631 -135.91359 
    -28.92466 -135.57227 
    -28.33944 -135.19034 
    -27.78349 -134.77002 
    -27.25943 -134.31377 
    -26.76965 -133.82422 
    -26.31634 -133.30414 
    -25.90134 -132.75655 
    -25.52632 -132.18445 
    -25.19263 -131.59100 
    -24.90135 -130.97943 
    -24.69398 -130.33385 
    -24.55598 -129.67259 
    -24.50546 -128.99811 
    -24.53787 -128.32310 
    -24.49855 -127.68728 
    -24.42850 -127.06553 
    -24.38215 -126.44334 
    -24.36145 -125.82025 
    -24.36545 -125.19611 
    -24.39334 -124.57053 
    -24.44438 -123.94289 
    -24.51616 -123.31181 
    -24.65573 -122.69122 
    -24.82226 -122.07334 
    -25.01401 -121.45724 
    -25.22993 -120.84171 
    -25.47008 -120.22558 
    -25.73582 -119.60828 
    -26.03001 -118.99040 
    -26.35681 -118.37437 
    -26.72139 -117.76488 
    -27.12919 -117.16930 
    -27.58514 -116.59748 
    -28.09271 -116.06139 
    -28.65303 -115.57414 
    -29.26431 -115.14887 
    -29.92157 -114.79726 
    -30.61691 -114.52832 
    -31.34012 -114.34728 
    -32.07970 -114.25507 
    -32.82399 -114.24827 
    -33.56232 -114.31971 
    -34.28588 -114.45945 
    -34.98827 -114.65607 
    -35.66568 -114.89802 
    -36.31662 -115.17473 
    -36.94143 -115.47755 
    -37.54598 -115.78670 
    -38.12416 -116.12585 
    -38.67749 -116.48759 
    -39.21532 -116.85363 
    -39.79985 -117.13162 
    -40.37375 -117.44102 
    -40.93533 -117.78245 
    -41.48228 -118.15686 
    -42.01155 -118.56536 
    -42.51924 -119.00902 
    -43.00063 -119.48862 
    -43.45032 -120.00432 
    -43.86244 -120.55549 
    -44.23101 -121.14043 
    -44.55032 -121.75627 
    -44.81531 -122.39903 
    -45.02205 -123.06367 
    -45.16795 -123.74438 
    -45.25201 -124.43491 
    -45.27485 -125.12888 
Cell 17 100 -14.35098 -125.65865 
    -24.36249 -125.65865 
    -24.37704 -126.28944 
    -24.41844 -126.93047 
    -24.48786 -127.59237 
    -24.53479 -128.27341 
    -24.50661 -128.95842 
    -24.28009 -129.58986 
    -24.01126 -130.20444 
    -23.70319 -130.80008 
    -23.35758 -131.37442 
    -22.97621 -131.92525 
    -22.56094 -132.45052 
    -22.11365 -132.94829 
    -21.63634 -133.41676 
    -21.13097 -133.85426 
    -20.59962 -134.25917 
    -20.04437 -134.63000 
    -19.46738 -134.96535 
    -18.87089 -135.26395 
    -18.25716 -135.52452 
    -17.62857 -135.74603 
    -16.98757 -135.92747 
    -16.33664 -136.06784 
    -15.67826 -136.16518 
    -15.01478 -136.20952 
    -14.35098 -136.14206 
    -13.71325 -135.79507 
    -13.11520 -135.44086 
    -12.52844 -135.21275 
    -11.95116 -135.00534 
    -11.37490 -134.81807 
    -10.79193 -134.64780 
    -10.19412 -134.49242 
    -9.56544 -134.36353 
    -8.93124 -134.19878 
    -8.20951 -134.11166 
    -7.70434 -133.69305 
    -7.22847 -133.24336 
    -6.78383 -132.76468 
    -6.37217 -132.25931 
    -5.99510 -131.72955 
    -5.65401 -131.17792 
    -5.35012 -130.60692 
    -5.08444 -130.01915 
    -4.85780 -129.41727 
    -4.67082 -128.80392 
    -4.52396 -128.18181 
    -4.41676 -127.55371 
    -4.33900 -126.92346 
    -4.25885 -126.29359 
    -4.21326 -125.65865 
    -4.20294 -125.02020 
    -4.22801 -124.37982 
    -4.28873 -123.73917 
    -4.38549 -123.09995 
    -4.51888 -122.46401 
    -4.68962 -121.83345 
    -4.89853 -121.21067 
    -5.14648 -120.59843 
    -5.43422 -119.99991 
    -5.76233 -119.41863 
    -6.13103 -118.85851 
    -6.54005 -118.32371 
    -6.98859 -117.81850 
    -7.47513 -117.34718 
    -7.99748 -116.91382 
    -8.55276 -116.52213 
    -9.13744 -116.17526 
    -9.74748 -115.87572 
    -10.24822 -115.29627 
    -10.54736 -113.95232 
    -11.35763 -114.00034 
    -12.23907 -114.58762 
    -12.94357 -114.51785 
    -13.65362 -114.57449 
    -14.35098 -114.73295 
    -15.02416 -114.95877 
    -15.66989 -115.21842 
    -16.29120 -115.48768 
    -16.90821 -115.69890 
    -17.51369 -115.92484 
    -18.10269 -116.18291 
    -18.67396 -116.47186 
    -19.22625 -116.79057 
    -19.75830 -117.13808 
    -20.26875 -117.51355 
    -20.76035 -117.91105 
    -21.27223 -118.28828 
    -21.76193 -118.69931 
    -22.22673 -119.14326 
    -22.66389 -119.61897 
    -23.07068 -120.12496 
    -23.44446 -120.65948 
    -23.78271 -121.22042 
    -24.08303 -121.80547 
    -24.33549 -122.41449 
    -24.50510 -123.05152 
    -24.46876 -123.72858 
    -24.40817 -124.38814 
    -24.37294 -125.02813 
Cell 18 100 14.28067 -126.17184 
    4.16050 -126.17184 
    4.17239 -126.80780 
    4.22294 -127.44243 
    4.31386 -128.07312 
    4.44487 -128.69725 
    4.61554 -129.31223 
    4.82524 -129.91551 
    5.07319 -130.50455 
    5.35841 -131.07689 
    5.67978 -131.63013 
    6.03603 -132.16193 
    6.42569 -132.67004 
    6.84719 -133.15234 
    7.29879 -133.60680 
    7.77861 -134.03148 
    8.28468 -134.42462 
    8.81486 -134.78458 
    9.36695 -135.10986 
    9.93864 -135.39912 
    10.52752 -135.65121 
    11.13114 -135.86510 
    11.74696 -136.03999 
    12.37242 -136.17526 
    13.00491 -136.27048 
    13.64186 -136.32539 
    14.28067 -136.34004 
    14.91880 -136.31464 
    15.55379 -136.24962 
    16.18328 -136.14569 
    16.80507 -136.00375 
    17.41716 -135.82497 
    18.01777 -135.61067 
    18.60541 -135.36238 
    19.17889 -135.08168 
    19.73739 -134.77026 
    20.28038 -134.42975 
    20.80764 -134.06160 
    21.28820 -133.63411 
    21.61513 -133.05936 
    21.89087 -132.46754 
    22.14205 -131.88347 
    22.37710 -131.31000 
    22.60282 -130.74699 
    22.82291 -130.19151 
    23.04401 -129.64149 
    23.27146 -129.09312 
    23.50895 -128.54126 
    23.75927 -127.97998 
    24.02331 -127.40263 
    24.31364 -126.80307 
    24.67112 -126.17184 
    25.14362 -125.48840 
    25.77203 -124.72015 
    26.00086 -123.93610 
    25.85423 -123.20026 
    25.63341 -122.48312 
    25.34108 -121.79272 
    24.98191 -121.13622 
    24.56219 -120.51953 
    24.08942 -119.94702 
    23.57168 -119.42153 
    23.01640 -118.94501 
    22.42641 -118.52248 
    21.79224 -118.17284 
    21.15235 -117.86541 
    20.53001 -117.57036 
    19.93127 -117.26792 
    19.34581 -116.95839 
    18.74890 -116.67637 
    18.12844 -116.45349 
    17.49786 -116.27034 
    16.85981 -116.12677 
    16.21675 -116.02255 
    15.57106 -115.95737 
    14.92498 -115.93087 
    14.28067 -115.88365 
    13.63271 -115.87280 
    12.98360 -115.90453 
    12.33643 -115.97980 
    11.69447 -116.09927 
    11.06117 -116.26324 
    10.44005 -116.47157 
    9.83469 -116.72366 
    9.24854 -117.01843 
    8.68491 -117.35434 
    8.14686 -117.72938 
    7.63711 -118.14116 
    7.15802 -118.58700 
    6.71156 -119.06398 
    6.29928 -119.56907 
    5.92238 -120.09919 
    5.58169 -120.65131 
    5.27779 -121.22247 
    5.01102 -121.80988 
    4.77923 -122.40996 
    4.57911 -123.01962 
    4.41776 -123.63948 
    4.29526 -124.26703 
    4.21161 -124.89983 
    4.16673 -125.53553 
Cell 19 100 24.60396 -108.11644 
    13.41675 -108.11644 
    13.47356 -108.81670 
    13.58155 -109.50890 
    13.73885 -110.18907 
    13.94319 -110.85366 
    14.19199 -111.49949 
    14.48249 -112.12381 
    14.81179 -112.72428 
    15.17697 -113.29897 
    15.57519 -113.84627 
    16.00367 -114.36491 
    16.45979 -114.85387 
    16.94113 -115.31232 
    17.44538 -115.73954 
    17.97047 -116.13494 
    18.51111 -116.50253 
    19.07414 -116.83003 
    19.65359 -117.12112 
    20.22725 -117.41743 
    20.80859 -117.70243 
    21.39798 -117.98341 
    21.99574 -118.27478 
    22.63205 -118.45353 
    23.28357 -118.56837 
    23.94186 -118.64008 
    24.60396 -118.66825 
    25.26684 -118.65266 
    25.92749 -118.59331 
    26.58290 -118.49046 
    27.23009 -118.34454 
    27.86609 -118.15627 
    28.48804 -117.92651 
    29.09311 -117.65638 
    29.67860 -117.34719 
    30.24192 -117.00044 
    30.78057 -116.61783 
    31.29226 -116.20122 
    31.77483 -115.75265 
    32.22630 -115.27430 
    32.64494 -114.76852 
    33.02921 -114.23775 
    33.37787 -113.68454 
    33.68998 -113.11153 
    33.96489 -112.52136 
    34.20234 -111.91671 
    34.40240 -111.30015 
    34.56556 -110.67415 
    34.69260 -110.04095 
    34.78461 -109.40256 
    34.84281 -108.76061 
    34.86850 -108.11644 
    34.86280 -107.47101 
    34.82648 -106.82504 
    34.75977 -106.17912 
    34.66218 -105.53393 
    34.53242 -104.89049 
    34.36842 -104.25041 
    34.16744 -103.61620 
    33.92634 -102.99142 
    33.64200 -102.38072 
    33.38081 -101.73969 
    33.12278 -101.06906 
    32.82896 -100.39265 
    32.49138 -99.71719 
    32.10199 -99.05287 
    31.65383 -98.41312 
    31.14219 -97.81383 
    30.56566 -97.27213 
    29.92678 -96.80486 
    29.23221 -96.42681 
    28.49238 -96.14911 
    27.72057 -95.97803 
    26.93164 -95.91427 
    26.14056 -95.95300 
    25.36094 -96.08454 
    24.60396 -96.29559 
    23.87757 -96.57084 
    23.18630 -96.89457 
    22.53150 -97.25224 
    21.91191 -97.63159 
    21.32453 -98.02341 
    20.76221 -98.41330 
    20.13384 -98.61696 
    19.51453 -98.85880 
    18.90685 -99.13924 
    18.31364 -99.45856 
    17.73797 -99.81689 
    17.18317 -100.21410 
    16.65276 -100.64977 
    16.15040 -101.12305 
    15.67985 -101.63270 
    15.24485 -102.17697 
    14.84903 -102.75362 
    14.49581 -103.35991 
    14.18832 -103.99260 
    13.92926 -104.64803 
    13.72082 -105.32212 
    13.56464 -106.01057 
    13.46175 -106.70885 
    13.41253 -107.41234 
Cell 20 100 60.69231 -107.40735 
    50.60456 -107.40735 
    50.61970 -108.04106 
    50.67480 -108.67285 
    50.76973 -109.30018 
    50.90419 -109.92051 
    51.07770 -110.53132 
    51.28963 -111.13013 
    51.53917 -111.71449 
    51.82535 -112.28200 
    52.14704 -112.83035 
    52.50296 -113.35726 
    52.89167 -113.86060 
    53.31162 -114.33828 
    53.76105 -114.78839 
    54.23817 -115.20906 
    54.74104 -115.59857 
    55.26759 -115.95534 
    55.81567 -116.27792 
    56.38303 -116.56504 
    56.96734 -116.81554 
    57.56622 -117.02847 
    58.17722 -117.20297 
    58.79786 -117.33842 
    59.42561 -117.43435 
    60.05794 -117.49043 
    60.69231 -117.50653 
    61.32620 -117.48270 
    61.95709 -117.41913 
    62.58252 -117.31620 
    63.18792 -117.12711 
    63.77131 -116.88354 
    64.35670 -116.66254 
    64.95443 -116.46482 
    65.54023 -116.22569 
    66.08903 -115.91122 
    66.61338 -115.55701 
    67.11452 -115.17048 
    67.59136 -114.75410 
    68.04236 -114.30951 
    68.46603 -113.83833 
    68.86098 -113.34224 
    69.22589 -112.82293 
    69.55952 -112.28214 
    69.86068 -111.72166 
    70.12823 -111.14330 
    70.36324 -110.54962 
    70.63757 -109.96085 
    70.91454 -109.35735 
    71.19514 -108.73416 
    71.47124 -108.08550 
    71.72359 -107.40735 
    71.92313 -106.70077 
    72.03637 -105.97426 
    72.03361 -105.24388 
    71.89755 -104.53033 
    71.62868 -103.85390 
    71.24533 -103.22911 
    70.77832 -102.66123 
    70.33157 -102.10812 
    70.18642 -101.38220 
    69.99667 -100.64734 
    69.74842 -99.91548 
    69.42862 -99.20341 
    69.02740 -98.53138 
    68.50139 -97.96779 
    67.90882 -97.47468 
    67.28409 -97.02036 
    66.61411 -96.63563 
    65.86359 -96.41782 
    65.08974 -96.30070 
    64.31065 -96.27123 
    63.54100 -96.31244 
    62.79091 -96.40611 
    62.06851 -96.51363 
    61.37677 -96.52821 
    60.69231 -96.58905 
    60.01824 -96.69328 
    59.35709 -96.83804 
    58.71093 -97.02058 
    58.08136 -97.23837 
    57.46970 -97.48917 
    56.87703 -97.77105 
    56.30431 -98.08238 
    55.75248 -98.42182 
    55.22247 -98.78825 
    54.71530 -99.18070 
    54.23210 -99.59830 
    53.77408 -100.04018 
    53.34255 -100.50546 
    52.93887 -100.99315 
    52.56176 -101.50016 
    52.20587 -102.02169 
    51.88256 -102.56415 
    51.59317 -103.12562 
    51.33893 -103.70409 
    51.12096 -104.29743 
    50.94025 -104.90344 
    50.79764 -105.51984 
    50.69382 -106.14425 
    50.62934 -106.77424 
Cell 21 100 65.31492 -128.14571 
    55.30517 -128.14571 
    55.32627 -128.77414 
    55.38681 -129.39992 
    55.48654 -130.02057 
    55.62504 -130.63364 
    55.80176 -131.23671 
    56.01646 -131.82722 
    56.19952 -132.43509 
    56.42231 -133.03445 
    56.68410 -133.62299 
    56.98498 -134.19777 
    57.32463 -134.75584 
    57.70252 -135.29422 
    58.11769 -135.80998 
    58.56895 -136.30019 
    59.05484 -136.76198 
    59.57357 -137.19261 
    60.12317 -137.58946 
    60.70134 -137.95006 
    61.30562 -138.27203 
    61.93332 -138.55321 
    62.58258 -138.78745 
    63.25004 -138.97018 
    63.93016 -139.10715 
    64.61958 -139.19768 
    65.31492 -139.24219 
    66.01321 -139.24480 
    66.71227 -139.20682 
    67.41009 -139.12898 
    68.10381 -139.00769 
    68.78477 -138.82481 
    69.45074 -138.59158 
    70.09892 -138.31221 
    70.66013 -137.86861 
    70.95213 -137.02853 
    71.12736 -136.14584 
    71.49487 -135.61598 
    71.81933 -135.07220 
    72.10880 -134.52559 
    72.37225 -133.98404 
    72.62239 -133.45490 
    72.86933 -132.93988 
    73.12204 -132.43770 
    73.38505 -131.94322 
    73.65930 -131.44948 
    73.94451 -130.94963 
    74.23701 -130.43652 
    74.52811 -129.90321 
    74.81166 -129.34543 
    75.11327 -128.76216 
    75.47115 -128.14571 
    75.76290 -127.48837 
    75.64619 -126.84056 
    75.54842 -126.19356 
    75.43369 -125.54765 
    75.27551 -124.90931 
    75.07378 -124.28190 
    74.82870 -123.66885 
    74.54094 -123.07366 
    74.21152 -122.49975 
    73.84196 -121.95045 
    73.43418 -121.42887 
    72.99047 -120.93788 
    72.51349 -120.48000 
    72.00614 -120.05740 
    71.47155 -119.67182 
    70.94922 -119.26746 
    70.46947 -118.76962 
    69.96069 -118.27294 
    69.41512 -117.78979 
    68.82613 -117.33930 
    68.19062 -116.94559 
    67.51086 -116.63417 
    66.79528 -116.42741 
    66.05767 -116.34002 
    65.31492 -116.37612 
    64.58765 -116.58615 
    63.88667 -116.83999 
    63.21116 -117.11740 
    62.57610 -117.47871 
    61.97838 -117.87689 
    61.41219 -118.28854 
    60.87103 -118.70197 
    60.34961 -119.11384 
    59.84458 -119.52583 
    59.35488 -119.94242 
    58.88142 -120.36894 
    58.42650 -120.81029 
    57.99312 -121.27008 
    57.58443 -121.75050 
    57.20341 -122.25236 
    56.85263 -122.77538 
    56.53422 -123.31848 
    56.24995 -123.88006 
    56.00122 -124.45815 
    55.78920 -125.05061 
    55.61479 -125.65514 
    55.47872 -126.26935 
    55.38153 -126.89083 
    55.32361 -127.51711 
Cell 22 100 75.64251 -89.80431 
    63.50829 -89.80431 
    63.52777 -90.56651 
    63.62147 -91.32292 
    63.78675 -92.06592 
    64.01942 -92.78861 
    64.31401 -93.48516 
    64.66421 -94.15093 
    65.06319 -94.78256 
    65.50407 -95.37797 
    65.98024 -95.93617 
    66.48566 -96.45716 
    67.06907 -96.89689 
    67.66399 -97.29664 
    68.20674 -97.72260 
    68.70769 -98.18707 
    69.29792 -98.53690 
    69.89849 -98.85543 
    70.50856 -99.14294 
    71.12747 -99.39925 
    71.75468 -99.62386 
    72.38955 -99.81589 
    73.03130 -99.97428 
    73.67892 -100.09782 
    74.33109 -100.18529 
    74.98624 -100.23550 
    75.64251 -100.25393 
    76.29898 -100.23858 
    76.95330 -100.18030 
    77.60257 -100.07932 
    78.24390 -99.93607 
    78.87444 -99.75119 
    79.49140 -99.52551 
    80.09204 -99.26006 
    80.67373 -98.95608 
    81.23392 -98.61497 
    81.77019 -98.23833 
    82.28022 -97.82793 
    82.76186 -97.38565 
    83.21311 -96.91358 
    83.63218 -96.41395 
    84.01752 -95.88911 
    84.36795 -95.34164 
    84.68288 -94.77430 
    84.96264 -94.19003 
    85.20897 -93.59194 
    85.42568 -92.98306 
    85.61926 -92.36591 
    85.79913 -91.74179 
    85.97707 -91.10987 
    86.16531 -90.46635 
    86.37321 -89.80431 
    86.60265 -89.11476 
    86.84363 -88.38928 
    87.07172 -87.62408 
    87.24934 -86.82419 
    87.33154 -86.00632 
    87.27579 -85.19837 
    87.05274 -84.43507 
    86.65446 -83.75043 
    86.09723 -83.16955 
    85.41751 -82.70236 
    84.66286 -82.34203 
    84.15723 -81.80846 
    83.74538 -81.17564 
    83.28611 -80.56479 
    82.77910 -79.98164 
    82.22478 -79.43230 
    81.62449 -78.92313 
    80.98052 -78.46046 
    80.29619 -78.05046 
    79.57581 -77.69887 
    78.82464 -77.41075 
    78.04876 -77.19031 
    77.25493 -77.04070 
    76.45036 -76.96388 
    75.64251 -76.96059 
    74.83883 -77.03023 
    74.04655 -77.17099 
    73.27243 -77.37991 
    72.52258 -77.65299 
    71.80232 -77.98544 
    71.11608 -78.37186 
    70.46730 -78.80643 
    69.85849 -79.28323 
    69.29124 -79.79633 
    68.76634 -80.34008 
    68.28384 -80.90920 
    67.84323 -81.49893 
    67.44363 -82.10506 
    67.08385 -82.72398 
    66.76260 -83.35268 
    66.27876 -83.86190 
    65.77644 -84.38040 
    65.30628 -84.94046 
    64.87563 -85.54140 
    64.49201 -86.18130 
    64.16280 -86.85683 
    63.89475 -87.56331 
    63.69365 -88.29482 
    63.56390 -89.04440 
Cell 23 100 93.25950 -119.71851 
    81.69901 -119.71851 
    81.86767 -120.43522 
    82.08565 -121.13009 
    82.34570 -121.80042 
    82.64113 -122.44484 
    82.96613 -123.06302 
    83.31605 -123.65540 
    83.68983 -124.22165 
    84.34026 -124.62189 
    84.99607 -124.96264 
    85.55090 -125.31913 
    86.07063 -125.66565 
    86.57941 -125.99153 
    87.07915 -126.29990 
    87.56871 -126.59750 
    88.04963 -126.88927 
    88.52453 -127.17962 
    88.99683 -127.47227 
    89.47074 -127.77002 
    89.95148 -128.07361 
    90.44450 -128.38217 
    90.95532 -128.69269 
    91.48917 -128.99893 
    92.04873 -129.30275 
    92.63503 -129.64430 
    93.25950 -130.26335 
    93.93513 -130.45743 
    94.61114 -130.41783 
    95.28426 -130.33264 
    95.95122 -130.20206 
    96.60877 -130.02650 
    97.25368 -129.80667 
    97.88280 -129.54353 
    98.49302 -129.23825 
    99.08134 -128.89227 
    99.64492 -128.50729 
    100.18099 -128.08516 
    100.68700 -127.62800 
    101.16055 -127.13808 
    101.59942 -126.61789 
    102.00162 -126.07003 
    102.36536 -125.49726 
    102.68909 -124.90247 
    102.97150 -124.28863 
    103.21150 -123.65878 
    103.40830 -123.01605 
    103.56133 -122.36356 
    103.67027 -121.70447 
    103.73510 -121.04188 
    103.75601 -120.37889 
    103.73347 -119.71851 
    103.66822 -119.06364 
    103.56120 -118.41710 
    103.41364 -117.78150 
    103.22697 -117.15929 
    103.00282 -116.55271 
    102.74303 -115.96371 
    102.44958 -115.39398 
    102.12457 -114.84489 
    101.77015 -114.31748 
    101.38850 -113.81245 
    100.98172 -113.33012 
    100.55248 -112.86994 
    100.10497 -112.42882 
    99.63374 -112.01337 
    99.13958 -111.62527 
    98.63161 -111.25341 
    98.10625 -110.90229 
    97.56345 -110.57215 
    97.00298 -110.26357 
    96.42447 -109.97772 
    95.82757 -109.71654 
    95.21208 -109.48269 
    94.57824 -109.27962 
    93.92684 -109.11143 
    93.25950 -108.98273 
    92.57875 -108.89838 
    91.88816 -108.86325 
    91.19228 -108.88178 
    90.49660 -108.95776 
    89.80737 -109.09396 
    89.13131 -109.29190 
    88.47533 -109.55162 
    87.84615 -109.87167 
    87.25002 -110.24909 
    86.69232 -110.67957 
    86.14105 -111.11378 
    85.50378 -111.45950 
    84.88593 -111.85521 
    84.29579 -112.30309 
    83.74234 -112.80389 
    83.23481 -113.35664 
    82.78211 -113.95851 
    82.39221 -114.60475 
    82.07159 -115.28890 
    81.82480 -116.00315 
    81.65411 -116.73875 
    81.55947 -117.48660 
    81.53854 -118.23780 
    81.58700 -118.98414 
Cell 24 100 -98.20892 -105.13112 
    -108.37949 -105.13112 
    -108.36945 -105.77036 
    -108.31863 -106.40827 
    -108.22708 -107.04218 
    -108.09511 -107.66946 
    -107.92319 -108.28748 
    -107.71199 -108.89365 
    -107.46234 -109.48545 
    -107.17527 -110.06041 
    -106.85195 -110.61616 
    -106.49374 -111.15040 
    -106.10215 -111.66097 
    -105.67882 -112.14582 
    -105.22553 -112.60306 
    -104.74420 -113.03092 
    -104.23682 -113.42782 
    -103.70549 -113.79234 
    -103.15237 -114.12323 
    -102.57967 -114.41946 
    -101.98963 -114.68012 
    -101.38449 -114.90454 
    -100.76648 -115.09219 
    -100.13780 -115.24269 
    -99.50060 -115.35583 
    -98.85696 -115.43152 
    -98.20892 -115.46974 
    -97.55841 -115.47059 
    -96.90733 -115.43417 
    -96.25752 -115.36067 
    -95.61077 -115.25022 
    -94.96886 -115.10297 
    -94.33360 -114.91904 
    -93.70686 -114.69849 
    -93.09056 -114.44138 
    -92.48679 -114.14774 
    -91.89779 -113.81763 
    -91.33138 -113.44463 
    -90.98792 -112.82069 
    -90.74847 -112.13694 
    -90.56046 -111.45847 
    -90.36324 -110.83134 
    -90.14358 -110.24953 
    -89.90009 -109.69894 
    -89.63590 -109.16527 
    -89.34256 -108.64156 
    -88.99412 -108.12519 
    -88.61831 -107.59357 
    -88.26580 -107.02787 
    -87.88434 -106.43542 
    -87.39596 -105.81141 
    -86.78947 -105.13112 
    -86.10053 -104.36932 
    -85.87218 -103.57262 
    -86.07421 -102.81630 
    -86.48942 -102.12206 
    -87.05780 -101.50790 
    -87.70322 -100.97163 
    -88.14341 -100.39465 
    -88.01559 -99.52729 
    -87.79136 -98.51994 
    -89.38976 -98.72363 
    -89.87085 -98.23328 
    -90.37887 -97.77821 
    -90.91047 -97.35906 
    -91.46249 -96.97610 
    -92.03204 -96.62937 
    -92.61642 -96.31876 
    -93.21325 -96.04403 
    -93.82032 -95.80488 
    -94.43568 -95.60102 
    -95.05754 -95.43217 
    -95.68423 -95.29814 
    -96.31422 -95.19875 
    -96.93925 -95.08070 
    -97.56823 -94.94773 
    -98.20892 -94.82313 
    -98.86484 -94.70551 
    -99.53934 -94.59978 
    -100.23333 -94.51877 
    -100.94299 -94.48257 
    -101.65819 -94.51536 
    -102.36274 -94.63977 
    -103.03703 -94.87086 
    -103.66228 -95.21150 
    -104.22508 -95.65116 
    -104.72058 -96.16859 
    -105.15289 -96.73729 
    -105.53292 -97.33184 
    -105.87444 -97.93272 
    -106.19000 -98.52859 
    -106.48820 -99.11587 
    -106.77258 -99.69646 
    -107.04227 -100.27494 
    -107.33569 -100.83639 
    -107.59946 -101.41314 
    -107.82657 -102.00616 
    -108.01592 -102.61311 
    -108.16658 -103.23159 
    -108.27777 -103.85912 
    -108.34888 -104.49316 
