64 25 
Cell 0 100 -120.30116 -148.97975 
    -130.30125 -148.97975 
    -130.28151 -149.60767 
    -130.22238 -150.23309 
    -130.12410 -150.85358 
    -129.98705 -151.46666 
    -129.81177 -152.06993 
    -129.59895 -152.66101 
    -129.34944 -153.23755 
    -129.07011 -153.80052 
    -128.76126 -154.34869 
    -128.42174 -154.87970 
    -128.04955 -155.38977 
    -127.64544 -155.87648 
    -127.21064 -156.33760 
    -126.74664 -156.77100 
    -126.25519 -157.17477 
    -125.73817 -157.54712 
    -125.19758 -157.88631 
    -124.63554 -158.19077 
    -124.05430 -158.45909 
    -123.45621 -158.69000 
    -122.84372 -158.88235 
    -122.21934 -159.03519 
    -121.58568 -159.14772 
    -120.94538 -159.21935 
    -120.30116 -159.24963 
    -119.65575 -159.23833 
    -119.01189 -159.18541 
    -118.37234 -159.09096 
    -117.73987 -158.95535 
    -117.11716 -158.77908 
    -116.50694 -158.56287 
    -115.91181 -158.30760 
    -115.33435 -158.01436 
    -114.77704 -157.68437 
    -114.24227 -157.31909 
    -113.73235 -156.92009 
    -113.24942 -156.48909 
    -112.79554 -156.02800 
    -112.37261 -155.53882 
    -111.98238 -155.02370 
    -111.62648 -154.48488 
    -111.30631 -153.92471 
    -111.02316 -153.34566 
    -110.77807 -152.75021 
    -110.54438 -152.14992 
    -110.34382 -151.53636 
    -110.17725 -150.91100 
    -110.04483 -150.27542 
    -109.94972 -149.63101 
    -110.25096 -148.97975 
    -110.59380 -148.36902 
    -110.87677 -147.78917 
    -111.12343 -147.22900 
    -111.34796 -146.68097 
    -111.55872 -146.13916 
    -111.76364 -145.59950 
    -111.97126 -145.06000 
    -112.18783 -144.51941 
    -112.41202 -143.97316 
    -112.65037 -143.42113 
    -112.91882 -142.87254 
    -113.23627 -142.34537 
    -113.57607 -141.81827 
    -113.92094 -141.26738 
    -114.22652 -140.61871 
    -114.25768 -139.45676 
    -114.76887 -138.91655 
    -115.57851 -138.94360 
    -116.32610 -138.93990 
    -117.03255 -138.91998 
    -117.69797 -138.84097 
    -118.34808 -138.74135 
    -118.99334 -138.62729 
    -119.64162 -138.49667 
    -120.30116 -138.26508 
    -120.99183 -138.00195 
    -121.72688 -137.69408 
    -122.51705 -137.36363 
    -123.25385 -137.47977 
    -123.93353 -137.80049 
    -124.55072 -138.24658 
    -125.06491 -138.85628 
    -125.50791 -139.50871 
    -126.01315 -139.97911 
    -126.51182 -140.43153 
    -127.09480 -140.76765 
    -127.88841 -140.90016 
    -127.88735 -141.85585 
    -128.20374 -142.44218 
    -128.55101 -142.98589 
    -128.86777 -143.54321 
    -129.15372 -144.11302 
    -129.40837 -144.69423 
    -129.63120 -145.28574 
    -129.82153 -145.88640 
    -129.98714 -146.49281 
    -130.12416 -147.10591 
    -130.22243 -147.72641 
    -130.28154 -148.35184 
Cell 1 100 -102.70728 -142.46431 
    -113.16464 -142.46431 
    -112.80762 -143.09976 
    -112.52782 -143.70494 
    -112.28168 -144.29073 
    -112.05013 -144.86314 
    -111.82952 -145.42830 
    -111.61494 -145.99110 
    -111.39750 -146.55362 
    -111.16953 -147.11647 
    -110.92507 -147.67947 
    -110.65678 -148.23996 
    -110.35629 -148.79213 
    -110.04581 -149.35565 
    -109.58028 -149.78331 
    -109.09937 -150.19101 
    -108.60371 -150.58005 
    -108.08434 -150.93721 
    -107.54333 -151.26103 
    -106.98279 -151.55022 
    -106.40495 -151.80356 
    -105.81212 -152.02000 
    -105.20665 -152.19868 
    -104.59095 -152.33884 
    -103.96749 -152.43987 
    -103.33876 -152.50136 
    -102.70728 -152.52303 
    -102.07559 -152.50476 
    -101.44622 -152.44664 
    -100.82171 -152.34886 
    -100.20455 -152.21181 
    -99.59724 -152.03603 
    -99.00223 -151.82222 
    -98.42189 -151.57123 
    -97.85858 -151.28407 
    -97.31454 -150.96190 
    -96.79198 -150.60602 
    -96.29298 -150.21786 
    -95.81955 -149.79900 
    -95.37357 -149.35112 
    -94.95684 -148.87604 
    -94.57100 -148.37567 
    -94.20950 -147.85716 
    -93.87494 -147.31993 
    -93.56937 -146.76428 
    -93.55766 -146.08691 
    -93.53683 -145.44397 
    -93.49049 -144.83078 
    -93.45462 -144.22934 
    -93.43243 -143.63599 
    -93.42467 -143.04832 
    -93.41190 -142.46431 
    -93.39215 -141.87825 
    -93.38045 -141.28606 
    -93.37112 -140.68333 
    -93.37073 -140.06709 
    -93.37857 -139.43323 
    -93.39041 -138.77550 
    -93.39461 -138.08211 
    -93.36611 -137.32896 
    -93.29806 -136.49303 
    -93.69975 -135.91995 
    -94.15449 -135.38882 
    -94.65610 -134.90375 
    -95.19736 -134.46706 
    -95.77058 -134.07928 
    -96.36827 -133.73941 
    -96.98357 -133.44518 
    -97.61065 -133.19356 
    -98.24492 -132.98131 
    -98.88300 -132.80528 
    -99.52261 -132.66289 
    -100.11862 -132.38214 
    -100.73063 -132.10233 
    -101.36920 -131.87231 
    -102.03116 -131.71762 
    -102.70728 -131.65916 
    -103.38413 -131.70613 
    -104.04785 -131.85262 
    -104.68824 -132.07979 
    -105.27728 -132.45485 
    -105.85196 -132.78601 
    -106.45595 -132.99625 
    -107.06573 -133.20215 
    -107.67187 -133.43376 
    -108.15840 -133.87474 
    -108.63644 -134.30351 
    -109.11997 -134.71271 
    -109.60831 -135.11548 
    -110.10048 -135.52164 
    -110.59747 -135.93697 
    -111.09709 -136.36876 
    -111.59956 -136.82111 
    -112.10875 -137.29581 
    -112.63524 -137.79257 
    -113.21317 -138.30473 
    -113.82582 -138.85168 
    -114.25655 -139.49896 
    -114.23600 -140.26509 
    -114.03098 -141.03380 
    -113.60069 -141.77895 
Cell 2 100 -83.08743 -144.35298 
    -93.46199 -144.35298 
    -93.50391 -145.00833 
    -93.54428 -145.67400 
    -93.56223 -146.35115 
    -93.42658 -147.00763 
    -93.11986 -147.61272 
    -92.79516 -148.19655 
    -92.45276 -148.75996 
    -92.09228 -149.30344 
    -91.71297 -149.82690 
    -91.31393 -150.32988 
    -90.89429 -150.81137 
    -90.46928 -151.28500 
    -90.04707 -151.76425 
    -89.59328 -152.21721 
    -89.10949 -152.64163 
    -88.59747 -153.03540 
    -88.05912 -153.39645 
    -87.49657 -153.72289 
    -86.91209 -154.01294 
    -86.30804 -154.26500 
    -85.68699 -154.47760 
    -85.05159 -154.64944 
    -84.40461 -154.77948 
    -83.74891 -154.86681 
    -83.08743 -154.91077 
    -82.42319 -154.91087 
    -81.75921 -154.86694 
    -81.09858 -154.77892 
    -80.44437 -154.64706 
    -79.79962 -154.47182 
    -79.16739 -154.25389 
    -78.55062 -153.99420 
    -77.95223 -153.69388 
    -77.37504 -153.35428 
    -76.82172 -152.97699 
    -76.29488 -152.56378 
    -75.79693 -152.11658 
    -75.33015 -151.63756 
    -74.89664 -151.12900 
    -74.49833 -150.59332 
    -74.13695 -150.03313 
    -73.81400 -149.45110 
    -73.53081 -148.84999 
    -73.27435 -148.23825 
    -73.01699 -147.62506 
    -72.79458 -146.99574 
    -72.60915 -146.35182 
    -72.46311 -145.69514 
    -72.35920 -145.02794 
    -72.30029 -144.35298 
    -72.28921 -143.67361 
    -72.32850 -142.99380 
    -72.42017 -142.31808 
    -72.56537 -141.65138 
    -72.76434 -140.99881 
    -73.01618 -140.36549 
    -73.31887 -139.75624 
    -73.66937 -139.17535 
    -74.06374 -138.62637 
    -74.49747 -138.11201 
    -74.96564 -137.63405 
    -75.46329 -137.19344 
    -75.98567 -136.79037 
    -76.52841 -136.42448 
    -77.08767 -136.09502 
    -77.66019 -135.80103 
    -78.24332 -135.54158 
    -78.80447 -135.25124 
    -79.37303 -134.97148 
    -79.95681 -134.71791 
    -80.55491 -134.48946 
    -81.16687 -134.28502 
    -81.79265 -134.10368 
    -82.43261 -133.94485 
    -83.08743 -133.80858 
    -83.75950 -133.67076 
    -84.45563 -133.52264 
    -85.16476 -133.46326 
    -85.86975 -133.51659 
    -86.61722 -133.48941 
    -87.38062 -133.50964 
    -88.13511 -133.62613 
    -88.86486 -133.84389 
    -89.61692 -134.06415 
    -90.35416 -134.35120 
    -91.06620 -134.70831 
    -91.74210 -135.13670 
    -92.37083 -135.63528 
    -92.94206 -136.20053 
    -93.33199 -136.90988 
    -93.38462 -137.81819 
    -93.39094 -138.68858 
    -93.37761 -139.51080 
    -93.37086 -140.28148 
    -93.37617 -141.00998 
    -93.38879 -141.70804 
    -93.40919 -142.38400 
    -93.42464 -143.04709 
    -93.43490 -143.70198 
Cell 3 100 -59.57158 -155.61633 
    -69.71034 -155.61633 
    -69.66553 -156.25139 
    -69.58367 -156.88115 
    -69.46545 -157.50369 
    -69.31142 -158.11710 
    -69.12215 -158.71950 
    -68.89810 -159.30896 
    -68.63986 -159.88354 
    -68.34805 -160.44124 
    -68.02342 -160.98004 
    -67.66689 -161.49792 
    -67.27953 -161.99290 
    -66.86259 -162.46304 
    -66.41746 -162.90645 
    -65.94582 -163.32147 
    -65.44942 -163.70650 
    -64.92985 -164.05962 
    -64.38911 -164.37939 
    -63.82937 -164.66460 
    -63.25282 -164.91409 
    -62.66175 -165.12689 
    -62.05851 -165.30231 
    -61.44559 -165.44028 
    -60.82516 -165.53949 
    -60.19967 -165.59955 
    -59.57158 -165.62022 
    -58.94337 -165.60141 
    -58.31752 -165.54318 
    -57.69646 -165.44603 
    -57.08244 -165.31085 
    -56.47778 -165.13805 
    -55.88463 -164.92850 
    -55.30498 -164.68332 
    -54.74064 -164.40378 
    -54.19319 -164.09131 
    -53.66396 -163.74747 
    -53.15401 -163.37384 
    -52.66413 -162.97202 
    -52.19489 -162.54350 
    -51.74669 -162.08965 
    -51.31987 -161.61154 
    -50.91489 -161.11003 
    -50.53245 -160.58563 
    -50.17371 -160.03864 
    -49.84044 -159.46916 
    -49.53518 -158.87735 
    -49.26126 -158.26357 
    -49.02280 -157.62862 
    -48.82457 -156.97400 
    -48.67169 -156.30209 
    -48.56935 -155.61633 
    -48.52234 -154.92117 
    -48.53463 -154.22205 
    -48.60901 -153.52512 
    -48.74673 -152.83699 
    -48.94733 -152.16431 
    -49.19085 -151.50632 
    -49.75224 -150.99570 
    -50.41115 -150.58034 
    -51.01864 -150.18846 
    -51.57459 -149.80618 
    -52.10257 -149.43742 
    -52.61548 -149.08412 
    -53.12041 -148.74654 
    -53.62099 -148.42331 
    -54.11638 -148.10789 
    -54.61198 -147.80127 
    -55.11021 -147.50113 
    -55.61243 -147.20273 
    -56.11871 -146.89540 
    -56.63337 -146.57349 
    -57.15992 -146.22357 
    -57.70368 -145.82449 
    -58.31198 -145.64561 
    -58.94127 -145.59792 
    -59.57158 -145.56610 
    -60.20356 -145.57130 
    -60.83524 -145.61343 
    -61.46465 -145.69250 
    -62.08979 -145.80853 
    -62.70861 -145.96152 
    -63.32488 -146.13658 
    -63.92242 -146.37030 
    -64.50330 -146.64557 
    -65.07204 -146.94899 
    -65.62096 -147.29007 
    -66.14673 -147.66833 
    -66.64594 -148.08290 
    -67.11522 -148.53238 
    -67.55140 -149.01485 
    -67.95163 -149.52786 
    -68.31350 -150.06854 
    -68.63514 -150.63361 
    -68.91527 -151.21953 
    -69.15319 -151.82271 
    -69.34874 -152.43954 
    -69.50220 -153.06657 
    -69.61421 -153.70059 
    -69.68560 -154.33864 
    -69.71733 -154.97801 
Cell 4 100 -47.65054 -141.24850 
    -59.66629 -141.24850 
    -59.50607 -141.99438 
    -59.29633 -142.71971 
    -59.04129 -143.42140 
    -58.74516 -144.09712 
    -58.41209 -144.74515 
    -58.04599 -145.36435 
    -57.57528 -145.91873 
    -56.95176 -146.36191 
    -56.33522 -146.75998 
    -55.73958 -147.12555 
    -55.16751 -147.46709 
    -54.62206 -147.79520 
    -54.10108 -148.11765 
    -53.59821 -148.43802 
    -53.10544 -148.75655 
    -52.62088 -149.08051 
    -52.13874 -149.41251 
    -51.65202 -149.75209 
    -51.15342 -150.09578 
    -50.63559 -150.43556 
    -50.09733 -150.77815 
    -49.54574 -151.18352 
    -48.95452 -151.57060 
    -48.30559 -151.66029 
    -47.65054 -151.70741 
    -46.99226 -151.71147 
    -46.33372 -151.67220 
    -45.67789 -151.58949 
    -45.02776 -151.46353 
    -44.38634 -151.29465 
    -43.75659 -151.08348 
    -43.14143 -150.83084 
    -42.54373 -150.53775 
    -41.96626 -150.20549 
    -41.41172 -149.83549 
    -40.88265 -149.42947 
    -40.38150 -148.98924 
    -39.91052 -148.51686 
    -39.47185 -148.01451 
    -39.06740 -147.48451 
    -38.69891 -146.92938 
    -38.36790 -146.35167 
    -38.07572 -145.75407 
    -37.82346 -145.13931 
    -37.61202 -144.51021 
    -37.44207 -143.86960 
    -37.31408 -143.22029 
    -37.22829 -142.56514 
    -37.18475 -141.90695 
    -37.18333 -141.24850 
    -37.22372 -140.59250 
    -37.30544 -139.94162 
    -37.42786 -139.29843 
    -37.59021 -138.66545 
    -37.79161 -138.04515 
    -38.03106 -137.43988 
    -38.30743 -136.85197 
    -38.62012 -136.28400 
    -39.08842 -135.81482 
    -39.56223 -135.37201 
    -39.99763 -134.91747 
    -40.43019 -134.46815 
    -40.86504 -134.02267 
    -41.30591 -133.57918 
    -41.75569 -133.13495 
    -42.21678 -132.68628 
    -42.69129 -132.22768 
    -43.18621 -131.76134 
    -43.74082 -131.37369 
    -44.33554 -131.04599 
    -44.95855 -130.76390 
    -45.60349 -130.51749 
    -46.26852 -130.30876 
    -46.95171 -130.14101 
    -47.65054 -130.01761 
    -48.36189 -129.94189 
    -49.08203 -129.91707 
    -49.79363 -130.01402 
    -50.45228 -130.33644 
    -51.09496 -130.64766 
    -51.71927 -130.97206 
    -52.32641 -131.31178 
    -52.91520 -131.67213 
    -53.48788 -132.05032 
    -53.99535 -132.51561 
    -54.49742 -132.97205 
    -54.99001 -133.43275 
    -55.46803 -133.90739 
    -55.92880 -134.40013 
    -56.37129 -134.91251 
    -56.80267 -135.44038 
    -57.22235 -135.98636 
    -57.63833 -136.54860 
    -58.06822 -137.12386 
    -58.54823 -137.70763 
    -59.06551 -138.31764 
    -59.46742 -138.99432 
    -59.82142 -139.71097 
    -59.77293 -140.48582 
Cell 5 100 -9.86187 -147.94408 
    -20.25051 -147.94408 
    -20.26294 -148.59845 
    -20.23242 -149.25418 
    -20.15873 -149.90831 
    -20.04188 -150.55786 
    -19.88208 -151.19984 
    -19.67979 -151.83127 
    -19.43569 -152.44917 
    -19.15066 -153.05063 
    -18.82585 -153.63278 
    -18.46258 -154.19286 
    -18.06241 -154.72815 
    -17.62710 -155.23611 
    -17.15860 -155.71429 
    -16.65902 -156.16042 
    -16.13070 -156.57239 
    -15.57607 -156.94821 
    -14.99774 -157.28619 
    -14.39842 -157.58473 
    -13.78096 -157.84256 
    -13.14825 -158.05852 
    -12.50329 -158.23174 
    -11.84911 -158.36153 
    -11.18876 -158.44748 
    -10.52533 -158.48943 
    -9.86187 -158.48737 
    -9.20142 -158.44156 
    -8.54698 -158.35252 
    -7.90146 -158.22093 
    -7.26769 -158.04773 
    -6.64844 -157.83398 
    -6.04634 -157.58099 
    -5.46388 -157.29028 
    -4.90344 -156.96344 
    -4.36724 -156.60222 
    -3.85735 -156.20859 
    -3.37567 -155.78455 
    -2.92392 -155.33224 
    -2.48356 -154.87277 
    -2.04300 -154.41241 
    -1.62923 -153.92545 
    -1.24975 -153.40950 
    -0.93430 -152.85205 
    -0.69636 -152.25703 
    -0.52496 -151.64082 
    -0.36186 -151.03082 
    -0.21053 -150.42212 
    -0.07342 -149.81131 
    0.04787 -149.19597 
    0.15256 -148.57413 
    0.24075 -147.94408 
    0.31373 -147.30388 
    0.44580 -146.64192 
    0.70198 -145.92891 
    1.00027 -145.15515 
    1.37173 -144.29405 
    1.84562 -143.30876 
    1.63122 -142.53584 
    1.26263 -141.82832 
    0.75844 -141.20422 
    0.14209 -140.67578 
    -0.55491 -140.24469 
    -1.29857 -139.90260 
    -2.05784 -139.63362 
    -2.80866 -139.41821 
    -3.53591 -139.23714 
    -4.23316 -139.07465 
    -4.89252 -138.90486 
    -5.48367 -138.63992 
    -6.08788 -138.41206 
    -6.70282 -138.22151 
    -7.32623 -138.06842 
    -7.94187 -137.87906 
    -8.56485 -137.67711 
    -9.20422 -137.49106 
    -9.86187 -137.33139 
    -10.53557 -137.23587 
    -11.20160 -137.33905 
    -11.86852 -137.42484 
    -12.53718 -137.52444 
    -13.20816 -137.64525 
    -13.88221 -137.78986 
    -14.56067 -137.95862 
    -15.20025 -138.23361 
    -15.76297 -138.64543 
    -16.24829 -139.15393 
    -16.68745 -139.69336 
    -17.08743 -140.24963 
    -17.45564 -140.81305 
    -17.79830 -141.37849 
    -18.11938 -141.94464 
    -18.42027 -142.51276 
    -18.70014 -143.08519 
    -19.02109 -143.63408 
    -19.31152 -144.20270 
    -19.56591 -144.79105 
    -19.78278 -145.39682 
    -19.96076 -146.01761 
    -20.09869 -146.65086 
    -20.19555 -147.29393 
Cell 6 100 9.11917 -151.82103 
    -0.57508 -151.82103 
    -0.77083 -152.44325 
    -1.07998 -153.10948 
    -1.49773 -153.84631 
    -1.65258 -154.58675 
    -1.60169 -155.30444 
    -1.39386 -155.98343 
    -1.12632 -156.64220 
    -0.81296 -157.28127 
    -0.45533 -157.89719 
    -0.05527 -158.48665 
    0.38506 -159.04652 
    0.86329 -159.57382 
    1.37677 -160.06584 
    1.92271 -160.52007 
    2.49803 -160.93425 
    3.09955 -161.30643 
    3.72394 -161.63492 
    4.36775 -161.91830 
    5.02745 -162.15555 
    5.69945 -162.34586 
    6.38018 -162.48869 
    7.06603 -162.58398 
    7.75345 -162.63182 
    8.43897 -162.63257 
    9.11917 -162.58699 
    9.79078 -162.49602 
    10.45066 -162.36087 
    11.09583 -162.18301 
    11.72345 -161.96404 
    12.33094 -161.70583 
    12.91586 -161.41037 
    13.50314 -161.13744 
    14.10000 -160.88113 
    14.68395 -160.58972 
    15.25300 -160.26352 
    15.80507 -159.90289 
    16.33792 -159.50822 
    16.84919 -159.08000 
    17.33636 -158.61888 
    17.79674 -158.12564 
    18.22752 -157.60136 
    18.62581 -157.04735 
    18.98866 -156.46526 
    19.31309 -155.85709 
    19.59624 -155.22523 
    19.83540 -154.57249 
    20.02806 -153.90201 
    20.17206 -153.21733 
    20.26562 -152.52231 
    20.30743 -151.82103 
    20.29668 -151.11780 
    20.23312 -150.41701 
    20.11705 -149.72307 
    19.94937 -149.04031 
    19.73149 -148.37288 
    19.46534 -147.72469 
    19.15326 -147.09935 
    18.79800 -146.50005 
    18.40255 -145.92961 
    17.97013 -145.39043 
    17.50408 -144.88443 
    17.00776 -144.41316 
    16.48449 -143.97777 
    15.93752 -143.57906 
    15.36994 -143.21758 
    14.78469 -142.89360 
    14.18451 -142.60722 
    13.57193 -142.35843 
    12.94935 -142.14711 
    12.31896 -141.97310 
    11.68283 -141.83623 
    11.04293 -141.73634 
    10.43085 -141.43805 
    9.79459 -141.08548 
    9.11917 -140.69290 
    8.39399 -140.29463 
    7.61971 -139.95157 
    6.81432 -139.73859 
    6.01274 -139.72229 
    5.25801 -139.93761 
    4.58708 -140.37427 
    4.01799 -140.98048 
    3.54494 -141.68155 
    3.10008 -142.33647 
    2.54090 -142.76682 
    2.02987 -143.25154 
    1.60175 -143.81580 
    1.29447 -144.47314 
    1.01638 -145.11781 
    0.76923 -145.75446 
    0.54094 -146.37712 
    0.37193 -147.01219 
    0.27331 -147.65848 
    0.19277 -148.28682 
    0.09933 -148.89030 
    -0.00766 -149.47766 
    -0.12856 -150.05693 
    -0.26363 -150.63571 
    -0.41280 -151.22133 
Cell 7 100 28.92449 -139.88823 
    18.66196 -139.88823 
    18.63613 -140.53552 
    18.65252 -141.18588 
    18.71160 -141.83644 
    18.81362 -142.48425 
    18.95860 -143.12634 
    19.14622 -143.75972 
    19.37589 -144.38145 
    19.64676 -144.98871 
    19.95784 -145.57864 
    20.30852 -146.14809 
    20.69781 -146.69392 
    21.12364 -147.21371 
    21.58422 -147.70482 
    22.07753 -148.16478 
    22.60136 -148.59126 
    23.15333 -148.98210 
    23.73091 -149.33531 
    24.33136 -149.64911 
    24.95186 -149.92192 
    25.58944 -150.15244 
    26.24106 -150.33949 
    26.90357 -150.48222 
    27.57380 -150.58003 
    28.24851 -150.63249 
    28.92449 -150.63953 
    29.59849 -150.60121 
    30.26733 -150.51793 
    30.92786 -150.39029 
    31.57701 -150.21915 
    32.21180 -150.00555 
    32.82936 -149.75081 
    33.42694 -149.45642 
    34.00193 -149.12407 
    34.55190 -148.75560 
    35.07456 -148.35307 
    35.56782 -147.91864 
    36.02979 -147.45461 
    36.45877 -146.96339 
    36.85331 -146.44753 
    37.27694 -145.95665 
    37.67920 -145.44414 
    38.05375 -144.90709 
    38.39913 -144.34666 
    38.71378 -143.76408 
    38.99604 -143.16068 
    39.24416 -142.53787 
    39.45628 -141.89728 
    39.63050 -141.24071 
    39.76483 -140.57025 
    39.85732 -139.88823 
    39.90605 -139.19733 
    39.90922 -138.50053 
    39.86523 -137.80118 
    39.77274 -137.10287 
    39.63075 -136.40956 
    39.43867 -135.72537 
    39.19638 -135.05464 
    38.90428 -134.40179 
    38.56334 -133.77122 
    38.17506 -133.16730 
    37.74155 -132.59412 
    37.26540 -132.05559 
    36.74973 -131.55519 
    36.20041 -131.09315 
    35.69597 -130.56808 
    35.13302 -130.10515 
    34.51731 -129.71492 
    33.85745 -129.40515 
    33.16424 -129.17982 
    32.44962 -129.03900 
    31.72556 -128.97878 
    31.00306 -128.99196 
    30.29228 -129.06102 
    29.60491 -129.07324 
    28.92449 -128.89859 
    28.22426 -128.75854 
    27.50644 -128.66325 
    26.77521 -128.62132 
    26.03675 -128.64124 
    25.29913 -128.73055 
    24.57193 -128.89493 
    23.86559 -129.13753 
    23.19062 -129.45837 
    22.66181 -130.01984 
    22.16894 -130.59003 
    21.71695 -131.17581 
    21.30613 -131.77551 
    20.95103 -132.40065 
    20.63385 -133.02962 
    20.33247 -133.64577 
    20.04289 -134.25180 
    19.75957 -134.84978 
    19.47532 -135.44179 
    19.18529 -136.03221 
    19.00097 -136.66388 
    18.91487 -137.31819 
    18.85479 -137.96733 
    18.81721 -138.61139 
    18.72935 -139.24681 
Cell 8 100 45.98238 -151.32686 
    35.95354 -151.32686 
    35.97562 -151.95644 
    36.02874 -152.58429 
    36.11947 -153.20831 
    36.24923 -153.82591 
    36.41782 -154.43457 
    36.62467 -155.03183 
    36.86904 -155.61526 
    37.15002 -156.18248 
    37.46656 -156.73116 
    37.81744 -157.25903 
    38.20130 -157.76393 
    38.61665 -158.24374 
    39.06184 -158.69649 
    39.53510 -159.12027 
    40.03456 -159.51332 
    40.55818 -159.87402 
    41.10388 -160.20081 
    41.66942 -160.49236 
    42.25251 -160.74741 
    42.85078 -160.96492 
    43.46178 -161.14395 
    44.08300 -161.28377 
    44.71189 -161.38377 
    45.34589 -161.44356 
    45.98238 -161.46289 
    46.61875 -161.44168 
    47.25239 -161.38004 
    47.88070 -161.27823 
    48.50111 -161.13669 
    49.11110 -160.95609 
    49.70816 -160.73711 
    50.28988 -160.48076 
    50.85389 -160.18811 
    51.39792 -159.86040 
    51.91979 -159.49901 
    52.41741 -159.10548 
    52.88880 -158.68146 
    53.33209 -158.22870 
    53.74556 -157.74911 
    54.12757 -157.24469 
    54.47669 -156.71751 
    54.79156 -156.16975 
    55.07100 -155.60364 
    55.31398 -155.02150 
    55.51962 -154.42569 
    55.68718 -153.81863 
    55.81609 -153.20274 
    55.90597 -152.58051 
    55.96359 -151.95482 
    55.94876 -151.32686 
    55.90312 -150.70270 
    55.85372 -150.07982 
    55.81131 -149.45189 
    55.67439 -148.83838 
    55.49999 -148.23441 
    55.28796 -147.64252 
    55.03913 -147.06506 
    54.75448 -146.50435 
    54.43747 -145.96109 
    54.09103 -145.43558 
    53.71606 -144.92900 
    53.31492 -144.44115 
    52.88972 -143.97128 
    52.44196 -143.51855 
    51.97217 -143.08261 
    51.47976 -142.66438 
    50.96312 -142.26691 
    50.42023 -141.89595 
    49.95027 -141.30511 
    49.45633 -140.63512 
    48.75393 -140.53238 
    47.97884 -140.86104 
    47.31742 -140.75893 
    46.64925 -140.72726 
    45.98238 -140.58525 
    45.30479 -140.55693 
    44.65157 -140.79245 
    44.04280 -141.15924 
    43.43412 -141.40208 
    42.83669 -141.64542 
    42.25494 -141.91243 
    41.68872 -142.20238 
    41.13855 -142.51598 
    40.60569 -142.85457 
    40.09202 -143.21948 
    39.59973 -143.61157 
    39.12909 -144.02885 
    38.68501 -144.47418 
    38.26984 -144.94649 
    37.88519 -145.44391 
    37.53265 -145.96449 
    37.21350 -146.50613 
    36.92906 -147.06670 
    36.68042 -147.64395 
    36.46023 -148.23293 
    36.23364 -148.82381 
    36.06198 -149.43445 
    35.97543 -150.06268 
    35.95162 -150.69577 
Cell 9 100 66.84467 -152.19537 
    56.07650 -152.19537 
    56.14964 -152.86824 
    56.15133 -153.54625 
    56.15946 -154.23369 
    56.20472 -154.92725 
    56.36351 -155.60091 
    56.56623 -156.26489 
    56.81308 -156.91588 
    57.10385 -157.55043 
    57.43779 -158.16516 
    57.81385 -158.75664 
    58.23046 -159.32167 
    58.68570 -159.85715 
    59.17737 -160.36021 
    59.70302 -160.82814 
    60.25990 -161.25853 
    60.84510 -161.64917 
    61.45557 -161.99809 
    62.08807 -162.30367 
    62.73922 -162.56454 
    63.40560 -162.77972 
    64.08372 -162.94852 
    64.77011 -163.07057 
    65.46128 -163.14595 
    66.15388 -163.17502 
    66.84467 -163.15848 
    67.53057 -163.09750 
    68.20879 -162.99348 
    68.87679 -162.84810 
    69.53238 -162.66331 
    70.17377 -162.44131 
    70.79951 -162.18419 
    71.40862 -161.89427 
    72.00031 -161.57347 
    72.57427 -161.22379 
    73.13024 -160.84673 
    73.66802 -160.44341 
    74.18736 -160.01456 
    74.68761 -159.56039 
    75.16782 -159.08089 
    75.62621 -158.57555 
    76.06037 -158.04384 
    76.46704 -157.48532 
    76.82475 -156.89165 
    77.05616 -156.23839 
    77.27232 -155.58353 
    77.48653 -154.92773 
    77.66216 -154.25893 
    77.78071 -153.57692 
    77.84449 -152.88742 
    77.85317 -152.19537 
    77.80450 -151.50584 
    77.70370 -150.82356 
    77.55592 -150.15210 
    77.36436 -149.49437 
    77.14035 -148.85010 
    77.00121 -148.17412 
    76.81952 -147.50156 
    76.59296 -146.83620 
    76.31998 -146.18216 
    76.00176 -145.54234 
    75.58014 -144.96877 
    75.13600 -144.40930 
    74.66420 -143.86842 
    74.16380 -143.34805 
    73.63477 -142.84958 
    73.07694 -142.37488 
    72.46865 -141.96538 
    71.81161 -141.64006 
    71.12996 -141.37195 
    70.42948 -141.16245 
    69.71608 -141.01195 
    68.99558 -140.91988 
    68.27353 -140.88478 
    67.55503 -140.90440 
    66.84467 -140.97595 
    66.14636 -141.09621 
    65.46342 -141.26169 
    64.79847 -141.46884 
    64.15358 -141.71429 
    63.53029 -141.99477 
    62.92973 -142.30737 
    62.35273 -142.64954 
    61.79993 -143.01904 
    61.27186 -143.41405 
    60.76904 -143.83301 
    60.29206 -144.27464 
    59.84158 -144.73784 
    59.30963 -145.11951 
    58.76368 -145.51019 
    58.21370 -145.92461 
    57.66971 -146.37277 
    57.15002 -146.86571 
    56.67963 -147.41208 
    56.28587 -148.01485 
    55.99242 -148.66927 
    55.81348 -149.36305 
    55.85524 -150.09903 
    55.91127 -150.81416 
    55.95309 -151.51013 
Cell 10 100 83.57155 -138.66365 
    71.37489 -138.66365 
    71.20589 -139.44164 
    71.52216 -140.18584 
    71.90459 -140.88924 
    72.33241 -141.54936 
    72.80546 -142.16176 
    73.43293 -142.67781 
    73.98157 -143.17635 
    74.47050 -143.66699 
    74.91574 -144.15680 
    75.32890 -144.65230 
    75.71999 -145.15903 
    76.11832 -145.66270 
    76.60897 -146.07805 
    77.11190 -146.47203 
    77.62946 -146.84222 
    78.16309 -147.18600 
    78.71332 -147.50073 
    79.27984 -147.78400 
    79.86170 -148.03365 
    80.45744 -148.24789 
    81.06519 -148.42525 
    81.68284 -148.56459 
    82.30807 -148.66505 
    82.93844 -148.72662 
    83.57155 -148.75037 
    84.20516 -148.73471 
    84.83689 -148.67984 
    85.46436 -148.58612 
    86.08530 -148.45406 
    86.69749 -148.28430 
    87.29883 -148.07768 
    87.88732 -147.83513 
    88.46109 -147.55769 
    89.01839 -147.24649 
    89.55759 -146.90273 
    90.07721 -146.52765 
    90.57588 -146.12251 
    91.05232 -145.68857 
    91.50536 -145.22707 
    91.93386 -144.73923 
    92.33672 -144.22620 
    92.71284 -143.68912 
    93.06104 -143.12906 
    93.38009 -142.54712 
    93.66865 -141.94440 
    93.92521 -141.32202 
    94.14814 -140.68124 
    94.33564 -140.02347 
    94.48575 -139.35031 
    94.59641 -138.66365 
    94.66545 -137.96568 
    94.69073 -137.25897 
    94.67011 -136.54649 
    94.60164 -135.83160 
    94.48193 -135.11865 
    94.08133 -134.50253 
    93.54459 -133.97070 
    92.94115 -133.51266 
    92.40353 -133.05870 
    91.90327 -132.61031 
    91.42308 -132.16829 
    90.95219 -131.73277 
    90.48365 -131.30301 
    90.01302 -130.87724 
    89.53747 -130.45227 
    89.05518 -130.02283 
    88.56505 -129.58052 
    88.06296 -129.11891 
    87.52576 -128.67644 
    86.94861 -128.27013 
    86.34612 -127.85739 
    85.71366 -127.43428 
    84.99290 -127.41253 
    84.27767 -127.44017 
    83.57155 -127.51490 
    82.87763 -127.63423 
    82.19859 -127.79557 
    81.53665 -127.99633 
    80.89366 -128.23398 
    80.27116 -128.50610 
    79.67040 -128.81049 
    79.09244 -129.14505 
    78.53817 -129.50797 
    78.00841 -129.89755 
    77.45701 -130.24771 
    76.83716 -130.52318 
    76.38919 -131.01521 
    76.00820 -131.56119 
    75.67143 -132.12811 
    75.34362 -132.68571 
    74.99975 -133.22383 
    74.64472 -133.75607 
    74.28551 -134.29398 
    73.92765 -134.84537 
    73.57385 -135.41521 
    73.22206 -136.00635 
    72.86235 -136.62076 
    72.47301 -137.26158 
    72.01025 -137.93628 
Cell 11 100 113.31903 -147.21553 
    103.15400 -147.21553 
    103.16457 -147.85440 
    103.21597 -148.49185 
    103.30807 -149.12523 
    103.44061 -149.75188 
    103.61309 -150.36919 
    103.82487 -150.97453 
    104.07515 -151.56537 
    104.36290 -152.13921 
    104.68697 -152.69360 
    105.04603 -153.22621 
    105.43859 -153.73480 
    105.86302 -154.21719 
    106.31754 -154.67137 
    106.80022 -155.09541 
    107.30905 -155.48756 
    107.84186 -155.84618 
    108.39639 -156.16978 
    108.97030 -156.45706 
    109.56115 -156.70685 
    110.16646 -156.91815 
    110.78365 -157.09018 
    111.41015 -157.22226 
    112.04330 -157.31395 
    112.68048 -157.36497 
    113.31903 -157.37523 
    113.95631 -157.34483 
    114.58972 -157.27406 
    115.21668 -157.16339 
    115.83473 -157.01353 
    116.44147 -156.82541 
    117.03468 -156.60017 
    117.61230 -156.33920 
    118.17262 -156.04417 
    118.71419 -155.71693 
    119.23605 -155.35960 
    119.73771 -154.97438 
    120.21925 -154.56352 
    120.68129 -154.12915 
    121.12489 -153.67310 
    121.55132 -153.19664 
    121.96184 -152.70042 
    122.35713 -152.18427 
    122.73694 -151.64726 
    123.09948 -151.08788 
    123.44108 -150.50438 
    123.75597 -149.89528 
    124.03639 -149.25998 
    124.27300 -148.59933 
    124.45569 -147.91618 
    124.57455 -147.21553 
    124.62112 -146.50446 
    124.58940 -145.79175 
    124.47668 -145.08710 
    124.60555 -144.31764 
    124.79224 -143.48766 
    124.43398 -142.81480 
    123.63986 -142.35892 
    122.84962 -141.97604 
    122.37555 -141.46809 
    121.87610 -140.99846 
    121.35931 -140.56403 
    120.83109 -140.16124 
    120.29511 -139.78676 
    119.75323 -139.43793 
    119.23042 -139.07921 
    118.71395 -138.71449 
    118.17861 -138.37598 
    117.62630 -138.06212 
    117.05804 -137.77187 
    116.47386 -137.50595 
    115.87314 -137.26791 
    115.25538 -137.06482 
    114.62136 -136.90651 
    113.97409 -136.80367 
    113.31903 -136.76508 
    112.66342 -136.79495 
    111.99252 -136.71509 
    111.27216 -136.48549 
    110.51167 -136.28160 
    109.73928 -136.19820 
    109.00621 -136.32260 
    108.36465 -136.68695 
    107.83974 -137.24873 
    107.41666 -137.91489 
    107.05273 -138.59071 
    106.70350 -139.21872 
    106.34305 -139.78687 
    105.96804 -140.31248 
    105.58926 -140.82091 
    105.19530 -141.31329 
    104.82893 -141.82755 
    104.49532 -142.36465 
    104.19594 -142.92253 
    103.93216 -143.49901 
    103.70518 -144.09180 
    103.51608 -144.69856 
    103.36573 -145.31683 
    103.25491 -145.94414 
    103.18420 -146.57790 
Cell 12 100 -116.70734 -129.30182 
    -127.67568 -129.30182 
    -127.90823 -130.00652 
    -128.08502 -130.73915 
    -128.20299 -131.49474 
    -128.25969 -132.26796 
    -128.25343 -133.05338 
    -128.18306 -133.84537 
    -128.04822 -134.63843 
    -127.84905 -135.42702 
    -127.58634 -136.20584 
    -127.26122 -136.96965 
    -126.87532 -137.71350 
    -126.43060 -138.43257 
    -125.92944 -139.12234 
    -123.61289 -137.64919 
    -122.57074 -137.37210 
    -121.96898 -137.59283 
    -121.39699 -137.83224 
    -120.83028 -138.06349 
    -120.26164 -138.27895 
    -119.68948 -138.47987 
    -119.09638 -138.60652 
    -118.50282 -138.71400 
    -117.90835 -138.80873 
    -117.31039 -138.88699 
    -116.70734 -138.92915 
    -116.10090 -138.94101 
    -115.48968 -138.94063 
    -114.87257 -138.92001 
    -114.15409 -139.24606 
    -113.65419 -138.69846 
    -113.16111 -138.25859 
    -112.68934 -137.84052 
    -112.24298 -137.42247 
    -111.81060 -137.01785 
    -111.38476 -136.62773 
    -110.95946 -136.24982 
    -110.52971 -135.88034 
    -110.09166 -135.51436 
    -109.64411 -135.14503 
    -109.18550 -134.76675 
    -108.71765 -134.37224 
    -108.24612 -133.95341 
    -107.75890 -133.51263 
    -106.95267 -133.16397 
    -105.91577 -132.80823 
    -105.03297 -132.29929 
    -104.93773 -131.54700 
    -105.03129 -130.77684 
    -105.17616 -130.02730 
    -105.35512 -129.30182 
    -105.35648 -128.58768 
    -105.20269 -127.84844 
    -105.03674 -127.07553 
    -104.95187 -126.28352 
    -105.21302 -125.56709 
    -105.78239 -124.97633 
    -106.51627 -124.50626 
    -107.25608 -124.10594 
    -107.86272 -123.68885 
    -108.12563 -123.06684 
    -108.42185 -122.44746 
    -108.75738 -121.83630 
    -109.13851 -121.24183 
    -109.57073 -120.67514 
    -110.05751 -120.14911 
    -110.59928 -119.67706 
    -111.19292 -119.27112 
    -111.83175 -118.94064 
    -112.50620 -118.69093 
    -113.20495 -118.52255 
    -113.91632 -118.43150 
    -114.62962 -118.41000 
    -115.33617 -118.44785 
    -116.02989 -118.53406 
    -116.70734 -118.65832 
    -117.36730 -118.81214 
    -118.01009 -118.98954 
    -118.63683 -119.18711 
    -119.24873 -119.40379 
    -119.84657 -119.64026 
    -120.43050 -119.89822 
    -120.99985 -120.17979 
    -121.55331 -120.48703 
    -122.08910 -120.82152 
    -122.60649 -121.18233 
    -123.10419 -121.56935 
    -123.57648 -121.98692 
    -124.02148 -122.43339 
    -124.43742 -122.90694 
    -124.82266 -123.40570 
    -125.17567 -123.92766 
    -125.49506 -124.47073 
    -125.77956 -125.03275 
    -126.02808 -125.61148 
    -126.23965 -126.20458 
    -126.41262 -126.80993 
    -126.68414 -127.39864 
    -127.05903 -127.99409 
    -127.39117 -128.62965 
Cell 13 100 -85.63455 -119.20565 
    -95.80774 -119.20565 
    -95.79977 -119.84519 
    -95.75096 -120.48365 
    -95.66136 -121.11837 
    -95.53121 -121.74668 
    -95.36092 -122.36594 
    -95.15108 -122.97351 
    -94.90250 -123.56681 
    -94.61612 -124.14331 
    -94.29310 -124.70053 
    -93.93473 -125.23608 
    -93.54250 -125.74767 
    -93.11803 -126.23310 
    -92.66310 -126.69030 
    -92.17964 -127.11730 
    -91.66968 -127.51229 
    -91.13541 -127.87360 
    -90.57908 -128.19971 
    -90.00308 -128.48926 
    -89.40988 -128.74104 
    -88.80200 -128.95406 
    -88.18204 -129.12744 
    -87.55263 -129.26056 
    -86.91645 -129.35292 
    -86.27619 -129.40424 
    -85.63455 -129.41438 
    -84.99422 -129.38347 
    -84.35786 -129.31171 
    -83.72811 -129.19958 
    -83.10754 -129.04770 
    -82.49869 -128.85686 
    -81.90398 -128.62801 
    -81.32578 -128.36227 
    -80.76631 -128.06094 
    -80.21178 -127.75056 
    -79.66782 -127.41814 
    -79.14242 -127.05329 
    -78.63745 -126.65681 
    -78.15483 -126.22958 
    -77.69656 -125.77252 
    -77.26475 -125.28667 
    -76.86155 -124.77316 
    -76.48923 -124.23333 
    -76.15013 -123.66868 
    -75.84659 -123.08098 
    -75.58096 -122.47226 
    -75.35555 -121.84485 
    -75.17248 -121.20140 
    -75.03371 -120.54485 
    -74.94093 -119.87843 
    -74.89547 -119.20565 
    -74.89828 -118.53018 
    -74.94984 -117.85586 
    -75.05019 -117.18658 
    -75.19884 -116.52621 
    -75.39483 -115.87856 
    -75.63674 -115.24724 
    -75.92275 -114.63563 
    -76.18367 -114.00999 
    -76.44825 -113.37585 
    -76.75362 -112.75327 
    -77.10081 -112.14592 
    -77.49055 -111.55792 
    -77.92316 -110.99385 
    -78.39838 -110.45863 
    -78.91528 -109.95737 
    -79.47213 -109.49523 
    -80.06641 -109.07723 
    -80.69475 -108.70804 
    -81.35303 -108.39178 
    -82.03645 -108.13184 
    -82.73965 -107.93074 
    -83.45691 -107.79005 
    -84.18235 -107.71031 
    -84.91011 -107.69102 
    -85.63455 -107.73074 
    -86.35043 -107.82718 
    -87.05302 -107.97736 
    -87.73824 -108.17774 
    -88.40269 -108.42448 
    -89.04364 -108.71355 
    -89.65903 -109.04099 
    -90.20695 -109.48882 
    -90.70097 -109.98989 
    -91.15335 -110.50941 
    -91.58070 -111.02148 
    -91.98660 -111.52734 
    -92.37326 -112.02966 
    -92.74223 -112.53109 
    -93.09272 -113.03573 
    -93.46009 -113.52007 
    -93.82545 -114.00755 
    -94.17953 -114.50801 
    -94.51936 -115.02478 
    -94.82813 -115.56566 
    -95.08833 -116.13393 
    -95.31269 -116.72073 
    -95.58909 -117.30672 
    -95.70198 -117.93384 
    -95.77503 -118.56767 
Cell 14 100 -62.09249 -129.06439 
    -72.33101 -129.06439 
    -72.33781 -129.70897 
    -72.30706 -130.35480 
    -72.23763 -130.99968 
    -72.12860 -131.64124 
    -71.97930 -132.27681 
    -71.78944 -132.90369 
    -71.55900 -133.51900 
    -71.28836 -134.11986 
    -70.97820 -134.70345 
    -70.62947 -135.26688 
    -70.24340 -135.80742 
    -69.82148 -136.32240 
    -69.36541 -136.80927 
    -68.87713 -137.26561 
    -68.35873 -137.68915 
    -67.81255 -138.07776 
    -67.24099 -138.42947 
    -66.64670 -138.74258 
    -66.03240 -139.01549 
    -65.40097 -139.24686 
    -64.75534 -139.43553 
    -64.09858 -139.58069 
    -63.43377 -139.68175 
    -62.76405 -139.73856 
    -62.09249 -139.75130 
    -61.42203 -139.72105 
    -60.75496 -139.65205 
    -60.08722 -139.57637 
    -59.51709 -139.09488 
    -59.07870 -138.33986 
    -58.63151 -137.80583 
    -58.21563 -137.30313 
    -57.83404 -136.81049 
    -57.47929 -136.33363 
    -57.14063 -135.88004 
    -56.80996 -135.44987 
    -56.47806 -135.04315 
    -56.14451 -134.64992 
    -55.80400 -134.26668 
    -55.45055 -133.89005 
    -55.07542 -133.51756 
    -54.67773 -133.14069 
    -54.25556 -132.75217 
    -53.80847 -132.34427 
    -53.29492 -131.92290 
    -52.62581 -131.49503 
    -51.81407 -131.02510 
    -50.77730 -130.49384 
    -49.57715 -129.85179 
    -49.45901 -129.06439 
    -49.47921 -128.27083 
    -49.56555 -127.48187 
    -49.71730 -126.70370 
    -49.93285 -125.94233 
    -50.20977 -125.20346 
    -50.54487 -124.49236 
    -50.93429 -123.81374 
    -51.37363 -123.17165 
    -51.85812 -122.56947 
    -52.38269 -122.00981 
    -52.94217 -121.49459 
    -53.53141 -121.02500 
    -54.14538 -120.60159 
    -54.77933 -120.22430 
    -55.32811 -119.75403 
    -55.89987 -119.30639 
    -56.54625 -118.97582 
    -57.24567 -118.76439 
    -57.97212 -118.65754 
    -58.70187 -118.62916 
    -59.41845 -118.64972 
    -60.11425 -118.69409 
    -60.78697 -118.73018 
    -61.44357 -118.75019 
    -62.09249 -118.80308 
    -62.73272 -118.88814 
    -63.36726 -118.97356 
    -64.00642 -119.03120 
    -64.64614 -119.11857 
    -65.28591 -119.23604 
    -65.92477 -119.38516 
    -66.56080 -119.56875 
    -67.19077 -119.79066 
    -67.80981 -120.05534 
    -68.41143 -120.36711 
    -68.98783 -120.72935 
    -69.53050 -121.14371 
    -70.03114 -121.60950 
    -70.48260 -122.12350 
    -70.87969 -122.68011 
    -71.21984 -123.27200 
    -71.50314 -123.89085 
    -71.73212 -124.52833 
    -71.91108 -125.17694 
    -72.04523 -125.83055 
    -72.13983 -126.48467 
    -72.19943 -127.13639 
    -72.22804 -127.78397 
    -72.28788 -128.42296 
Cell 15 100 -55.59824 -108.10947 
    -66.07431 -108.10947 
    -65.96203 -108.76151 
    -65.86372 -109.40630 
    -65.75668 -110.04730 
    -65.61198 -110.68056 
    -65.43042 -111.30415 
    -65.21271 -111.91611 
    -64.95956 -112.51458 
    -64.67167 -113.09763 
    -64.34973 -113.66334 
    -63.99450 -114.20972 
    -63.60680 -114.73473 
    -63.18756 -115.23633 
    -62.73786 -115.71240 
    -62.25891 -116.16085 
    -61.75211 -116.57956 
    -61.21906 -116.96647 
    -60.66152 -117.31954 
    -60.08148 -117.63685 
    -59.48108 -117.91640 
    -58.86274 -118.15658 
    -58.22919 -118.35635 
    -57.58385 -118.51845 
    -56.92858 -118.64021 
    -56.26546 -118.71464 
    -55.59824 -118.74523 
    -54.92994 -118.73170 
    -54.26363 -118.67395 
    -53.60238 -118.57215 
    -52.94923 -118.42670 
    -52.30721 -118.23823 
    -51.67929 -118.00761 
    -51.06837 -117.73594 
    -50.47724 -117.42453 
    -49.90860 -117.07490 
    -49.36502 -116.68876 
    -48.84891 -116.26801 
    -48.36253 -115.81471 
    -47.90799 -115.33109 
    -47.48719 -114.81951 
    -47.10185 -114.28246 
    -46.69315 -113.76081 
    -46.29800 -113.22232 
    -45.93631 -112.65603 
    -45.61159 -112.06347 
    -45.32737 -111.44668 
    -45.08711 -110.80827 
    -44.89403 -110.15141 
    -44.75094 -109.47980 
    -44.66012 -108.79765 
    -44.62312 -108.10947 
    -44.64076 -107.42009 
    -44.71299 -106.73435 
    -44.83897 -106.05704 
    -45.01704 -105.39268 
    -45.24486 -104.74546 
    -45.51954 -104.11903 
    -45.83774 -103.51653 
    -46.19591 -102.94050 
    -46.59038 -102.39291 
    -46.56723 -101.54807 
    -46.09385 -100.24676 
    -47.52711 -100.53018 
    -48.46184 -100.50999 
    -48.98794 -100.11900 
    -49.48087 -99.68964 
    -49.96864 -99.23866 
    -50.48154 -98.80224 
    -51.02041 -98.38110 
    -51.58638 -97.97668 
    -52.18069 -97.59135 
    -52.80448 -97.22850 
    -53.45852 -96.89265 
    -54.14291 -96.58936 
    -54.85683 -96.32512 
    -55.59824 -96.10710 
    -56.36370 -95.94283 
    -57.14826 -95.83975 
    -57.94549 -95.80475 
    -58.74756 -95.84368 
    -59.54554 -95.96091 
    -60.32978 -96.15896 
    -61.09032 -96.43822 
    -61.81741 -96.79684 
    -62.50207 -97.23078 
    -63.13645 -97.73402 
    -63.71432 -98.29882 
    -64.23124 -98.91626 
    -64.68474 -99.57668 
    -65.07428 -100.27021 
    -65.40106 -100.98730 
    -65.66780 -101.71914 
    -65.87833 -102.45795 
    -66.03722 -103.19727 
    -66.14935 -103.93200 
    -66.21956 -104.65840 
    -66.25232 -105.37397 
    -66.25148 -106.07726 
    -66.22015 -106.76762 
    -66.16060 -107.44495 
Cell 16 100 -33.94066 -127.21970 
    -44.89257 -127.21970 
    -44.80051 -127.90294 
    -44.65701 -128.57349 
    -44.46688 -129.22768 
    -44.28431 -129.87549 
    -44.18992 -130.54988 
    -44.02249 -131.21138 
    -43.34954 -131.64717 
    -42.82351 -132.10309 
    -42.35069 -132.55685 
    -41.89532 -132.99908 
    -41.45270 -133.43419 
    -41.01956 -133.86723 
    -40.59188 -134.30252 
    -40.16499 -134.74362 
    -39.73364 -135.19305 
    -39.28105 -135.63480 
    -38.81594 -136.08780 
    -38.33820 -136.56493 
    -37.81488 -137.00484 
    -37.24771 -137.39774 
    -36.64280 -137.74384 
    -36.00485 -138.04056 
    -35.33786 -138.27962 
    -34.64810 -138.46410 
    -33.94066 -138.58897 
    -33.22191 -138.64388 
    -32.49938 -138.62862 
    -31.78040 -138.54419 
    -31.07180 -138.39317 
    -30.38098 -138.17526 
    -29.71864 -137.88330 
    -29.08129 -137.54639 
    -28.47215 -137.16687 
    -27.89423 -136.74734 
    -27.35022 -136.29066 
    -26.84255 -135.79984 
    -26.37339 -135.27803 
    -25.94455 -134.72855 
    -25.55755 -134.15482 
    -25.21357 -133.56030 
    -24.91349 -132.94852 
    -24.65786 -132.32295 
    -24.59571 -131.61710 
    -24.61596 -130.91161 
    -24.48836 -130.29094 
    -24.35426 -129.68106 
    -24.26312 -129.06580 
    -24.21781 -128.44797 
    -24.19027 -127.83314 
    -24.16278 -127.21970 
    -24.13238 -126.60261 
    -24.11071 -125.97789 
    -24.13275 -125.34873 
    -24.18647 -124.71524 
    -24.31161 -124.09103 
    -24.47814 -123.47322 
    -24.66987 -122.85719 
    -24.88577 -122.24172 
    -25.12588 -121.62566 
    -25.39158 -121.00843 
    -25.68572 -120.39061 
    -26.01247 -119.77463 
    -26.37698 -119.16519 
    -26.78471 -118.56964 
    -27.24060 -117.99785 
    -27.74810 -117.46177 
    -28.30834 -116.97454 
    -28.91954 -116.54926 
    -29.57673 -116.19765 
    -30.27199 -115.92868 
    -30.99513 -115.74761 
    -31.73465 -115.65536 
    -32.47888 -115.64851 
    -33.21716 -115.71990 
    -33.94066 -115.85959 
    -34.64301 -116.05614 
    -35.32039 -116.29802 
    -35.97131 -116.57466 
    -36.59611 -116.87740 
    -37.19871 -117.19247 
    -37.77699 -117.53024 
    -38.33067 -117.89046 
    -38.87016 -118.25298 
    -39.45466 -118.53103 
    -40.02852 -118.84048 
    -40.59006 -119.18195 
    -41.13697 -119.55640 
    -41.66619 -119.96494 
    -42.17383 -120.40863 
    -42.65516 -120.88824 
    -43.10479 -121.40396 
    -43.51686 -121.95514 
    -43.88537 -122.54008 
    -44.20461 -123.15591 
    -44.46955 -123.79865 
    -44.67623 -124.46327 
    -44.82208 -125.14395 
    -44.90609 -125.83444 
    -44.92889 -126.52837 
Cell 17 100 -14.41173 -128.11180 
    -24.20275 -128.11180 
    -24.23850 -128.73006 
    -24.30698 -129.36186 
    -24.42940 -130.02278 
    -24.57694 -130.72179 
    -24.60129 -131.42259 
    -24.40735 -132.06934 
    -24.13588 -132.68764 
    -23.82473 -133.28664 
    -23.47565 -133.86394 
    -23.09046 -134.41727 
    -22.67108 -134.94452 
    -22.21949 -135.44377 
    -21.73771 -135.91318 
    -21.22782 -136.35103 
    -20.69192 -136.75574 
    -20.13219 -137.12579 
    -19.55086 -137.45982 
    -18.95020 -137.75655 
    -18.33260 -138.01479 
    -17.70044 -138.23338 
    -17.05602 -138.41060 
    -16.40024 -138.53593 
    -15.72792 -138.53049 
    -15.04433 -138.16658 
    -14.41173 -137.92157 
    -13.80390 -137.77306 
    -13.20740 -137.64511 
    -12.61356 -137.53819 
    -12.01495 -137.44666 
    -11.40512 -137.36523 
    -10.78402 -137.27435 
    -10.08844 -137.29927 
    -9.36998 -137.28273 
    -8.81608 -136.92915 
    -8.28749 -136.54109 
    -7.78639 -136.12047 
    -7.31479 -135.66928 
    -6.87458 -135.18965 
    -6.46747 -134.68387 
    -6.09495 -134.15430 
    -5.75834 -133.60341 
    -5.45881 -133.03372 
    -5.19729 -132.44778 
    -4.97456 -131.84824 
    -4.79118 -131.23772 
    -4.64753 -130.61882 
    -4.52066 -129.99863 
    -4.40475 -129.37598 
    -4.32404 -128.74646 
    -4.27854 -128.11180 
    -4.26828 -127.47363 
    -4.29337 -126.83356 
    -4.35406 -126.19320 
    -4.45077 -125.55426 
    -4.58407 -124.91859 
    -4.75468 -124.28830 
    -4.96343 -123.66577 
    -5.21119 -123.05376 
    -5.49872 -122.45543 
    -5.82659 -121.87433 
    -6.19502 -121.31435 
    -6.60378 -120.77964 
    -7.05203 -120.27451 
    -7.53828 -119.80322 
    -8.06034 -119.36985 
    -8.61532 -118.97812 
    -9.19972 -118.63118 
    -9.80949 -118.33153 
    -10.30892 -117.74928 
    -10.60807 -116.40533 
    -11.41836 -116.45337 
    -12.29968 -117.04003 
    -13.00424 -116.97035 
    -13.71434 -117.02710 
    -14.41174 -117.18567 
    -15.08494 -117.41160 
    -15.73067 -117.67136 
    -16.35197 -117.94073 
    -16.96899 -118.15196 
    -17.57456 -118.37762 
    -18.16369 -118.63544 
    -18.73512 -118.92413 
    -19.28761 -119.24261 
    -19.81988 -119.58994 
    -20.33057 -119.96523 
    -20.84293 -120.33783 
    -21.35914 -120.71357 
    -21.85332 -121.12369 
    -22.32269 -121.56728 
    -22.76443 -122.04322 
    -23.17572 -122.55001 
    -23.55386 -123.08588 
    -23.89627 -123.64872 
    -24.19667 -124.23767 
    -24.16723 -124.94205 
    -24.12331 -125.61829 
    -24.12049 -126.25976 
    -24.14615 -126.88206 
    -24.17523 -127.49754 
Cell 18 100 11.39823 -129.44411 
    1.25151 -129.44411 
    1.26558 -130.08160 
    1.32027 -130.71725 
    1.41543 -131.34843 
    1.55071 -131.97252 
    1.72559 -132.58693 
    1.93941 -133.18912 
    2.19130 -133.77657 
    2.48023 -134.34682 
    2.80502 -134.89752 
    3.16434 -135.42638 
    3.55668 -135.93120 
    3.98043 -136.40988 
    4.43381 -136.86046 
    4.91492 -137.28108 
    5.42175 -137.67003 
    5.95217 -138.02573 
    6.50396 -138.34674 
    7.07482 -138.63182 
    7.66236 -138.87982 
    8.26414 -139.08984 
    8.87765 -139.26112 
    9.50036 -139.39308 
    10.12973 -139.48534 
    10.76319 -139.53773 
    11.39823 -139.55029 
    12.03236 -139.52327 
    12.66317 -139.45715 
    13.28839 -139.35266 
    13.90586 -139.21069 
    14.51370 -139.03255 
    15.11036 -138.81987 
    15.69495 -138.57512 
    16.26737 -138.30104 
    16.82502 -137.99536 
    17.36496 -137.65660 
    17.88584 -137.28629 
    18.39229 -136.89203 
    18.88577 -136.47537 
    19.23631 -135.92833 
    19.52136 -135.34590 
    19.79578 -134.77335 
    20.06380 -134.20804 
    20.33150 -133.64778 
    20.60470 -133.08920 
    20.88719 -132.52725 
    21.20078 -131.96098 
    21.57355 -131.38515 
    22.01797 -130.78569 
    22.55285 -130.14589 
    23.08777 -129.44411 
    23.16313 -128.70392 
    23.16879 -127.95714 
    23.10115 -127.21165 
    22.95716 -126.47628 
    22.71928 -125.76568 
    22.23442 -125.15376 
    21.66297 -124.61389 
    21.03495 -124.14627 
    20.44011 -123.70596 
    19.88109 -123.28094 
    19.34956 -122.86619 
    18.86860 -122.42896 
    18.38844 -122.00029 
    17.90256 -121.58172 
    17.40942 -121.17041 
    16.90792 -120.76222 
    16.39714 -120.35112 
    15.86517 -119.95137 
    15.24479 -119.72880 
    14.61435 -119.54591 
    13.97645 -119.40260 
    13.33359 -119.29860 
    12.68811 -119.23363 
    12.04277 -119.19936 
    11.39823 -119.14677 
    10.74968 -119.13569 
    10.09996 -119.16728 
    9.45217 -119.24249 
    8.80958 -119.36198 
    8.17565 -119.52603 
    7.55393 -119.73453 
    6.94799 -119.98686 
    6.36129 -120.28196 
    5.79717 -120.61825 
    5.25867 -120.99373 
    4.74853 -121.40601 
    4.26912 -121.85238 
    3.82241 -122.32993 
    3.40995 -122.83563 
    3.03294 -123.36637 
    2.69223 -123.91911 
    2.38839 -124.49091 
    2.12175 -125.07893 
    1.88607 -125.67798 
    1.68640 -126.28854 
    1.52561 -126.90925 
    1.40376 -127.53756 
    1.32086 -128.17104 
    1.27660 -128.80731 
Cell 19 100 25.70313 -115.34029 
    14.51064 -115.34029 
    14.56716 -116.04091 
    14.67491 -116.73348 
    14.83202 -117.41407 
    15.03622 -118.07909 
    15.28495 -118.72536 
    15.57544 -119.35013 
    15.91341 -119.94698 
    16.47479 -120.41361 
    17.01815 -120.85194 
    17.53477 -121.27496 
    18.02796 -121.68974 
    18.50251 -122.10213 
    18.96453 -122.51617 
    19.42711 -122.92670 
    19.91512 -123.30681 
    20.40908 -123.68237 
    20.91202 -124.05527 
    21.42328 -124.43542 
    21.93114 -124.86724 
    22.44156 -125.37836 
    23.07502 -125.57611 
    23.72086 -125.73171 
    24.37615 -125.84438 
    25.03792 -125.91345 
    25.70313 -125.93859 
    26.36872 -125.91960 
    27.03164 -125.85656 
    27.68884 -125.74976 
    28.33730 -125.59973 
    28.97406 -125.40720 
    29.59622 -125.17313 
    30.20098 -124.89871 
    30.78561 -124.58530 
    31.34755 -124.23447 
    31.88433 -123.84798 
    32.39367 -123.42776 
    32.87344 -122.97591 
    33.32174 -122.49465 
    33.73686 -121.98637 
    34.11732 -121.45356 
    34.46195 -120.89881 
    34.76984 -120.32476 
    35.04044 -119.73410 
    35.27353 -119.12949 
    35.46929 -118.51351 
    35.62823 -117.88863 
    35.75121 -117.25706 
    35.83939 -116.62080 
    35.89405 -115.98145 
    35.91654 -115.34029 
    35.90804 -114.69826 
    35.86935 -114.05600 
    35.80076 -113.41407 
    35.70179 -112.77307 
    35.57120 -112.13396 
    35.40690 -111.49830 
    35.20618 -110.86850 
    34.96590 -110.24804 
    34.68360 -109.64111 
    34.45267 -108.98338 
    34.19574 -108.31460 
    33.90325 -107.63987 
    33.56720 -106.96591 
    33.17952 -106.30289 
    32.73322 -105.66421 
    32.22356 -105.06573 
    31.64911 -104.52458 
    31.01236 -104.05760 
    30.31994 -103.67957 
    29.58224 -103.40160 
    28.81252 -103.22999 
    28.02560 -103.16544 
    27.23641 -103.20313 
    26.45854 -103.33338 
    25.70313 -103.54294 
    24.97811 -103.81650 
    24.28799 -104.13837 
    23.63410 -104.49405 
    23.01515 -104.87132 
    22.42816 -105.26098 
    21.86239 -105.63972 
    21.23400 -105.84291 
    20.61460 -106.08430 
    20.00678 -106.36430 
    19.41338 -106.68320 
    18.83747 -107.04114 
    18.28237 -107.43799 
    17.75162 -107.87334 
    17.24889 -108.34634 
    16.77794 -108.85577 
    16.34251 -109.39986 
    15.94625 -109.97640 
    15.59258 -110.58263 
    15.28463 -111.21532 
    15.02511 -111.87080 
    14.81623 -112.54501 
    14.65963 -113.23363 
    14.55634 -113.93213 
    14.50676 -114.63588 
Cell 20 100 54.87708 -115.13702 
    44.80433 -115.13702 
    44.81838 -115.76986 
    44.87228 -116.40092 
    44.96595 -117.02766 
    45.09908 -117.64758 
    45.27122 -118.25815 
    45.48177 -118.85688 
    45.72993 -119.44134 
    46.01476 -120.00912 
    46.33514 -120.55789 
    46.68982 -121.08540 
    47.07738 -121.58949 
    47.49628 -122.06805 
    47.94477 -122.51917 
    48.42110 -122.94096 
    48.92332 -123.33167 
    49.44937 -123.68971 
    49.99711 -124.01364 
    50.56431 -124.30212 
    51.14863 -124.55401 
    51.74769 -124.76830 
    52.35904 -124.94415 
    52.98018 -125.08089 
    53.60860 -125.17803 
    54.24175 -125.23524 
    54.87708 -125.25237 
    55.51204 -125.22944 
    56.14412 -125.16663 
    56.77081 -125.06432 
    57.38970 -124.92303 
    57.96704 -124.64695 
    58.45413 -124.17162 
    58.94677 -123.78555 
    59.42966 -123.41813 
    59.90253 -123.05587 
    60.36557 -122.69127 
    60.81930 -122.31992 
    61.26436 -121.93877 
    61.70248 -121.54649 
    62.13409 -121.14053 
    62.56165 -120.72018 
    62.99014 -120.28572 
    63.42910 -119.83852 
    63.89690 -119.38142 
    64.32851 -118.87910 
    64.56511 -118.28485 
    64.81254 -117.68801 
    65.08978 -117.08519 
    65.37074 -116.46268 
    65.64729 -115.81462 
    65.90015 -115.13702 
    66.10029 -114.43091 
    66.21417 -113.70481 
    66.21210 -112.97475 
    66.07677 -112.26143 
    65.80864 -111.58514 
    65.42605 -110.96038 
    64.95980 -110.39245 
    64.51640 -109.83775 
    64.37124 -109.11184 
    64.18147 -108.37698 
    63.93320 -107.64514 
    63.61339 -106.93307 
    63.21215 -106.26106 
    62.72486 -105.65067 
    62.15346 -105.12194 
    61.50663 -104.69051 
    60.79884 -104.36537 
    60.04831 -104.14758 
    59.27447 -104.03048 
    58.49538 -104.00103 
    57.72573 -104.04225 
    56.97564 -104.13594 
    56.25358 -104.24088 
    55.56170 -104.25529 
    54.87708 -104.31596 
    54.20282 -104.42004 
    53.54148 -104.56468 
    52.89510 -104.74713 
    52.26531 -104.96485 
    51.65342 -105.21561 
    51.06052 -105.49749 
    50.48758 -105.80885 
    49.93551 -106.14835 
    49.40529 -106.51485 
    48.89792 -106.90742 
    48.41454 -107.32514 
    47.95634 -107.76718 
    47.52466 -108.23264 
    47.12086 -108.72051 
    46.74636 -109.22971 
    46.40257 -109.75893 
    46.08596 -110.30406 
    45.79670 -110.86411 
    45.54241 -111.44116 
    45.32422 -112.03311 
    45.14312 -112.63776 
    44.99996 -113.25285 
    44.89543 -113.87604 
    44.83009 -114.50491 
Cell 21 100 66.27999 -130.17348 
    56.27204 -130.17348 
    56.29375 -130.80176 
    56.30896 -131.43311 
    56.34270 -132.06912 
    56.42122 -132.70479 
    56.54358 -133.33702 
    56.70087 -133.96613 
    56.90385 -134.58556 
    57.15247 -135.19138 
    57.44069 -135.78307 
    57.76815 -136.35770 
    58.13418 -136.91228 
    58.53773 -137.44394 
    58.97755 -137.94978 
    59.45202 -138.42708 
    59.95930 -138.87317 
    60.49730 -139.28554 
    61.06369 -139.66188 
    61.65597 -140.00003 
    62.27141 -140.29799 
    62.90734 -140.55341 
    63.56637 -140.74234 
    64.24368 -140.84822 
    64.92391 -140.90797 
    65.60362 -140.92400 
    66.27999 -140.90297 
    66.95296 -140.86998 
    67.62670 -140.83382 
    68.30684 -140.79861 
    68.99419 -140.74458 
    69.65845 -140.57129 
    70.30366 -140.33609 
    70.93037 -140.05603 
    71.25385 -139.22087 
    71.54467 -138.46928 
    71.96098 -137.99268 
    72.32378 -137.47916 
    72.65495 -136.96213 
    72.96285 -136.44910 
    73.25791 -135.94611 
    73.54993 -135.45540 
    73.84682 -134.97554 
    74.15131 -134.50076 
    74.46508 -134.02509 
    74.78760 -133.54187 
    75.11465 -133.04402 
    75.43816 -132.52489 
    75.75847 -131.98160 
    76.11001 -131.41530 
    76.56634 -130.82065 
    76.63422 -130.17348 
    76.61489 -129.52325 
    76.58356 -128.87184 
    76.51196 -128.22163 
    76.39736 -127.57578 
    76.23935 -126.93748 
    76.03777 -126.31010 
    75.79286 -125.69706 
    75.50526 -125.10184 
    75.17600 -124.52790 
    74.80659 -123.97854 
    74.39895 -123.45689 
    73.95538 -122.96581 
    73.47852 -122.50783 
    72.97128 -122.08510 
    72.43678 -121.69939 
    71.91406 -121.29560 
    71.43426 -120.79790 
    70.92545 -120.30138 
    70.37986 -119.81838 
    69.79089 -119.36805 
    69.15540 -118.97449 
    68.47569 -118.66322 
    67.76018 -118.45660 
    67.02264 -118.36935 
    66.27999 -118.40538 
    65.54915 -118.55705 
    64.84406 -118.80688 
    64.17357 -119.13124 
    63.58685 -119.68438 
    63.04808 -120.22668 
    62.54403 -120.73751 
    62.06153 -121.20879 
    61.59176 -121.64562 
    61.12813 -122.05544 
    60.66550 -122.44579 
    60.19880 -122.82259 
    59.72432 -123.19240 
    59.23997 -123.56246 
    58.74729 -123.94188 
    58.26849 -124.35278 
    57.80525 -124.79524 
    57.50185 -125.34765 
    57.21716 -125.90883 
    56.96843 -126.48677 
    56.75640 -127.07908 
    56.58196 -127.68345 
    56.44584 -128.29752 
    56.34858 -128.91885 
    56.29057 -129.54500 
Cell 22 100 78.48003 -102.15617 
    66.34671 -102.15617 
    66.36623 -102.91831 
    66.45998 -103.67466 
    66.62529 -104.41759 
    66.85798 -105.14021 
    67.15259 -105.83668 
    67.50278 -106.50237 
    67.90176 -107.13393 
    68.34262 -107.72926 
    68.81876 -108.28740 
    69.32414 -108.80832 
    69.85349 -109.29267 
    70.40240 -109.74157 
    70.96744 -110.15627 
    71.54597 -110.53802 
    72.13613 -110.88781 
    72.73663 -111.20632 
    73.34663 -111.49380 
    73.96547 -111.75011 
    74.59260 -111.97472 
    75.22739 -112.16676 
    75.86908 -112.32517 
    76.51662 -112.44875 
    77.16872 -112.53625 
    77.82381 -112.58650 
    78.48003 -112.60491 
    79.13645 -112.58962 
    79.79073 -112.53141 
    80.43996 -112.43050 
    81.08127 -112.28732 
    81.71180 -112.10252 
    82.32874 -111.87691 
    82.92939 -111.61154 
    83.51109 -111.30764 
    84.07130 -110.96661 
    84.60760 -110.59004 
    85.11767 -110.17970 
    85.59936 -109.73749 
    86.05067 -109.26547 
    86.46980 -108.76588 
    86.85520 -108.24109 
    87.20570 -107.69365 
    87.52071 -107.12633 
    87.80054 -106.54207 
    88.04695 -105.94398 
    88.26375 -105.33510 
    88.45741 -104.71793 
    88.63736 -104.09379 
    88.81536 -103.46183 
    89.00367 -102.81827 
    89.21162 -102.15617 
    89.44112 -101.46656 
    89.68214 -100.74102 
    89.91028 -99.97574 
    90.08792 -99.17577 
    90.17014 -98.35783 
    90.11441 -97.54980 
    89.89136 -96.78642 
    89.49307 -96.10171 
    88.93581 -95.52074 
    88.25607 -95.05347 
    87.50137 -94.69308 
    86.99458 -94.16048 
    86.58274 -93.52766 
    86.12349 -92.91682 
    85.61649 -92.33369 
    85.06219 -91.78436 
    84.46191 -91.27518 
    83.81796 -90.81252 
    83.13364 -90.40252 
    82.41327 -90.05093 
    81.66211 -89.76280 
    80.88625 -89.54236 
    80.09243 -89.39273 
    79.28787 -89.31592 
    78.48003 -89.31261 
    77.67637 -89.38224 
    76.88409 -89.52299 
    76.10998 -89.73189 
    75.36013 -90.00496 
    74.63988 -90.33740 
    73.95364 -90.72380 
    73.30486 -91.15836 
    72.69604 -91.63514 
    72.12879 -92.14822 
    71.60388 -92.69196 
    71.12137 -93.26107 
    70.68076 -93.85079 
    70.28114 -94.45690 
    69.92136 -95.07582 
    69.60009 -95.70452 
    69.11656 -96.21394 
    68.61432 -96.73245 
    68.14424 -97.29252 
    67.71366 -97.89347 
    67.33012 -98.53335 
    67.00098 -99.20885 
    66.73300 -99.91531 
    66.53196 -100.64678 
    66.40227 -101.39631 
Cell 23 100 96.28091 -124.62301 
    84.71117 -124.62301 
    84.88032 -125.34027 
    85.09885 -126.03563 
    85.35952 -126.70638 
    85.65571 -127.35110 
    86.33971 -127.85310 
    86.99207 -128.30072 
    87.57709 -128.71872 
    88.07790 -129.13266 
    88.52587 -129.54451 
    88.96308 -129.93971 
    89.39158 -130.32237 
    89.81207 -130.69766 
    90.22646 -131.07034 
    90.63778 -131.44438 
    91.04979 -131.82304 
    91.46692 -132.20865 
    91.89436 -132.60211 
    92.33871 -133.00060 
    92.80633 -133.39882 
    93.30320 -133.78748 
    93.81264 -134.23630 
    94.32484 -134.87706 
    94.94849 -135.17018 
    95.61150 -135.26294 
    96.28091 -135.31137 
    96.95360 -135.31497 
    97.62637 -135.27344 
    98.29604 -135.18671 
    98.95940 -135.05502 
    99.61324 -134.87883 
    100.25438 -134.65884 
    100.87974 -134.39600 
    101.48625 -134.09149 
    102.07100 -133.74672 
    102.63116 -133.36337 
    103.16406 -132.94330 
    103.66716 -132.48856 
    104.13811 -132.00140 
    104.57476 -131.48427 
    104.97511 -130.93971 
    105.33744 -130.37045 
    105.66020 -129.77931 
    105.94209 -129.16922 
    106.18206 -128.54315 
    106.37928 -127.90417 
    106.53319 -127.25535 
    106.64347 -126.59977 
    106.71004 -125.94051 
    106.73312 -125.28061 
    106.71310 -124.62301 
    106.65070 -123.97060 
    106.54682 -123.32613 
    106.40262 -122.69219 
    106.21951 -122.07121 
    105.99904 -121.46540 
    105.74299 -120.87671 
    105.45330 -120.30682 
    105.13199 -119.75709 
    104.78119 -119.22857 
    104.40298 -118.72198 
    103.99944 -118.23769 
    103.57249 -117.77576 
    103.12639 -117.33332 
    102.65515 -116.91788 
    102.16695 -116.52157 
    101.66058 -116.14600 
    101.13625 -115.79119 
    100.59399 -115.45727 
    100.03358 -115.14485 
    99.45467 -114.85519 
    98.85688 -114.59028 
    98.24005 -114.35283 
    97.60442 -114.14637 
    96.95083 -113.97504 
    96.28091 -113.84352 
    95.59727 -113.75671 
    94.90348 -113.71947 
    94.20417 -113.73634 
    93.50489 -113.81110 
    92.81193 -113.94656 
    92.13207 -114.14424 
    91.47231 -114.40419 
    90.83941 -114.72495 
    90.23967 -115.10353 
    89.67854 -115.53563 
    89.15523 -116.00953 
    88.51731 -116.35561 
    87.89889 -116.75176 
    87.30821 -117.20014 
    86.75430 -117.70152 
    86.24639 -118.25491 
    85.79340 -118.85744 
    85.40328 -119.50439 
    85.08255 -120.18926 
    84.83573 -120.90424 
    84.66512 -121.64058 
    84.57063 -122.38915 
    84.54994 -123.14104 
    84.59875 -123.88803 
Cell 24 100 -101.48806 -108.45461 
    -111.67361 -108.45461 
    -111.66433 -109.09485 
    -111.61414 -109.73383 
    -111.52307 -110.36890 
    -111.39144 -110.99737 
    -111.21971 -111.61662 
    -111.00854 -112.22404 
    -110.75878 -112.81709 
    -110.47144 -113.39326 
    -110.14771 -113.95019 
    -109.78894 -114.48555 
    -109.39664 -114.99716 
    -108.97250 -115.48296 
    -108.51828 -115.94104 
    -108.03592 -116.36962 
    -107.52744 -116.76711 
    -106.99494 -117.13206 
    -106.44061 -117.46326 
    -105.86667 -117.75963 
    -105.27538 -118.02029 
    -104.66901 -118.24454 
    -104.04979 -118.43188 
    -103.41994 -118.58192 
    -102.78165 -118.69446 
    -102.13701 -118.76941 
    -101.48806 -118.80678 
    -100.83676 -118.80666 
    -100.18503 -118.76920 
    -99.53468 -118.69456 
    -98.88755 -118.58294 
    -98.24541 -118.43447 
    -97.61008 -118.24929 
    -96.98340 -118.02750 
    -96.36735 -117.76916 
    -95.76397 -117.47434 
    -95.37949 -116.86234 
    -95.10313 -116.17265 
    -94.82141 -115.55388 
    -94.50874 -115.00863 
    -94.17629 -114.50343 
    -93.83212 -114.01698 
    -93.47495 -113.53989 
    -93.11106 -113.05991 
    -92.76265 -112.56048 
    -92.39249 -112.05580 
    -91.99551 -111.53893 
    -91.56483 -111.00246 
    -91.09111 -110.43794 
    -90.54968 -109.83645 
    -89.84429 -109.18718 
    -89.44228 -108.45461 
    -89.19486 -107.68119 
    -89.16122 -106.89737 
    -89.36362 -106.14175 
    -89.77911 -105.44827 
    -90.34768 -104.83488 
    -90.99319 -104.29940 
    -91.43980 -103.72626 
    -91.29076 -102.84859 
    -91.06657 -101.84093 
    -92.68494 -102.05878 
    -93.16535 -101.56947 
    -93.67255 -101.11536 
    -94.20322 -100.69704 
    -94.75421 -100.31479 
    -95.32264 -99.96864 
    -95.90585 -99.65845 
    -96.50145 -99.38400 
    -97.10728 -99.14497 
    -97.72138 -98.94106 
    -98.34200 -98.77202 
    -98.96748 -98.63762 
    -99.59631 -98.53773 
    -100.21820 -98.40264 
    -100.84728 -98.26974 
    -101.48806 -98.14521 
    -102.14407 -98.02767 
    -102.81863 -97.92204 
    -103.51269 -97.84113 
    -104.22240 -97.80505 
    -104.93763 -97.83794 
    -105.64220 -97.96247 
    -106.31649 -98.19368 
    -106.94173 -98.53444 
    -107.50451 -98.97421 
    -107.99996 -99.49174 
    -108.43222 -100.06056 
    -108.81219 -100.65521 
    -109.15362 -101.25617 
    -109.46910 -101.85212 
    -109.76720 -102.43947 
    -110.05147 -103.02011 
    -110.32168 -103.59829 
    -110.62210 -104.15646 
    -110.88712 -104.73326 
    -111.11545 -105.32648 
    -111.30599 -105.93380 
    -111.45778 -106.55279 
    -111.57005 -107.18096 
    -111.64213 -107.81577 
