87 25 
Cell 0 100 -121.61448 -146.09126 
    -131.61458 -146.09126 
    -131.59482 -146.71918 
    -131.53569 -147.34460 
    -131.43741 -147.96509 
    -131.30035 -148.57817 
    -131.12506 -149.18144 
    -130.91425 -149.77330 
    -130.67403 -150.35435 
    -130.40630 -150.92461 
    -130.10358 -151.47861 
    -129.76573 -152.01349 
    -129.39391 -152.52696 
    -128.98943 -153.01680 
    -128.55374 -153.48083 
    -128.08852 -153.91702 
    -127.59546 -154.32338 
    -127.07652 -154.69806 
    -126.53372 -155.03932 
    -125.96924 -155.34560 
    -125.38535 -155.61539 
    -124.78445 -155.84741 
    -124.16901 -156.04053 
    -123.54163 -156.19376 
    -122.90494 -156.30630 
    -122.26164 -156.37758 
    -121.61448 -156.40715 
    -120.96624 -156.39476 
    -120.31971 -156.34039 
    -119.67770 -156.24422 
    -119.04299 -156.10655 
    -118.41833 -155.92801 
    -117.80644 -155.70926 
    -117.20998 -155.45129 
    -116.63154 -155.15520 
    -116.07361 -154.82228 
    -115.53860 -154.45399 
    -115.02879 -154.05199 
    -114.54636 -153.61804 
    -114.09335 -153.15407 
    -113.67165 -152.66214 
    -113.28298 -152.14445 
    -112.92892 -151.60329 
    -112.61090 -151.04103 
    -112.33013 -150.46014 
    -112.08765 -149.86320 
    -111.85581 -149.26204 
    -111.65672 -148.64798 
    -111.49167 -148.02229 
    -111.36077 -147.38661 
    -111.26413 -146.74245 
    -111.29455 -146.09126 
    -111.71833 -145.46864 
    -112.05468 -144.88359 
    -112.33880 -144.32182 
    -112.59089 -143.77440 
    -112.82495 -143.23538 
    -113.05147 -142.70093 
    -113.27888 -142.16882 
    -113.50954 -141.63553 
    -113.75172 -141.10139 
    -114.01048 -140.56664 
    -114.28573 -140.02840 
    -114.57482 -139.48059 
    -114.90548 -138.94690 
    -115.27454 -138.42758 
    -115.66436 -137.90163 
    -116.01579 -137.26913 
    -116.17000 -136.18779 
    -116.75165 -135.75722 
    -117.52592 -135.76474 
    -118.24849 -135.73180 
    -118.93282 -135.64693 
    -119.60268 -135.54504 
    -120.26713 -135.42589 
    -120.93385 -135.27296 
    -121.61448 -135.01886 
    -122.32906 -134.73328 
    -123.09219 -134.39406 
    -123.89368 -134.14333 
    -124.60104 -134.45937 
    -125.27560 -134.82350 
    -125.86908 -135.34537 
    -126.36317 -135.99980 
    -126.80512 -136.64952 
    -127.31725 -137.10513 
    -127.81573 -137.55598 
    -128.40813 -137.87915 
    -129.20174 -138.01166 
    -129.20068 -138.96735 
    -129.50883 -139.56049 
    -129.85687 -140.10281 
    -130.17458 -140.65886 
    -130.46159 -141.22752 
    -130.71748 -141.80771 
    -130.94165 -142.39838 
    -131.13341 -142.99838 
    -131.30045 -143.60432 
    -131.43748 -144.21742 
    -131.53574 -144.83792 
    -131.59485 -145.46335 
Cell 1 100 -104.45751 -138.79135 
    -115.01602 -138.79135 
    -114.60625 -139.42986 
    -114.28354 -140.03267 
    -113.98964 -140.60971 
    -113.72073 -141.16974 
    -113.47276 -141.72058 
    -113.23679 -142.26732 
    -113.00397 -142.81300 
    -112.77026 -143.36133 
    -112.52726 -143.91257 
    -112.26645 -144.46487 
    -111.97961 -145.01418 
    -111.65975 -145.55470 
    -111.30212 -146.08012 
    -110.84663 -146.51448 
    -110.35089 -146.90289 
    -109.83153 -147.25945 
    -109.29059 -147.58267 
    -108.73019 -147.87126 
    -108.15259 -148.12404 
    -107.56004 -148.33997 
    -106.95493 -148.51814 
    -106.33965 -148.65785 
    -105.71665 -148.75848 
    -105.08844 -148.81964 
    -104.45751 -148.84105 
    -103.82640 -148.82260 
    -103.19763 -148.76436 
    -102.57372 -148.66653 
    -101.95718 -148.52951 
    -101.35047 -148.35384 
    -100.75604 -148.14020 
    -100.17627 -147.88947 
    -99.61347 -147.60262 
    -99.06992 -147.28084 
    -98.54779 -146.92538 
    -98.04916 -146.53772 
    -97.57604 -146.11937 
    -97.13031 -145.67206 
    -96.71375 -145.19756 
    -96.32706 -144.69847 
    -95.96342 -144.18187 
    -95.62883 -143.64496 
    -95.50629 -143.00348 
    -95.47469 -142.34790 
    -95.41910 -141.72812 
    -95.37204 -141.12411 
    -95.33710 -140.53117 
    -95.31657 -139.94612 
    -95.30868 -139.36694 
    -95.31745 -138.79135 
    -95.33784 -138.21759 
    -95.32893 -137.63815 
    -95.32781 -137.04976 
    -95.33782 -136.44981 
    -95.35465 -135.83366 
    -95.37708 -135.19615 
    -95.40092 -134.52965 
    -95.41028 -133.81760 
    -95.36385 -133.02034 
    -95.44906 -132.24632 
    -95.90359 -131.71494 
    -96.40504 -131.22957 
    -96.94616 -130.79257 
    -97.51929 -130.40450 
    -98.11693 -130.06429 
    -98.73221 -129.76971 
    -99.35932 -129.51778 
    -99.99366 -129.30519 
    -100.63186 -129.12885 
    -101.27161 -128.98616 
    -101.86694 -128.70172 
    -102.47935 -128.42145 
    -103.11838 -128.19102 
    -103.78085 -128.03598 
    -104.45751 -127.97726 
    -105.13493 -128.02402 
    -105.79926 -128.17035 
    -106.42602 -128.47206 
    -107.03190 -128.76477 
    -107.61653 -129.06889 
    -108.20084 -129.33678 
    -108.76743 -129.63231 
    -109.22922 -130.11166 
    -109.69574 -130.53722 
    -110.16711 -130.93277 
    -110.64269 -131.31474 
    -111.12150 -131.69492 
    -111.60218 -132.08206 
    -112.08434 -132.48189 
    -112.56835 -132.89848 
    -113.05122 -133.33763 
    -113.53539 -133.80075 
    -114.02923 -134.28725 
    -114.55322 -134.79417 
    -115.16884 -135.31104 
    -115.89271 -135.85529 
    -116.11587 -136.56740 
    -115.97871 -137.33588 
    -115.52081 -138.09532 
Cell 2 100 -85.26586 -140.50151 
    -95.33606 -140.50151 
    -95.37308 -141.13741 
    -95.42419 -141.78481 
    -95.47961 -142.44989 
    -95.53187 -143.13737 
    -95.30489 -143.76338 
    -94.97982 -144.34753 
    -94.63702 -144.91124 
    -94.27609 -145.45493 
    -93.89632 -145.97858 
    -93.49680 -146.48164 
    -93.07669 -146.96320 
    -92.67805 -147.46202 
    -92.25157 -147.94054 
    -91.79362 -148.39221 
    -91.30586 -148.81485 
    -90.79012 -149.20636 
    -90.24840 -149.56471 
    -89.68283 -149.88805 
    -89.09573 -150.17465 
    -88.48954 -150.42296 
    -87.86681 -150.63156 
    -87.23026 -150.79927 
    -86.58266 -150.92503 
    -85.92688 -151.00806 
    -85.26586 -151.04774 
    -84.60261 -151.04366 
    -83.94014 -150.99568 
    -83.28151 -150.90385 
    -82.62976 -150.76845 
    -81.98791 -150.59003 
    -81.35894 -150.36926 
    -80.74577 -150.10719 
    -80.15126 -149.80493 
    -79.57814 -149.46393 
    -79.02908 -149.08571 
    -78.50655 -148.67212 
    -78.01293 -148.22510 
    -77.55045 -147.74677 
    -77.12112 -147.23943 
    -76.72681 -146.70549 
    -76.36917 -146.14752 
    -76.04967 -145.56815 
    -75.76959 -144.97012 
    -75.49066 -144.37178 
    -75.23468 -143.76083 
    -75.01334 -143.13391 
    -74.82870 -142.49251 
    -74.68313 -141.83842 
    -74.57936 -141.17384 
    -74.52026 -140.50151 
    -74.50867 -139.82472 
    -74.54713 -139.14742 
    -74.63766 -138.47408 
    -74.78145 -137.80957 
    -74.97874 -137.15903 
    -75.22864 -136.52750 
    -75.52920 -135.91978 
    -75.87738 -135.34015 
    -76.26932 -134.79213 
    -76.70049 -134.27840 
    -77.16604 -133.80075 
    -77.66106 -133.36012 
    -78.18082 -132.95671 
    -78.72102 -132.59015 
    -79.27782 -132.25967 
    -79.84805 -131.96440 
    -80.42905 -131.70338 
    -80.98394 -131.40196 
    -81.55219 -131.12183 
    -82.13570 -130.86784 
    -82.73358 -130.63893 
    -83.34539 -130.43404 
    -83.97107 -130.25221 
    -84.61101 -130.09288 
    -85.26586 -129.95610 
    -85.93885 -129.80466 
    -86.63643 -129.65233 
    -87.34754 -129.58897 
    -88.05481 -129.63927 
    -88.79655 -129.63516 
    -89.56026 -129.65509 
    -90.31510 -129.77133 
    -91.04552 -129.98834 
    -91.79805 -130.20842 
    -92.53576 -130.49536 
    -93.24830 -130.85240 
    -93.92468 -131.28079 
    -94.55391 -131.77945 
    -95.12561 -132.34482 
    -95.37193 -133.15903 
    -95.40701 -134.06575 
    -95.38632 -134.93774 
    -95.35750 -135.75275 
    -95.33675 -136.51416 
    -95.32816 -137.23207 
    -95.33321 -137.91666 
    -95.32487 -138.58266 
    -95.31073 -139.23256 
    -95.31552 -139.86923 
Cell 3 100 -57.45962 -155.72433 
    -67.59314 -155.72433 
    -67.54823 -156.35905 
    -67.46631 -156.98848 
    -67.34807 -157.61066 
    -67.19408 -158.22372 
    -67.00487 -158.82578 
    -66.78094 -159.41490 
    -66.52286 -159.98917 
    -66.23124 -160.54657 
    -65.90685 -161.08510 
    -65.55058 -161.60275 
    -65.16476 -162.09857 
    -64.74931 -162.56981 
    -64.30509 -163.01402 
    -63.83386 -163.42947 
    -63.33747 -163.81450 
    -62.81789 -164.16762 
    -62.27716 -164.48740 
    -61.71741 -164.77260 
    -61.14087 -165.02209 
    -60.54979 -165.23489 
    -59.94652 -165.41017 
    -59.33344 -165.54721 
    -58.71296 -165.64548 
    -58.08753 -165.70461 
    -57.45962 -165.72433 
    -56.83167 -165.70543 
    -56.20595 -165.64818 
    -55.58488 -165.55208 
    -54.97081 -165.41760 
    -54.36601 -165.24548 
    -53.77263 -165.03661 
    -53.19267 -164.79207 
    -52.62794 -164.51314 
    -52.08003 -164.20122 
    -51.55028 -163.85785 
    -51.03975 -163.48463 
    -50.54924 -163.08315 
    -50.07934 -162.65488 
    -49.63044 -162.20120 
    -49.20292 -161.72318 
    -48.79722 -161.22166 
    -48.41408 -160.69716 
    -48.05465 -160.14998 
    -47.72073 -159.58023 
    -47.41485 -158.98808 
    -47.14036 -158.37387 
    -46.90139 -157.73842 
    -46.70271 -157.08325 
    -46.54947 -156.41074 
    -46.44683 -155.72433 
    -46.39961 -155.02850 
    -46.41179 -154.32867 
    -46.48613 -153.63103 
    -46.62391 -152.94220 
    -46.82468 -152.26883 
    -47.08630 -151.61725 
    -47.40504 -150.99301 
    -47.77590 -150.40067 
    -48.19296 -149.84354 
    -48.64987 -149.32368 
    -49.14025 -148.84195 
    -49.66069 -148.40065 
    -50.25962 -148.05711 
    -50.89500 -147.78906 
    -51.59416 -147.65121 
    -52.24132 -147.50162 
    -52.85356 -147.34593 
    -53.44381 -147.19029 
    -54.02047 -147.03802 
    -54.58863 -146.88834 
    -55.15319 -146.74138 
    -55.71882 -146.59871 
    -56.28825 -146.45198 
    -56.86720 -146.30809 
    -57.45962 -146.15953 
    -58.07254 -145.98218 
    -58.72028 -145.74518 
    -59.35286 -145.79962 
    -59.97797 -145.91600 
    -60.59679 -146.06914 
    -61.21281 -146.24486 
    -61.81004 -146.47923 
    -62.39093 -146.75432 
    -62.95944 -147.05800 
    -63.50811 -147.39932 
    -64.03358 -147.77779 
    -64.53248 -148.19250 
    -65.00143 -148.64211 
    -65.43727 -149.12465 
    -65.83715 -149.63771 
    -66.19867 -150.17836 
    -66.51997 -150.74336 
    -66.79976 -151.32919 
    -67.03736 -151.93224 
    -67.23260 -152.54890 
    -67.38580 -153.17572 
    -67.49755 -153.80949 
    -67.56873 -154.44727 
    -67.60027 -155.08633 
Cell 4 100 -51.76327 -137.97559 
    -63.79920 -137.97559 
    -63.63937 -138.72276 
    -63.42987 -139.44942 
    -63.17488 -140.15247 
    -62.87865 -140.82953 
    -62.54522 -141.47885 
    -62.17842 -142.09923 
    -61.78174 -142.68991 
    -61.35829 -143.25049 
    -60.91080 -143.78079 
    -60.44161 -144.28076 
    -59.95268 -144.75046 
    -59.44586 -145.19002 
    -58.91947 -145.59616 
    -58.31386 -145.89389 
    -57.66589 -146.09984 
    -57.02597 -146.26828 
    -56.40699 -146.42247 
    -55.80996 -146.57523 
    -55.22657 -146.72287 
    -54.65370 -146.87140 
    -54.08570 -147.02084 
    -53.51736 -147.17087 
    -52.94401 -147.32208 
    -52.36069 -147.47127 
    -51.76327 -147.61212 
    -51.14901 -147.73898 
    -50.50263 -147.95459 
    -49.80397 -148.24660 
    -49.15573 -148.13129 
    -48.51484 -147.97322 
    -47.88427 -147.77283 
    -47.26696 -147.53075 
    -46.66579 -147.24786 
    -46.08362 -146.92529 
    -45.52319 -146.56433 
    -44.98715 -146.16650 
    -44.47805 -145.73355 
    -43.99829 -145.26740 
    -43.55010 -144.77011 
    -43.13558 -144.24397 
    -42.75660 -143.69139 
    -42.41486 -143.11491 
    -42.11187 -142.51720 
    -41.84888 -141.90097 
    -41.62696 -141.26907 
    -41.44694 -140.62437 
    -41.30945 -139.96976 
    -41.21488 -139.30815 
    -41.16342 -138.64247 
    -41.15506 -137.97559 
    -41.18959 -137.31035 
    -41.26662 -136.64955 
    -41.38562 -135.99594 
    -41.54586 -135.35220 
    -41.74650 -134.72093 
    -41.98654 -134.10471 
    -42.26487 -133.50598 
    -42.58023 -132.92717 
    -42.93266 -132.37151 
    -43.32066 -131.84167 
    -43.73978 -131.33798 
    -44.18706 -130.86105 
    -44.66196 -130.41345 
    -45.16401 -129.99844 
    -45.68745 -129.61295 
    -46.19746 -129.20526 
    -46.72429 -128.80971 
    -47.27598 -128.43961 
    -47.85196 -128.09674 
    -48.45157 -127.78322 
    -49.07397 -127.50146 
    -49.74368 -127.38853 
    -50.43085 -127.42841 
    -51.10372 -127.49234 
    -51.76327 -127.57516 
    -52.40740 -127.73745 
    -53.02818 -127.96281 
    -53.63880 -128.14372 
    -54.24876 -128.29526 
    -54.85746 -128.45264 
    -55.46739 -128.62006 
    -56.07954 -128.80304 
    -56.69295 -129.00854 
    -57.30892 -129.23705 
    -57.93377 -129.48264 
    -58.56794 -129.75015 
    -59.22219 -130.03265 
    -59.91981 -130.31609 
    -60.73203 -130.55598 
    -61.69505 -130.75972 
    -62.34412 -131.26079 
    -62.89510 -131.85582 
    -63.24311 -132.57359 
    -63.51861 -133.32132 
    -63.72533 -134.08888 
    -63.86609 -134.86812 
    -63.94166 -135.65244 
    -63.95385 -136.43556 
    -63.90527 -137.21167 
Cell 5 100 -8.04235 -145.33984 
    -18.44413 -145.33984 
    -18.45846 -145.99516 
    -18.42971 -146.65207 
    -18.35762 -147.30759 
    -18.24218 -147.95871 
    -18.08359 -148.60243 
    -17.88229 -149.23575 
    -17.63892 -149.85565 
    -17.35439 -150.45918 
    -17.02980 -151.04346 
    -16.66650 -151.60565 
    -16.26602 -152.14305 
    -15.83014 -152.65306 
    -15.36082 -153.13322 
    -14.86020 -153.58121 
    -14.33060 -153.99487 
    -13.77449 -154.37224 
    -13.19450 -154.71156 
    -12.59337 -155.01125 
    -11.97397 -155.26997 
    -11.33922 -155.48657 
    -10.69216 -155.66017 
    -10.03585 -155.79010 
    -9.37337 -155.87592 
    -8.70784 -155.91745 
    -8.04235 -155.91473 
    -7.37998 -155.86803 
    -6.72372 -155.77788 
    -6.07655 -155.64494 
    -5.44133 -155.47015 
    -4.82082 -155.25470 
    -4.21768 -154.99988 
    -3.63442 -154.70718 
    -3.07344 -154.37825 
    -2.53696 -154.01495 
    -2.02706 -153.61919 
    -1.54563 -153.19304 
    -1.09441 -152.73866 
    -0.66470 -152.26793 
    -0.22406 -151.80769 
    0.17322 -151.30881 
    0.48794 -150.75334 
    0.71498 -150.15422 
    0.93373 -149.56367 
    1.14155 -148.97601 
    1.33594 -148.38704 
    1.51524 -147.79382 
    1.67856 -147.19420 
    1.82565 -146.58647 
    1.95706 -145.96896 
    2.07617 -145.33984 
    2.18610 -144.69632 
    2.44139 -144.01544 
    2.83193 -143.26547 
    3.36404 -142.41118 
    3.74452 -141.51006 
    3.66610 -140.70413 
    3.44386 -139.93484 
    3.07510 -139.22797 
    2.57082 -138.60452 
    1.95446 -138.07674 
    1.25754 -137.64630 
    0.51404 -137.30486 
    -0.24499 -137.03650 
    -0.99550 -136.82167 
    -1.72236 -136.64111 
    -2.41916 -136.47911 
    -3.07183 -136.29849 
    -3.66310 -136.03346 
    -4.26746 -135.80554 
    -4.88254 -135.61494 
    -5.50611 -135.46184 
    -6.12228 -135.27448 
    -6.74529 -135.07253 
    -7.38468 -134.88647 
    -8.04235 -134.53697 
    -8.73527 -134.32632 
    -9.40389 -134.56215 
    -10.07652 -134.67639 
    -10.73895 -134.83730 
    -11.39668 -135.01630 
    -12.04961 -135.21867 
    -12.69903 -135.44389 
    -13.33878 -135.70569 
    -13.93127 -136.06041 
    -14.42888 -136.54955 
    -14.86804 -137.08900 
    -15.26801 -137.64529 
    -15.63621 -138.20874 
    -15.97887 -138.77419 
    -16.29993 -139.34036 
    -16.60081 -139.90848 
    -16.88066 -140.48094 
    -17.20032 -141.03043 
    -17.49270 -141.59819 
    -17.74913 -142.18593 
    -17.96809 -142.79135 
    -18.14819 -143.41205 
    -18.28824 -144.04549 
    -18.38717 -144.68901 
Cell 6 100 10.38952 -150.94904 
    0.37706 -150.94904 
    -0.04231 -151.60535 
    -0.36384 -152.30750 
    -0.46887 -153.02039 
    -0.43084 -153.72723 
    -0.29597 -154.42096 
    -0.07980 -155.09413 
    0.18701 -155.74997 
    0.49929 -156.38623 
    0.85551 -156.99950 
    1.25384 -157.58649 
    1.69215 -158.14412 
    2.16812 -158.66945 
    2.67910 -159.15979 
    3.22235 -159.61266 
    3.79486 -160.02580 
    4.39346 -160.39731 
    5.01489 -160.72545 
    5.65572 -161.00887 
    6.31247 -161.24648 
    6.98162 -161.43745 
    7.65961 -161.58131 
    8.34288 -161.67787 
    9.02792 -161.72722 
    9.71125 -161.72975 
    10.38952 -161.68613 
    11.05944 -161.59723 
    11.71790 -161.46429 
    12.36191 -161.28868 
    12.98865 -161.07201 
    13.59551 -160.81609 
    14.18005 -160.52281 
    14.77358 -160.26564 
    15.37049 -160.00938 
    15.95449 -159.71803 
    16.52361 -159.39189 
    17.07575 -159.03130 
    17.60868 -158.63666 
    18.12003 -158.20847 
    18.60728 -157.74736 
    19.06773 -157.25414 
    19.49860 -156.72984 
    19.89698 -156.17581 
    20.25990 -155.59369 
    20.58440 -154.98547 
    20.86763 -154.35358 
    21.10684 -153.70078 
    21.29955 -153.03024 
    21.44360 -152.34549 
    21.53720 -151.65039 
    21.57904 -150.94904 
    21.56831 -150.24573 
    21.50475 -149.54486 
    21.38868 -148.85083 
    21.22099 -148.16798 
    21.00309 -147.50047 
    20.73690 -146.85222 
    20.42478 -146.22679 
    20.06946 -145.62744 
    19.67396 -145.05695 
    19.24148 -144.51772 
    18.77535 -144.01167 
    18.27895 -143.54036 
    17.75560 -143.10495 
    17.20855 -142.70624 
    16.64089 -142.34476 
    16.05556 -142.02078 
    15.45529 -141.73442 
    14.84264 -141.48566 
    14.21999 -141.27437 
    13.58953 -141.10042 
    12.95334 -140.96361 
    12.31338 -140.86378 
    11.70128 -140.56538 
    11.06498 -140.21292 
    10.38952 -139.82043 
    9.66431 -139.42229 
    8.89002 -139.07933 
    8.08464 -138.86646 
    7.28308 -138.85028 
    6.52838 -139.06569 
    5.85750 -139.50246 
    5.28847 -140.10876 
    4.81549 -140.80992 
    4.37046 -141.46452 
    3.81128 -141.89487 
    3.34786 -142.43715 
    2.96841 -143.04636 
    2.62681 -143.65938 
    2.33884 -144.28894 
    2.14164 -144.95660 
    2.01982 -145.63747 
    1.89147 -146.27719 
    1.75336 -146.88516 
    1.60334 -147.47035 
    1.44043 -148.04131 
    1.26370 -148.60591 
    1.07235 -149.17169 
    0.86620 -149.74597 
    0.64608 -150.33603 
Cell 7 100 31.25271 -135.35521 
    20.86246 -135.35521 
    20.84214 -136.01019 
    20.86490 -136.66750 
    20.93109 -137.32416 
    21.04081 -137.97719 
    21.19396 -138.62349 
    21.39019 -139.26006 
    21.62892 -139.88382 
    21.90932 -140.49178 
    22.23036 -141.08096 
    22.59074 -141.64850 
    22.98897 -142.19157 
    23.42332 -142.70750 
    23.89185 -143.19373 
    24.39244 -143.64786 
    24.92276 -144.06764 
    25.48034 -144.45102 
    26.06252 -144.79613 
    26.66654 -145.10132 
    27.28950 -145.36514 
    27.92839 -145.58641 
    28.58016 -145.76413 
    29.24165 -145.89758 
    29.90969 -145.98628 
    30.58111 -146.03000 
    31.25271 -146.02873 
    31.92134 -145.98273 
    32.58388 -145.89249 
    33.23729 -145.75870 
    33.87859 -145.58234 
    34.50494 -145.36453 
    35.11359 -145.10666 
    35.70192 -144.81027 
    36.26749 -144.47705 
    36.80799 -144.10892 
    37.32128 -143.70789 
    37.80544 -143.27609 
    38.25867 -142.81580 
    38.71783 -142.36542 
    39.17089 -141.90570 
    39.59908 -141.41920 
    40.00103 -140.90706 
    40.37533 -140.37041 
    40.72051 -139.81041 
    41.03501 -139.22830 
    41.31718 -138.62535 
    41.56527 -138.00302 
    41.77742 -137.36290 
    41.95173 -136.70680 
    42.08622 -136.03679 
    42.17891 -135.35521 
    42.22789 -134.66470 
    42.23137 -133.96828 
    42.18774 -133.26924 
    42.09564 -132.57121 
    41.95407 -131.87813 
    41.76244 -131.19412 
    41.52061 -130.52350 
    41.22900 -129.87070 
    40.88853 -129.24013 
    40.50074 -128.63612 
    40.06769 -128.06282 
    39.59199 -127.52411 
    39.07674 -127.02347 
    38.52545 -126.56398 
    38.01663 -126.04548 
    37.45955 -125.57481 
    36.84867 -125.17619 
    36.19257 -124.85747 
    35.50197 -124.62280 
    34.78876 -124.47238 
    34.06490 -124.40247 
    33.34138 -124.40602 
    32.62739 -124.47354 
    31.93335 -124.53681 
    31.25271 -124.36763 
    30.55263 -124.22778 
    29.83498 -124.13269 
    29.10394 -124.09093 
    28.36569 -124.11098 
    27.62830 -124.20042 
    26.90134 -124.36490 
    26.19525 -124.60755 
    25.59642 -125.06646 
    25.08886 -125.64253 
    24.63582 -126.24785 
    24.23930 -126.87746 
    23.90862 -127.53454 
    23.60939 -128.17766 
    23.32744 -128.79884 
    23.06288 -129.40495 
    22.81353 -129.99954 
    22.57566 -130.58496 
    22.34447 -131.16330 
    22.11358 -131.73677 
    21.87558 -132.30841 
    21.62389 -132.88295 
    21.34723 -133.46564 
    21.02987 -134.06377 
    20.92532 -134.70546 
Cell 8 100 46.16670 -149.91872 
    36.13494 -149.91872 
    36.15701 -150.54848 
    36.21015 -151.17653 
    36.30091 -151.80072 
    36.43073 -152.41849 
    36.59941 -153.02731 
    36.80636 -153.62474 
    37.05086 -154.20830 
    37.33198 -154.77565 
    37.64867 -155.32442 
    37.99970 -155.85239 
    38.38375 -156.35733 
    38.79927 -156.83719 
    39.24465 -157.28995 
    39.71810 -157.71373 
    40.21774 -158.10677 
    40.74154 -158.46739 
    41.28740 -158.79413 
    41.85310 -159.08557 
    42.43634 -159.34052 
    43.03474 -159.55789 
    43.64585 -159.73679 
    44.26717 -159.87643 
    44.89614 -159.97627 
    45.53018 -160.03589 
    46.16670 -160.05502 
    46.80308 -160.03363 
    47.43670 -159.97182 
    48.06498 -159.86984 
    48.68533 -159.72813 
    49.29523 -159.54735 
    49.89219 -159.32823 
    50.47379 -159.07175 
    51.03767 -158.77898 
    51.58155 -158.45116 
    52.10325 -158.08968 
    52.60070 -157.69609 
    53.07191 -157.27202 
    53.51501 -156.81924 
    53.92829 -156.33966 
    54.31013 -155.83527 
    54.65907 -155.30814 
    54.97376 -154.76044 
    55.25305 -154.19443 
    55.49588 -153.61240 
    55.70138 -153.01672 
    55.86883 -152.40981 
    55.99765 -151.79407 
    56.08790 -151.17206 
    56.14814 -150.54669 
    56.16899 -149.91872 
    56.15036 -149.29060 
    56.09230 -148.66483 
    55.99504 -148.04385 
    55.85895 -147.43018 
    55.68454 -146.82619 
    55.47251 -146.23428 
    55.22367 -145.65683 
    54.93901 -145.09610 
    54.62185 -144.55292 
    54.27541 -144.02740 
    53.90043 -143.52081 
    53.49929 -143.03296 
    53.07409 -142.56310 
    52.62632 -142.11038 
    52.15652 -141.67442 
    51.66410 -141.25620 
    51.14747 -140.85873 
    50.60457 -140.48776 
    50.13464 -139.89687 
    49.64069 -139.22688 
    48.93827 -139.12415 
    48.16317 -139.45288 
    47.50174 -139.35077 
    46.83357 -139.31912 
    46.16670 -139.17712 
    45.48912 -139.14879 
    44.83590 -139.38429 
    44.22712 -139.75107 
    43.61845 -139.99396 
    43.02102 -140.23729 
    42.43927 -140.50430 
    41.87306 -140.79427 
    41.32289 -141.10785 
    40.79004 -141.44646 
    40.27637 -141.81137 
    39.78408 -142.20346 
    39.31352 -142.62082 
    38.86946 -143.06615 
    38.45430 -143.53847 
    38.06969 -144.03589 
    37.71712 -144.55646 
    37.39801 -145.09808 
    37.11358 -145.65865 
    36.86496 -146.23590 
    36.64197 -146.82394 
    36.41521 -147.41496 
    36.24350 -148.02577 
    36.15690 -148.65419 
    36.13304 -149.28745 
Cell 9 100 67.51407 -151.42345 
    56.70477 -151.42345 
    56.71791 -152.10268 
    56.72382 -152.78658 
    56.75846 -153.47519 
    56.83596 -154.16512 
    56.99130 -154.84250 
    57.19244 -155.51007 
    57.43914 -156.16435 
    57.73077 -156.80186 
    58.06632 -157.41917 
    58.44451 -158.01286 
    58.86361 -158.57973 
    59.32160 -159.11668 
    59.81620 -159.62083 
    60.34490 -160.08948 
    60.90493 -160.52016 
    61.49327 -160.91069 
    62.10685 -161.25912 
    62.74238 -161.56380 
    63.39642 -161.82344 
    64.06553 -162.03697 
    64.74612 -162.20387 
    65.43474 -162.32368 
    66.12784 -162.39656 
    66.82204 -162.42291 
    67.51407 -162.40346 
    68.20084 -162.33942 
    68.87954 -162.23227 
    69.54762 -162.08371 
    70.20291 -161.89581 
    70.84361 -161.67072 
    71.46826 -161.41061 
    72.07590 -161.11784 
    72.66582 -160.79446 
    73.23766 -160.44238 
    73.79124 -160.06323 
    74.32639 -159.65811 
    74.84290 -159.22786 
    75.34019 -158.77267 
    75.81729 -158.29247 
    76.27252 -157.78683 
    76.70351 -157.25525 
    77.10705 -156.69724 
    77.47116 -156.10890 
    77.75785 -155.47925 
    78.01512 -154.83545 
    78.24606 -154.17896 
    78.43093 -153.50595 
    78.55854 -152.81870 
    78.62763 -152.12265 
    78.63642 -151.42345 
    78.58298 -150.72705 
    78.46967 -150.03943 
    78.29974 -149.36597 
    78.07648 -148.71149 
    77.80940 -148.07829 
    77.67056 -147.40221 
    77.48885 -146.72968 
    77.26228 -146.06432 
    76.98929 -145.41029 
    76.66871 -144.77222 
    76.29993 -144.15515 
    75.88304 -143.56445 
    75.41891 -143.00565 
    74.90926 -142.48419 
    74.35675 -142.00529 
    73.76488 -141.57375 
    73.13794 -141.19366 
    72.48091 -140.86836 
    71.79927 -140.60027 
    71.09880 -140.39078 
    70.38541 -140.24030 
    69.66492 -140.14824 
    68.94289 -140.11314 
    68.22442 -140.13278 
    67.51407 -140.20435 
    66.81579 -140.32458 
    66.13286 -140.49007 
    65.46793 -140.69724 
    64.82306 -140.94266 
    64.19978 -141.22313 
    63.59924 -141.53574 
    63.02226 -141.87787 
    62.46947 -142.24738 
    61.94142 -142.64236 
    61.43861 -143.06131 
    60.96164 -143.50291 
    60.51116 -143.96611 
    59.97886 -144.34741 
    59.43290 -144.73813 
    58.88293 -145.15256 
    58.33894 -145.60074 
    57.81926 -146.09367 
    57.34887 -146.64008 
    56.95512 -147.24286 
    56.66168 -147.89729 
    56.48271 -148.59108 
    56.41924 -149.30699 
    56.45910 -150.02689 
    56.58047 -150.73557 
Cell 10 100 83.08275 -135.84027 
    71.50584 -135.84027 
    71.00702 -136.60001 
    71.02370 -137.36368 
    71.40705 -138.06754 
    71.83567 -138.72803 
    72.29268 -139.34618 
    72.76459 -139.92552 
    73.24196 -140.47099 
    73.71942 -140.98781 
    74.19518 -141.48048 
    74.67016 -141.95238 
    75.14703 -142.40527 
    75.62934 -142.83948 
    76.12070 -143.25410 
    76.62424 -143.64728 
    77.14230 -144.01660 
    77.67632 -144.35944 
    78.22680 -144.67320 
    78.79346 -144.95546 
    79.37534 -145.20410 
    79.97097 -145.41733 
    80.57849 -145.59372 
    81.19578 -145.73212 
    81.82054 -145.83168 
    82.45026 -145.89348 
    83.08275 -145.91653 
    83.71567 -145.90030 
    84.34663 -145.84492 
    84.97328 -145.75078 
    85.59335 -145.61841 
    86.20464 -145.44847 
    86.80507 -145.24178 
    87.39263 -144.99925 
    87.96549 -144.72195 
    88.52190 -144.41101 
    89.06026 -144.06761 
    89.57909 -143.69299 
    90.07702 -143.28842 
    90.55281 -142.85513 
    91.00528 -142.39436 
    91.43330 -141.90730 
    91.83579 -141.39513 
    92.21164 -140.85892 
    92.55968 -140.29977 
    92.87870 -139.71877 
    93.16733 -139.11694 
    93.42409 -138.49547 
    93.64732 -137.85558 
    93.83523 -137.19862 
    93.98586 -136.52623 
    94.09711 -135.84027 
    94.16685 -135.14291 
    94.19288 -134.43674 
    94.17308 -133.72467 
    94.10548 -133.01012 
    93.98832 -132.29683 
    93.82020 -131.58902 
    93.59702 -130.89264 
    93.10597 -130.32996 
    92.52439 -129.84842 
    91.81768 -129.49397 
    91.19275 -129.13110 
    90.61440 -128.76758 
    90.06214 -128.40797 
    89.52377 -128.05443 
    88.99162 -127.70741 
    88.46062 -127.36609 
    87.92718 -127.02828 
    87.38865 -126.68975 
    86.84273 -126.34364 
    86.28685 -125.97907 
    85.71738 -125.57903 
    85.11305 -125.19704 
    84.47081 -124.85260 
    83.78948 -124.60709 
    83.08275 -124.68112 
    82.38815 -124.79984 
    81.70833 -124.96066 
    81.04556 -125.16099 
    80.40171 -125.39832 
    79.77831 -125.67024 
    79.17663 -125.97453 
    78.59773 -126.30914 
    78.04256 -126.67220 
    77.51191 -127.06204 
    76.95877 -127.41134 
    76.33805 -127.68733 
    75.73654 -128.01735 
    75.39732 -128.62317 
    75.05492 -129.19910 
    74.76598 -129.79779 
    74.46201 -130.36938 
    74.14479 -130.92659 
    73.82049 -131.48178 
    73.49824 -132.04549 
    73.18385 -132.62393 
    72.87917 -133.22044 
    72.58038 -133.83684 
    72.27503 -134.47493 
    71.93726 -135.13905 
Cell 11 100 116.23211 -144.40054 
    106.06708 -144.40054 
    106.07764 -145.03941 
    106.12904 -145.67686 
    106.22115 -146.31024 
    106.35368 -146.93689 
    106.52617 -147.55420 
    106.73795 -148.15955 
    106.98823 -148.75038 
    107.27598 -149.32422 
    107.60005 -149.87862 
    107.95911 -150.41122 
    108.35167 -150.91982 
    108.77610 -151.40221 
    109.23061 -151.85638 
    109.71330 -152.28043 
    110.22213 -152.67258 
    110.75494 -153.03119 
    111.30946 -153.35480 
    111.88338 -153.64207 
    112.47423 -153.89186 
    113.07954 -154.10316 
    113.69673 -154.27519 
    114.32323 -154.40727 
    114.95638 -154.49896 
    115.59356 -154.54999 
    116.23211 -154.56024 
    116.86939 -154.52985 
    117.50280 -154.45908 
    118.12976 -154.34840 
    118.74781 -154.19855 
    119.35455 -154.01042 
    119.94775 -153.78519 
    120.52538 -153.52422 
    121.08569 -153.22919 
    121.62727 -152.90195 
    122.14912 -152.54462 
    122.65079 -152.15939 
    123.13233 -151.74854 
    123.59437 -151.31416 
    124.03796 -150.85811 
    124.46440 -150.38165 
    124.87492 -149.88544 
    125.27021 -149.36928 
    125.65002 -148.83228 
    126.01256 -148.27289 
    126.35416 -147.68939 
    126.66905 -147.08029 
    126.94947 -146.44499 
    127.18608 -145.78435 
    127.36877 -145.10120 
    127.48763 -144.40054 
    127.53420 -143.68947 
    127.50248 -142.97676 
    127.38976 -142.27211 
    127.51862 -141.50266 
    127.70532 -140.67267 
    127.34705 -139.99983 
    126.55293 -139.54393 
    125.76270 -139.16106 
    125.28863 -138.65311 
    124.78918 -138.18347 
    124.27239 -137.74904 
    123.74416 -137.34625 
    123.20819 -136.97177 
    122.66631 -136.62294 
    122.14349 -136.26422 
    121.62703 -135.89951 
    121.09169 -135.56099 
    120.53938 -135.24713 
    119.97112 -134.95689 
    119.38694 -134.69096 
    118.78622 -134.45294 
    118.16846 -134.24983 
    117.53444 -134.09151 
    116.88717 -133.98868 
    116.23211 -133.95010 
    115.57650 -133.97997 
    114.90559 -133.90010 
    114.18524 -133.67050 
    113.42475 -133.46661 
    112.65236 -133.38321 
    111.91929 -133.50761 
    111.27773 -133.87196 
    110.75282 -134.43375 
    110.32973 -135.09990 
    109.96581 -135.77573 
    109.61658 -136.40373 
    109.25613 -136.97188 
    108.88112 -137.49750 
    108.50233 -138.00592 
    108.10838 -138.49831 
    107.74200 -139.01256 
    107.40839 -139.54967 
    107.10902 -140.10754 
    106.84524 -140.68402 
    106.61826 -141.27681 
    106.42915 -141.88358 
    106.27881 -142.50185 
    106.16799 -143.12915 
    106.09727 -143.76291 
Cell 12 100 -117.92637 -126.01248 
    -128.13724 -126.01248 
    -128.48932 -126.67705 
    -128.78970 -127.38484 
    -129.03334 -128.13126 
    -129.21582 -128.91112 
    -129.33351 -129.71889 
    -129.38327 -130.54858 
    -129.36284 -131.39407 
    -129.27060 -132.24902 
    -129.10567 -133.10709 
    -128.86758 -133.96173 
    -128.55666 -134.80661 
    -128.17366 -135.63533 
    -127.72002 -136.44165 
    -125.16698 -134.76486 
    -123.84487 -134.15860 
    -123.22009 -134.35405 
    -122.64376 -134.59338 
    -122.07739 -134.83386 
    -121.50799 -135.05862 
    -120.93513 -135.27249 
    -120.33908 -135.40938 
    -119.74010 -135.52040 
    -119.13951 -135.61549 
    -118.53561 -135.69618 
    -117.92637 -135.74649 
    -117.31294 -135.76266 
    -116.68951 -135.80321 
    -116.01544 -136.02989 
    -115.47903 -135.54425 
    -114.96162 -135.13705 
    -114.47820 -134.72159 
    -114.03152 -134.28946 
    -113.60632 -133.87062 
    -113.19215 -133.47243 
    -112.78214 -133.09291 
    -112.37059 -132.72826 
    -111.95326 -132.37320 
    -111.52721 -132.02168 
    -111.08884 -131.66898 
    -110.63592 -131.30930 
    -110.16982 -130.93494 
    -109.69580 -130.53726 
    -109.22483 -130.10710 
    -108.77193 -129.63699 
    -107.99113 -129.24063 
    -107.08974 -128.79486 
    -106.03060 -128.28172 
    -105.26013 -127.61260 
    -105.51817 -126.79314 
    -105.82278 -126.01248 
    -106.01086 -125.26283 
    -106.09668 -124.51804 
    -106.18552 -123.77280 
    -106.17189 -122.99445 
    -106.43298 -122.27805 
    -107.00228 -121.68733 
    -107.73609 -121.21730 
    -108.47582 -120.81700 
    -109.08211 -120.39974 
    -109.34499 -119.77774 
    -109.64117 -119.15836 
    -109.97665 -118.54720 
    -110.35773 -117.95271 
    -110.78992 -117.38600 
    -111.27666 -116.85995 
    -111.81841 -116.38786 
    -112.41201 -115.98190 
    -113.05081 -115.65140 
    -113.72524 -115.40165 
    -114.42398 -115.23323 
    -115.13534 -115.14214 
    -115.84863 -115.12059 
    -116.55518 -115.15840 
    -117.24891 -115.24457 
    -117.92637 -115.36879 
    -118.58634 -115.52258 
    -119.22915 -115.69993 
    -119.85591 -115.89747 
    -120.46783 -116.11412 
    -121.06572 -116.35056 
    -121.64967 -116.60849 
    -122.21906 -116.89005 
    -122.77258 -117.19727 
    -123.30840 -117.53175 
    -123.82610 -117.89220 
    -124.32388 -118.27922 
    -124.79624 -118.69681 
    -125.24131 -119.14330 
    -125.65732 -119.61688 
    -126.04262 -120.11568 
    -126.39568 -120.63769 
    -126.71512 -121.18082 
    -126.99968 -121.74290 
    -127.24824 -122.32169 
    -127.45982 -122.91488 
    -127.63363 -123.52008 
    -127.76897 -124.13490 
    -127.86535 -124.75690 
    -127.92243 -125.38358 
Cell 13 100 -81.41286 -114.16970 
    -91.59184 -114.16970 
    -91.58399 -114.80962 
    -91.53527 -115.44846 
    -91.44572 -116.08357 
    -91.31555 -116.71228 
    -91.14520 -117.33192 
    -90.93526 -117.93988 
    -90.68652 -118.53355 
    -90.39994 -119.11038 
    -90.07668 -119.66792 
    -89.71804 -120.20376 
    -89.32550 -120.71560 
    -88.90070 -121.20124 
    -88.44541 -121.65860 
    -87.96157 -122.08572 
    -87.45123 -122.48080 
    -86.91656 -122.84213 
    -86.35984 -123.16821 
    -85.78346 -123.45769 
    -85.18988 -123.70936 
    -84.58164 -123.92220 
    -83.96135 -124.09540 
    -83.33164 -124.22827 
    -82.69519 -124.32035 
    -82.05470 -124.37135 
    -81.41286 -124.38116 
    -80.77238 -124.34988 
    -80.13592 -124.27776 
    -79.50611 -124.16524 
    -78.88554 -124.01297 
    -78.27673 -123.82173 
    -77.68211 -123.59250 
    -77.10404 -123.32641 
    -76.54476 -123.02474 
    -75.99011 -122.71460 
    -75.44608 -122.38227 
    -74.92060 -122.01749 
    -74.41554 -121.62109 
    -73.93283 -121.19392 
    -73.47446 -120.73692 
    -73.04254 -120.25110 
    -72.63923 -119.73762 
    -72.26680 -119.19779 
    -71.92758 -118.63314 
    -71.62392 -118.04542 
    -71.35819 -117.43666 
    -71.13267 -116.80920 
    -70.94950 -116.16570 
    -70.81065 -115.50907 
    -70.71778 -114.84258 
    -70.67226 -114.16970 
    -70.67500 -113.49413 
    -70.72653 -112.81970 
    -70.82685 -112.15031 
    -70.97548 -111.48984 
    -71.17147 -110.84207 
    -71.41340 -110.21063 
    -71.69943 -109.59891 
    -71.96116 -108.97358 
    -72.22576 -108.33939 
    -72.53117 -107.71677 
    -72.87840 -107.10938 
    -73.26819 -106.52134 
    -73.70085 -105.95724 
    -74.17613 -105.42200 
    -74.69308 -104.92072 
    -75.24999 -104.45857 
    -75.84433 -104.04057 
    -76.47273 -103.67139 
    -77.13107 -103.35513 
    -77.81454 -103.09521 
    -78.51780 -102.89415 
    -79.23511 -102.75349 
    -79.96059 -102.67379 
    -80.68839 -102.65455 
    -81.41286 -102.69432 
    -82.12876 -102.79082 
    -82.83138 -102.94105 
    -83.51661 -103.14149 
    -84.18106 -103.38828 
    -84.82201 -103.67743 
    -85.43739 -104.00491 
    -86.02572 -104.36689 
    -86.51937 -104.88100 
    -86.98651 -105.38705 
    -87.43738 -105.87767 
    -87.86981 -106.36459 
    -88.24609 -106.89305 
    -88.59064 -107.42931 
    -88.92040 -107.95892 
    -89.27607 -108.45675 
    -89.62495 -108.95815 
    -89.93550 -109.48434 
    -90.21238 -110.02896 
    -90.47177 -110.58303 
    -90.70449 -111.15067 
    -90.89702 -111.73458 
    -91.06821 -112.32784 
    -91.22839 -112.92971 
    -91.51763 -113.53396 
Cell 14 100 -59.21443 -121.23488 
    -69.74953 -121.23488 
    -69.76419 -121.89861 
    -69.73888 -122.56442 
    -69.67238 -123.22984 
    -69.56372 -123.89213 
    -69.41225 -124.54835 
    -69.21767 -125.19544 
    -68.98011 -125.83025 
    -68.70000 -126.44962 
    -68.37818 -127.05038 
    -68.01579 -127.62944 
    -67.61427 -128.18384 
    -67.17534 -128.71066 
    -66.70097 -129.20723 
    -66.19334 -129.67094 
    -65.65489 -130.09941 
    -65.08820 -130.49046 
    -64.49605 -130.84210 
    -63.88135 -131.15259 
    -63.24716 -131.42039 
    -62.54120 -131.47363 
    -61.65798 -130.75188 
    -61.00348 -130.61340 
    -60.37878 -130.45164 
    -59.78225 -130.26019 
    -59.21443 -130.02930 
    -58.67576 -129.79671 
    -58.16042 -129.57825 
    -57.66150 -129.37563 
    -57.17279 -129.18654 
    -56.68904 -129.00723 
    -56.20177 -128.84399 
    -55.70570 -128.69130 
    -55.19543 -128.54541 
    -54.66541 -128.40298 
    -54.10984 -128.26074 
    -53.52647 -128.11044 
    -52.92997 -127.92715 
    -52.31475 -127.71410 
    -51.57841 -127.55194 
    -50.65982 -127.45016 
    -49.49495 -127.40305 
    -48.75523 -126.98487 
    -48.26773 -126.38600 
    -47.87004 -125.72644 
    -47.53000 -125.03138 
    -47.24448 -124.30824 
    -47.01569 -123.56191 
    -46.84666 -122.79729 
    -46.73988 -122.01971 
    -46.69717 -121.23488 
    -46.71949 -120.44876 
    -46.80700 -119.66746 
    -46.95894 -118.89702 
    -47.17370 -118.14335 
    -47.44886 -117.41201 
    -47.78125 -116.70816 
    -48.16705 -116.03638 
    -48.60194 -115.40062 
    -49.08120 -114.80413 
    -49.59984 -114.24947 
    -50.15279 -113.73844 
    -50.73502 -113.27218 
    -51.34159 -112.85116 
    -51.93779 -112.43893 
    -52.42717 -111.89302 
    -53.00217 -111.44593 
    -53.65169 -111.11629 
    -54.35412 -110.90620 
    -55.08338 -110.80105 
    -55.81572 -110.77472 
    -56.53461 -110.79766 
    -57.23240 -110.84472 
    -57.90882 -110.89996 
    -58.56784 -110.95766 
    -59.21443 -111.00978 
    -59.85289 -111.08677 
    -60.48957 -111.14111 
    -61.12851 -111.20089 
    -61.76775 -111.29035 
    -62.40678 -111.40984 
    -63.04464 -111.56087 
    -63.67945 -111.74622 
    -64.30799 -111.96972 
    -64.92542 -112.23579 
    -65.52528 -112.54874 
    -66.09978 -112.91192 
    -66.64045 -113.32697 
    -67.13902 -113.79319 
    -67.58836 -114.30736 
    -67.98335 -114.86388 
    -68.32143 -115.45541 
    -68.60271 -116.07363 
    -68.82977 -116.71024 
    -69.00694 -117.35775 
    -69.15388 -118.00536 
    -69.32339 -118.63934 
    -69.47965 -119.27668 
    -69.60559 -119.92217 
    -69.69621 -120.57542 
Cell 15 100 -57.67841 -99.66129 
    -68.15449 -99.66129 
    -68.04220 -100.31332 
    -67.94349 -100.95807 
    -67.83640 -101.59902 
    -67.69167 -102.23225 
    -67.51008 -102.85578 
    -67.29234 -103.46771 
    -67.03918 -104.06612 
    -66.75127 -104.64913 
    -66.42934 -105.21480 
    -66.07412 -105.76112 
    -65.68644 -106.28610 
    -65.26723 -106.78767 
    -64.81758 -107.26373 
    -64.33870 -107.71220 
    -63.83201 -108.13099 
    -63.29910 -108.51807 
    -62.74177 -108.87150 
    -62.16200 -109.18941 
    -61.56198 -109.47005 
    -60.94405 -109.71188 
    -60.31072 -109.91345 
    -59.66466 -110.07358 
    -59.00866 -110.19125 
    -58.34558 -110.26566 
    -57.67841 -110.29628 
    -57.01016 -110.28276 
    -56.34390 -110.22504 
    -55.68268 -110.12328 
    -55.02957 -109.97785 
    -54.38758 -109.78943 
    -53.75969 -109.55885 
    -53.14878 -109.28723 
    -52.55767 -108.97587 
    -51.98905 -108.62629 
    -51.44546 -108.24020 
    -50.92935 -107.81950 
    -50.44296 -107.36626 
    -49.98840 -106.88268 
    -49.56758 -106.37115 
    -49.18221 -105.83414 
    -48.77333 -105.31262 
    -48.37817 -104.77413 
    -48.01649 -104.20784 
    -47.69176 -103.61528 
    -47.40754 -102.99849 
    -47.16728 -102.36008 
    -46.97420 -101.70322 
    -46.83112 -101.03162 
    -46.74029 -100.34946 
    -46.70330 -99.66129 
    -46.72093 -98.97190 
    -46.79317 -98.28616 
    -46.91914 -97.60885 
    -47.09721 -96.94450 
    -47.32504 -96.29727 
    -47.59971 -95.67085 
    -47.91792 -95.06834 
    -48.27608 -94.49232 
    -48.67055 -93.94473 
    -48.64740 -93.09988 
    -48.17402 -91.79857 
    -49.60728 -92.08199 
    -50.54202 -92.06180 
    -51.06812 -91.67081 
    -51.56104 -91.24146 
    -52.04882 -90.79047 
    -52.56171 -90.35405 
    -53.10058 -89.93291 
    -53.66655 -89.52849 
    -54.26086 -89.14315 
    -54.88465 -88.78031 
    -55.53869 -88.44446 
    -56.22308 -88.14117 
    -56.93700 -87.87692 
    -57.67841 -87.65891 
    -58.44387 -87.49464 
    -59.22844 -87.39156 
    -60.02566 -87.35656 
    -60.82773 -87.39549 
    -61.62572 -87.51272 
    -62.40995 -87.71077 
    -63.17049 -87.99002 
    -63.89759 -88.34865 
    -64.58224 -88.78259 
    -65.21663 -89.28582 
    -65.79449 -89.85063 
    -66.31141 -90.46807 
    -66.76492 -91.12849 
    -67.15445 -91.82202 
    -67.48124 -92.53912 
    -67.74797 -93.27095 
    -67.95850 -94.00976 
    -68.11739 -94.74908 
    -68.22952 -95.48381 
    -68.29973 -96.21021 
    -68.33249 -96.92578 
    -68.33165 -97.62907 
    -68.30032 -98.31943 
    -68.24078 -98.99676 
Cell 16 100 -34.24972 -125.92702 
    -45.20240 -125.92702 
    -45.11038 -126.61031 
    -44.96690 -127.28091 
    -44.77679 -127.93517 
    -44.54497 -128.57039 
    -44.27616 -129.18480 
    -43.97454 -129.77734 
    -43.64365 -130.34746 
    -43.28624 -130.89488 
    -42.90648 -131.42076 
    -42.53335 -131.94542 
    -42.13353 -132.44907 
    -41.71662 -132.93890 
    -41.28170 -133.41531 
    -40.82942 -133.88051 
    -40.36035 -134.33757 
    -39.86596 -134.77678 
    -39.34395 -135.19339 
    -38.79309 -135.58217 
    -38.21053 -135.93086 
    -37.59951 -136.23660 
    -36.96398 -136.49837 
    -36.30749 -136.71420 
    -35.63351 -136.88084 
    -34.94629 -136.99855 
    -34.24972 -137.06525 
    -33.54819 -137.07756 
    -32.84641 -137.03535 
    -32.14909 -136.93892 
    -31.46072 -136.78946 
    -30.78596 -136.58737 
    -30.13042 -136.33118 
    -29.49537 -136.03053 
    -28.88397 -135.68727 
    -28.29926 -135.30345 
    -27.74403 -134.88133 
    -27.22093 -134.42336 
    -26.73231 -133.93225 
    -26.28035 -133.41075 
    -25.86687 -132.86192 
    -25.49350 -132.28879 
    -25.16159 -131.69452 
    -24.87218 -131.08237 
    -24.67118 -130.43434 
    -24.54236 -129.77043 
    -24.50540 -129.09314 
    -24.52158 -128.42477 
    -24.46980 -127.79264 
    -24.39669 -127.17175 
    -24.34953 -126.54988 
    -24.32800 -125.92702 
    -24.33110 -125.30299 
    -24.35805 -124.67741 
    -24.40830 -124.04967 
    -24.48001 -123.41858 
    -24.61958 -122.79800 
    -24.78611 -122.18011 
    -24.97786 -121.56401 
    -25.19378 -120.94847 
    -25.43393 -120.33234 
    -25.69967 -119.71504 
    -25.99386 -119.09717 
    -26.32066 -118.48113 
    -26.68523 -117.87166 
    -27.09303 -117.27607 
    -27.54899 -116.70425 
    -28.05656 -116.16815 
    -28.61688 -115.68092 
    -29.22815 -115.25564 
    -29.88541 -114.90403 
    -30.58075 -114.63509 
    -31.30396 -114.45405 
    -32.04354 -114.36183 
    -32.78784 -114.35503 
    -33.52617 -114.42648 
    -34.24972 -114.56622 
    -34.95211 -114.76284 
    -35.62952 -115.00478 
    -36.28046 -115.28149 
    -36.90528 -115.58431 
    -37.50982 -115.89348 
    -38.08800 -116.23263 
    -38.64133 -116.59437 
    -39.17916 -116.96040 
    -39.76369 -117.23839 
    -40.33759 -117.54778 
    -40.89917 -117.88921 
    -41.44613 -118.26363 
    -41.97540 -118.67213 
    -42.48309 -119.11579 
    -42.96447 -119.59538 
    -43.41416 -120.11108 
    -43.82629 -120.66226 
    -44.19486 -121.24719 
    -44.51416 -121.86304 
    -44.77916 -122.50580 
    -44.98589 -123.17044 
    -45.13179 -123.85115 
    -45.21585 -124.54167 
    -45.23869 -125.23565 
Cell 17 100 -14.34237 -125.85052 
    -24.32838 -125.85052 
    -24.34711 -126.47996 
    -24.39278 -127.12018 
    -24.46857 -127.78220 
    -24.52063 -128.46385 
    -24.50369 -129.15213 
    -24.27762 -129.78416 
    -24.00862 -130.39911 
    -23.70033 -130.99510 
    -23.35445 -131.56976 
    -22.97277 -132.12088 
    -22.55717 -132.64639 
    -22.10952 -133.14436 
    -21.63182 -133.61301 
    -21.12606 -134.05060 
    -20.59430 -134.45557 
    -20.03863 -134.82640 
    -19.46124 -135.16170 
    -18.86433 -135.46019 
    -18.25022 -135.72063 
    -17.62127 -135.94196 
    -16.97993 -136.12314 
    -16.32868 -136.26315 
    -15.66997 -136.35954 
    -15.00600 -136.39865 
    -14.34237 -136.29893 
    -13.70841 -135.92699 
    -13.10923 -135.61176 
    -12.52392 -135.38316 
    -11.94533 -135.18636 
    -11.36686 -135.00818 
    -10.77984 -134.84842 
    -10.17766 -134.70096 
    -9.54037 -134.58533 
    -8.92172 -134.39209 
    -8.20179 -134.30229 
    -7.69696 -133.88344 
    -7.22145 -133.43353 
    -6.77718 -132.95470 
    -6.36593 -132.44920 
    -5.98926 -131.91940 
    -5.64859 -131.36775 
    -5.34511 -130.79680 
    -5.07983 -130.20914 
    -4.85358 -129.60739 
    -4.66697 -128.99425 
    -4.52044 -128.37236 
    -4.41330 -127.74459 
    -4.33131 -127.11521 
    -4.25049 -126.48544 
    -4.20492 -125.85052 
    -4.19461 -125.21207 
    -4.21969 -124.57172 
    -4.28041 -123.93110 
    -4.37718 -123.29189 
    -4.51057 -122.65598 
    -4.68131 -122.02544 
    -4.89022 -121.40268 
    -5.13816 -120.79047 
    -5.42590 -120.19196 
    -5.75400 -119.61070 
    -6.12268 -119.05060 
    -6.53169 -118.51580 
    -6.98021 -118.01061 
    -7.46673 -117.53930 
    -7.98906 -117.10595 
    -8.54432 -116.71426 
    -9.12898 -116.36740 
    -9.73900 -116.06786 
    -10.23960 -115.48812 
    -10.53874 -114.14417 
    -11.34902 -114.19219 
    -12.23044 -114.77939 
    -12.93494 -114.70962 
    -13.64500 -114.76627 
    -14.34237 -114.92474 
    -15.01555 -115.15057 
    -15.66128 -115.41022 
    -16.28259 -115.67949 
    -16.89956 -115.89088 
    -17.50504 -116.11680 
    -18.09404 -116.37486 
    -18.66532 -116.66379 
    -19.21762 -116.98247 
    -19.74967 -117.32997 
    -20.26013 -117.70541 
    -20.75302 -118.10136 
    -21.26526 -118.47839 
    -21.75534 -118.88927 
    -22.22055 -119.33311 
    -22.65813 -119.80876 
    -23.06533 -120.31476 
    -23.43952 -120.84932 
    -23.77818 -121.41036 
    -24.07886 -121.99557 
    -24.32859 -122.60580 
    -24.47943 -123.24776 
    -24.42216 -123.92770 
    -24.36550 -124.58430 
    -24.33460 -125.22186 
Cell 18 100 14.06633 -126.47301 
    3.94573 -126.47301 
    3.95663 -127.10905 
    4.00733 -127.74375 
    4.09842 -128.37448 
    4.22960 -128.99866 
    4.40044 -129.61365 
    4.61032 -130.21690 
    4.85843 -130.80592 
    5.14381 -131.37820 
    5.46534 -131.93137 
    5.82172 -132.46306 
    6.21152 -132.97107 
    6.63313 -133.45325 
    7.08483 -133.90756 
    7.56473 -134.33209 
    8.07086 -134.72507 
    8.60108 -135.08487 
    9.15319 -135.40997 
    9.72487 -135.69907 
    10.31373 -135.95099 
    10.91731 -136.16470 
    11.53306 -136.33945 
    12.15843 -136.47456 
    12.79083 -136.56964 
    13.42766 -136.62444 
    14.06633 -136.63898 
    14.70432 -136.61348 
    15.33915 -136.54839 
    15.96847 -136.44440 
    16.59010 -136.30243 
    17.20201 -136.12364 
    17.80244 -135.90935 
    18.38991 -135.66109 
    18.96324 -135.38045 
    19.52158 -135.06909 
    20.06442 -134.72867 
    20.59155 -134.36064 
    21.08932 -133.95174 
    21.39826 -133.35815 
    21.67463 -132.76714 
    21.92726 -132.18430 
    22.16387 -131.61186 
    22.39013 -131.04906 
    22.61242 -130.49449 
    22.83629 -129.94528 
    23.06624 -129.39726 
    23.30702 -128.84561 
    23.56102 -128.28423 
    23.82871 -127.70628 
    24.12438 -127.10581 
    24.49402 -126.47301 
    24.98126 -125.78630 
    25.67461 -125.00654 
    25.78537 -124.23748 
    25.63891 -123.50167 
    25.41826 -122.78455 
    25.12610 -122.09413 
    24.76711 -121.43761 
    24.34755 -120.82086 
    23.87487 -120.24832 
    23.35671 -119.72315 
    22.79788 -119.24964 
    22.18690 -118.84729 
    21.53588 -118.51875 
    20.90667 -118.20445 
    20.29346 -117.90210 
    19.70626 -117.58591 
    19.12180 -117.27715 
    18.53313 -116.98057 
    17.91407 -116.75474 
    17.28349 -116.57160 
    16.64544 -116.42804 
    16.00239 -116.32384 
    15.35670 -116.25867 
    14.71063 -116.23218 
    14.06633 -116.18449 
    13.41835 -116.17362 
    12.76922 -116.20535 
    12.12203 -116.28061 
    11.48004 -116.40007 
    10.84671 -116.56403 
    10.22557 -116.77235 
    9.62018 -117.02445 
    9.03400 -117.31924 
    8.47035 -117.65515 
    7.93227 -118.03020 
    7.42250 -118.44200 
    6.94340 -118.88786 
    6.49692 -119.36485 
    6.08463 -119.86997 
    5.70771 -120.40012 
    5.36702 -120.95226 
    5.06311 -121.52345 
    4.79634 -122.11088 
    4.56434 -122.71091 
    4.36424 -123.32061 
    4.20290 -123.94051 
    4.08041 -124.56809 
    3.99679 -125.20093 
    3.95194 -125.83666 
Cell 19 100 24.70971 -108.67229 
    13.52231 -108.67229 
    13.57909 -109.37257 
    13.68706 -110.06477 
    13.84435 -110.74496 
    14.04867 -111.40958 
    14.29746 -112.05543 
    14.58795 -112.67977 
    14.91724 -113.28027 
    15.28243 -113.85498 
    15.68064 -114.40231 
    16.10912 -114.92098 
    16.56526 -115.40997 
    17.04660 -115.86843 
    17.55087 -116.29568 
    18.07616 -116.69087 
    18.63581 -117.03230 
    19.21699 -117.32743 
    19.78585 -117.62876 
    20.35274 -117.93133 
    20.93088 -118.21655 
    21.51396 -118.50780 
    22.10751 -118.80722 
    22.73709 -119.01314 
    23.38886 -119.12792 
    24.04740 -119.19955 
    24.70971 -119.22760 
    25.37281 -119.21186 
    26.03366 -119.15235 
    26.68924 -119.04931 
    27.33657 -118.90319 
    27.97269 -118.71469 
    28.59472 -118.48470 
    29.19986 -118.21432 
    29.78538 -117.90488 
    30.34868 -117.55788 
    30.88731 -117.17502 
    31.39893 -116.75816 
    31.88140 -116.30936 
    32.33276 -115.83080 
    32.75124 -115.32481 
    33.13534 -114.79386 
    33.48381 -114.24049 
    33.79570 -113.66735 
    34.07038 -113.07708 
    34.30758 -112.47235 
    34.50741 -111.85575 
    34.67031 -111.22974 
    34.79710 -110.59656 
    34.88885 -109.95821 
    34.94682 -109.31635 
    34.97228 -108.67229 
    34.96637 -108.02699 
    34.92985 -107.38118 
    34.86296 -106.73545 
    34.76522 -106.09047 
    34.63535 -105.44725 
    34.47125 -104.80742 
    34.27020 -104.17346 
    34.02907 -103.54893 
    33.74473 -102.93849 
    33.48516 -102.29655 
    33.22715 -101.62605 
    32.93338 -100.94975 
    32.59585 -100.27440 
    32.20654 -99.61019 
    31.75846 -98.97053 
    31.24691 -98.37131 
    30.67049 -97.82968 
    30.03171 -97.36246 
    29.33726 -96.98444 
    28.59755 -96.70677 
    27.82586 -96.53570 
    27.03706 -96.47193 
    26.24609 -96.51064 
    25.46659 -96.64214 
    24.70971 -96.85314 
    23.98343 -97.12831 
    23.29226 -97.45197 
    22.63754 -97.80954 
    22.01801 -98.18880 
    21.43070 -98.58051 
    20.86806 -98.96939 
    20.23970 -99.17303 
    19.62039 -99.41484 
    19.01271 -99.69525 
    18.41950 -100.01455 
    17.84383 -100.37286 
    17.28901 -100.77004 
    16.75859 -101.20568 
    16.25621 -101.67894 
    15.78564 -102.18857 
    15.35062 -102.73283 
    14.95478 -103.30947 
    14.60154 -103.91575 
    14.29403 -104.54843 
    14.03494 -105.20384 
    13.82647 -105.87794 
    13.67027 -106.56640 
    13.56735 -107.26468 
    13.51811 -107.96817 
Cell 20 100 60.18965 -107.97452 
    50.10234 -107.97452 
    50.11737 -108.60822 
    50.17235 -109.24000 
    50.26716 -109.86733 
    50.40150 -110.48769 
    50.57491 -111.09853 
    50.78673 -111.69740 
    51.03617 -112.28181 
    51.32226 -112.84940 
    51.64387 -113.39783 
    51.99972 -113.92485 
    52.38838 -114.42829 
    52.80828 -114.90608 
    53.25768 -115.35632 
    53.73479 -115.77710 
    54.23767 -116.16673 
    54.76423 -116.52361 
    55.31234 -116.84631 
    55.87974 -117.13354 
    56.46411 -117.38416 
    57.06306 -117.59717 
    57.67414 -117.77177 
    58.29487 -117.90730 
    58.92272 -118.00328 
    59.55516 -118.05941 
    60.18965 -118.07555 
    60.82366 -118.05174 
    61.45467 -117.98819 
    62.08023 -117.88526 
    62.67721 -117.66292 
    63.24875 -117.38947 
    63.81638 -117.13460 
    64.38875 -116.89805 
    64.97744 -116.68347 
    65.57513 -116.46067 
    66.11064 -116.12406 
    66.61291 -115.73890 
    67.08988 -115.32252 
    67.54092 -114.87782 
    67.96461 -114.40653 
    68.35957 -113.91032 
    68.72447 -113.39088 
    69.05807 -112.84998 
    69.35919 -112.28938 
    69.62669 -111.71091 
    69.85999 -111.11660 
    70.13443 -110.52790 
    70.41145 -109.92443 
    70.69211 -109.30128 
    70.96827 -108.65265 
    71.22069 -107.97452 
    71.42030 -107.26794 
    71.53360 -106.54144 
    71.53091 -105.81106 
    71.39492 -105.09750 
    71.12611 -104.42104 
    70.74282 -103.79622 
    70.27586 -103.22831 
    69.82891 -102.67529 
    69.68376 -101.94937 
    69.49400 -101.21452 
    69.24575 -100.48266 
    68.92596 -99.77058 
    68.52473 -99.09856 
    68.01849 -98.51107 
    67.43264 -98.00540 
    66.81626 -97.53265 
    66.11145 -97.20281 
    65.36092 -96.98501 
    64.58708 -96.86788 
    63.80799 -96.83842 
    63.03833 -96.87962 
    62.28825 -96.97330 
    61.56589 -97.08049 
    60.87413 -97.09507 
    60.18965 -97.15590 
    59.51556 -97.26013 
    58.85440 -97.40489 
    58.20821 -97.58743 
    57.57862 -97.80523 
    56.96694 -98.05604 
    56.37425 -98.33792 
    55.80152 -98.64927 
    55.24967 -98.98872 
    54.71965 -99.35517 
    54.21247 -99.74764 
    53.72927 -100.16525 
    53.27124 -100.60715 
    52.83970 -101.07246 
    52.43602 -101.56016 
    52.06026 -102.06818 
    51.70437 -102.58959 
    51.38102 -103.13194 
    51.09158 -103.69329 
    50.83728 -104.27165 
    50.61924 -104.86491 
    50.43845 -105.47083 
    50.29575 -106.08716 
    50.19183 -106.71150 
    50.12723 -107.34145 
Cell 21 100 65.39255 -128.31102 
    55.38256 -128.31102 
    55.40367 -128.93947 
    55.46423 -129.56526 
    55.56398 -130.18591 
    55.70250 -130.79900 
    55.87923 -131.40208 
    56.08616 -131.99568 
    56.26987 -132.60382 
    56.49352 -133.20331 
    56.75616 -133.79184 
    57.05788 -134.36652 
    57.39835 -134.92439 
    57.77703 -135.46246 
    58.19295 -135.97781 
    58.64489 -136.46753 
    59.13141 -136.92874 
    59.65069 -137.35873 
    60.20075 -137.75487 
    60.77929 -138.11470 
    61.38383 -138.43588 
    62.01170 -138.71620 
    62.66119 -138.94896 
    63.32887 -139.12920 
    64.00891 -139.26364 
    64.69792 -139.35178 
    65.39255 -139.39418 
    66.08994 -139.39569 
    66.78809 -139.35785 
    67.48528 -139.28149 
    68.17874 -139.16252 
    68.85912 -138.98004 
    69.52438 -138.74686 
    70.17185 -138.46756 
    70.72289 -138.00687 
    70.96947 -137.09885 
    71.20061 -136.30515 
    71.55508 -135.76024 
    71.88470 -135.22446 
    72.17206 -134.67740 
    72.43623 -134.13806 
    72.68920 -133.61235 
    72.94022 -133.10092 
    73.19624 -132.60114 
    73.46371 -132.10901 
    73.74306 -131.61722 
    74.03275 -131.11839 
    74.32776 -130.60519 
    74.62051 -130.07135 
    74.90365 -129.51254 
    75.21548 -128.92902 
    75.57211 -128.31102 
    75.83788 -127.65385 
    75.72434 -127.00581 
    75.62624 -126.35884 
    75.51149 -125.71291 
    75.35330 -125.07458 
    75.15155 -124.44716 
    74.90646 -123.83411 
    74.61868 -123.23891 
    74.28925 -122.66501 
    73.91967 -122.11571 
    73.51186 -121.59414 
    73.06815 -121.10316 
    72.59114 -120.64529 
    72.08379 -120.22270 
    71.54919 -119.83714 
    71.02688 -119.43273 
    70.54713 -118.93487 
    70.03836 -118.43817 
    69.49278 -117.95500 
    68.90380 -117.50449 
    68.26829 -117.11076 
    67.58852 -116.79932 
    66.87293 -116.59254 
    66.13531 -116.50513 
    65.39255 -116.54269 
    64.66810 -116.79623 
    63.97249 -117.07008 
    63.30439 -117.36449 
    62.66021 -117.66925 
    62.05703 -118.04533 
    61.48988 -118.45401 
    60.94856 -118.86707 
    60.42709 -119.27889 
    59.92204 -119.69089 
    59.43232 -120.10748 
    58.95885 -120.53401 
    58.50391 -120.97536 
    58.07051 -121.43517 
    57.66182 -121.91560 
    57.28078 -122.41748 
    56.92999 -122.94052 
    56.61158 -123.48364 
    56.32730 -124.04523 
    56.07857 -124.62336 
    55.86655 -125.21584 
    55.69214 -125.82038 
    55.55608 -126.43462 
    55.45890 -127.05611 
    55.40099 -127.68240 
Cell 22 100 75.86737 -90.79448 
    63.73396 -90.79448 
    63.75349 -91.55662 
    63.84723 -92.31297 
    64.01254 -93.05591 
    64.24522 -93.77854 
    64.53983 -94.47501 
    64.89003 -95.14072 
    65.28900 -95.77228 
    65.72987 -96.36761 
    66.20602 -96.92576 
    66.71140 -97.44669 
    67.28642 -97.89326 
    67.82650 -98.34535 
    68.35471 -98.79465 
    68.93324 -99.17641 
    69.52341 -99.52619 
    70.12392 -99.84470 
    70.73392 -100.13219 
    71.35277 -100.38850 
    71.97990 -100.61311 
    72.61471 -100.80515 
    73.25639 -100.96355 
    73.90395 -101.08713 
    74.55605 -101.17462 
    75.21114 -101.22488 
    75.86737 -101.24329 
    76.52379 -101.22799 
    77.17808 -101.16977 
    77.82731 -101.06886 
    78.46862 -100.92567 
    79.09914 -100.74086 
    79.71609 -100.51524 
    80.31674 -100.24987 
    80.89844 -99.94596 
    81.45865 -99.60493 
    81.99494 -99.22836 
    82.50500 -98.81800 
    82.98669 -98.37579 
    83.43800 -97.90377 
    83.85712 -97.40417 
    84.24252 -96.87938 
    84.59302 -96.33194 
    84.90801 -95.76462 
    85.18784 -95.18036 
    85.43424 -94.58228 
    85.65103 -93.97338 
    85.84469 -93.35622 
    86.02463 -92.73208 
    86.20262 -92.10013 
    86.39093 -91.45657 
    86.59888 -90.79448 
    86.82837 -90.10487 
    87.06940 -89.37933 
    87.29753 -88.61406 
    87.47517 -87.81410 
    87.55739 -86.99616 
    87.50166 -86.18814 
    87.27860 -85.42476 
    86.88032 -84.74006 
    86.32306 -84.15910 
    85.64331 -83.69184 
    84.88862 -83.33145 
    84.38194 -82.79877 
    83.97009 -82.16595 
    83.51084 -81.55511 
    83.00384 -80.97197 
    82.44954 -80.42265 
    81.84926 -79.91347 
    81.20530 -79.45080 
    80.52098 -79.04080 
    79.80061 -78.68921 
    79.04945 -78.40108 
    78.27359 -78.18064 
    77.47977 -78.03102 
    76.67521 -77.95420 
    75.86737 -77.95090 
    75.06370 -78.02053 
    74.27142 -78.16129 
    73.49731 -78.37019 
    72.74747 -78.64326 
    72.02721 -78.97569 
    71.34097 -79.36210 
    70.69219 -79.79666 
    70.08338 -80.27344 
    69.51613 -80.78653 
    68.99122 -81.33027 
    68.50871 -81.89938 
    68.06810 -82.48910 
    67.66849 -83.09521 
    67.30869 -83.71413 
    66.98743 -84.34283 
    66.50387 -84.85222 
    66.00162 -85.37074 
    65.53153 -85.93081 
    65.10095 -86.53175 
    64.71740 -87.17164 
    64.38825 -87.84715 
    64.12027 -88.55360 
    63.91922 -89.28508 
    63.78953 -90.03461 
Cell 23 100 93.51717 -120.11864 
    81.95586 -120.11864 
    82.12455 -120.83540 
    82.34257 -121.53032 
    82.60266 -122.20069 
    82.89814 -122.84515 
    83.22319 -123.46335 
    83.57323 -124.05573 
    83.96008 -124.61586 
    84.69116 -124.97077 
    85.31438 -125.32429 
    85.86188 -125.68053 
    86.36844 -126.03259 
    86.86988 -126.36086 
    87.36222 -126.67300 
    87.84418 -126.97611 
    88.31746 -127.27543 
    88.78534 -127.57481 
    89.25190 -127.87714 
    89.72170 -128.18442 
    90.19972 -128.49756 
    90.69126 -128.81589 
    91.20181 -129.13637 
    91.73761 -129.44748 
    92.30210 -129.73692 
    92.88618 -130.14798 
    93.51717 -130.80115 
    94.19265 -130.85509 
    94.86846 -130.81519 
    95.54134 -130.72972 
    96.20805 -130.59889 
    96.86531 -130.42314 
    97.50991 -130.20314 
    98.13870 -129.93988 
    98.74857 -129.63451 
    99.33654 -129.28848 
    99.89976 -128.90350 
    100.43547 -128.48143 
    100.94114 -128.02435 
    101.41435 -127.53458 
    101.85291 -127.01456 
    102.25481 -126.46690 
    102.61829 -125.89438 
    102.94179 -125.29986 
    103.22400 -124.68633 
    103.46385 -124.05681 
    103.66054 -123.41441 
    103.81349 -122.76228 
    103.92241 -122.10354 
    103.98724 -121.44131 
    104.00822 -120.77868 
    103.98579 -120.11864 
    103.92068 -119.46410 
    103.81384 -118.81786 
    103.66651 -118.18255 
    103.48009 -117.56059 
    103.25623 -116.95423 
    102.99674 -116.36541 
    102.70361 -115.79582 
    102.37895 -115.24683 
    102.02489 -114.71948 
    101.64359 -114.21445 
    101.23718 -113.73209 
    100.80871 -113.27143 
    100.36265 -112.82895 
    99.89141 -112.41351 
    99.39643 -112.02654 
    98.88865 -111.65455 
    98.36353 -111.30315 
    97.82092 -110.97271 
    97.26060 -110.66380 
    96.68223 -110.37761 
    96.08540 -110.11607 
    95.46994 -109.88186 
    94.83608 -109.67841 
    94.18462 -109.50986 
    93.51717 -109.38081 
    92.83628 -109.29614 
    92.14549 -109.26070 
    91.44939 -109.27894 
    90.75346 -109.35466 
    90.06393 -109.49065 
    89.38755 -109.68840 
    88.73123 -109.94799 
    88.10171 -110.26794 
    87.50522 -110.64531 
    86.94715 -111.07578 
    86.39818 -111.51325 
    85.76084 -111.85899 
    85.14295 -112.25472 
    84.55276 -112.70263 
    83.99927 -113.20348 
    83.49170 -113.75628 
    83.03896 -114.35819 
    82.64904 -115.00449 
    82.32841 -115.68869 
    82.08160 -116.40300 
    81.91091 -117.13866 
    81.81627 -117.88657 
    81.79534 -118.63783 
    81.84383 -119.38422 
Cell 24 100 -98.46579 -105.38346 
    -108.63692 -105.38346 
    -108.62698 -106.02275 
    -108.57626 -106.66071 
    -108.48480 -107.29469 
    -108.35291 -107.92204 
    -108.18106 -108.54014 
    -107.96992 -109.14641 
    -107.72031 -109.73831 
    -107.43328 -110.31338 
    -107.10999 -110.86923 
    -106.75179 -111.40359 
    -106.36019 -111.91428 
    -105.93684 -112.39924 
    -105.48352 -112.85658 
    -105.00214 -113.28455 
    -104.49470 -113.68154 
    -103.96330 -114.04615 
    -103.41010 -114.37712 
    -102.83731 -114.67342 
    -102.24717 -114.93414 
    -101.64193 -115.15860 
    -101.02380 -115.34628 
    -100.39501 -115.49680 
    -99.75770 -115.60995 
    -99.11395 -115.68562 
    -98.46579 -115.72382 
    -97.81518 -115.72462 
    -97.16400 -115.68816 
    -96.51410 -115.61459 
    -95.86726 -115.50407 
    -95.22527 -115.35674 
    -94.58995 -115.17271 
    -93.96315 -114.95206 
    -93.34682 -114.69484 
    -92.74303 -114.40110 
    -92.15403 -114.07086 
    -91.59899 -113.68399 
    -91.27937 -113.03622 
    -91.06873 -112.32977 
    -90.87379 -111.66412 
    -90.66396 -111.05182 
    -90.42615 -110.48557 
    -90.16941 -109.94444 
    -89.89539 -109.41638 
    -89.58439 -108.89986 
    -89.22541 -108.38584 
    -88.85351 -107.85148 
    -88.49789 -107.28494 
    -88.10332 -106.69254 
    -87.60530 -106.06675 
    -86.98320 -105.38346 
    -86.26476 -104.61584 
    -86.12955 -103.82504 
    -86.33165 -103.06875 
    -86.74690 -102.37457 
    -87.31533 -101.76046 
    -87.96079 -101.22424 
    -88.40137 -100.64751 
    -88.27215 -99.77946 
    -88.04792 -98.77208 
    -89.64780 -98.97681 
    -90.12889 -98.48657 
    -90.63689 -98.03163 
    -91.16846 -97.61259 
    -91.72044 -97.22973 
    -92.28992 -96.88310 
    -92.87424 -96.57258 
    -93.47097 -96.29792 
    -94.07796 -96.05885 
    -94.69322 -95.85504 
    -95.31497 -95.68624 
    -95.94156 -95.55223 
    -96.57143 -95.45286 
    -97.19611 -95.33290 
    -97.82510 -95.19994 
    -98.46579 -95.07534 
    -99.12172 -94.95773 
    -99.79622 -94.85201 
    -100.49023 -94.77100 
    -101.19990 -94.73482 
    -101.91509 -94.76761 
    -102.61964 -94.89203 
    -103.29394 -95.12313 
    -103.91918 -95.46378 
    -104.48199 -95.90345 
    -104.97749 -96.42088 
    -105.40980 -96.98960 
    -105.78983 -97.58416 
    -106.13132 -98.18504 
    -106.44689 -98.78092 
    -106.74509 -99.36820 
    -107.02945 -99.94880 
    -107.29914 -100.52728 
    -107.59236 -101.08882 
    -107.85623 -101.66553 
    -108.08344 -102.25850 
    -108.27290 -102.86543 
    -108.42367 -103.48389 
    -108.53497 -104.11143 
    -108.60619 -104.74548 
