96 25 
Cell 0 100 -122.14396 -144.91447 
    -132.14406 -144.91447 
    -132.12431 -145.54239 
    -132.06517 -146.16782 
    -131.96689 -146.78830 
    -131.82983 -147.40138 
    -131.65454 -148.00465 
    -131.44186 -148.59578 
    -131.20184 -149.17679 
    -130.93307 -149.74634 
    -130.63072 -150.30034 
    -130.29321 -150.83525 
    -129.92174 -151.34882 
    -129.51759 -151.83878 
    -129.08223 -152.30298 
    -128.61729 -152.73938 
    -128.12450 -153.14597 
    -127.60578 -153.52092 
    -127.06317 -153.86249 
    -126.49884 -154.16907 
    -125.91506 -154.43919 
    -125.31423 -154.67155 
    -124.69883 -154.86504 
    -124.07143 -155.01862 
    -123.43467 -155.13152 
    -122.79127 -155.20313 
    -122.14396 -155.23300 
    -121.49553 -155.22092 
    -120.84879 -155.16684 
    -120.20652 -155.07089 
    -119.57153 -154.93346 
    -118.94656 -154.75507 
    -118.33434 -154.53647 
    -117.73754 -154.27859 
    -117.15875 -153.98254 
    -116.60046 -153.64963 
    -116.06509 -153.28131 
    -115.55495 -152.87923 
    -115.07219 -152.44514 
    -114.61886 -151.98102 
    -114.19686 -151.48889 
    -113.80793 -150.97096 
    -113.45364 -150.42952 
    -113.13541 -149.86696 
    -112.85448 -149.28577 
    -112.61192 -148.68848 
    -112.38223 -148.08626 
    -112.18314 -147.47198 
    -112.01810 -146.84608 
    -111.88724 -146.21021 
    -111.79066 -145.56584 
    -111.80729 -144.91447 
    -112.24007 -144.29137 
    -112.58347 -143.70671 
    -112.87302 -143.14595 
    -113.12946 -142.59995 
    -113.36720 -142.06274 
    -113.59711 -141.53055 
    -113.82460 -140.99968 
    -114.05755 -140.46893 
    -114.30309 -139.93851 
    -114.56459 -139.40773 
    -114.83914 -138.87141 
    -115.13278 -138.33055 
    -115.45486 -137.79132 
    -115.82330 -137.27411 
    -116.21228 -136.75021 
    -116.57992 -136.14696 
    -116.80986 -135.21179 
    -117.29857 -134.61749 
    -118.03273 -134.53070 
    -118.75821 -134.49420 
    -119.44631 -134.40785 
    -120.11987 -134.30379 
    -120.78810 -134.18178 
    -121.45854 -134.02005 
    -122.14396 -133.75957 
    -122.86420 -133.46667 
    -123.63416 -133.11839 
    -124.42773 -132.94254 
    -125.13196 -133.27701 
    -125.80553 -133.64529 
    -126.39700 -134.17253 
    -126.89072 -134.82709 
    -127.33233 -135.47687 
    -127.84518 -135.93079 
    -128.34344 -136.38161 
    -128.93761 -136.70236 
    -129.73122 -136.83487 
    -129.73016 -137.79056 
    -130.03583 -138.38576 
    -130.38373 -138.92793 
    -130.70129 -139.48383 
    -130.98820 -140.05231 
    -131.24402 -140.63231 
    -131.46812 -141.22278 
    -131.65984 -141.82259 
    -131.82993 -142.42754 
    -131.96696 -143.04063 
    -132.06523 -143.66113 
    -132.12433 -144.28656 
Cell 1 100 -105.08971 -137.50063 
    -115.66193 -137.50063 
    -115.24680 -138.13965 
    -114.90984 -138.74120 
    -114.61108 -139.31693 
    -114.33470 -139.87434 
    -114.07947 -140.42159 
    -113.83981 -140.96504 
    -113.60661 -141.50838 
    -113.37123 -142.05342 
    -113.12842 -142.60216 
    -112.86942 -143.15292 
    -112.58590 -143.70201 
    -112.26888 -144.24231 
    -111.91123 -144.76482 
    -111.47923 -145.22423 
    -110.98200 -145.61067 
    -110.46266 -145.96706 
    -109.92177 -146.29010 
    -109.36144 -146.57854 
    -108.78392 -146.83115 
    -108.19149 -147.04694 
    -107.58649 -147.22498 
    -106.97135 -147.36458 
    -106.34852 -147.46512 
    -105.72046 -147.52620 
    -105.08971 -147.54755 
    -104.45877 -147.52907 
    -103.83018 -147.47081 
    -103.20645 -147.37300 
    -102.59009 -147.23601 
    -101.98355 -147.06039 
    -101.38928 -146.84683 
    -100.80966 -146.59619 
    -100.24701 -146.30946 
    -99.70358 -145.98781 
    -99.18156 -145.63249 
    -98.68301 -145.24498 
    -98.20996 -144.82681 
    -97.76427 -144.37965 
    -97.34774 -143.90533 
    -96.96023 -143.40703 
    -96.59659 -142.89052 
    -96.26197 -142.35371 
    -96.14413 -141.71010 
    -96.11520 -141.05389 
    -96.06282 -140.43364 
    -96.01951 -139.82945 
    -95.98764 -139.23694 
    -95.96838 -138.65291 
    -95.96468 -138.07472 
    -95.97811 -137.50063 
    -96.00657 -136.92917 
    -96.00793 -136.35333 
    -96.01519 -135.76956 
    -96.02942 -135.17433 
    -96.05309 -134.56445 
    -96.08730 -133.93633 
    -96.12630 -133.28276 
    -96.15759 -132.59015 
    -96.14883 -131.82658 
    -96.08081 -130.95528 
    -96.53529 -130.42380 
    -97.03670 -129.93834 
    -97.57780 -129.50125 
    -98.15092 -129.11307 
    -98.74855 -128.77277 
    -99.36384 -128.47810 
    -99.99097 -128.22606 
    -100.62535 -128.01338 
    -101.26359 -127.83696 
    -101.90340 -127.69419 
    -102.49851 -127.40859 
    -103.11106 -127.12820 
    -103.75024 -126.89767 
    -104.41286 -126.74255 
    -105.08971 -126.68377 
    -105.76730 -126.73048 
    -106.42822 -126.90527 
    -107.05876 -127.17847 
    -107.66628 -127.46558 
    -108.24821 -127.77977 
    -108.82220 -128.07344 
    -109.34979 -128.44749 
    -109.81062 -128.91333 
    -110.27720 -129.32645 
    -110.74841 -129.71208 
    -111.22363 -130.08598 
    -111.70181 -130.45944 
    -112.18156 -130.84094 
    -112.66128 -131.23688 
    -113.14291 -131.64963 
    -113.62369 -132.08481 
    -114.10500 -132.54443 
    -114.59496 -133.02779 
    -115.11373 -133.53185 
    -115.72850 -134.04388 
    -116.49528 -134.57217 
    -116.79616 -135.26750 
    -116.60476 -136.04594 
    -116.17284 -136.80334 
Cell 2 100 -86.00705 -139.00305 
    -95.97993 -139.00305 
    -96.00890 -139.63232 
    -96.05123 -140.27193 
    -96.10468 -140.92928 
    -96.13948 -141.60461 
    -96.04802 -142.26556 
    -95.72287 -142.84981 
    -95.37996 -143.41360 
    -95.01893 -143.95737 
    -94.63904 -144.48108 
    -94.23940 -144.98419 
    -93.82494 -145.47057 
    -93.42966 -145.97334 
    -93.00189 -146.45180 
    -92.54269 -146.90329 
    -92.05370 -147.32556 
    -91.53680 -147.71655 
    -90.99398 -148.07425 
    -90.42742 -148.39682 
    -89.83942 -148.68251 
    -89.23245 -148.92981 
    -88.60909 -149.13733 
    -87.97204 -149.30386 
    -87.32408 -149.42842 
    -86.66811 -149.51019 
    -86.00705 -149.54860 
    -85.34392 -149.54327 
    -84.68172 -149.49406 
    -84.02353 -149.40105 
    -83.37235 -149.26453 
    -82.73121 -149.08505 
    -82.10309 -148.86334 
    -81.49087 -148.60042 
    -80.89741 -148.29745 
    -80.32542 -147.95587 
    -79.77754 -147.57724 
    -79.25626 -147.16336 
    -78.76391 -146.71622 
    -78.30270 -146.23793 
    -77.87462 -145.73079 
    -77.48154 -145.19720 
    -77.12508 -144.63972 
    -76.80669 -144.06099 
    -76.52763 -143.46373 
    -76.24222 -142.86922 
    -75.98671 -142.25885 
    -75.76578 -141.63257 
    -75.58145 -140.99184 
    -75.43611 -140.33847 
    -75.33249 -139.67464 
    -75.27344 -139.00305 
    -75.26180 -138.32701 
    -75.30013 -137.65045 
    -75.39043 -136.97783 
    -75.53389 -136.31400 
    -75.73077 -135.66409 
    -75.98022 -135.03314 
    -76.28023 -134.42596 
    -76.62780 -133.84677 
    -77.01908 -133.29912 
    -77.44955 -132.78566 
    -77.91438 -132.30821 
    -78.40865 -131.86768 
    -78.92767 -131.46428 
    -79.46710 -131.09761 
    -80.02319 -130.76697 
    -80.59270 -130.47141 
    -81.17303 -130.21001 
    -81.72553 -129.90437 
    -82.29368 -129.62415 
    -82.87710 -129.37006 
    -83.47491 -129.14102 
    -84.08665 -128.93600 
    -84.71230 -128.75404 
    -85.35220 -128.59459 
    -86.00705 -128.45767 
    -86.68015 -128.30455 
    -87.37799 -128.15094 
    -88.08952 -128.08635 
    -88.79736 -128.13548 
    -89.53792 -128.13615 
    -90.30170 -128.15601 
    -91.05663 -128.27216 
    -91.78722 -128.48897 
    -92.53986 -128.70900 
    -93.27769 -128.99586 
    -93.99036 -129.35287 
    -94.66689 -129.78127 
    -95.29625 -130.27992 
    -95.86809 -130.84529 
    -96.13465 -131.64491 
    -96.15726 -132.56152 
    -96.11661 -133.44528 
    -96.06923 -134.26816 
    -96.03491 -135.03275 
    -96.01563 -135.75107 
    -96.00774 -136.43532 
    -95.99821 -137.09714 
    -95.97241 -137.74414 
    -95.96661 -138.37645 
Cell 3 100 -56.27176 -155.54189 
    -66.40349 -155.54189 
    -66.35843 -156.17648 
    -66.27640 -156.80577 
    -66.15805 -157.42780 
    -66.00397 -158.04070 
    -65.81470 -158.64258 
    -65.59074 -159.23152 
    -65.33263 -159.80560 
    -65.04102 -160.36282 
    -64.71664 -160.90117 
    -64.36192 -161.41974 
    -63.97689 -161.91612 
    -63.56144 -162.38736 
    -63.11723 -162.83157 
    -62.64600 -163.24702 
    -62.14961 -163.63205 
    -61.63002 -163.98517 
    -61.08929 -164.30495 
    -60.52955 -164.59015 
    -59.95300 -164.83965 
    -59.36193 -165.05244 
    -58.75866 -165.22772 
    -58.14557 -165.36476 
    -57.52509 -165.46303 
    -56.89966 -165.52216 
    -56.27176 -165.54189 
    -55.64385 -165.52216 
    -55.01842 -165.46303 
    -54.39777 -165.36563 
    -53.78389 -165.23151 
    -53.17922 -165.05972 
    -52.58593 -164.85121 
    -52.00601 -164.60704 
    -51.44128 -164.32848 
    -50.89333 -164.01694 
    -50.36348 -163.67393 
    -49.85281 -163.30107 
    -49.36211 -162.89990 
    -48.89198 -162.47195 
    -48.44283 -162.01854 
    -48.01501 -161.54076 
    -47.60899 -161.03944 
    -47.22551 -160.51511 
    -46.86572 -159.96803 
    -46.53142 -159.39836 
    -46.22517 -158.80621 
    -45.95030 -158.19199 
    -45.71096 -157.55646 
    -45.51192 -156.90117 
    -45.35834 -156.22850 
    -45.25539 -155.54189 
    -45.20788 -154.84581 
    -45.21980 -154.14571 
    -45.29393 -153.44775 
    -45.43153 -152.75859 
    -45.63217 -152.08487 
    -45.89370 -151.43292 
    -46.21240 -150.80830 
    -46.58326 -150.21559 
    -47.00038 -149.65810 
    -47.45739 -149.13788 
    -47.94793 -148.65581 
    -48.46598 -148.21178 
    -49.00624 -147.80490 
    -49.56422 -147.43387 
    -50.13603 -147.09679 
    -50.71594 -146.78732 
    -51.35794 -146.60368 
    -51.98384 -146.42960 
    -52.62990 -146.34361 
    -53.27005 -146.30359 
    -53.88713 -146.25438 
    -54.49004 -146.20183 
    -55.08481 -146.14622 
    -55.67714 -146.09067 
    -56.27176 -146.04146 
    -56.87232 -145.99620 
    -57.48420 -145.94438 
    -58.11798 -145.86363 
    -58.78419 -145.75658 
    -59.40996 -145.88348 
    -60.02607 -146.05957 
    -60.62334 -146.29431 
    -61.20362 -146.57086 
    -61.77211 -146.87473 
    -62.32072 -147.21620 
    -62.84612 -147.59485 
    -63.34492 -148.00974 
    -63.81376 -148.45947 
    -64.24947 -148.94214 
    -64.64921 -149.45531 
    -65.01057 -149.99606 
    -65.33170 -150.56114 
    -65.61131 -151.14702 
    -65.84873 -151.75009 
    -66.04380 -152.36676 
    -66.19680 -152.99356 
    -66.30838 -153.62730 
    -66.37939 -154.26500 
    -66.41077 -154.90399 
Cell 4 100 -54.07037 -136.70869 
    -66.12064 -136.70869 
    -65.96045 -137.45676 
    -65.75047 -138.18423 
    -65.49493 -138.88805 
    -65.19802 -139.56580 
    -64.86385 -140.21570 
    -64.49623 -140.83658 
    -64.09868 -141.42766 
    -63.67432 -141.98851 
    -63.22588 -142.51895 
    -62.75573 -143.01898 
    -62.26586 -143.48859 
    -61.75793 -143.92780 
    -61.23339 -144.33653 
    -60.69346 -144.71463 
    -60.13929 -145.06184 
    -59.57127 -145.37671 
    -58.99411 -145.66495 
    -58.36005 -145.82474 
    -57.71538 -145.91493 
    -57.08229 -145.97842 
    -56.46292 -146.02705 
    -55.85724 -146.07576 
    -55.26053 -146.12975 
    -54.66659 -146.18532 
    -54.07037 -146.23840 
    -53.46771 -146.28783 
    -52.85498 -146.32954 
    -52.22206 -146.39789 
    -51.54299 -146.55222 
    -50.80379 -146.76219 
    -50.16224 -146.57951 
    -49.53727 -146.34204 
    -48.92793 -146.06277 
    -48.33717 -145.74277 
    -47.76791 -145.38330 
    -47.22291 -144.98586 
    -46.70486 -144.55217 
    -46.21629 -144.08417 
    -45.75959 -143.58398 
    -45.33695 -143.05389 
    -44.95039 -142.49641 
    -44.60174 -141.91412 
    -44.29258 -141.30977 
    -44.02428 -140.68622 
    -43.79799 -140.04640 
    -43.61460 -139.39328 
    -43.47479 -138.72990 
    -43.37899 -138.05933 
    -43.32741 -137.38458 
    -43.32005 -136.70869 
    -43.35667 -136.03465 
    -43.43686 -135.36537 
    -43.56004 -134.70374 
    -43.72541 -134.05257 
    -43.93206 -133.41455 
    -44.17889 -132.79237 
    -44.46469 -132.18860 
    -44.78809 -131.60571 
    -45.14767 -131.04617 
    -45.54180 -130.51233 
    -45.96858 -130.00630 
    -46.42603 -129.53018 
    -46.91218 -129.08598 
    -47.42493 -128.67574 
    -47.96177 -128.30092 
    -48.50650 -127.94144 
    -49.03277 -127.54533 
    -49.58397 -127.17459 
    -50.19259 -126.91454 
    -50.85526 -126.81360 
    -51.51019 -126.73743 
    -52.17560 -126.77596 
    -52.82054 -126.81525 
    -53.44907 -126.83330 
    -54.07037 -126.84319 
    -54.69000 -126.85996 
    -55.31073 -126.89030 
    -55.93777 -126.91948 
    -56.57682 -126.94673 
    -57.22985 -126.98483 
    -57.90047 -127.03499 
    -58.59578 -127.09173 
    -59.32893 -127.14342 
    -60.12756 -127.16411 
    -61.06065 -127.08742 
    -61.85417 -127.29970 
    -62.63924 -127.58377 
    -63.27694 -128.06316 
    -63.85095 -128.61751 
    -64.36758 -129.22734 
    -64.82772 -129.88188 
    -65.22836 -130.57454 
    -65.56640 -131.29907 
    -65.83961 -132.04892 
    -66.04678 -132.81732 
    -66.18777 -133.59747 
    -66.26347 -134.38274 
    -66.27565 -135.16681 
    -66.22695 -135.94386 
Cell 5 100 -7.30788 -144.27650 
    -17.71740 -144.27650 
    -17.73258 -144.93237 
    -17.70460 -145.58992 
    -17.63321 -146.24617 
    -17.51837 -146.89812 
    -17.36027 -147.54272 
    -17.15935 -148.17697 
    -16.91624 -148.79785 
    -16.63183 -149.40239 
    -16.30725 -149.98767 
    -15.94383 -150.55089 
    -15.54310 -151.08926 
    -15.10686 -151.60023 
    -14.63706 -152.08128 
    -14.13585 -152.53009 
    -13.60556 -152.94452 
    -13.04868 -153.32256 
    -12.46784 -153.66243 
    -11.86580 -153.96257 
    -11.24543 -154.22162 
    -10.60969 -154.43843 
    -9.96162 -154.61211 
    -9.30428 -154.74200 
    -8.64080 -154.82765 
    -7.97430 -154.86891 
    -7.30788 -154.86578 
    -6.64463 -154.81856 
    -5.98758 -154.72778 
    -5.33969 -154.59412 
    -4.70385 -154.41855 
    -4.08282 -154.20221 
    -3.47928 -153.94646 
    -2.89574 -153.65279 
    -2.33460 -153.32288 
    -1.79810 -152.95853 
    -1.28828 -152.56178 
    -0.80708 -152.13463 
    -0.35619 -151.67931 
    0.06946 -151.20428 
    0.51013 -150.74413 
    0.86271 -150.21278 
    1.13375 -149.63373 
    1.37624 -149.05064 
    1.60869 -148.47234 
    1.82848 -147.89384 
    2.03383 -147.31181 
    2.22374 -146.72380 
    2.39791 -146.12798 
    2.55684 -145.52271 
    2.70236 -144.90630 
    2.83803 -144.27650 
    2.97161 -143.62978 
    3.32474 -142.93329 
    3.82261 -142.15324 
    4.41892 -141.26558 
    4.47611 -140.44765 
    4.39690 -139.64226 
    4.17456 -138.87328 
    3.80576 -138.16673 
    3.30146 -137.54361 
    2.68513 -137.01616 
    1.98828 -136.58604 
    1.24490 -136.24490 
    0.48602 -135.97684 
    -0.26431 -135.76228 
    -0.99094 -135.58197 
    -1.68749 -135.42018 
    -2.33677 -135.23409 
    -2.92812 -134.96904 
    -3.53254 -134.74107 
    -4.14770 -134.55046 
    -4.77134 -134.39732 
    -5.38778 -134.21097 
    -6.01080 -134.00902 
    -6.65020 -133.82297 
    -7.30788 -133.47939 
    -8.01163 -133.09084 
    -8.67991 -133.41582 
    -9.35610 -133.53935 
    -10.02198 -133.70581 
    -10.67467 -133.91460 
    -11.31950 -134.14430 
    -11.95683 -134.39700 
    -12.59004 -134.66830 
    -13.18427 -135.01680 
    -13.69446 -135.48613 
    -14.13362 -136.02560 
    -14.53359 -136.58191 
    -14.90178 -137.14536 
    -15.24443 -137.71082 
    -15.56549 -138.27701 
    -15.86635 -138.84514 
    -16.14620 -139.41760 
    -16.46674 -139.96667 
    -16.76007 -140.53412 
    -17.01750 -141.12166 
    -17.23747 -141.72702 
    -17.41859 -142.34778 
    -17.55963 -142.98141 
    -17.65952 -143.62523 
Cell 6 100 10.86091 -150.61417 
    0.59637 -150.61417 
    0.21242 -151.28412 
    0.01947 -151.98376 
    -0.01903 -152.68962 
    0.05051 -153.38980 
    0.19883 -154.07849 
    0.41585 -154.74965 
    0.68190 -155.40404 
    0.99325 -156.03896 
    1.34838 -156.65100 
    1.74547 -157.23692 
    2.18241 -157.79364 
    2.65693 -158.31822 
    3.16637 -158.80801 
    3.70802 -159.26053 
    4.27890 -159.67352 
    4.87588 -160.04507 
    5.49569 -160.37346 
    6.13496 -160.65733 
    6.79022 -160.89555 
    7.45797 -161.08734 
    8.13467 -161.23218 
    8.81679 -161.32985 
    9.50081 -161.38045 
    10.18331 -161.38431 
    10.86091 -161.34213 
    11.53036 -161.25470 
    12.18852 -161.12331 
    12.83242 -160.94920 
    13.45925 -160.73404 
    14.06638 -160.47960 
    14.65136 -160.18776 
    15.24506 -159.93095 
    15.84200 -159.67474 
    16.42604 -159.38341 
    16.99520 -159.05728 
    17.54737 -158.69672 
    18.08035 -158.30208 
    18.59174 -157.87390 
    19.07902 -157.41278 
    19.53953 -156.91956 
    19.97044 -156.39525 
    20.36885 -155.84120 
    20.73180 -155.25905 
    21.05635 -154.65082 
    21.33960 -154.01891 
    21.57884 -153.36606 
    21.77158 -152.69548 
    21.91564 -152.01070 
    22.00925 -151.31557 
    22.05110 -150.61417 
    22.04037 -149.91081 
    21.97680 -149.20990 
    21.86073 -148.51584 
    21.69302 -147.83295 
    21.47510 -147.16541 
    21.20889 -146.51711 
    20.89675 -145.89166 
    20.54140 -145.29227 
    20.14586 -144.72176 
    19.71334 -144.18250 
    19.24718 -143.67644 
    18.75073 -143.20512 
    18.22734 -142.76971 
    17.68025 -142.37100 
    17.11255 -142.00952 
    16.52717 -141.68556 
    15.92687 -141.39923 
    15.31418 -141.15048 
    14.69149 -140.93922 
    14.06100 -140.76529 
    13.42479 -140.62851 
    12.78481 -140.52872 
    12.17270 -140.23032 
    11.53638 -139.87790 
    10.86091 -139.48547 
    10.13571 -139.08737 
    9.36142 -138.74448 
    8.55605 -138.53166 
    7.75451 -138.51553 
    6.99983 -138.73100 
    6.32898 -139.16782 
    5.75999 -139.77417 
    5.28705 -140.47536 
    4.84187 -141.12968 
    4.28270 -141.56004 
    3.84000 -142.12735 
    3.45558 -142.72830 
    3.11730 -143.34242 
    2.89085 -144.02075 
    2.74328 -144.71635 
    2.59348 -145.36749 
    2.43609 -145.98257 
    2.26845 -146.57086 
    2.08897 -147.14111 
    1.89637 -147.70142 
    1.68960 -148.25937 
    1.46799 -148.82237 
    1.23189 -149.39775 
    0.96622 -149.99164 
Cell 7 100 32.28419 -133.63979 
    21.87787 -133.63979 
    21.85797 -134.29575 
    21.88126 -134.95398 
    21.94810 -135.61150 
    22.05857 -136.26527 
    22.21255 -136.91226 
    22.40969 -137.54938 
    22.64938 -138.17358 
    22.93081 -138.78185 
    23.25288 -139.37123 
    23.61433 -139.93880 
    24.01362 -140.48180 
    24.44900 -140.99751 
    24.91853 -141.48341 
    25.42006 -141.93709 
    25.95128 -142.35629 
    26.50965 -142.73898 
    27.09255 -143.08333 
    27.69718 -143.38766 
    28.32064 -143.65056 
    28.95991 -143.87085 
    29.61193 -144.04755 
    30.27354 -144.17996 
    30.94158 -144.26761 
    31.61286 -144.31029 
    32.28419 -144.30798 
    32.95242 -144.26100 
    33.61444 -144.16985 
    34.26722 -144.03520 
    34.90780 -143.85808 
    35.53333 -143.63960 
    36.14108 -143.38116 
    36.72844 -143.08432 
    37.29300 -142.75079 
    37.83245 -142.38245 
    38.34468 -141.98134 
    38.82776 -141.54961 
    39.27996 -141.08952 
    39.74892 -140.64964 
    40.20194 -140.18993 
    40.63010 -139.70345 
    41.03201 -139.19131 
    41.40627 -138.65469 
    41.75142 -138.09473 
    42.06589 -137.51263 
    42.34804 -136.90973 
    42.59611 -136.28743 
    42.80825 -135.64735 
    42.98255 -134.99130 
    43.11703 -134.32133 
    43.20973 -133.63979 
    43.25872 -132.94933 
    43.26221 -132.25294 
    43.21859 -131.55394 
    43.12651 -130.85594 
    42.98497 -130.16289 
    42.79337 -129.47891 
    42.55158 -128.80832 
    42.26000 -128.15553 
    41.91957 -127.52499 
    41.53182 -126.92099 
    41.09881 -126.34769 
    40.62316 -125.80898 
    40.10795 -125.30833 
    39.55670 -124.84882 
    39.04510 -124.33418 
    38.48885 -123.86280 
    37.87872 -123.46337 
    37.22324 -123.14376 
    36.53315 -122.90813 
    35.82032 -122.75668 
    35.09671 -122.68571 
    34.37332 -122.68818 
    33.65930 -122.75462 
    32.96482 -122.82133 
    32.28419 -122.65224 
    31.58411 -122.51243 
    30.86646 -122.41736 
    30.13543 -122.37561 
    29.39719 -122.39569 
    28.65982 -122.48513 
    27.93288 -122.64963 
    27.22680 -122.89230 
    26.58442 -123.27196 
    26.10549 -123.90372 
    25.65713 -124.51842 
    25.25724 -125.14567 
    24.93726 -125.81610 
    24.64746 -126.46842 
    24.37471 -127.09650 
    24.11947 -127.70777 
    23.87790 -128.30499 
    23.64736 -128.89165 
    23.42436 -129.47067 
    23.20378 -130.04460 
    22.97945 -130.61649 
    22.74361 -131.19019 
    22.48554 -131.77060 
    22.20775 -132.36682 
    21.94043 -132.98901 
Cell 8 100 46.23973 -149.36761 
    36.20796 -149.36761 
    36.23003 -149.99738 
    36.28317 -150.62543 
    36.37394 -151.24962 
    36.50376 -151.86739 
    36.67243 -152.47621 
    36.87939 -153.07364 
    37.12388 -153.65720 
    37.40500 -154.22455 
    37.72169 -154.77332 
    38.07273 -155.30128 
    38.45677 -155.80623 
    38.87230 -156.28609 
    39.31767 -156.73885 
    39.79113 -157.16263 
    40.29076 -157.55566 
    40.81457 -157.91629 
    41.36042 -158.24303 
    41.92613 -158.53447 
    42.50937 -158.78941 
    43.10777 -159.00679 
    43.71888 -159.18568 
    44.34019 -159.32533 
    44.96916 -159.42517 
    45.60321 -159.48479 
    46.23973 -159.50392 
    46.87610 -159.48253 
    47.50973 -159.42072 
    48.13800 -159.31874 
    48.75836 -159.17703 
    49.36826 -158.99625 
    49.96522 -158.77713 
    50.54681 -158.52065 
    51.11069 -158.22787 
    51.65458 -157.90005 
    52.17628 -157.53857 
    52.67373 -157.14499 
    53.14493 -156.72092 
    53.58804 -156.26814 
    54.00132 -155.78856 
    54.38316 -155.28416 
    54.73209 -154.75703 
    55.04679 -154.20934 
    55.32607 -153.64333 
    55.56890 -153.06129 
    55.77440 -152.46562 
    55.94185 -151.85870 
    56.07067 -151.24297 
    56.16093 -150.62096 
    56.22117 -149.99559 
    56.24202 -149.36761 
    56.22338 -148.73950 
    56.16533 -148.11372 
    56.06807 -147.49275 
    55.93198 -146.87907 
    55.75757 -146.27509 
    55.54554 -145.68318 
    55.29670 -145.10573 
    55.01203 -144.54500 
    54.69487 -144.00182 
    54.34843 -143.47630 
    53.97346 -142.96971 
    53.57232 -142.48186 
    53.14711 -142.01199 
    52.69934 -141.55928 
    52.22955 -141.12332 
    51.73713 -140.70509 
    51.22049 -140.30763 
    50.67759 -139.93666 
    50.20766 -139.34576 
    49.71371 -138.67578 
    49.01130 -138.57304 
    48.23619 -138.90178 
    47.57477 -138.79967 
    46.90660 -138.76802 
    46.23973 -138.62602 
    45.56214 -138.59769 
    44.90892 -138.83319 
    44.30014 -139.19997 
    43.69148 -139.44284 
    43.09404 -139.68619 
    42.51230 -139.95320 
    41.94608 -140.24315 
    41.39592 -140.55676 
    40.86306 -140.89536 
    40.34939 -141.26027 
    39.85711 -141.65236 
    39.38655 -142.06972 
    38.94249 -142.51505 
    38.52732 -142.98737 
    38.14271 -143.48479 
    37.79015 -144.00536 
    37.47104 -144.54698 
    37.18660 -145.10754 
    36.93798 -145.68480 
    36.71500 -146.27284 
    36.48824 -146.86386 
    36.31652 -147.47467 
    36.22992 -148.10309 
    36.20606 -148.73634 
Cell 9 100 67.77579 -151.12758 
    56.95773 -151.12758 
    56.95782 -151.80818 
    56.96495 -152.49330 
    57.00574 -153.18208 
    57.09067 -153.87105 
    57.24548 -154.54909 
    57.44647 -155.21724 
    57.69331 -155.87204 
    57.98529 -156.50995 
    58.32132 -157.12756 
    58.70007 -157.72148 
    59.11977 -158.28847 
    59.57838 -158.82545 
    60.07362 -159.32956 
    60.60294 -159.79807 
    61.16356 -160.22855 
    61.75249 -160.61879 
    62.36660 -160.96687 
    63.00260 -161.27113 
    63.65707 -161.53029 
    64.32653 -161.74332 
    65.00743 -161.90964 
    65.69627 -162.02885 
    66.38952 -162.10109 
    67.08378 -162.12683 
    67.77579 -162.10672 
    68.46247 -162.04204 
    69.14100 -161.93428 
    69.80883 -161.78511 
    70.46380 -161.59666 
    71.10410 -161.37106 
    71.72831 -161.11050 
    72.33543 -160.81731 
    72.92482 -160.49362 
    73.49605 -160.14125 
    74.04902 -159.76193 
    74.58353 -159.35670 
    75.09940 -158.92642 
    75.59605 -158.47130 
    76.07251 -157.99123 
    76.52714 -157.48579 
    76.95755 -156.95450 
    77.36057 -156.39685 
    77.72626 -155.80992 
    78.02547 -155.18571 
    78.29212 -154.54454 
    78.52703 -153.88803 
    78.71423 -153.21420 
    78.84413 -152.52583 
    78.91470 -151.82838 
    78.92382 -151.12758 
    78.86959 -150.42961 
    78.75378 -149.74074 
    78.57920 -149.06671 
    78.34914 -148.41281 
    78.07186 -147.78218 
    77.93227 -147.10634 
    77.75058 -146.43381 
    77.52400 -145.76845 
    77.25101 -145.11443 
    76.93043 -144.47635 
    76.56165 -143.85928 
    76.14476 -143.26860 
    75.68063 -142.70979 
    75.17098 -142.18834 
    74.61847 -141.70944 
    74.02660 -141.27789 
    73.39966 -140.89780 
    72.74264 -140.57251 
    72.06099 -140.30441 
    71.36052 -140.09492 
    70.64713 -139.94444 
    69.92665 -139.85239 
    69.20462 -139.81729 
    68.48615 -139.83693 
    67.77579 -139.90848 
    67.07751 -140.02873 
    66.39458 -140.19420 
    65.72966 -140.40137 
    65.08479 -140.64680 
    64.46152 -140.92728 
    63.86097 -141.23987 
    63.28399 -141.58202 
    62.73120 -141.95151 
    62.20315 -142.34650 
    61.70034 -142.76544 
    61.22337 -143.20706 
    60.77289 -143.67024 
    60.24058 -144.05154 
    59.69462 -144.44225 
    59.14465 -144.85669 
    58.60066 -145.30486 
    58.08098 -145.79781 
    57.61059 -146.34419 
    57.21684 -146.94699 
    56.92340 -147.60143 
    56.74444 -148.29521 
    56.68097 -149.01112 
    56.72082 -149.73102 
    56.84220 -150.43970 
Cell 10 100 82.99231 -134.74185 
    71.52525 -134.74185 
    71.02313 -135.49489 
    70.92902 -136.26579 
    71.31233 -136.96992 
    71.74095 -137.63071 
    72.19798 -138.24915 
    72.66996 -138.82877 
    73.14743 -139.37450 
    73.62503 -139.89156 
    74.10094 -140.38448 
    74.57611 -140.85658 
    75.05320 -141.30966 
    75.53575 -141.74403 
    76.02735 -142.15877 
    76.53116 -142.55205 
    77.04951 -142.92142 
    77.58380 -143.26430 
    78.13457 -143.57805 
    78.70152 -143.86026 
    79.28366 -144.10881 
    79.87955 -144.32195 
    80.48731 -144.49818 
    81.10482 -144.63641 
    81.72978 -144.73578 
    82.35968 -144.79713 
    82.99231 -144.81999 
    83.62534 -144.80350 
    84.25636 -144.74788 
    84.88306 -144.65349 
    85.50314 -144.52087 
    86.11440 -144.35066 
    86.71477 -144.14372 
    87.30225 -143.90096 
    87.87500 -143.62343 
    88.43127 -143.31227 
    88.96945 -142.96869 
    89.48808 -142.59390 
    89.98581 -142.18918 
    90.46137 -141.75577 
    90.91360 -141.29491 
    91.34137 -140.80780 
    91.74361 -140.29559 
    92.11919 -139.75940 
    92.46699 -139.20030 
    92.78575 -138.61935 
    93.07414 -138.01764 
    93.33067 -137.39629 
    93.55370 -136.75655 
    93.74143 -136.09978 
    93.89189 -135.42760 
    94.00301 -134.74185 
    94.07265 -134.04474 
    94.09860 -133.33881 
    94.07876 -132.62700 
    94.01115 -131.91269 
    93.89401 -131.19968 
    93.72594 -130.49211 
    93.50597 -129.79449 
    93.22538 -129.11618 
    92.69386 -128.58507 
    92.09397 -128.12910 
    91.36712 -127.81361 
    90.70663 -127.49763 
    90.09506 -127.17819 
    89.51192 -126.86099 
    88.94473 -126.54906 
    88.38551 -126.24353 
    87.82903 -125.94389 
    87.27154 -125.64803 
    86.71007 -125.35186 
    86.14182 -125.04865 
    85.56348 -124.72780 
    84.97037 -124.37251 
    84.34805 -124.01007 
    83.68764 -123.68979 
    82.99231 -123.58458 
    82.29781 -123.70305 
    81.61806 -123.86362 
    80.95535 -124.06369 
    80.31149 -124.30076 
    79.68806 -124.57243 
    79.08632 -124.87646 
    78.50734 -125.21082 
    77.95204 -125.57364 
    77.42125 -125.96326 
    76.86790 -126.31232 
    76.24696 -126.58813 
    75.61469 -126.88548 
    75.19847 -127.42295 
    74.86932 -128.02193 
    74.56034 -128.61566 
    74.27547 -129.20998 
    73.97379 -129.78389 
    73.66560 -130.35303 
    73.35947 -130.92793 
    73.06026 -131.51474 
    72.77003 -132.11722 
    72.48899 -132.73824 
    72.20766 -133.37943 
    71.90395 -134.04424 
Cell 11 100 117.37201 -143.29903 
    107.20698 -143.29903 
    107.21754 -143.93790 
    107.26894 -144.57535 
    107.36105 -145.20872 
    107.49358 -145.83537 
    107.66607 -146.45268 
    107.87785 -147.05803 
    108.12813 -147.64886 
    108.41588 -148.22270 
    108.73995 -148.77710 
    109.09901 -149.30971 
    109.49157 -149.81830 
    109.91600 -150.30069 
    110.37051 -150.75487 
    110.85320 -151.17891 
    111.36203 -151.57106 
    111.89484 -151.92967 
    112.44936 -152.25328 
    113.02328 -152.54056 
    113.61413 -152.79034 
    114.21944 -153.00165 
    114.83663 -153.17368 
    115.46313 -153.30576 
    116.09628 -153.39745 
    116.73346 -153.44847 
    117.37201 -153.45872 
    118.00929 -153.42833 
    118.64270 -153.35756 
    119.26966 -153.24689 
    119.88771 -153.09703 
    120.49445 -152.90891 
    121.08765 -152.68367 
    121.66528 -152.42270 
    122.22559 -152.12767 
    122.76717 -151.80043 
    123.28902 -151.44310 
    123.79069 -151.05788 
    124.27223 -150.64702 
    124.73427 -150.21265 
    125.17786 -149.75659 
    125.60430 -149.28014 
    126.01482 -148.78392 
    126.41011 -148.26776 
    126.78992 -147.73076 
    127.15246 -147.17137 
    127.49406 -146.58788 
    127.80895 -145.97878 
    128.08937 -145.34348 
    128.32597 -144.68283 
    128.50865 -143.99968 
    128.62753 -143.29903 
    128.67410 -142.58797 
    128.64236 -141.87524 
    128.52966 -141.17059 
    128.65852 -140.40114 
    128.84523 -139.57115 
    128.48695 -138.89832 
    127.69284 -138.44241 
    126.90260 -138.05954 
    126.42853 -137.55159 
    125.92908 -137.08195 
    125.41229 -136.64752 
    124.88406 -136.24474 
    124.34809 -135.87025 
    123.80621 -135.52142 
    123.28339 -135.16270 
    122.76693 -134.79799 
    122.23159 -134.45947 
    121.67928 -134.14561 
    121.11102 -133.85536 
    120.52684 -133.58945 
    119.92612 -133.35141 
    119.30836 -133.14832 
    118.67434 -132.99001 
    118.02707 -132.88716 
    117.37201 -132.84857 
    116.71640 -132.87845 
    116.04549 -132.79858 
    115.32514 -132.56898 
    114.56465 -132.36510 
    113.79226 -132.28169 
    113.05919 -132.40610 
    112.41763 -132.77045 
    111.89272 -133.33223 
    111.46964 -133.99838 
    111.10571 -134.67421 
    110.75648 -135.30222 
    110.39603 -135.87036 
    110.02102 -136.39598 
    109.64223 -136.90440 
    109.24828 -137.39679 
    108.88190 -137.91104 
    108.54829 -138.44815 
    108.24892 -139.00603 
    107.98514 -139.58250 
    107.75816 -140.17529 
    107.56905 -140.78206 
    107.41871 -141.40033 
    107.30789 -142.02763 
    107.23717 -142.66139 
Cell 12 100 -118.40082 -124.75770 
    -128.41467 -124.75770 
    -128.75966 -125.40942 
    -129.09785 -126.10905 
    -129.37999 -126.85209 
    -129.60110 -127.63344 
    -129.75693 -128.44753 
    -129.84372 -129.28825 
    -129.85864 -130.14934 
    -129.79953 -131.02419 
    -129.66496 -131.90614 
    -129.45401 -132.78831 
    -129.16655 -133.66388 
    -128.80299 -134.52599 
    -128.36447 -135.36790 
    -125.71011 -133.59312 
    -124.35858 -132.95786 
    -123.69774 -133.10431 
    -123.12401 -133.34915 
    -122.55762 -133.59134 
    -121.98833 -133.81871 
    -121.41385 -134.03084 
    -120.81862 -134.17441 
    -120.21840 -134.28580 
    -119.61659 -134.38155 
    -119.01139 -134.46243 
    -118.40082 -134.51218 
    -117.78410 -134.56009 
    -117.12922 -134.82343 
    -116.52161 -134.60886 
    -115.97324 -134.21249 
    -115.45702 -133.81778 
    -114.97880 -133.40074 
    -114.53640 -132.97002 
    -114.11475 -132.55405 
    -113.70289 -132.16045 
    -113.29411 -131.78648 
    -112.88334 -131.42719 
    -112.46702 -131.07655 
    -112.04146 -130.72954 
    -111.60242 -130.38182 
    -111.14847 -130.02684 
    -110.68095 -129.65688 
    -110.20560 -129.26306 
    -109.73408 -128.83595 
    -109.25364 -128.37932 
    -108.57898 -127.94901 
    -107.72688 -127.49830 
    -106.64667 -126.99992 
    -105.42348 -126.39712 
    -105.71613 -125.55575 
    -106.05928 -124.75770 
    -106.30551 -123.99673 
    -106.46647 -123.25004 
    -106.63533 -122.51331 
    -106.64598 -121.73957 
    -106.90710 -121.02316 
    -107.47645 -120.43243 
    -108.21030 -119.96240 
    -108.95007 -119.56211 
    -109.55647 -119.14490 
    -109.81936 -118.52290 
    -110.11556 -117.90353 
    -110.45106 -117.29238 
    -110.83217 -116.69791 
    -111.26437 -116.13121 
    -111.75112 -115.60517 
    -112.29287 -115.13311 
    -112.88649 -114.72717 
    -113.52530 -114.39668 
    -114.19973 -114.14696 
    -114.89846 -113.97856 
    -115.60983 -113.88749 
    -116.32311 -113.86596 
    -117.02965 -113.90379 
    -117.72337 -113.98998 
    -118.40082 -114.11422 
    -119.06078 -114.26802 
    -119.70357 -114.44539 
    -120.33031 -114.64294 
    -120.94221 -114.85960 
    -121.54008 -115.09605 
    -122.12402 -115.35398 
    -122.69338 -115.63554 
    -123.24687 -115.94276 
    -123.78268 -116.27724 
    -124.30018 -116.63792 
    -124.79792 -117.02493 
    -125.27026 -117.44249 
    -125.71529 -117.88895 
    -126.13127 -118.36251 
    -126.51656 -118.86127 
    -126.86960 -119.38325 
    -127.18903 -119.92635 
    -127.47357 -120.48839 
    -127.72212 -121.06713 
    -127.93372 -121.66028 
    -128.10753 -122.26544 
    -128.24287 -122.88023 
    -128.33926 -123.50218 
    -128.39635 -124.12883 
Cell 13 100 -79.74166 -112.16637 
    -89.91859 -112.16637 
    -89.91358 -112.80634 
    -89.86501 -113.44525 
    -89.77558 -114.08044 
    -89.64553 -114.70926 
    -89.47529 -115.32902 
    -89.26543 -115.93710 
    -89.01677 -116.53091 
    -88.73025 -117.10789 
    -88.40703 -117.66558 
    -88.04840 -118.20158 
    -87.65587 -118.71357 
    -87.23104 -119.19937 
    -86.77572 -119.65688 
    -86.29182 -120.08416 
    -85.78140 -120.47936 
    -85.24664 -120.84083 
    -84.68981 -121.16703 
    -84.11331 -121.45660 
    -83.51960 -121.70837 
    -82.91122 -121.92129 
    -82.29078 -122.09453 
    -81.66091 -122.22743 
    -81.02431 -122.31953 
    -80.38365 -122.37053 
    -79.74166 -122.38032 
    -79.10103 -122.34898 
    -78.46442 -122.27680 
    -77.83447 -122.16421 
    -77.21378 -122.01184 
    -76.60485 -121.82050 
    -76.01013 -121.59114 
    -75.43198 -121.32491 
    -74.87263 -121.02310 
    -74.31919 -120.71082 
    -73.77517 -120.37854 
    -73.24969 -120.01381 
    -72.74464 -119.61745 
    -72.26191 -119.19033 
    -71.80354 -118.73337 
    -71.37159 -118.24759 
    -70.96825 -117.73415 
    -70.59579 -117.19436 
    -70.25654 -116.62973 
    -69.95285 -116.04204 
    -69.68707 -115.43330 
    -69.46151 -114.80587 
    -69.27829 -114.16237 
    -69.13939 -113.50575 
    -69.04648 -112.83926 
    -69.00091 -112.16637 
    -69.00362 -111.49079 
    -69.05510 -110.81635 
    -69.15537 -110.14693 
    -69.30397 -109.48643 
    -69.49992 -108.83863 
    -69.74182 -108.20716 
    -70.02783 -107.59540 
    -70.28974 -106.97014 
    -70.55434 -106.33592 
    -70.85973 -105.71328 
    -71.20696 -105.10586 
    -71.59676 -104.51780 
    -72.02943 -103.95367 
    -72.50471 -103.41840 
    -73.02168 -102.91711 
    -73.57860 -102.45494 
    -74.17295 -102.03692 
    -74.80137 -101.66772 
    -75.45973 -101.35146 
    -76.14323 -101.09152 
    -76.84650 -100.89045 
    -77.56384 -100.74979 
    -78.28934 -100.67008 
    -79.01717 -100.65084 
    -79.74166 -100.69061 
    -80.45758 -100.78712 
    -81.16022 -100.93736 
    -81.84547 -101.13782 
    -82.50994 -101.38463 
    -83.15091 -101.67379 
    -83.76630 -102.00129 
    -84.35463 -102.36331 
    -84.91493 -102.75623 
    -85.34453 -103.33768 
    -85.77254 -103.86559 
    -86.18981 -104.37190 
    -86.59176 -104.87176 
    -86.97201 -105.37663 
    -87.30190 -105.91200 
    -87.64261 -106.42600 
    -87.98620 -106.93423 
    -88.29926 -107.46179 
    -88.57116 -108.01153 
    -88.80309 -108.57870 
    -89.00524 -109.15645 
    -89.17693 -109.74380 
    -89.33101 -110.33711 
    -89.47504 -110.93676 
    -89.64908 -111.54305 
Cell 14 100 -56.78158 -118.41125 
    -67.53259 -118.41125 
    -67.53945 -119.08808 
    -67.50481 -119.76591 
    -67.42760 -120.44209 
    -67.30701 -121.11373 
    -67.14259 -121.77775 
    -66.93423 -122.43097 
    -66.68227 -123.07016 
    -66.38736 -123.69208 
    -66.05058 -124.29353 
    -65.67328 -124.87145 
    -65.25714 -125.42284 
    -64.80410 -125.94490 
    -64.31634 -126.43496 
    -63.79628 -126.89056 
    -63.24649 -127.30944 
    -62.59172 -127.56657 
    -61.63595 -127.24132 
    -60.87159 -127.10296 
    -60.24332 -127.15459 
    -59.62130 -127.15099 
    -59.01799 -127.12150 
    -58.43497 -127.07861 
    -57.87073 -127.03276 
    -57.32142 -126.99168 
    -56.78158 -126.95868 
    -56.24546 -126.93260 
    -55.70810 -126.90879 
    -55.16547 -126.88320 
    -54.61286 -126.85787 
    -54.04202 -126.84274 
    -53.44708 -126.83324 
    -52.82688 -126.81543 
    -52.18280 -126.77640 
    -51.49663 -126.73901 
    -50.65472 -126.84415 
    -49.75555 -126.90427 
    -49.02982 -126.66605 
    -48.41274 -126.27012 
    -47.83910 -125.80911 
    -47.30129 -125.29910 
    -46.79677 -124.74781 
    -46.32792 -124.15820 
    -45.89866 -123.53237 
    -45.51328 -122.87270 
    -45.17605 -122.18212 
    -44.89103 -121.46423 
    -44.66189 -120.72321 
    -44.49181 -119.96381 
    -44.38332 -119.19128 
    -44.33825 -118.41125 
    -44.35764 -117.62961 
    -44.44164 -116.85236 
    -44.58959 -116.08551 
    -44.79992 -115.33488 
    -45.07029 -114.60603 
    -45.39759 -113.90401 
    -45.77812 -113.23341 
    -46.20760 -112.59816 
    -46.68141 -112.00149 
    -47.19466 -111.44595 
    -47.74237 -110.93336 
    -48.31957 -110.46490 
    -48.92143 -110.04105 
    -49.50302 -109.61298 
    -49.99385 -109.06875 
    -50.57008 -108.62350 
    -51.22059 -108.29585 
    -51.92375 -108.08784 
    -52.65348 -107.98486 
    -53.38601 -107.96075 
    -54.10481 -107.98591 
    -54.80223 -108.03515 
    -55.47754 -108.08866 
    -56.13288 -108.10043 
    -56.78158 -108.14101 
    -57.42315 -108.21384 
    -58.05675 -108.31727 
    -58.69264 -108.39315 
    -59.33065 -108.48331 
    -59.96837 -108.60332 
    -60.60488 -108.75470 
    -61.23831 -108.94023 
    -61.86545 -109.16373 
    -62.48150 -109.42963 
    -63.08001 -109.74223 
    -63.65321 -110.10489 
    -64.19266 -110.51926 
    -64.69010 -110.98466 
    -65.13844 -111.49786 
    -65.53254 -112.05331 
    -65.86987 -112.64365 
    -66.15057 -113.26061 
    -66.42203 -113.87480 
    -66.68232 -114.49128 
    -66.91482 -115.11877 
    -67.11299 -115.75860 
    -67.27473 -116.40958 
    -67.39914 -117.06995 
    -67.48543 -117.73782 
Cell 15 100 -58.49239 -96.35550 
    -68.96847 -96.35550 
    -68.85619 -97.00753 
    -68.75747 -97.65228 
    -68.65038 -98.29324 
    -68.50566 -98.92647 
    -68.32406 -99.55000 
    -68.10633 -100.16193 
    -67.85316 -100.76034 
    -67.56525 -101.34335 
    -67.24332 -101.90901 
    -66.88810 -102.45534 
    -66.50042 -102.98032 
    -66.08121 -103.48188 
    -65.63156 -103.95794 
    -65.15269 -104.40641 
    -64.64599 -104.82520 
    -64.11308 -105.21229 
    -63.55575 -105.56571 
    -62.97599 -105.88362 
    -62.37596 -106.16427 
    -61.75803 -106.40609 
    -61.12470 -106.60767 
    -60.47865 -106.76779 
    -59.82264 -106.88546 
    -59.15956 -106.95988 
    -58.49239 -106.99049 
    -57.82415 -106.97697 
    -57.15788 -106.91925 
    -56.49666 -106.81749 
    -55.84355 -106.67207 
    -55.20156 -106.48364 
    -54.57367 -106.25307 
    -53.96277 -105.98145 
    -53.37166 -105.67008 
    -52.80303 -105.32050 
    -52.25945 -104.93442 
    -51.74334 -104.51371 
    -51.25695 -104.06047 
    -50.80239 -103.57690 
    -50.38157 -103.06536 
    -49.99620 -102.52835 
    -49.58731 -102.00684 
    -49.19216 -101.46835 
    -48.83047 -100.90205 
    -48.50574 -100.30949 
    -48.22152 -99.69270 
    -47.98126 -99.05430 
    -47.78819 -98.39744 
    -47.64510 -97.72583 
    -47.55428 -97.04367 
    -47.51728 -96.35550 
    -47.53492 -95.66611 
    -47.60715 -94.98038 
    -47.73313 -94.30306 
    -47.91120 -93.63871 
    -48.13902 -92.99149 
    -48.41369 -92.36506 
    -48.73190 -91.76256 
    -49.09007 -91.18653 
    -49.48454 -90.63894 
    -49.46138 -89.79409 
    -48.98801 -88.49278 
    -50.42127 -88.77621 
    -51.35600 -88.75601 
    -51.88210 -88.36503 
    -52.37503 -87.93567 
    -52.86280 -87.48468 
    -53.37570 -87.04826 
    -53.91457 -86.62712 
    -54.48053 -86.22270 
    -55.07484 -85.83736 
    -55.69864 -85.47453 
    -56.35267 -85.13867 
    -57.03706 -84.83538 
    -57.75098 -84.57114 
    -58.49239 -84.35313 
    -59.25785 -84.18886 
    -60.04242 -84.08578 
    -60.83965 -84.05077 
    -61.64172 -84.08971 
    -62.43970 -84.20693 
    -63.22394 -84.40498 
    -63.98447 -84.68423 
    -64.71157 -85.04286 
    -65.39622 -85.47681 
    -66.03061 -85.98003 
    -66.60847 -86.54485 
    -67.12540 -87.16228 
    -67.57890 -87.82270 
    -67.96844 -88.51624 
    -68.29522 -89.23333 
    -68.56196 -89.96516 
    -68.77248 -90.70397 
    -68.93137 -91.44329 
    -69.04350 -92.17802 
    -69.11372 -92.90443 
    -69.14648 -93.62000 
    -69.14564 -94.32329 
    -69.11430 -95.01364 
    -69.05476 -95.69097 
Cell 16 100 -34.41069 -125.44719 
    -45.36335 -125.44719 
    -45.27132 -126.13048 
    -45.12785 -126.80108 
    -44.93773 -127.45533 
    -44.70592 -128.09056 
    -44.43710 -128.70497 
    -44.13549 -129.29752 
    -43.80460 -129.86763 
    -43.44719 -130.41504 
    -43.06847 -130.94159 
    -42.71867 -131.48329 
    -42.33773 -132.00500 
    -41.93204 -132.51021 
    -41.50143 -132.99806 
    -41.04686 -133.46895 
    -40.56929 -133.92378 
    -40.06411 -134.35556 
    -39.53065 -134.76035 
    -38.96897 -135.13403 
    -38.37827 -135.46814 
    -37.76159 -135.76018 
    -37.12247 -136.00887 
    -36.46424 -136.21231 
    -35.79033 -136.36815 
    -35.10457 -136.47607 
    -34.41069 -136.53452 
    -33.71272 -136.54120 
    -33.01490 -136.49600 
    -32.32151 -136.39908 
    -31.63666 -136.25134 
    -30.96454 -136.05334 
    -30.30997 -135.80443 
    -29.67494 -135.51117 
    -29.06267 -135.17520 
    -28.47615 -134.79852 
    -27.91827 -134.38324 
    -27.39165 -133.93175 
    -26.89874 -133.44661 
    -26.44176 -132.93051 
    -26.02265 -132.38638 
    -25.64309 -131.81723 
    -25.30454 -131.22614 
    -25.00814 -130.61629 
    -24.78308 -129.97760 
    -24.61950 -129.32379 
    -24.53019 -128.65756 
    -24.55187 -127.97850 
    -24.57411 -127.32362 
    -24.53487 -126.69480 
    -24.49395 -126.07109 
    -24.47597 -125.44719 
    -24.48270 -124.82257 
    -24.51333 -124.19687 
    -24.56681 -123.56937 
    -24.64100 -122.93876 
    -24.78057 -122.31818 
    -24.94710 -121.70029 
    -25.13885 -121.08419 
    -25.35477 -120.46866 
    -25.59491 -119.85252 
    -25.86066 -119.23523 
    -26.15484 -118.61736 
    -26.48164 -118.00132 
    -26.84621 -117.39184 
    -27.25401 -116.79625 
    -27.70996 -116.22443 
    -28.21753 -115.68833 
    -28.77785 -115.20110 
    -29.38912 -114.77581 
    -30.04638 -114.42421 
    -30.74172 -114.15526 
    -31.46493 -113.97422 
    -32.20451 -113.88200 
    -32.94881 -113.87520 
    -33.68714 -113.94664 
    -34.41069 -114.08638 
    -35.11308 -114.28300 
    -35.79049 -114.52494 
    -36.44144 -114.80165 
    -37.06625 -115.10447 
    -37.67087 -115.41338 
    -38.24908 -115.75253 
    -38.80244 -116.11425 
    -39.34013 -116.48058 
    -39.92466 -116.75858 
    -40.49855 -117.06797 
    -41.06013 -117.40940 
    -41.60708 -117.78381 
    -42.13635 -118.19231 
    -42.64404 -118.63598 
    -43.12542 -119.11557 
    -43.57511 -119.63127 
    -43.98723 -120.18244 
    -44.35580 -120.76738 
    -44.67510 -121.38322 
    -44.94010 -122.02598 
    -45.14683 -122.69061 
    -45.29273 -123.37133 
    -45.37680 -124.06185 
    -45.39963 -124.75582 
Cell 17 100 -14.39329 -124.99586 
    -24.48083 -124.99586 
    -24.48125 -125.63055 
    -24.50723 -126.27355 
    -24.54976 -126.93331 
    -24.56447 -127.60738 
    -24.53051 -128.28964 
    -24.30324 -128.91949 
    -24.03484 -129.53284 
    -23.72736 -130.12732 
    -23.38247 -130.70058 
    -23.00196 -131.25043 
    -22.58764 -131.77483 
    -22.14143 -132.27185 
    -21.66526 -132.73973 
    -21.16112 -133.17677 
    -20.63103 -133.58138 
    -20.07708 -133.95209 
    -19.50138 -134.28746 
    -18.90617 -134.58623 
    -18.29368 -134.84714 
    -17.66630 -135.06917 
    -17.02642 -135.25125 
    -16.37656 -135.39253 
    -15.71924 -135.49188 
    -15.05703 -135.54579 
    -14.39329 -135.53542 
    -13.73865 -135.40103 
    -13.13127 -134.98572 
    -12.55133 -134.65172 
    -11.97724 -134.40575 
    -11.40922 -134.17987 
    -10.83894 -133.97311 
    -10.25901 -133.78163 
    -9.65534 -133.61415 
    -9.01139 -133.47638 
    -8.38132 -133.27061 
    -7.74403 -133.03343 
    -7.26710 -132.58449 
    -6.82132 -132.10641 
    -6.40845 -131.60150 
    -6.03012 -131.07205 
    -5.68775 -130.52057 
    -5.38256 -129.94955 
    -5.11559 -129.36162 
    -4.88771 -128.75938 
    -4.69952 -128.14555 
    -4.55153 -127.52280 
    -4.44372 -126.89384 
    -4.37295 -126.26173 
    -4.30035 -125.63086 
    -4.25472 -124.99586 
    -4.24437 -124.35735 
    -4.26942 -123.71693 
    -4.33012 -123.07621 
    -4.42687 -122.43693 
    -4.56026 -121.80092 
    -4.73100 -121.17030 
    -4.93993 -120.54745 
    -5.18790 -119.93516 
    -5.47567 -119.33658 
    -5.80382 -118.75525 
    -6.17255 -118.19508 
    -6.58163 -117.66023 
    -7.03022 -117.15499 
    -7.51682 -116.68364 
    -8.03923 -116.25026 
    -8.59457 -115.85855 
    -9.17931 -115.51169 
    -9.78942 -115.21215 
    -10.29054 -114.63352 
    -10.58968 -113.28957 
    -11.39995 -113.33759 
    -12.28142 -113.92508 
    -12.98590 -113.85529 
    -13.69594 -113.91192 
    -14.39329 -114.07037 
    -15.06645 -114.29617 
    -15.71217 -114.55579 
    -16.33348 -114.82504 
    -16.95060 -115.03579 
    -17.55608 -115.26179 
    -18.14507 -115.51994 
    -18.71632 -115.80894 
    -19.26860 -116.12771 
    -19.80061 -116.47528 
    -20.31103 -116.85080 
    -20.79989 -117.25161 
    -21.31068 -117.62959 
    -21.79922 -118.04122 
    -22.26280 -118.48563 
    -22.69869 -118.96163 
    -23.10419 -119.46776 
    -23.47666 -120.00224 
    -23.81363 -120.56299 
    -24.11273 -121.14767 
    -24.36944 -121.75442 
    -24.57142 -122.38256 
    -24.62870 -123.04336 
    -24.55464 -123.71219 
    -24.50536 -124.35966 
Cell 18 100 15.01499 -125.10429 
    4.89572 -125.10429 
    4.91037 -125.74001 
    4.96068 -126.37444 
    5.05134 -127.00495 
    5.18208 -127.62895 
    5.35246 -128.24384 
    5.56185 -128.84705 
    5.80949 -129.43607 
    6.09440 -130.00842 
    6.41547 -130.56171 
    6.77142 -131.09360 
    7.16080 -131.60184 
    7.58204 -132.08429 
    8.03339 -132.53894 
    8.51300 -132.96384 
    9.01888 -133.35722 
    9.54891 -133.71745 
    10.10088 -134.04301 
    10.67249 -134.33258 
    11.26132 -134.58496 
    11.86493 -134.79916 
    12.48079 -134.97437 
    13.10631 -135.10994 
    13.73892 -135.20543 
    14.37601 -135.26064 
    15.01499 -135.27553 
    15.65333 -135.25035 
    16.28855 -135.18555 
    16.91830 -135.08179 
    17.54037 -134.94000 
    18.15276 -134.76132 
    18.75366 -134.54709 
    19.34161 -134.29883 
    19.91541 -134.01813 
    20.47422 -133.70665 
    21.01752 -133.36604 
    21.54506 -132.99779 
    22.05622 -132.60243 
    22.37243 -132.01338 
    22.64357 -131.41519 
    22.89262 -130.82771 
    23.12323 -130.24994 
    23.34291 -129.68259 
    23.55779 -129.12422 
    23.77303 -128.57184 
    23.99265 -128.02130 
    24.21973 -127.46766 
    24.45762 -126.90556 
    24.70941 -126.32898 
    24.97783 -125.73109 
    25.28362 -125.10429 
    25.72111 -124.43071 
    26.27358 -123.68199 
    26.73843 -122.86792 
    26.59152 -122.13194 
    26.37040 -121.41469 
    26.07776 -120.72423 
    25.71828 -120.06770 
    25.29824 -119.45102 
    24.82519 -118.87855 
    24.30735 -118.35300 
    23.75315 -117.87546 
    23.17068 -117.44559 
    22.56720 -117.06200 
    21.94900 -116.72251 
    21.32191 -116.42357 
    20.69121 -116.16000 
    20.09085 -115.87132 
    19.48324 -115.60877 
    18.86277 -115.38590 
    18.23220 -115.20273 
    17.59415 -115.05914 
    16.95109 -114.95490 
    16.30540 -114.88971 
    15.65931 -114.86319 
    15.01499 -114.81643 
    14.36705 -114.80561 
    13.71798 -114.83737 
    13.07084 -114.91267 
    12.42891 -115.03217 
    11.79564 -115.19614 
    11.17457 -115.40449 
    10.56924 -115.65659 
    9.98313 -115.95137 
    9.41955 -116.28728 
    8.88153 -116.66231 
    8.37183 -117.07407 
    7.89278 -117.51990 
    7.44635 -117.99686 
    7.03410 -118.50192 
    6.65723 -119.03201 
    6.31657 -119.58410 
    6.01268 -120.15523 
    5.74593 -120.74260 
    5.51452 -121.34279 
    5.31442 -121.95238 
    5.15307 -122.57217 
    5.03056 -123.19965 
    4.94689 -123.83239 
    4.90199 -124.46803 
Cell 19 100 24.22178 -106.19441 
    13.03506 -106.19441 
    13.09192 -106.89465 
    13.19996 -107.58679 
    13.35730 -108.26692 
    13.56168 -108.93147 
    13.81051 -109.57724 
    14.10103 -110.20150 
    14.43034 -110.80191 
    14.79554 -111.37653 
    15.19375 -111.92377 
    15.62222 -112.44236 
    16.07834 -112.93126 
    16.55964 -113.38964 
    17.06388 -113.81681 
    17.58892 -114.21217 
    18.12228 -114.58965 
    18.65058 -114.97322 
    19.20519 -115.31956 
    19.78113 -115.63128 
    20.37520 -115.90977 
    20.98537 -116.15507 
    21.61111 -116.36233 
    22.25190 -116.52090 
    22.90272 -116.63586 
    23.56034 -116.70779 
    24.22178 -116.73624 
    24.88406 -116.72102 
    25.54416 -116.66211 
    26.19908 -116.55975 
    26.84583 -116.41441 
    27.48148 -116.22674 
    28.10315 -115.99762 
    28.70803 -115.72816 
    29.29341 -115.41967 
    29.85670 -115.07362 
    30.39542 -114.69170 
    30.90726 -114.27576 
    31.39006 -113.82786 
    31.84185 -113.35013 
    32.26088 -112.84492 
    32.64561 -112.31468 
    32.99479 -111.76193 
    33.30747 -111.18932 
    33.58301 -110.59947 
    33.82111 -109.99506 
    34.02187 -109.37865 
    34.18572 -108.75272 
    34.31347 -108.11950 
    34.40617 -107.48100 
    34.46505 -106.83887 
    34.49139 -106.19441 
    34.48630 -105.54862 
    34.45055 -104.90222 
    34.38434 -104.25580 
    34.28719 -103.61005 
    34.15781 -102.96600 
    33.99409 -102.32528 
    33.79332 -101.69039 
    33.55234 -101.06490 
    33.26803 -100.45349 
    33.00231 -99.81499 
    32.74422 -99.14404 
    32.45030 -98.46732 
    32.11258 -97.79157 
    31.72301 -97.12699 
    31.27464 -96.48699 
    30.76276 -95.88748 
    30.18597 -95.34560 
    29.54680 -94.87818 
    28.85192 -94.50002 
    28.11178 -94.22225 
    27.33965 -94.05113 
    26.55040 -93.98739 
    25.75899 -94.02618 
    24.97906 -94.15781 
    24.22178 -94.36899 
    23.49512 -94.64439 
    22.80360 -94.96833 
    22.14857 -95.32623 
    21.52878 -95.70586 
    20.94125 -96.09796 
    20.37980 -96.49066 
    19.75141 -96.69439 
    19.13209 -96.93629 
    18.52441 -97.21679 
    17.93121 -97.53618 
    17.35556 -97.89457 
    16.80078 -98.29185 
    16.27040 -98.72756 
    15.76807 -99.20090 
    15.29757 -99.71059 
    14.86261 -100.25491 
    14.46685 -100.83159 
    14.11369 -101.43790 
    13.80626 -102.07062 
    13.54726 -102.72605 
    13.33888 -103.40015 
    13.18277 -104.08861 
    13.07994 -104.78687 
    13.03078 -105.49033 
Cell 20 100 62.46098 -105.46970 
    52.37276 -105.46970 
    52.38805 -106.10343 
    52.44329 -106.73522 
    52.53836 -107.36254 
    52.67295 -107.98283 
    52.84660 -108.59360 
    53.05866 -109.19234 
    53.30832 -109.77661 
    53.59460 -110.34403 
    53.91638 -110.89227 
    54.27238 -111.41907 
    54.66116 -111.92227 
    55.08115 -112.39983 
    55.53061 -112.84980 
    56.00774 -113.27032 
    56.51061 -113.65968 
    57.03714 -114.01631 
    57.58517 -114.33876 
    58.15247 -114.62575 
    58.73671 -114.87613 
    59.33551 -115.08893 
    59.94640 -115.26333 
    60.56693 -115.39869 
    61.19455 -115.49454 
    61.82675 -115.55055 
    62.46098 -115.56661 
    63.09473 -115.54276 
    63.72548 -115.47917 
    64.35076 -115.37626 
    64.96817 -115.23454 
    65.57533 -115.05468 
    66.16998 -114.83757 
    66.74992 -114.58416 
    67.31303 -114.29555 
    67.85731 -113.97295 
    68.38085 -113.61769 
    68.88185 -113.23119 
    69.35862 -112.81493 
    69.80959 -112.37049 
    70.23324 -111.89946 
    70.62818 -111.40351 
    70.99311 -110.88435 
    71.32677 -110.34370 
    71.62798 -109.78336 
    71.89561 -109.20513 
    72.13243 -108.61214 
    72.40672 -108.02332 
    72.68364 -107.41977 
    72.96419 -106.79656 
    73.24023 -106.14787 
    73.49252 -105.46970 
    73.69202 -104.76310 
    73.80518 -104.03659 
    73.80237 -103.30621 
    73.66624 -102.59267 
    73.39732 -101.91627 
    73.01392 -101.29150 
    72.54684 -100.72365 
    72.10025 -100.17046 
    71.95510 -99.44454 
    71.76535 -98.70968 
    71.51710 -97.97783 
    71.19730 -97.26575 
    70.79608 -96.59372 
    70.30880 -95.98331 
    69.68864 -95.52169 
    69.03127 -95.11657 
    68.34560 -94.76560 
    67.63227 -94.48015 
    66.85842 -94.36303 
    66.07933 -94.33356 
    65.30968 -94.37476 
    64.55959 -94.46844 
    63.83714 -94.57626 
    63.14542 -94.59086 
    62.46098 -94.65170 
    61.78693 -94.75594 
    61.12581 -94.90070 
    60.47966 -95.08324 
    59.85011 -95.30102 
    59.23847 -95.55181 
    58.64581 -95.83368 
    58.07312 -96.14500 
    57.52129 -96.48444 
    56.99129 -96.85085 
    56.48414 -97.24329 
    56.00095 -97.66086 
    55.54294 -98.10273 
    55.11141 -98.56799 
    54.70773 -99.05565 
    54.32905 -99.56150 
    53.97319 -100.08318 
    53.64992 -100.62577 
    53.36058 -101.18738 
    53.10643 -101.76597 
    52.88855 -102.35943 
    52.70795 -102.96554 
    52.56545 -103.58202 
    52.46175 -104.20650 
    52.39740 -104.83655 
Cell 21 100 65.05511 -127.58579 
    55.04618 -127.58579 
    55.06718 -128.21417 
    55.12762 -128.83992 
    55.22724 -129.46056 
    55.36564 -130.07362 
    55.54225 -130.67671 
    55.75636 -131.26743 
    55.95683 -131.86711 
    56.17849 -132.46576 
    56.43909 -133.05368 
    56.73867 -133.62804 
    57.07701 -134.18585 
    57.45356 -134.72414 
    57.86737 -135.23996 
    58.31731 -135.73039 
    58.80191 -136.19258 
    59.31943 -136.62378 
    59.86788 -137.02135 
    60.44501 -137.38277 
    61.04835 -137.70572 
    61.67523 -137.98802 
    62.32341 -138.22507 
    62.98964 -138.41341 
    63.66925 -138.55600 
    64.35889 -138.65202 
    65.05511 -138.70134 
    65.75476 -138.70628 
    66.45507 -138.66757 
    67.15343 -138.58556 
    67.84666 -138.45813 
    68.52798 -138.27419 
    69.19464 -138.04105 
    69.84357 -137.76176 
    70.43027 -137.36316 
    70.83969 -136.70082 
    70.98277 -135.74449 
    71.27973 -135.11006 
    71.61677 -134.57324 
    71.91257 -134.02538 
    72.16673 -133.46904 
    72.40629 -132.92673 
    72.64184 -132.40048 
    72.88052 -131.88785 
    73.12689 -131.38408 
    73.38331 -130.88316 
    73.65176 -130.37901 
    73.93013 -129.86452 
    74.21112 -129.33238 
    74.48309 -128.77681 
    74.77795 -128.19749 
    75.10899 -127.58579 
    75.50113 -126.92859 
    75.37724 -126.28181 
    75.28814 -125.63374 
    75.17349 -124.98783 
    75.01541 -124.34949 
    74.81377 -123.72207 
    74.56879 -123.10900 
    74.28110 -122.51376 
    73.95176 -121.93981 
    73.58228 -121.39045 
    73.17455 -120.86881 
    72.73090 -120.37775 
    72.25396 -119.91980 
    71.74666 -119.49711 
    71.21209 -119.11144 
    70.68899 -118.70823 
    70.20923 -118.21049 
    69.70046 -117.71392 
    69.15491 -117.23087 
    68.56597 -116.78049 
    67.93051 -116.38687 
    67.25081 -116.07554 
    66.53531 -115.86886 
    65.79778 -115.78153 
    65.05511 -115.81750 
    64.32426 -115.96916 
    63.61914 -116.21893 
    62.94862 -116.54318 
    62.31583 -116.91700 
    61.71894 -117.31812 
    61.15298 -117.73014 
    60.61195 -118.14359 
    60.09062 -118.55542 
    59.58569 -118.96735 
    59.09607 -119.38387 
    58.62268 -119.81033 
    58.16782 -120.25157 
    57.73450 -120.71127 
    57.32586 -121.19159 
    56.94486 -121.69335 
    56.59409 -122.21626 
    56.27568 -122.75925 
    55.99139 -123.32072 
    55.74264 -123.89873 
    55.53057 -124.49108 
    55.35611 -125.09551 
    55.21998 -125.70964 
    55.12271 -126.33104 
    55.06471 -126.95725 
Cell 22 100 74.86660 -86.32140 
    62.73087 -86.32140 
    62.75021 -87.08369 
    62.84378 -87.84023 
    63.00895 -88.58337 
    63.24151 -89.30621 
    63.53602 -90.00292 
    63.88615 -90.66886 
    64.28510 -91.30067 
    64.72597 -91.89626 
    65.20214 -92.45464 
    65.70759 -92.97581 
    66.23736 -93.46013 
    66.78907 -93.90670 
    67.36662 -94.30806 
    67.99651 -94.62591 
    68.62691 -94.90959 
    69.21368 -95.22898 
    69.77383 -95.58511 
    70.35033 -95.91895 
    70.97771 -96.14360 
    71.61277 -96.33566 
    72.25470 -96.49406 
    72.90250 -96.61760 
    73.55484 -96.70503 
    74.21016 -96.75519 
    74.86660 -96.77386 
    75.52324 -96.75839 
    76.17772 -96.69999 
    76.82713 -96.59886 
    77.46858 -96.45545 
    78.09923 -96.27039 
    78.71626 -96.04453 
    79.31696 -95.77888 
    79.89867 -95.47471 
    80.45887 -95.13341 
    80.99512 -94.75658 
    81.50510 -94.34597 
    81.98668 -93.90351 
    82.43784 -93.43127 
    82.85680 -92.93146 
    83.24200 -92.40648 
    83.59229 -91.85889 
    83.90705 -91.29143 
    84.18663 -90.70707 
    84.43277 -90.10891 
    84.64929 -89.49998 
    84.84267 -88.88282 
    85.02235 -88.25871 
    85.20007 -87.62682 
    85.38812 -86.98335 
    85.59583 -86.32140 
    85.82509 -85.63194 
    86.06591 -84.90659 
    86.29385 -84.14153 
    86.47134 -83.34180 
    86.55343 -82.52412 
    86.49760 -81.71635 
    86.27449 -80.95325 
    85.87619 -80.26882 
    85.31895 -79.68813 
    84.63924 -79.22115 
    83.88463 -78.86103 
    83.38150 -78.32537 
    82.96964 -77.69253 
    82.51037 -77.08167 
    82.00335 -76.49850 
    81.44903 -75.94915 
    80.84872 -75.43996 
    80.20473 -74.97728 
    79.52039 -74.56728 
    78.79999 -74.21568 
    78.04880 -73.92756 
    77.27290 -73.70711 
    76.47906 -73.55750 
    75.67447 -73.48069 
    74.86660 -73.47740 
    74.06290 -73.54705 
    73.27061 -73.68782 
    72.49648 -73.89675 
    71.74661 -74.16985 
    71.02634 -74.50231 
    70.34009 -74.88874 
    69.69131 -75.32334 
    69.08250 -75.80015 
    68.51525 -76.31327 
    67.99034 -76.85704 
    67.50784 -77.42619 
    67.06725 -78.01593 
    66.66765 -78.62207 
    66.30788 -79.24101 
    65.98664 -79.86973 
    65.50292 -80.37903 
    65.00044 -80.89743 
    64.53012 -81.45742 
    64.09928 -82.05832 
    63.71548 -82.69818 
    63.38609 -83.37370 
    63.11786 -84.08020 
    62.91657 -84.81176 
    62.78666 -85.56139 
Cell 23 100 92.33411 -118.30700 
    80.77717 -118.30700 
    80.94572 -119.02350 
    81.16357 -119.71816 
    81.42347 -120.38831 
    81.71871 -121.03257 
    82.04352 -121.65061 
    82.39321 -122.24287 
    82.76431 -122.81020 
    83.15771 -123.35176 
    83.78091 -123.73502 
    84.42378 -124.05418 
    84.98881 -124.38355 
    85.52268 -124.70335 
    86.05074 -124.99811 
    86.56856 -125.27635 
    87.07562 -125.54469 
    87.57361 -125.80833 
    88.06565 -126.07130 
    88.55570 -126.33652 
    89.04829 -126.60602 
    89.54831 -126.88078 
    90.06111 -127.15972 
    90.59229 -127.43791 
    91.14648 -127.70805 
    91.72620 -127.96947 
    92.33411 -128.31163 
    92.99999 -128.89096 
    93.68706 -129.01671 
    94.36102 -128.93248 
    95.02896 -128.80276 
    95.68758 -128.62794 
    96.33365 -128.40869 
    96.96398 -128.14598 
    97.57546 -127.84099 
    98.16508 -127.49515 
    98.72996 -127.11013 
    99.26732 -126.68781 
    99.77458 -126.23030 
    100.24934 -125.73989 
    100.68933 -125.21905 
    101.09258 -124.67040 
    101.45726 -124.09673 
    101.78181 -123.50092 
    102.06492 -122.88597 
    102.30548 -122.25494 
    102.50268 -121.61097 
    102.65594 -120.95720 
    102.76498 -120.29680 
    102.82973 -119.63290 
    102.85040 -118.96863 
    102.82748 -118.30700 
    102.76167 -117.65096 
    102.65398 -117.00330 
    102.50558 -116.36668 
    102.31797 -115.74358 
    102.09279 -115.13622 
    101.83186 -114.54657 
    101.53720 -113.97636 
    101.21092 -113.42693 
    100.85521 -112.89934 
    100.47226 -112.39429 
    100.06419 -111.91212 
    99.63312 -111.45277 
    99.18155 -111.01521 
    98.70944 -110.60054 
    98.21721 -110.20959 
    97.70839 -109.83849 
    97.18218 -109.48838 
    96.63866 -109.15936 
    96.07762 -108.85197 
    95.49870 -108.56739 
    94.90154 -108.30750 
    94.28596 -108.07498 
    93.65220 -107.87325 
    93.00105 -107.70636 
    92.33411 -107.57893 
    91.65392 -107.49580 
    90.96404 -107.46179 
    90.26900 -107.48135 
    89.57430 -107.55824 
    88.88613 -107.69523 
    88.21123 -107.89380 
    87.55647 -108.15401 
    86.92858 -108.47439 
    86.33376 -108.85196 
    85.77737 -109.28243 
    85.21780 -109.70486 
    84.58076 -110.05052 
    83.96314 -110.44614 
    83.37321 -110.89391 
    82.81995 -111.39456 
    82.31261 -111.94716 
    81.86005 -112.54884 
    81.47028 -113.19488 
    81.14977 -113.87881 
    80.90305 -114.59283 
    80.73241 -115.32819 
    80.63778 -116.07581 
    80.61683 -116.82676 
    80.66525 -117.57286 
Cell 24 100 -97.31068 -104.27232 
    -107.48119 -104.27232 
    -107.47072 -104.91153 
    -107.41946 -105.54935 
    -107.32749 -106.18312 
    -107.19511 -106.81020 
    -107.02283 -107.42798 
    -106.81128 -108.03387 
    -106.56133 -108.62534 
    -106.27400 -109.19994 
    -105.95048 -109.75529 
    -105.59211 -110.28912 
    -105.20040 -110.79926 
    -104.77702 -111.28368 
    -104.32374 -111.74046 
    -103.84246 -112.16788 
    -103.33520 -112.56435 
    -102.80403 -112.92844 
    -102.25113 -113.25895 
    -101.67870 -113.55481 
    -101.08896 -113.81515 
    -100.48416 -114.03928 
    -99.86653 -114.22668 
    -99.23825 -114.37699 
    -98.60148 -114.48999 
    -97.95828 -114.56558 
    -97.31068 -114.60378 
    -96.66063 -114.60464 
    -96.01000 -114.56831 
    -95.36062 -114.49493 
    -94.71427 -114.38467 
    -94.07275 -114.23765 
    -93.43784 -114.05399 
    -92.81141 -113.83376 
    -92.19539 -113.57701 
    -91.59184 -113.28377 
    -91.00301 -112.95409 
    -90.43140 -112.58794 
    -89.91199 -112.15112 
    -89.63189 -111.48318 
    -89.43852 -110.78474 
    -89.27263 -110.11230 
    -89.10058 -109.48261 
    -88.91187 -108.88960 
    -88.69918 -108.32458 
    -88.45577 -107.77822 
    -88.16917 -107.24257 
    -87.83193 -106.70605 
    -87.46054 -106.15133 
    -87.08736 -105.56383 
    -86.64565 -104.94331 
    -86.10774 -104.27232 
    -85.49984 -103.52924 
    -84.97356 -102.71378 
    -85.17531 -101.95737 
    -85.59024 -101.26302 
    -86.15837 -100.64871 
    -86.80357 -100.11225 
    -87.24246 -99.53457 
    -87.11795 -98.66882 
    -86.89379 -97.66155 
    -88.48814 -97.86237 
    -88.96912 -97.37157 
    -89.47707 -96.91607 
    -90.00867 -96.49646 
    -90.56075 -96.11304 
    -91.13040 -95.76588 
    -91.71495 -95.45485 
    -92.31199 -95.17972 
    -92.91933 -94.94020 
    -93.53500 -94.73601 
    -94.15720 -94.56688 
    -94.78427 -94.43260 
    -95.41467 -94.33302 
    -96.04111 -94.22259 
    -96.67004 -94.08963 
    -97.31068 -93.96504 
    -97.96656 -93.84742 
    -98.64101 -93.74169 
    -99.33496 -93.66067 
    -100.04459 -93.62446 
    -100.75974 -93.65722 
    -101.46425 -93.78161 
    -102.13850 -94.01267 
    -102.76373 -94.35328 
    -103.32651 -94.79290 
    -103.82198 -95.31028 
    -104.25428 -95.87895 
    -104.63430 -96.47346 
    -104.97581 -97.07429 
    -105.29138 -97.67011 
    -105.58958 -98.25734 
    -105.87397 -98.83789 
    -106.14369 -99.41633 
    -106.44015 -99.97632 
    -106.70361 -100.55340 
    -106.93037 -101.14669 
    -107.11933 -101.75388 
    -107.26958 -102.37255 
    -107.38036 -103.00022 
    -107.45103 -103.63434 
