45 25 
Cell 0 100 -118.88489 -150.80463 
    -128.88504 -150.80463 
    -128.86530 -151.43254 
    -128.80617 -152.05798 
    -128.70789 -152.67847 
    -128.57083 -153.29155 
    -128.39557 -153.89484 
    -128.18275 -154.48592 
    -127.93324 -155.06245 
    -127.64803 -155.62221 
    -127.32823 -156.16293 
    -126.97511 -156.68251 
    -126.59006 -157.17889 
    -126.17460 -157.65013 
    -125.73038 -158.09433 
    -125.25914 -158.50977 
    -124.76274 -158.89481 
    -124.24485 -159.25058 
    -123.70855 -159.57883 
    -123.15415 -159.87727 
    -122.58218 -160.14293 
    -121.99393 -160.37329 
    -121.39127 -160.56631 
    -120.77655 -160.72105 
    -120.15223 -160.83667 
    -119.52082 -160.91252 
    -118.88489 -160.94810 
    -118.24703 -160.94307 
    -117.60989 -160.89729 
    -116.97610 -160.81082 
    -116.34835 -160.68378 
    -115.72927 -160.51662 
    -115.12149 -160.30988 
    -114.52761 -160.06430 
    -113.95017 -159.78084 
    -113.39167 -159.46056 
    -112.85451 -159.10474 
    -112.34102 -158.71480 
    -111.85342 -158.29239 
    -111.39384 -157.83919 
    -110.96426 -157.35715 
    -110.56655 -156.84825 
    -110.20242 -156.31468 
    -109.87345 -155.75871 
    -109.58103 -155.18269 
    -109.32646 -154.58908 
    -109.10293 -153.98297 
    -108.89772 -153.36890 
    -108.74577 -152.73877 
    -108.94972 -152.05974 
    -109.28182 -151.40880 
    -109.51801 -150.80463 
    -109.72438 -150.22830 
    -109.92039 -149.67215 
    -110.11456 -149.13161 
    -110.28891 -148.59755 
    -110.44219 -148.06143 
    -110.59705 -147.52324 
    -110.76080 -146.98172 
    -110.97016 -146.45348 
    -111.20229 -145.92911 
    -111.45286 -145.40494 
    -111.70685 -144.86644 
    -111.96561 -144.30699 
    -112.17028 -143.65428 
    -112.01749 -142.50336 
    -111.77643 -141.02068 
    -112.69531 -141.05141 
    -113.57999 -141.15506 
    -114.36408 -141.19743 
    -115.08427 -141.20535 
    -115.76382 -141.19896 
    -116.41235 -141.17474 
    -117.03379 -141.10085 
    -117.64822 -141.01540 
    -118.26295 -140.91927 
    -118.88489 -140.78178 
    -119.52840 -140.57617 
    -120.20459 -140.35812 
    -120.92747 -140.09700 
    -121.71198 -139.79381 
    -122.39809 -139.99210 
    -123.01342 -140.37714 
    -123.61570 -140.75113 
    -124.11527 -141.29059 
    -124.61513 -141.77522 
    -125.11243 -142.23314 
    -125.67851 -142.59254 
    -126.47212 -142.72504 
    -126.47107 -143.68073 
    -126.79237 -144.26299 
    -127.13526 -144.81038 
    -127.44723 -145.37080 
    -127.72801 -145.94308 
    -127.97726 -146.52608 
    -128.19450 -147.11868 
    -128.39563 -147.71440 
    -128.57089 -148.31769 
    -128.70793 -148.93079 
    -128.80620 -149.55127 
    -128.86531 -150.17671 
Cell 1 100 -100.82139 -146.11037 
    -111.12206 -146.11037 
    -110.85593 -146.74168 
    -110.64887 -147.35187 
    -110.47378 -147.95166 
    -110.30392 -148.54507 
    -110.11506 -149.13007 
    -109.90778 -149.70793 
    -109.70248 -150.28949 
    -109.49010 -150.87602 
    -109.25456 -151.46222 
    -108.96602 -152.02779 
    -108.60676 -152.55098 
    -108.16046 -153.00221 
    -107.69450 -153.42949 
    -107.21383 -153.83751 
    -106.71874 -154.22739 
    -106.19984 -154.58545 
    -105.65917 -154.91025 
    -105.09885 -155.20044 
    -104.52111 -155.45479 
    -103.92824 -155.67227 
    -103.32260 -155.85196 
    -102.70662 -155.99309 
    -102.08275 -156.09506 
    -101.45350 -156.15742 
    -100.82139 -156.17992 
    -100.18897 -156.16238 
    -99.55878 -156.10487 
    -98.93339 -156.00763 
    -98.31528 -155.87099 
    -97.70699 -155.69550 
    -97.11095 -155.48186 
    -96.52959 -155.23091 
    -95.96524 -154.94366 
    -95.42020 -154.62128 
    -94.89665 -154.26506 
    -94.39672 -153.87645 
    -93.92242 -153.45702 
    -93.47565 -153.00847 
    -93.05821 -152.53262 
    -92.67177 -152.03142 
    -92.31602 -151.50804 
    -91.98125 -150.97028 
    -91.67554 -150.41408 
    -91.41781 -149.83351 
    -91.43468 -149.16029 
    -91.42921 -148.52187 
    -91.41605 -147.90454 
    -91.39986 -147.30058 
    -91.38413 -146.70412 
    -91.37185 -146.11037 
    -91.36127 -145.51518 
    -91.35617 -144.91463 
    -91.36034 -144.30557 
    -91.37451 -143.68481 
    -91.39159 -143.04643 
    -91.41440 -142.38588 
    -91.43496 -141.69345 
    -91.43373 -140.94946 
    -91.40978 -140.13757 
    -91.81201 -139.56467 
    -92.26727 -139.03378 
    -92.76936 -138.54901 
    -93.31107 -138.11269 
    -93.88468 -137.72533 
    -94.48270 -137.38593 
    -95.09827 -137.09219 
    -95.72557 -136.84111 
    -96.35999 -136.62941 
    -96.99815 -136.45395 
    -97.63775 -136.31213 
    -98.23447 -136.03500 
    -98.84623 -135.75621 
    -99.48442 -135.52718 
    -100.14587 -135.37341 
    -100.82139 -135.31581 
    -101.49752 -135.36354 
    -102.16044 -135.51070 
    -102.79994 -135.73842 
    -103.41178 -136.02145 
    -103.99733 -136.33583 
    -104.60143 -136.56308 
    -105.22580 -136.75052 
    -105.81312 -137.03044 
    -106.39696 -137.32468 
    -106.99876 -137.60796 
    -107.60303 -137.91277 
    -108.20272 -138.25005 
    -108.79201 -138.62546 
    -109.36472 -139.04272 
    -109.91372 -139.50439 
    -110.43104 -140.01189 
    -110.91528 -140.56122 
    -111.46237 -141.10310 
    -111.84271 -141.74672 
    -112.01273 -142.47408 
    -112.11150 -143.21155 
    -112.07317 -143.96397 
    -111.77131 -144.72708 
    -111.43484 -145.44263 
Cell 2 100 -80.92913 -147.60550 
    -91.40804 -147.60550 
    -91.42375 -148.26576 
    -91.43273 -148.93242 
    -91.42348 -149.60741 
    -91.26504 -150.25931 
    -90.95851 -150.86424 
    -90.63403 -151.44794 
    -90.29186 -152.01126 
    -89.93163 -152.55466 
    -89.55257 -153.07809 
    -89.15378 -153.58105 
    -88.73440 -154.06258 
    -88.30192 -154.52901 
    -87.88004 -155.00746 
    -87.42774 -155.46097 
    -86.94537 -155.88614 
    -86.43465 -156.28082 
    -85.89751 -156.64296 
    -85.33603 -156.97063 
    -84.75241 -157.26201 
    -84.14909 -157.51550 
    -83.52856 -157.72961 
    -82.89349 -157.90303 
    -82.24664 -158.03467 
    -81.59087 -158.12360 
    -80.92913 -158.16913 
    -80.26442 -158.17078 
    -79.59979 -158.12830 
    -78.93833 -158.04164 
    -78.28312 -157.91106 
    -77.63723 -157.73692 
    -77.00372 -157.51996 
    -76.38556 -157.26108 
    -75.78569 -156.96138 
    -75.20695 -156.62222 
    -74.65204 -156.24518 
    -74.12357 -155.83200 
    -73.62402 -155.38466 
    -73.15566 -154.90527 
    -72.72063 -154.39616 
    -72.32087 -153.85977 
    -71.95815 -153.29866 
    -71.63397 -152.71556 
    -71.34969 -152.11324 
    -71.09975 -151.49722 
    -70.84196 -150.88303 
    -70.61930 -150.25261 
    -70.43382 -149.60759 
    -70.28777 -148.94981 
    -70.18392 -148.28152 
    -70.12521 -147.60550 
    -70.11449 -146.92509 
    -70.15429 -146.24432 
    -70.24658 -145.56769 
    -70.39253 -144.90016 
    -70.59232 -144.24687 
    -70.84509 -143.61295 
    -71.14877 -143.00320 
    -71.50031 -142.42195 
    -71.89576 -141.87276 
    -72.33058 -141.35829 
    -72.80199 -140.88214 
    -73.30566 -140.44659 
    -73.83110 -140.04686 
    -74.37406 -139.68178 
    -74.93181 -139.35089 
    -75.50263 -139.05470 
    -76.08423 -138.79266 
    -76.64594 -138.50327 
    -77.21463 -138.22374 
    -77.79850 -137.97040 
    -78.39667 -137.74219 
    -79.00866 -137.53801 
    -79.63444 -137.35693 
    -80.27437 -137.19836 
    -80.92913 -137.06233 
    -81.60075 -136.93037 
    -82.29624 -136.78371 
    -83.00456 -136.72569 
    -83.70985 -136.77528 
    -84.45827 -136.74391 
    -85.22148 -136.76427 
    -85.97577 -136.88084 
    -86.70513 -137.09900 
    -87.45695 -137.31932 
    -88.19392 -137.60638 
    -88.90572 -137.96347 
    -89.58136 -138.39182 
    -90.20985 -138.89032 
    -90.78085 -139.45544 
    -91.28533 -140.08128 
    -91.43343 -140.93927 
    -91.43084 -141.83214 
    -91.40437 -142.67622 
    -91.38033 -143.46759 
    -91.36240 -144.21553 
    -91.35629 -144.92825 
    -91.36304 -145.61513 
    -91.37548 -146.28581 
    -91.39055 -146.94733 
Cell 3 100 -59.86786 -155.05255 
    -70.01498 -155.05255 
    -69.97028 -155.68814 
    -69.88845 -156.31845 
    -69.77020 -156.94153 
    -69.61607 -157.55547 
    -69.42663 -158.15839 
    -69.20235 -158.74834 
    -68.94382 -159.32338 
    -68.65166 -159.88148 
    -68.32665 -160.42067 
    -67.96969 -160.93887 
    -67.58354 -161.43552 
    -67.16758 -161.90744 
    -66.72276 -162.35228 
    -66.25085 -162.76826 
    -65.75373 -163.15376 
    -65.23336 -163.50723 
    -64.69180 -163.82727 
    -64.13121 -164.11264 
    -63.55380 -164.36218 
    -62.96186 -164.57492 
    -62.35775 -164.75003 
    -61.74384 -164.88681 
    -61.12259 -164.98473 
    -60.49643 -165.04340 
    -59.86786 -165.06261 
    -59.23936 -165.04228 
    -58.61341 -164.98251 
    -57.99250 -164.88356 
    -57.37872 -164.74710 
    -56.77439 -164.57326 
    -56.18171 -164.36272 
    -55.60264 -164.11661 
    -55.03899 -163.83623 
    -54.49234 -163.52301 
    -53.96400 -163.17853 
    -53.45500 -162.80437 
    -52.96614 -162.40215 
    -52.49795 -161.97336 
    -52.05083 -161.51936 
    -51.62511 -161.04126 
    -51.22121 -160.53989 
    -50.83983 -160.01575 
    -50.48210 -159.46915 
    -50.14979 -158.90021 
    -49.84541 -158.30904 
    -49.57229 -157.69600 
    -49.33453 -157.06189 
    -49.13688 -156.40819 
    -48.98447 -155.73727 
    -48.88245 -155.05255 
    -48.82446 -154.35776 
    -49.25238 -153.71150 
    -49.78164 -153.12849 
    -50.20839 -152.57242 
    -50.58804 -152.03735 
    -50.95058 -151.52196 
    -51.31275 -151.02682 
    -51.68332 -150.55305 
    -52.06143 -150.09845 
    -52.44648 -149.66061 
    -52.84417 -149.24205 
    -53.24601 -148.83423 
    -53.65570 -148.43727 
    -54.07303 -148.04781 
    -54.48962 -147.65004 
    -54.91048 -147.24098 
    -55.33224 -146.80231 
    -55.75010 -146.30186 
    -56.16155 -145.69148 
    -56.74053 -145.42763 
    -57.35904 -145.28136 
    -57.98226 -145.16788 
    -58.60907 -145.08820 
    -59.23772 -145.03679 
    -59.86786 -145.00447 
    -60.49974 -145.00912 
    -61.13139 -145.05074 
    -61.76083 -145.12924 
    -62.38608 -145.24475 
    -63.00523 -145.39673 
    -63.62196 -145.57079 
    -64.22009 -145.80359 
    -64.80061 -146.07991 
    -65.36975 -146.38297 
    -65.91911 -146.72372 
    -66.44535 -147.10173 
    -66.94506 -147.51610 
    -67.41486 -147.96544 
    -67.85159 -148.44785 
    -68.25236 -148.96086 
    -68.61476 -149.50160 
    -68.93693 -150.06679 
    -69.21756 -150.65292 
    -69.45596 -151.25636 
    -69.65195 -151.87350 
    -69.80581 -152.50092 
    -69.91816 -153.13536 
    -69.98985 -153.77385 
    -70.02180 -154.41373 
Cell 4 100 -44.27553 -145.03189 
    -56.30991 -145.03189 
    -56.10451 -145.77611 
    -55.61444 -146.46434 
    -55.05702 -147.08856 
    -54.48601 -147.65349 
    -53.93991 -148.17203 
    -53.42967 -148.65628 
    -52.96405 -149.12039 
    -52.53180 -149.57082 
    -52.13225 -150.01791 
    -51.75543 -150.46635 
    -51.39502 -150.92165 
    -51.04675 -151.39049 
    -50.70198 -151.87537 
    -50.34930 -152.37383 
    -49.97499 -152.87654 
    -49.56514 -153.36699 
    -49.14027 -153.88081 
    -48.67676 -154.38498 
    -48.09902 -154.68892 
    -47.49994 -154.95560 
    -46.88197 -155.18332 
    -46.24773 -155.37056 
    -45.59998 -155.51601 
    -44.94159 -155.61855 
    -44.27553 -155.67723 
    -43.60489 -155.69144 
    -42.93280 -155.66069 
    -42.26246 -155.58478 
    -41.59708 -155.46375 
    -40.93989 -155.29791 
    -40.29411 -155.08781 
    -39.66289 -154.83426 
    -39.04935 -154.53828 
    -38.45650 -154.20122 
    -37.88726 -153.82458 
    -37.34443 -153.41014 
    -36.83064 -152.95990 
    -36.34835 -152.47600 
    -35.89984 -151.96086 
    -35.48721 -151.41698 
    -35.11230 -150.84705 
    -34.77675 -150.25389 
    -34.48194 -149.64040 
    -34.22903 -149.00958 
    -34.01893 -148.36446 
    -33.85227 -147.70813 
    -33.72948 -147.04366 
    -33.65072 -146.37411 
    -33.61594 -145.70253 
    -33.62487 -145.03189 
    -33.67704 -144.36510 
    -33.77178 -143.70496 
    -33.90828 -143.05423 
    -34.08554 -142.41554 
    -34.30245 -141.79144 
    -34.55776 -141.18436 
    -34.85011 -140.59663 
    -35.17804 -140.03050 
    -35.53997 -139.48814 
    -35.93423 -138.97159 
    -36.43543 -138.54601 
    -36.97267 -138.17404 
    -37.49213 -137.80830 
    -37.99858 -137.44437 
    -38.50048 -137.08322 
    -39.00390 -136.72514 
    -39.51337 -136.36955 
    -40.03255 -136.01509 
    -40.56474 -135.65952 
    -41.11303 -135.29872 
    -41.68093 -134.92661 
    -42.27285 -134.53351 
    -42.90635 -134.19368 
    -43.58126 -133.99675 
    -44.27553 -133.77066 
    -44.98810 -133.70590 
    -45.70958 -133.68019 
    -46.43561 -133.70834 
    -47.16459 -133.77974 
    -47.90921 -133.84856 
    -48.65593 -133.96828 
    -49.40021 -134.14139 
    -50.13697 -134.36998 
    -50.86055 -134.65556 
    -51.56491 -134.99892 
    -52.24370 -135.40002 
    -52.89048 -135.85791 
    -53.45790 -136.40907 
    -53.91870 -137.05437 
    -54.37411 -137.69484 
    -54.82364 -138.33786 
    -55.26936 -138.98798 
    -55.71831 -139.64732 
    -56.04168 -140.37334 
    -56.24704 -141.14212 
    -56.38618 -141.92241 
    -56.46001 -142.70758 
    -56.47038 -143.49132 
    -56.41994 -144.26782 
Cell 5 100 -11.32242 -149.99438 
    -21.70112 -149.99438 
    -21.71261 -150.64809 
    -21.68126 -151.30301 
    -21.60682 -151.95624 
    -21.48936 -152.60481 
    -21.32907 -153.24574 
    -21.12642 -153.87607 
    -20.88210 -154.49283 
    -20.59700 -155.09312 
    -20.27226 -155.67413 
    -19.90922 -156.23306 
    -19.50941 -156.76724 
    -19.07458 -157.27415 
    -18.60670 -157.75134 
    -18.10786 -158.19658 
    -17.58037 -158.60771 
    -17.02669 -158.98286 
    -16.44937 -159.32027 
    -15.85113 -159.61838 
    -15.23479 -159.87590 
    -14.60323 -160.09167 
    -13.95944 -160.26488 
    -13.30641 -160.39479 
    -12.64719 -160.48103 
    -11.98485 -160.52336 
    -11.32242 -160.52185 
    -10.66293 -160.47670 
    -10.00935 -160.38844 
    -9.36458 -160.25774 
    -8.73147 -160.08549 
    -8.11273 -159.87280 
    -7.51101 -159.62091 
    -6.92879 -159.33133 
    -6.36845 -159.00563 
    -5.83221 -158.64557 
    -5.32212 -158.25308 
    -4.84010 -157.83017 
    -4.38788 -157.37892 
    -3.94384 -156.92332 
    -3.50333 -156.46291 
    -3.08961 -155.97588 
    -2.70436 -155.46358 
    -2.35498 -154.92427 
    -2.05565 -154.35500 
    -1.82000 -153.75665 
    -1.68904 -153.12447 
    -1.56520 -152.49962 
    -1.45242 -151.87718 
    -1.35343 -151.25377 
    -1.26993 -150.62683 
    -1.20293 -149.99438 
    -1.15238 -149.35454 
    -1.06665 -148.69878 
    -0.86679 -147.99988 
    -0.64746 -147.25351 
    -0.40001 -146.44548 
    -0.09323 -145.54843 
    0.17415 -144.58450 
    -0.19358 -143.87625 
    -0.69778 -143.25179 
    -1.31419 -142.72298 
    -2.01129 -142.29155 
    -2.75508 -141.94911 
    -3.51453 -141.67982 
    -4.26558 -141.46413 
    -4.99307 -141.28278 
    -5.69061 -141.12007 
    -6.35370 -140.95631 
    -6.94478 -140.69142 
    -7.54891 -140.46359 
    -8.16377 -140.27304 
    -8.78710 -140.11996 
    -9.40245 -139.92955 
    -10.02542 -139.72760 
    -10.66546 -139.55225 
    -11.32242 -139.46808 
    -11.98581 -139.45016 
    -12.65043 -139.48212 
    -13.31951 -139.52530 
    -13.99534 -139.58406 
    -14.67915 -139.66344 
    -15.37331 -139.76302 
    -16.06064 -139.92516 
    -16.68751 -140.23534 
    -17.22347 -140.69582 
    -17.70879 -141.20432 
    -18.14796 -141.74373 
    -18.54794 -142.29999 
    -18.91615 -142.86340 
    -19.25883 -143.42882 
    -19.57991 -143.99496 
    -19.88081 -144.56306 
    -20.16070 -145.13550 
    -20.47950 -145.68539 
    -20.76880 -146.25430 
    -21.02205 -146.84279 
    -21.23774 -147.44856 
    -21.41458 -148.06920 
    -21.55139 -148.70216 
    -21.64717 -149.34480 
Cell 6 100 8.00122 -152.56258 
    -1.57768 -152.56258 
    -1.69906 -153.17287 
    -1.83933 -153.80573 
    -2.12931 -154.49507 
    -2.53990 -155.26907 
    -2.69028 -156.03645 
    -2.50524 -156.72238 
    -2.23973 -157.38161 
    -1.92837 -158.02141 
    -1.57267 -158.63835 
    -1.17440 -159.22905 
    -0.73569 -159.79037 
    -0.25890 -160.31934 
    0.25335 -160.81322 
    0.79827 -161.26945 
    1.37280 -161.68581 
    1.97381 -162.06026 
    2.59794 -162.39110 
    3.24175 -162.67696 
    3.90175 -162.91666 
    4.57433 -163.10947 
    5.25592 -163.25482 
    5.94291 -163.35262 
    6.63177 -163.40291 
    7.31900 -163.40608 
    8.00122 -163.36282 
    8.67514 -163.27419 
    9.33761 -163.14120 
    9.98567 -162.96544 
    10.61650 -162.74841 
    11.22748 -162.49197 
    11.81623 -162.19820 
    12.38521 -161.87903 
    12.98201 -161.62259 
    13.56589 -161.33109 
    14.13486 -161.00481 
    14.68684 -160.64410 
    15.21960 -160.24937 
    15.73077 -159.82111 
    16.21782 -159.35994 
    16.67809 -158.86670 
    17.10877 -158.34241 
    17.50695 -157.78839 
    17.86968 -157.20631 
    18.19400 -156.59819 
    18.47705 -155.96638 
    18.71611 -155.31369 
    18.90868 -154.64328 
    19.05261 -153.95869 
    19.14611 -153.26375 
    19.18786 -152.56258 
    19.17706 -151.85945 
    19.11346 -151.15877 
    18.99722 -150.46498 
    18.82674 -149.78305 
    18.60275 -149.11792 
    18.34158 -148.46854 
    18.03365 -147.84167 
    17.67847 -147.24246 
    17.28310 -146.67212 
    16.85076 -146.13301 
    16.38479 -145.62709 
    15.88856 -145.15587 
    15.36540 -144.72052 
    14.81853 -144.32187 
    14.25107 -143.96040 
    13.66593 -143.63643 
    13.06585 -143.35004 
    12.45339 -143.10123 
    11.83092 -142.88986 
    11.20063 -142.71581 
    10.56460 -142.57889 
    9.92478 -142.47893 
    9.31273 -142.18089 
    8.67657 -141.82820 
    8.00122 -141.43547 
    7.27610 -141.03708 
    6.50187 -140.69400 
    5.69656 -140.48114 
    4.89491 -140.46428 
    4.14015 -140.67944 
    3.46918 -141.11597 
    2.90004 -141.72203 
    2.42691 -142.42296 
    1.98211 -143.07799 
    1.42291 -143.50832 
    0.91187 -143.99303 
    0.45133 -144.52277 
    0.04114 -145.08757 
    -0.17795 -145.79617 
    -0.40333 -146.45631 
    -0.60142 -147.10318 
    -0.78772 -147.73082 
    -0.96503 -148.34338 
    -1.10066 -148.95889 
    -1.17039 -149.58255 
    -1.22407 -150.19394 
    -1.29164 -150.78987 
    -1.37320 -151.37831 
    -1.46865 -151.96678 
Cell 7 100 27.73057 -144.11238 
    17.53908 -144.11238 
    17.51223 -144.75526 
    17.53155 -145.40082 
    17.60117 -146.04466 
    17.72441 -146.68153 
    17.90091 -147.30623 
    18.12015 -147.91742 
    18.36366 -148.52011 
    18.60630 -149.12849 
    18.84174 -149.75340 
    19.13046 -150.36072 
    19.51457 -150.90924 
    19.93558 -151.43236 
    20.39180 -151.92738 
    20.88127 -152.39175 
    21.40187 -152.82309 
    21.95123 -153.21916 
    22.52686 -153.57788 
    23.12609 -153.89740 
    23.74608 -154.17606 
    24.38389 -154.41240 
    25.03646 -154.60522 
    25.70065 -154.75359 
    26.37324 -154.85677 
    27.05097 -154.91428 
    27.73057 -154.92593 
    28.40875 -154.89178 
    29.08226 -154.81212 
    29.74788 -154.68750 
    30.40246 -154.51871 
    31.04293 -154.30679 
    31.66635 -154.05301 
    32.26985 -153.75885 
    32.85077 -153.42598 
    33.40656 -153.05630 
    33.93484 -152.65182 
    34.43346 -152.21478 
    34.90041 -151.74748 
    35.33393 -151.25241 
    35.73251 -150.73216 
    36.08851 -150.18478 
    36.36368 -149.59113 
    36.63342 -149.00676 
    36.91318 -148.43338 
    37.20316 -147.86284 
    37.50651 -147.28877 
    37.82934 -146.70531 
    38.18654 -146.10696 
    38.44261 -145.46562 
    38.57700 -144.79478 
    38.66925 -144.11238 
    38.71769 -143.42113 
    38.72054 -142.72403 
    38.67619 -142.02440 
    38.58330 -141.32587 
    38.44089 -140.63239 
    38.24837 -139.94809 
    38.00563 -139.27731 
    37.71308 -138.62445 
    37.37168 -137.99394 
    36.98296 -137.39012 
    36.54902 -136.81712 
    36.07248 -136.27881 
    35.55644 -135.77867 
    35.00698 -135.31671 
    34.49726 -134.79883 
    33.93150 -134.34128 
    33.31367 -133.95676 
    32.65244 -133.65289 
    31.95860 -133.43361 
    31.24410 -133.29886 
    30.52093 -133.24463 
    29.80007 -133.26366 
    29.09743 -133.29254 
    28.41098 -133.29753 
    27.73057 -133.12038 
    27.03019 -132.98012 
    26.31218 -132.88466 
    25.58074 -132.84258 
    24.84206 -132.86238 
    24.10421 -132.95158 
    23.37676 -133.11592 
    22.67017 -133.35849 
    21.99495 -133.67934 
    21.36082 -134.07526 
    20.77584 -134.54002 
    20.24587 -135.06494 
    19.77410 -135.63960 
    19.36106 -136.25288 
    19.00487 -136.89386 
    18.70174 -137.55255 
    18.44668 -138.22064 
    18.23421 -138.89171 
    18.05904 -139.56131 
    17.91661 -140.22676 
    17.80346 -140.88687 
    17.71738 -141.54143 
    17.65736 -142.19081 
    17.62345 -142.83556 
    17.60906 -143.47559 
Cell 8 100 45.85860 -152.47060 
    35.82309 -152.47060 
    35.84567 -153.10056 
    35.89944 -153.72873 
    35.99088 -154.35297 
    36.12136 -154.97070 
    36.29068 -155.57941 
    36.49827 -156.17662 
    36.74336 -156.75990 
    37.02504 -157.32689 
    37.34224 -157.87524 
    37.69374 -158.40271 
    38.07817 -158.90714 
    38.49401 -159.38641 
    38.93963 -159.83855 
    39.41325 -160.26169 
    39.91296 -160.65407 
    40.43677 -161.01404 
    40.98255 -161.34010 
    41.54808 -161.63092 
    42.13108 -161.88524 
    42.72916 -162.10204 
    43.33988 -162.28038 
    43.96074 -162.41954 
    44.58920 -162.51895 
    45.22269 -162.57822 
    45.85860 -162.59708 
    46.49435 -162.57547 
    47.12732 -162.51352 
    47.75493 -162.41148 
    48.37462 -162.26984 
    48.98386 -162.08916 
    49.58019 -161.87024 
    50.16118 -161.61404 
    50.72449 -161.32161 
    51.26785 -160.99420 
    51.78910 -160.63322 
    52.28615 -160.24016 
    52.75702 -159.81667 
    53.19988 -159.36452 
    53.61300 -158.88559 
    53.99474 -158.38185 
    54.34367 -157.85538 
    54.65844 -157.30835 
    54.93788 -156.74298 
    55.18095 -156.16158 
    55.38677 -155.56648 
    55.55468 -154.96013 
    55.68455 -154.34500 
    55.77053 -153.72276 
    55.76025 -153.09355 
    55.71167 -152.47060 
    55.65294 -151.85439 
    55.58663 -151.24165 
    55.51580 -150.62839 
    55.44839 -150.00836 
    55.37645 -149.37805 
    55.16414 -148.78627 
    54.91526 -148.20886 
    54.63055 -147.64818 
    54.31364 -147.10487 
    53.96719 -146.57936 
    53.59221 -146.07280 
    53.19106 -145.58496 
    52.76585 -145.11513 
    52.31809 -144.66241 
    51.84830 -144.22649 
    51.35588 -143.80827 
    50.83925 -143.41083 
    50.29636 -143.03989 
    49.82619 -142.44960 
    49.33230 -141.77966 
    48.62994 -141.67697 
    47.85501 -142.00505 
    47.19361 -141.90294 
    46.52546 -141.87131 
    45.85860 -141.72777 
    45.18094 -141.69942 
    44.52764 -141.93492 
    43.91878 -142.30170 
    43.31043 -142.54613 
    42.71301 -142.78946 
    42.13129 -143.05647 
    41.56508 -143.34641 
    41.01493 -143.65999 
    40.48209 -143.99857 
    39.96843 -144.36346 
    39.47615 -144.75554 
    39.00598 -145.17329 
    38.56192 -145.61856 
    38.17985 -146.11818 
    37.85778 -146.65767 
    37.55507 -147.20100 
    37.26483 -147.74614 
    36.98380 -148.29443 
    36.71057 -148.84863 
    36.44622 -149.41232 
    36.18077 -149.98575 
    35.96046 -150.58243 
    35.84938 -151.20613 
    35.82135 -151.83911 
Cell 9 100 66.29176 -152.83546 
    55.74013 -152.83546 
    55.76685 -153.49763 
    55.75916 -154.16605 
    55.72343 -154.85149 
    55.71518 -155.55107 
    55.88020 -156.21838 
    56.08600 -156.87621 
    56.33352 -157.52145 
    56.62317 -158.15082 
    56.95476 -158.76091 
    57.32755 -159.34834 
    57.74025 -159.90990 
    58.19111 -160.44249 
    58.67801 -160.94328 
    59.19859 -161.40964 
    59.75029 -161.83902 
    60.33021 -162.22937 
    60.93539 -162.57866 
    61.56268 -162.88528 
    62.20881 -163.14784 
    62.87040 -163.36534 
    63.54407 -163.53702 
    64.22639 -163.66249 
    64.91397 -163.74179 
    65.60349 -163.77518 
    66.29176 -163.76334 
    66.97576 -163.70731 
    67.65271 -163.60849 
    68.32011 -163.46840 
    68.97576 -163.28894 
    69.61788 -163.07220 
    70.24502 -162.82024 
    70.85613 -162.53525 
    71.45045 -162.21909 
    72.02760 -161.87369 
    72.58726 -161.50046 
    73.12919 -161.10049 
    73.65307 -160.67445 
    74.15818 -160.22252 
    74.64346 -159.74460 
    75.10709 -159.24017 
    75.54657 -158.70874 
    75.95854 -158.14983 
    76.30571 -157.54767 
    76.44480 -156.85533 
    76.59239 -156.18234 
    76.77895 -155.52812 
    76.93943 -154.86662 
    77.04321 -154.19368 
    77.09847 -153.51537 
    77.10743 -152.83546 
    77.06718 -152.15753 
    76.98779 -151.48424 
    76.87749 -150.81613 
    76.73946 -150.15295 
    76.58702 -149.49033 
    76.44839 -148.81416 
    76.25618 -148.14658 
    75.93835 -147.53221 
    75.60255 -146.92667 
    75.24088 -146.33356 
    74.85270 -145.75323 
    74.43761 -145.18600 
    73.99565 -144.63165 
    73.52708 -144.08946 
    73.03243 -143.55772 
    72.51138 -143.03491 
    71.91568 -142.60561 
    71.25864 -142.28032 
    70.57699 -142.01222 
    69.87651 -141.80275 
    69.16167 -141.65793 
    68.43931 -141.57764 
    67.71739 -141.55048 
    67.00040 -141.57205 
    66.29176 -141.63945 
    65.59435 -141.75031 
    64.91048 -141.90146 
    64.24563 -142.10925 
    63.60076 -142.35471 
    62.97749 -142.63519 
    62.37695 -142.94778 
    61.79998 -143.28993 
    61.24720 -143.65944 
    60.71915 -144.05443 
    60.21635 -144.47339 
    59.73939 -144.91501 
    59.28893 -145.37820 
    58.75647 -145.75935 
    58.21050 -146.15007 
    57.66051 -146.56450 
    57.11652 -147.01268 
    56.59682 -147.50563 
    56.12643 -148.05202 
    55.73267 -148.65483 
    55.43922 -149.30927 
    55.45321 -150.05260 
    55.53369 -150.78325 
    55.61312 -151.48643 
    55.68283 -152.16800 
Cell 10 100 84.55562 -141.95859 
    71.98248 -141.95859 
    72.23998 -142.73341 
    72.90547 -143.43034 
    73.50569 -144.06648 
    74.02097 -144.66342 
    74.47316 -145.23457 
    74.87756 -145.79041 
    75.24477 -146.33994 
    75.58150 -146.89215 
    75.89530 -147.45459 
    76.19673 -148.03166 
    76.61068 -148.53120 
    77.08997 -148.96930 
    77.57880 -149.38814 
    78.08038 -149.78581 
    78.59706 -150.15984 
    79.13029 -150.50752 
    79.68061 -150.82619 
    80.24773 -151.11333 
    80.83067 -151.36674 
    81.42793 -151.58461 
    82.03767 -151.76537 
    82.65769 -151.90785 
    83.28569 -152.01112 
    83.91917 -152.07454 
    84.55562 -152.09767 
    85.19250 -152.08167 
    85.82766 -152.02786 
    86.45867 -151.93477 
    87.08321 -151.80289 
    87.69898 -151.63287 
    88.30386 -151.42557 
    88.89577 -151.18188 
    89.47279 -150.90289 
    90.03313 -150.58977 
    90.57512 -150.24371 
    91.09721 -149.86601 
    91.59801 -149.45798 
    92.07623 -149.02090 
    92.53062 -148.55608 
    92.96005 -148.06477 
    93.36341 -147.54819 
    93.73956 -147.00751 
    94.08737 -146.44389 
    94.40558 -145.85846 
    94.69286 -145.25238 
    94.94775 -144.62683 
    95.16862 -143.98312 
    95.35369 -143.32271 
    95.50108 -142.64722 
    95.60873 -141.95859 
    95.67455 -141.25905 
    95.69641 -140.55118 
    95.67226 -139.83797 
    95.60020 -139.12282 
    95.47854 -138.40952 
    95.19001 -137.74814 
    94.74142 -137.16551 
    94.18925 -136.66246 
    93.67001 -136.17442 
    93.18235 -135.69090 
    92.70978 -135.21288 
    92.24374 -134.73895 
    91.77872 -134.26677 
    91.31118 -133.79251 
    90.83900 -133.31024 
    90.35443 -132.82112 
    89.82580 -132.37218 
    89.27162 -131.93657 
    88.69790 -131.49638 
    88.10843 -131.02415 
    87.40970 -130.84267 
    86.68948 -130.77249 
    85.97116 -130.75342 
    85.25871 -130.78339 
    84.55562 -130.86008 
    83.86497 -130.98097 
    83.18935 -131.14345 
    82.53095 -131.34489 
    81.89156 -131.58278 
    81.27266 -131.85468 
    80.67544 -132.15837 
    80.10089 -132.49181 
    79.54987 -132.85316 
    79.02314 -133.24080 
    78.47782 -133.59322 
    77.86065 -133.86575 
    77.23168 -134.15939 
    76.59068 -134.47902 
    76.05644 -134.92746 
    75.61198 -135.46066 
    75.18275 -136.01039 
    74.75497 -136.57063 
    74.31186 -137.13824 
    73.85382 -137.72145 
    73.37458 -138.32564 
    72.85567 -138.95454 
    72.27187 -139.61534 
    71.89491 -140.35916 
    71.85094 -141.15927 
Cell 11 100 110.91257 -149.54095 
    100.74754 -149.54095 
    100.75811 -150.17982 
    100.80951 -150.81728 
    100.90162 -151.45065 
    101.03415 -152.07730 
    101.20663 -152.69461 
    101.41842 -153.29996 
    101.66869 -153.89079 
    101.95644 -154.46463 
    102.28052 -155.01903 
    102.63957 -155.55164 
    103.03214 -156.06023 
    103.45657 -156.54262 
    103.91108 -156.99680 
    104.39377 -157.42084 
    104.90260 -157.81299 
    105.43540 -158.17160 
    105.98993 -158.49521 
    106.56384 -158.78249 
    107.15469 -159.03227 
    107.76000 -159.24358 
    108.37720 -159.41560 
    109.00369 -159.54768 
    109.63685 -159.63937 
    110.27402 -159.69040 
    110.91257 -159.70065 
    111.54986 -159.67026 
    112.18327 -159.59949 
    112.81023 -159.48882 
    113.42828 -159.33896 
    114.03501 -159.15083 
    114.62822 -158.92560 
    115.20585 -158.66463 
    115.76616 -158.36960 
    116.30773 -158.04236 
    116.82959 -157.68503 
    117.33125 -157.29980 
    117.81280 -156.88895 
    118.27483 -156.45457 
    118.71843 -155.99852 
    119.14487 -155.52206 
    119.55538 -155.02585 
    119.95068 -154.50969 
    120.33048 -153.97269 
    120.69302 -153.41330 
    121.03462 -152.82980 
    121.34952 -152.22070 
    121.62994 -151.58540 
    121.86655 -150.92476 
    122.04923 -150.24161 
    122.16810 -149.54095 
    122.21467 -148.82988 
    122.18295 -148.11717 
    122.07023 -147.41252 
    122.19909 -146.64307 
    122.38579 -145.81308 
    122.02752 -145.14024 
    121.23340 -144.68434 
    120.44317 -144.30147 
    119.96909 -143.79352 
    119.46964 -143.32388 
    118.95286 -142.88945 
    118.42463 -142.48666 
    117.88866 -142.11218 
    117.34677 -141.76335 
    116.82396 -141.40463 
    116.30750 -141.03992 
    115.77216 -140.70140 
    115.21985 -140.38754 
    114.65158 -140.09731 
    114.06741 -139.83138 
    113.46668 -139.59335 
    112.84892 -139.39024 
    112.21490 -139.23192 
    111.56763 -139.12909 
    110.91257 -139.09052 
    110.25697 -139.12038 
    109.58606 -139.04051 
    108.86571 -138.81091 
    108.10522 -138.60703 
    107.33282 -138.52362 
    106.59975 -138.64803 
    105.95820 -139.01237 
    105.43328 -139.57416 
    105.01020 -140.24031 
    104.64627 -140.91614 
    104.29704 -141.54414 
    103.93659 -142.11229 
    103.56158 -142.63791 
    103.18280 -143.14633 
    102.78884 -143.63872 
    102.42247 -144.15297 
    102.08886 -144.69008 
    101.78948 -145.24796 
    101.52570 -145.82443 
    101.29873 -146.41722 
    101.10962 -147.02399 
    100.95927 -147.64226 
    100.84846 -148.26956 
    100.77774 -148.90332 
Cell 12 100 -115.89354 -131.76154 
    -127.46048 -131.76154 
    -127.58418 -132.49706 
    -127.64913 -133.24661 
    -127.65405 -134.00497 
    -127.59830 -134.76682 
    -127.48189 -135.52681 
    -127.30550 -136.27985 
    -127.07038 -137.02095 
    -126.77827 -137.74547 
    -126.43138 -138.44905 
    -126.03219 -139.12769 
    -125.58349 -139.77776 
    -125.08825 -140.39594 
    -124.54958 -140.97929 
    -123.02898 -140.38680 
    -121.73394 -139.80016 
    -121.13298 -140.01758 
    -120.55080 -140.23306 
    -119.97380 -140.43254 
    -119.39977 -140.61728 
    -118.82845 -140.79427 
    -118.24554 -140.92198 
    -117.65850 -141.01379 
    -117.07269 -141.09544 
    -116.48523 -141.16608 
    -115.89354 -141.19412 
    -115.29951 -141.20332 
    -114.70104 -141.20114 
    -114.09631 -141.18297 
    -113.48457 -141.14388 
    -112.86848 -141.07170 
    -112.22169 -141.03557 
    -111.48206 -141.13641 
    -111.00631 -140.65138 
    -110.56283 -140.16139 
    -110.12058 -139.70732 
    -109.66270 -139.29330 
    -109.18143 -138.90919 
    -108.66820 -138.54659 
    -108.11198 -138.19901 
    -107.49919 -137.86038 
    -106.81635 -137.52209 
    -106.07206 -137.16093 
    -105.41701 -136.69142 
    -105.24625 -135.97710 
    -105.12843 -135.25934 
    -105.05831 -134.54355 
    -105.02917 -133.83403 
    -105.02611 -133.13441 
    -105.06501 -132.44281 
    -105.12666 -131.76154 
    -104.94743 -131.07286 
    -104.55817 -130.32954 
    -104.22071 -129.53482 
    -104.13581 -128.74266 
    -104.39756 -128.02626 
    -104.96752 -127.43562 
    -105.70196 -126.96574 
    -106.44231 -126.56568 
    -107.04924 -126.14877 
    -107.31241 -125.52698 
    -107.60886 -124.90785 
    -107.94458 -124.29696 
    -108.32587 -123.70278 
    -108.75821 -123.13641 
    -109.24506 -122.61069 
    -109.78687 -122.13897 
    -110.38051 -121.73337 
    -111.01929 -121.40324 
    -111.69366 -121.15384 
    -112.39228 -120.98577 
    -113.10349 -120.89501 
    -113.81659 -120.87377 
    -114.52290 -120.91186 
    -115.21637 -120.99828 
    -115.89354 -121.12272 
    -116.55319 -121.27668 
    -117.19566 -121.45417 
    -117.82207 -121.65179 
    -118.43364 -121.86850 
    -119.03116 -122.10493 
    -119.61475 -122.36282 
    -120.18379 -122.64429 
    -120.73697 -122.95138 
    -121.27248 -123.28568 
    -121.78823 -123.64819 
    -122.28441 -124.03630 
    -122.75636 -124.45338 
    -123.20108 -124.89930 
    -123.61681 -125.37228 
    -124.00191 -125.87045 
    -124.35402 -126.39235 
    -124.72837 -126.90455 
    -125.20007 -127.38222 
    -125.64417 -127.90099 
    -126.05564 -128.45967 
    -126.42949 -129.05637 
    -126.76102 -129.68845 
    -127.04589 -130.35266 
    -127.28017 -131.04515 
Cell 13 100 -88.86356 -123.45850 
    -99.00903 -123.45850 
    -99.00247 -124.09639 
    -98.95528 -124.73338 
    -98.86746 -125.36685 
    -98.73922 -125.99414 
    -98.57095 -126.61263 
    -98.36320 -127.21968 
    -98.11676 -127.81273 
    -97.83253 -128.38924 
    -97.51164 -128.94675 
    -97.15535 -129.48285 
    -96.76511 -129.99524 
    -96.34251 -130.48170 
    -95.88931 -130.94017 
    -95.40739 -131.36864 
    -94.89879 -131.76529 
    -94.36565 -132.12840 
    -93.81022 -132.45645 
    -93.23488 -132.74803 
    -92.64206 -133.00192 
    -92.03431 -133.21707 
    -91.41420 -133.39261 
    -90.78439 -133.52783 
    -90.14754 -133.62224 
    -89.50636 -133.67551 
    -88.86356 -133.68747 
    -88.22185 -133.65822 
    -87.58391 -133.58795 
    -86.95241 -133.47711 
    -86.32994 -133.32628 
    -85.71906 -133.13626 
    -85.12225 -132.90797 
    -84.54188 -132.64253 
    -83.98022 -132.34125 
    -83.43945 -132.00552 
    -82.90193 -131.66397 
    -82.37708 -131.29930 
    -81.87263 -130.90309 
    -81.39049 -130.47618 
    -80.93267 -130.01950 
    -80.50124 -129.53409 
    -80.09837 -129.02106 
    -79.72633 -128.48174 
    -79.38743 -127.91763 
    -79.08402 -127.33050 
    -78.81846 -126.72235 
    -78.59303 -126.09553 
    -78.40987 -125.45265 
    -78.27094 -124.79666 
    -78.17793 -124.13078 
    -78.13217 -123.45850 
    -78.13462 -122.78349 
    -78.18578 -122.10959 
    -78.28565 -121.44066 
    -78.43379 -120.78059 
    -78.62924 -120.13317 
    -78.87059 -119.50201 
    -79.15601 -118.89048 
    -79.41460 -118.26390 
    -79.67886 -117.62972 
    -79.98392 -117.00707 
    -80.33082 -116.39961 
    -80.72029 -115.81146 
    -81.15264 -115.24722 
    -81.62763 -114.71178 
    -82.14433 -114.21027 
    -82.70100 -113.74788 
    -83.29514 -113.32960 
    -83.92339 -112.96011 
    -84.58160 -112.64353 
    -85.26500 -112.38328 
    -85.96821 -112.18188 
    -86.68553 -112.04088 
    -87.41106 -111.96084 
    -88.13895 -111.94126 
    -88.86356 -111.98071 
    -89.57963 -112.07692 
    -90.28244 -112.22688 
    -90.96791 -112.42708 
    -91.63263 -112.67367 
    -92.27387 -112.96263 
    -92.88956 -113.28998 
    -93.47820 -113.65189 
    -93.97156 -114.16710 
    -94.44617 -114.66172 
    -94.89893 -115.15154 
    -95.33154 -115.64007 
    -95.74607 -116.12936 
    -96.14437 -116.62136 
    -96.52868 -117.11736 
    -96.91654 -117.60767 
    -97.32729 -118.08725 
    -97.71656 -118.59152 
    -98.07393 -119.12443 
    -98.39848 -119.68336 
    -98.55944 -120.30812 
    -98.67180 -120.94018 
    -98.78748 -121.56541 
    -98.90109 -122.19047 
    -98.97512 -122.82234 
Cell 14 100 -64.99831 -132.81606 
    -75.80163 -132.81606 
    -75.77058 -133.49379 
    -75.69824 -134.16777 
    -75.58413 -134.83540 
    -75.42800 -135.49394 
    -75.22995 -136.14052 
    -74.99039 -136.77220 
    -74.71014 -137.38609 
    -74.39030 -137.97934 
    -74.03233 -138.54921 
    -73.63792 -139.09309 
    -73.20813 -139.60780 
    -72.74136 -140.08727 
    -72.24420 -140.53214 
    -71.72156 -140.94305 
    -71.17805 -141.32173 
    -70.61539 -141.66716 
    -70.03341 -141.97485 
    -69.43472 -142.24391 
    -68.82101 -142.47107 
    -68.19560 -142.65630 
    -67.56128 -142.79814 
    -66.92276 -142.90434 
    -66.28765 -143.02217 
    -65.64581 -143.10757 
    -64.99831 -143.15814 
    -64.34665 -143.17398 
    -63.69218 -143.15520 
    -63.03621 -143.10178 
    -62.38001 -143.01367 
    -61.72487 -142.89067 
    -61.07212 -142.73248 
    -60.42321 -142.53865 
    -59.77975 -142.30859 
    -59.14356 -142.04167 
    -58.51677 -141.73714 
    -57.90178 -141.39429 
    -57.30138 -141.01247 
    -56.71869 -140.59114 
    -56.15723 -140.13004 
    -55.67779 -139.58781 
    -55.27043 -138.98955 
    -54.85938 -138.38998 
    -54.43754 -137.78557 
    -54.00104 -137.17018 
    -53.54872 -136.53625 
    -53.17011 -135.85303 
    -52.93016 -135.11818 
    -52.74856 -134.36356 
    -52.62803 -133.59433 
    -52.57059 -132.81606 
    -52.57746 -132.03461 
    -52.64903 -131.25598 
    -52.78481 -130.48621 
    -52.98349 -129.73117 
    -53.24303 -128.99654 
    -53.56100 -128.28770 
    -53.93589 -127.61047 
    -54.36752 -126.97173 
    -54.86636 -126.38612 
    -55.48096 -125.90129 
    -56.13844 -125.48653 
    -56.77454 -125.09342 
    -57.39489 -124.71922 
    -57.90394 -124.24043 
    -58.43663 -123.78468 
    -59.01719 -123.39131 
    -59.63017 -123.05143 
    -60.26661 -122.76068 
    -60.91906 -122.51305 
    -61.62373 -122.43017 
    -62.32469 -122.40297 
    -62.99938 -122.33727 
    -63.67076 -122.30735 
    -64.33748 -122.31239 
    -64.99831 -122.35175 
    -65.65207 -122.42492 
    -66.29755 -122.53152 
    -66.93353 -122.67127 
    -67.55872 -122.84396 
    -68.19522 -122.97699 
    -68.84074 -123.11120 
    -69.48215 -123.28743 
    -70.11536 -123.50819 
    -70.73549 -123.77572 
    -71.33702 -124.09158 
    -71.91412 -124.45629 
    -72.46101 -124.86909 
    -72.97249 -125.32780 
    -73.44428 -125.82894 
    -73.87336 -126.36796 
    -74.25802 -126.93967 
    -74.59776 -127.53872 
    -74.89305 -128.15994 
    -75.14499 -128.79871 
    -75.35487 -129.45100 
    -75.52390 -130.11354 
    -75.65290 -130.78358 
    -75.74229 -131.45877 
    -75.79201 -132.13698 
Cell 15 100 -54.02206 -115.35719 
    -64.50168 -115.35719 
    -64.44888 -116.01319 
    -64.38554 -116.66640 
    -64.28246 -117.31447 
    -64.14021 -117.95509 
    -63.95906 -118.58591 
    -63.73915 -119.20446 
    -63.47808 -119.80685 
    -63.17755 -120.39046 
    -62.82845 -120.94590 
    -62.43036 -121.46618 
    -61.97220 -121.93413 
    -61.41605 -122.30061 
    -60.78842 -122.56263 
    -60.17963 -122.80042 
    -59.61739 -123.05851 
    -59.09373 -123.34887 
    -58.59581 -123.67682 
    -58.11658 -124.05850 
    -57.63816 -124.49041 
    -57.11819 -124.88612 
    -56.55650 -125.22817 
    -55.97411 -125.59019 
    -55.36559 -125.99230 
    -54.69632 -126.07420 
    -54.02206 -126.10017 
    -53.34736 -126.08118 
    -52.67538 -126.01727 
    -52.00926 -125.90866 
    -51.35213 -125.75586 
    -50.70708 -125.55963 
    -50.07713 -125.32095 
    -49.46518 -125.04105 
    -48.87407 -124.72135 
    -48.30648 -124.36350 
    -47.76495 -123.96936 
    -47.25188 -123.54092 
    -46.76949 -123.08039 
    -46.31981 -122.59009 
    -45.90467 -122.07248 
    -45.52503 -121.53065 
    -45.11697 -121.00854 
    -44.72149 -120.47022 
    -44.35946 -119.90406 
    -44.03438 -119.31159 
    -43.74979 -118.69485 
    -43.50916 -118.05645 
    -43.31571 -117.39954 
    -43.17226 -116.72784 
    -43.08109 -116.04554 
    -43.04377 -115.35719 
    -43.06110 -114.66759 
    -43.13306 -113.98159 
    -43.25879 -113.30399 
    -43.43666 -112.63932 
    -43.66432 -111.99176 
    -43.93887 -111.36497 
    -44.25700 -110.76211 
    -44.61515 -110.18570 
    -45.00963 -109.63773 
    -44.98761 -108.79328 
    -44.51431 -107.49170 
    -45.94770 -107.77487 
    -46.88163 -107.75341 
    -47.40797 -107.36214 
    -47.90819 -106.94218 
    -48.39566 -106.49141 
    -48.90822 -106.05516 
    -49.44674 -105.63416 
    -50.01235 -105.22982 
    -50.60629 -104.84453 
    -51.22970 -104.48167 
    -51.88337 -104.14577 
    -52.56739 -103.84237 
    -53.28097 -103.57797 
    -54.02206 -103.35976 
    -54.78722 -103.19526 
    -55.57153 -103.09190 
    -56.36852 -103.05659 
    -57.17040 -103.09520 
    -57.96825 -103.21207 
    -58.75238 -103.40975 
    -59.51287 -103.68863 
    -60.23996 -104.04687 
    -60.92466 -104.48043 
    -61.55914 -104.98329 
    -62.13714 -105.54774 
    -62.65425 -106.16484 
    -63.10798 -106.82495 
    -63.49778 -107.51820 
    -63.82486 -108.23505 
    -64.09192 -108.96667 
    -64.30280 -109.70531 
    -64.46204 -110.44451 
    -64.57455 -111.17917 
    -64.64514 -111.90555 
    -64.67828 -112.62114 
    -64.67783 -113.32449 
    -64.64685 -114.01497 
    -64.58765 -114.69246 
Cell 16 100 -34.19073 -128.74110 
    -45.14144 -128.74110 
    -45.04930 -129.42427 
    -44.90572 -130.09473 
    -44.77145 -130.75949 
    -44.72329 -131.44540 
    -44.64737 -132.13867 
    -44.53549 -132.83688 
    -44.35006 -133.52171 
    -43.68769 -133.96210 
    -42.83929 -134.22964 
    -42.21561 -134.57152 
    -41.67356 -134.93143 
    -41.14887 -135.27524 
    -40.64065 -135.60957 
    -40.14573 -135.93947 
    -39.66026 -136.26926 
    -39.17969 -136.60245 
    -38.69916 -136.94191 
    -38.21343 -137.28976 
    -37.71678 -137.64687 
    -37.20299 -138.01189 
    -36.66703 -138.38565 
    -36.11330 -138.81953 
    -35.52058 -139.26796 
    -34.87738 -139.65514 
    -34.19073 -139.96814 
    -33.47111 -140.17918 
    -32.73214 -140.28706 
    -31.98704 -140.29329 
    -31.24779 -140.20309 
    -30.52811 -140.01349 
    -29.85081 -139.70250 
    -29.20100 -139.34483 
    -28.58210 -138.94318 
    -27.99724 -138.50049 
    -27.44923 -138.01997 
    -26.94062 -137.50499 
    -26.47351 -136.95911 
    -26.04971 -136.38603 
    -25.67067 -135.78952 
    -25.33744 -135.17340 
    -25.05075 -134.54152 
    -24.81091 -133.89771 
    -24.82471 -133.14841 
    -24.84465 -132.44148 
    -24.74672 -131.80965 
    -24.61237 -131.20042 
    -24.50702 -130.58838 
    -24.46079 -129.97029 
    -24.42146 -129.35574 
    -24.38221 -128.74110 
    -24.33826 -128.12125 
    -24.33805 -127.49642 
    -24.37674 -126.86898 
    -24.42568 -126.23386 
    -24.56356 -125.61304 
    -24.73013 -124.99538 
    -24.92187 -124.37951 
    -25.13777 -123.76420 
    -25.37786 -123.14828 
    -25.64352 -122.53120 
    -25.93760 -121.91352 
    -26.26427 -121.29766 
    -26.62869 -120.68835 
    -27.03632 -120.09290 
    -27.49208 -119.52120 
    -27.99945 -118.98520 
    -28.55955 -118.49803 
    -29.17060 -118.07279 
    -29.82764 -117.72120 
    -30.52276 -117.45224 
    -31.24575 -117.27116 
    -31.98512 -117.17887 
    -32.72921 -117.17197 
    -33.46735 -117.24329 
    -34.19073 -117.38289 
    -34.89297 -117.57935 
    -35.57025 -117.82111 
    -36.22108 -118.09762 
    -36.84582 -118.40022 
    -37.44594 -118.72261 
    -38.02341 -119.06087 
    -38.58007 -119.41328 
    -39.12058 -119.77375 
    -39.70506 -120.05191 
    -40.27889 -120.36147 
    -40.84038 -120.70306 
    -41.38723 -121.07761 
    -41.91637 -121.48624 
    -42.42392 -121.93002 
    -42.90516 -122.40970 
    -43.35469 -122.92548 
    -43.76664 -123.47671 
    -44.13504 -124.06167 
    -44.45416 -124.67753 
    -44.71898 -125.32027 
    -44.92554 -125.98487 
    -45.07127 -126.66553 
    -45.15518 -127.35597 
    -45.17786 -128.04985 
Cell 17 100 -14.64146 -130.01152 
    -24.46387 -130.01152 
    -24.51465 -130.63269 
    -24.62841 -131.27316 
    -24.76741 -131.94315 
    -24.83934 -132.62988 
    -24.82157 -133.31923 
    -24.63917 -133.96989 
    -24.36816 -134.58856 
    -24.05742 -135.18799 
    -23.70870 -135.76576 
    -23.32380 -136.31961 
    -22.90466 -136.84743 
    -22.45323 -137.34726 
    -21.97153 -137.81726 
    -21.46165 -138.25571 
    -20.92568 -138.66101 
    -20.36581 -139.03165 
    -19.78427 -139.36624 
    -19.18334 -139.66350 
    -18.56535 -139.92213 
    -17.93199 -140.13872 
    -17.28184 -140.29510 
    -16.58178 -140.18301 
    -15.88872 -139.88460 
    -15.25390 -139.74588 
    -14.64146 -139.65906 
    -14.03889 -139.58911 
    -13.43829 -139.53563 
    -12.83261 -139.49388 
    -12.21520 -139.46120 
    -11.57102 -139.46136 
    -10.87463 -139.52545 
    -10.17266 -139.50819 
    -9.59536 -139.19034 
    -9.04110 -138.83629 
    -8.51221 -138.44771 
    -8.01086 -138.02654 
    -7.53910 -137.57477 
    -7.09880 -137.09454 
    -6.69165 -136.58818 
    -6.31919 -136.05801 
    -5.98271 -135.50653 
    -5.68338 -134.93626 
    -5.42213 -134.34981 
    -5.19973 -133.74977 
    -5.01674 -133.13878 
    -4.87352 -132.51950 
    -4.75093 -131.89824 
    -4.63506 -131.27562 
    -4.55440 -130.64615 
    -4.50893 -130.01152 
    -4.49869 -129.37340 
    -4.52381 -128.73337 
    -4.58452 -128.09306 
    -4.68124 -127.45417 
    -4.81454 -126.81856 
    -4.98515 -126.18832 
    -5.19390 -125.56583 
    -5.44164 -124.95387 
    -5.72915 -124.35559 
    -6.05699 -123.77454 
    -6.42539 -123.21460 
    -6.83411 -122.67993 
    -7.28232 -122.17483 
    -7.76852 -121.70356 
    -8.29053 -121.27022 
    -8.84547 -120.87849 
    -9.42981 -120.53156 
    -10.03953 -120.23192 
    -10.53864 -119.64896 
    -10.83779 -118.30502 
    -11.64808 -118.35306 
    -12.52937 -118.93952 
    -13.23394 -118.86986 
    -13.94406 -118.92661 
    -14.64146 -119.08521 
    -15.31467 -119.31115 
    -15.96042 -119.57094 
    -16.58172 -119.84032 
    -17.19864 -120.05199 
    -17.80421 -120.27760 
    -18.39334 -120.53536 
    -18.96478 -120.82401 
    -19.51728 -121.14244 
    -20.04957 -121.48971 
    -20.56029 -121.86496 
    -21.06745 -122.24384 
    -21.58350 -122.61900 
    -22.07761 -123.02852 
    -22.54697 -123.47152 
    -22.98877 -123.94685 
    -23.40021 -124.45306 
    -23.77856 -124.98836 
    -24.12125 -125.55067 
    -24.42587 -126.13760 
    -24.37837 -126.84781 
    -24.33806 -127.52186 
    -24.34109 -128.16121 
    -24.38474 -128.78067 
    -24.42404 -129.39606 
Cell 18 100 8.72417 -130.77623 
    -1.40559 -130.77623 
    -1.38898 -131.41249 
    -1.33225 -132.04665 
    -1.23525 -132.67609 
    -1.09835 -133.29822 
    -0.92211 -133.91049 
    -0.70722 -134.51038 
    -0.45455 -135.09540 
    -0.16514 -135.66316 
    0.15982 -136.21133 
    0.51898 -136.73764 
    0.91086 -137.23996 
    1.33384 -137.71620 
    1.78615 -138.16447 
    2.26591 -138.58293 
    2.77113 -138.96988 
    3.29970 -139.32381 
    3.84945 -139.64330 
    4.41809 -139.92709 
    5.00327 -140.17413 
    5.60263 -140.38333 
    6.21438 -140.55121 
    6.83393 -140.68518 
    7.46055 -140.77876 
    8.09152 -140.83177 
    8.72417 -140.84521 
    9.35603 -140.81938 
    9.98474 -140.75471 
    10.60805 -140.65190 
    11.22385 -140.51186 
    11.83332 -140.34521 
    12.43313 -140.14401 
    13.02082 -139.90709 
    13.59446 -139.63525 
    14.15217 -139.32939 
    14.69214 -138.99043 
    15.21257 -138.61935 
    15.71169 -138.21719 
    16.20189 -137.79828 
    16.68221 -137.35970 
    17.14762 -136.89622 
    17.59754 -136.40744 
    18.03070 -135.89253 
    18.44497 -135.35049 
    18.83723 -134.78027 
    19.20327 -134.18109 
    19.53783 -133.55270 
    19.83475 -132.89569 
    20.08719 -132.21172 
    20.28788 -131.50375 
    20.42550 -130.77623 
    20.39662 -130.04185 
    19.94336 -129.35892 
    19.44843 -128.73047 
    19.01473 -128.13406 
    18.61720 -127.56179 
    18.23886 -127.00910 
    17.86990 -126.47257 
    17.51714 -125.94225 
    17.17974 -125.41016 
    16.83200 -124.88554 
    16.47309 -124.36576 
    16.10318 -123.84687 
    15.72331 -123.32290 
    15.33650 -122.78329 
    14.99378 -122.14684 
    14.44301 -121.76476 
    13.80697 -121.53064 
    13.18979 -121.28629 
    12.56958 -121.06384 
    11.93931 -120.88104 
    11.30160 -120.73779 
    10.65893 -120.63383 
    10.01366 -120.56887 
    9.36911 -120.52512 
    8.72417 -120.47261 
    8.07523 -120.46168 
    7.42515 -120.49345 
    6.77701 -120.56889 
    6.13411 -120.68864 
    5.49991 -120.85300 
    4.87797 -121.06184 
    4.27183 -121.31454 
    3.68500 -121.61002 
    3.12078 -121.94672 
    2.58224 -122.32260 
    2.07212 -122.73529 
    1.59277 -123.18207 
    1.14617 -123.66002 
    0.73388 -124.16609 
    0.35707 -124.69718 
    0.01661 -125.25025 
    -0.28695 -125.82233 
    -0.55327 -126.41061 
    -0.78879 -127.00979 
    -0.98785 -127.62061 
    -1.14802 -128.24149 
    -1.26922 -128.86989 
    -1.35148 -129.50339 
    -1.39488 -130.13959 
Cell 19 100 25.97818 -121.12334 
    14.77962 -121.12334 
    14.84291 -121.82391 
    15.17739 -122.48780 
    15.56987 -123.10884 
    15.98824 -123.68833 
    16.38393 -124.24070 
    16.75556 -124.77483 
    17.10567 -125.29842 
    17.43843 -125.81812 
    17.77469 -126.32944 
    18.11834 -126.83385 
    18.46471 -127.33903 
    18.81646 -127.84865 
    19.18055 -128.36209 
    19.56382 -128.87698 
    19.96787 -129.39584 
    20.35659 -129.98154 
    20.90629 -130.34908 
    21.48867 -130.66405 
    22.09138 -130.94029 
    22.71174 -131.17641 
    23.34698 -131.37119 
    23.99422 -131.52364 
    24.65051 -131.63297 
    25.31284 -131.69864 
    25.97818 -131.72032 
    26.64348 -131.69791 
    27.30567 -131.63150 
    27.96173 -131.52144 
    28.60864 -131.36832 
    29.24348 -131.17291 
    29.86338 -130.93623 
    30.46555 -130.65948 
    31.04733 -130.34409 
    31.60617 -129.99164 
    32.13969 -129.60393 
    32.64563 -129.18291 
    33.12193 -128.73067 
    33.56672 -128.24947 
    33.97835 -127.74166 
    34.35542 -127.20976 
    34.69677 -126.65633 
    35.00158 -126.08400 
    35.26933 -125.49543 
    35.49985 -124.89324 
    35.69335 -124.27999 
    35.85038 -123.65810 
    35.97184 -123.02974 
    36.05890 -122.39684 
    36.11287 -121.76096 
    36.13512 -121.12334 
    36.12681 -120.48485 
    36.08876 -119.84608 
    36.02124 -119.20753 
    35.92377 -118.56976 
    35.79506 -117.93365 
    35.63301 -117.30073 
    35.43488 -116.67336 
    35.19748 -116.05499 
    34.93554 -115.43884 
    34.70879 -114.78018 
    34.45357 -114.11189 
    34.16285 -113.43743 
    33.82859 -112.76351 
    33.44269 -112.10030 
    32.99813 -111.46120 
    32.49017 -110.86210 
    31.91730 -110.32012 
    31.28203 -109.85210 
    30.59094 -109.47285 
    29.85442 -109.19352 
    29.08569 -109.02040 
    28.29957 -108.95422 
    27.51096 -108.99020 
    26.73345 -109.11868 
    25.97818 -109.32643 
    25.25308 -109.59817 
    24.56265 -109.91826 
    23.90821 -110.27219 
    23.28852 -110.64780 
    22.70058 -111.03592 
    22.13670 -111.42088 
    21.50803 -111.62379 
    20.88833 -111.86494 
    20.28018 -112.14473 
    19.68641 -112.46347 
    19.11013 -112.82130 
    18.55466 -113.21809 
    18.02352 -113.65342 
    17.52041 -114.12646 
    17.04908 -114.63597 
    16.61329 -115.18021 
    16.21669 -115.75692 
    15.86270 -116.36337 
    15.55447 -116.99631 
    15.29470 -117.65207 
    15.08560 -118.32661 
    14.92883 -119.01557 
    14.82542 -119.71442 
    14.77576 -120.41855 
Cell 20 100 51.31708 -121.49659 
    41.25520 -121.49659 
    41.26929 -122.12875 
    41.32317 -122.75912 
    41.41671 -123.38519 
    41.54964 -124.00444 
    41.72151 -124.61438 
    41.93171 -125.21252 
    42.17945 -125.79643 
    42.46379 -126.36372 
    42.78363 -126.91208 
    43.13773 -127.43924 
    43.52467 -127.94303 
    43.94291 -128.42140 
    44.39074 -128.87239 
    44.86638 -129.29414 
    45.36792 -129.68491 
    45.89331 -130.04308 
    46.44041 -130.36720 
    47.00700 -130.65598 
    47.59075 -130.90822 
    48.18929 -131.12292 
    48.80018 -131.29927 
    49.42093 -131.43655 
    50.04903 -131.53427 
    50.68192 -131.59210 
    51.31708 -131.60988 
    51.95195 -131.58760 
    52.58402 -131.52547 
    53.21080 -131.42383 
    53.82985 -131.28319 
    54.43879 -131.10423 
    55.03531 -130.88776 
    55.61718 -130.63477 
    56.18226 -130.34631 
    56.72132 -130.01231 
    57.02497 -129.35281 
    57.35823 -128.79909 
    57.69796 -128.29153 
    58.03353 -127.80375 
    58.36558 -127.32761 
    58.69183 -126.85466 
    59.01188 -126.37985 
    59.32788 -125.90057 
    59.64528 -125.41554 
    59.97388 -124.92406 
    60.32036 -124.42193 
    60.69523 -123.90450 
    61.11028 -123.36474 
    61.58004 -122.79311 
    62.04861 -122.17176 
    62.33452 -121.49659 
    62.53455 -120.79085 
    62.64844 -120.06511 
    62.64642 -119.33540 
    62.51119 -118.62243 
    62.24321 -117.94648 
    61.86080 -117.32204 
    61.39477 -116.75439 
    60.95651 -116.19727 
    60.81134 -115.47135 
    60.62156 -114.73649 
    60.37329 -114.00465 
    60.05347 -113.29257 
    59.65223 -112.62056 
    59.16493 -112.01017 
    58.59351 -111.48144 
    57.94668 -111.05001 
    57.23888 -110.72487 
    56.48835 -110.50709 
    55.71450 -110.38999 
    54.93540 -110.36055 
    54.16574 -110.40178 
    53.41566 -110.49548 
    52.69353 -110.60091 
    52.00168 -110.61520 
    51.31708 -110.67575 
    50.64283 -110.77972 
    49.98148 -110.92425 
    49.33508 -111.10658 
    48.70525 -111.32420 
    48.09332 -111.57486 
    47.50035 -111.85664 
    46.92733 -112.16791 
    46.37519 -112.50732 
    45.84487 -112.87377 
    45.33741 -113.26627 
    44.85391 -113.68396 
    44.39561 -114.12598 
    43.96382 -114.59142 
    43.55990 -115.07929 
    43.18529 -115.58850 
    42.84139 -116.11775 
    42.52961 -116.66563 
    42.24503 -117.22761 
    41.99131 -117.80426 
    41.77362 -118.39574 
    41.59296 -118.99986 
    41.45017 -119.61437 
    41.34594 -120.23694 
    41.28082 -120.86517 
Cell 21 100 66.62766 -131.55215 
    56.38519 -131.55215 
    56.30241 -132.20177 
    56.25938 -132.86197 
    56.25482 -133.53088 
    56.32060 -134.19856 
    56.44971 -134.85916 
    56.60712 -135.51956 
    56.82929 -136.16292 
    57.11459 -136.78201 
    57.44084 -137.38229 
    57.80711 -137.96066 
    58.21206 -138.51414 
    58.65412 -139.03981 
    59.13136 -139.53491 
    59.64158 -139.99689 
    60.18240 -140.42329 
    60.75121 -140.81197 
    61.34520 -141.16090 
    61.96142 -141.46843 
    62.59678 -141.73302 
    63.24875 -141.95139 
    63.93437 -142.04182 
    64.64438 -141.94888 
    65.33202 -141.80829 
    65.99001 -141.68741 
    66.62766 -141.60750 
    67.25758 -141.56432 
    67.89157 -141.55702 
    68.54230 -141.58908 
    69.22572 -141.67090 
    69.87468 -141.54544 
    70.49598 -141.32240 
    71.09853 -141.05322 
    71.67088 -140.72574 
    72.03781 -140.07718 
    72.38933 -139.48239 
    72.80185 -139.01546 
    73.19395 -138.54456 
    73.57355 -138.07478 
    73.94489 -137.60548 
    74.31345 -137.13622 
    74.68227 -136.66376 
    75.05101 -136.18292 
    75.42973 -135.69409 
    75.83219 -135.19649 
    76.29729 -134.69400 
    76.49766 -134.08633 
    76.66485 -133.46684 
    76.79495 -132.83658 
    76.88688 -132.19762 
    76.93952 -131.55215 
    76.95181 -130.90262 
    76.92274 -130.25159 
    76.85143 -129.60187 
    76.73721 -128.95647 
    76.57961 -128.31857 
    76.37849 -127.69153 
    76.13409 -127.07877 
    75.84702 -126.48377 
    75.51832 -125.90997 
    75.14948 -125.36069 
    74.74242 -124.83904 
    74.29942 -124.34789 
    73.82312 -123.88977 
    73.31642 -123.46684 
    72.78242 -123.08085 
    72.26333 -122.67176 
    71.78310 -122.17445 
    71.27391 -121.67838 
    70.72800 -121.19588 
    70.13877 -120.74608 
    69.50310 -120.35307 
    68.82327 -120.04238 
    68.10771 -119.83636 
    67.37021 -119.74968 
    66.62766 -119.78629 
    65.89700 -119.93853 
    65.19215 -120.18889 
    64.52197 -120.51375 
    63.88959 -120.88807 
    63.29317 -121.28963 
    62.72773 -121.70204 
    62.14614 -122.02843 
    61.71439 -122.61494 
    61.29168 -123.14400 
    60.88860 -123.65302 
    60.51116 -124.15857 
    60.15583 -124.66035 
    59.81790 -125.15736 
    59.49232 -125.64928 
    59.17276 -126.13585 
    58.85175 -126.61742 
    58.52441 -127.09736 
    58.18879 -127.58112 
    57.84659 -128.07549 
    57.50048 -128.58656 
    57.16374 -129.12224 
    56.86942 -129.69067 
    56.66857 -130.29402 
    56.52318 -130.91643 
Cell 22 100 80.63847 -111.54180 
    68.50514 -111.54180 
    68.52467 -112.30394 
    68.61841 -113.06029 
    68.78372 -113.80322 
    69.01641 -114.52584 
    69.31102 -115.22231 
    69.66122 -115.88800 
    70.06019 -116.51956 
    70.50105 -117.11489 
    70.97720 -117.67303 
    71.48257 -118.19394 
    72.01192 -118.67830 
    72.56084 -119.12720 
    73.12587 -119.54190 
    73.70440 -119.92365 
    74.29456 -120.27344 
    74.89507 -120.59195 
    75.50506 -120.87943 
    76.12390 -121.13574 
    76.75103 -121.36034 
    77.38583 -121.55239 
    78.02751 -121.71080 
    78.67506 -121.83437 
    79.32716 -121.92188 
    79.98225 -121.97213 
    80.63847 -121.99054 
    81.29488 -121.97525 
    81.94917 -121.91704 
    82.59840 -121.81613 
    83.23970 -121.67295 
    83.87023 -121.48814 
    84.48717 -121.26254 
    85.08782 -120.99717 
    85.66953 -120.69327 
    86.22974 -120.35223 
    86.76603 -119.97567 
    87.27610 -119.56532 
    87.75779 -119.12312 
    88.20910 -118.65110 
    88.62822 -118.15150 
    89.01363 -117.62671 
    89.36414 -117.07928 
    89.67914 -116.51196 
    89.95897 -115.92770 
    90.20538 -115.32961 
    90.42218 -114.72073 
    90.61584 -114.10355 
    90.79579 -113.47942 
    90.97379 -112.84746 
    91.16210 -112.20390 
    91.37006 -111.54180 
    91.59955 -110.85219 
    91.84058 -110.12665 
    92.06871 -109.36137 
    92.24635 -108.56140 
    92.32858 -107.74345 
    92.27284 -106.93542 
    92.04979 -106.17204 
    91.65150 -105.48734 
    91.09425 -104.90636 
    90.41450 -104.43910 
    89.65980 -104.07870 
    89.15302 -103.54611 
    88.74117 -102.91329 
    88.28191 -102.30245 
    87.77492 -101.71931 
    87.22062 -101.16998 
    86.62034 -100.66080 
    85.97639 -100.19814 
    85.29207 -99.78815 
    84.57170 -99.43655 
    83.82054 -99.14843 
    83.04468 -98.92798 
    82.25086 -98.77836 
    81.44630 -98.70155 
    80.63847 -98.69823 
    79.83480 -98.76787 
    79.04253 -98.90862 
    78.26841 -99.11752 
    77.51856 -99.39059 
    76.79831 -99.72303 
    76.11207 -100.10942 
    75.46329 -100.54399 
    74.85448 -101.02077 
    74.28722 -101.53385 
    73.76231 -102.07759 
    73.27980 -102.64670 
    72.83919 -103.23642 
    72.43958 -103.84253 
    72.07979 -104.46145 
    71.75852 -105.09015 
    71.27499 -105.59956 
    70.77275 -106.11808 
    70.30267 -106.67815 
    69.87209 -107.27910 
    69.48855 -107.91898 
    69.15941 -108.59448 
    68.89143 -109.30093 
    68.69039 -110.03241 
    68.56070 -110.78194 
Cell 23 100 98.51978 -128.09102 
    86.95943 -128.09102 
    87.12930 -128.80765 
    87.34847 -129.50229 
    87.60967 -130.17223 
    87.90620 -130.81613 
    88.50781 -131.34410 
    89.11347 -131.81523 
    89.67453 -132.25328 
    90.18204 -132.67471 
    90.62923 -133.09851 
    91.04565 -133.52130 
    91.45343 -133.93681 
    91.85778 -134.34706 
    92.26073 -134.75623 
    92.66541 -135.16776 
    93.07617 -135.58350 
    93.49809 -136.00395 
    93.93761 -136.42595 
    94.39721 -136.85191 
    94.86394 -137.32463 
    95.30004 -138.00037 
    95.91528 -138.23492 
    96.55022 -138.41585 
    97.19788 -138.55496 
    97.85539 -138.65117 
    98.51978 -138.70363 
    99.18798 -138.71167 
    99.85685 -138.67497 
    100.52322 -138.59341 
    101.18394 -138.46725 
    101.83612 -138.29765 
    102.47694 -138.08563 
    103.10263 -137.83008 
    103.71000 -137.53200 
    104.29639 -137.19350 
    104.85899 -136.81619 
    105.39504 -136.40178 
    105.90198 -135.95226 
    106.37740 -135.46982 
    106.81907 -134.95679 
    107.22493 -134.41568 
    107.59314 -133.84915 
    107.92209 -133.25998 
    108.21037 -132.65106 
    108.45684 -132.02538 
    108.66056 -131.38596 
    108.82087 -130.73589 
    108.93736 -130.07828 
    109.00985 -129.41623 
    109.03844 -128.75279 
    109.02347 -128.09102 
    108.96557 -127.43382 
    108.86556 -126.78404 
    108.72456 -126.14436 
    108.54388 -125.51727 
    108.32510 -124.90508 
    108.06992 -124.30985 
    107.78030 -123.73335 
    107.45822 -123.17707 
    107.10584 -122.64214 
    106.72528 -122.12938 
    106.31863 -121.63925 
    105.88786 -121.17194 
    105.43475 -120.72733 
    104.96082 -120.30514 
    104.46728 -119.90499 
    103.95496 -119.52654 
    103.42435 -119.16963 
    102.87561 -118.83440 
    102.30861 -118.52154 
    101.72308 -118.23227 
    101.11878 -117.96857 
    100.49564 -117.73318 
    99.85400 -117.52956 
    99.19481 -117.36182 
    98.51978 -117.23456 
    97.83160 -117.15263 
    97.13393 -117.12084 
    96.43145 -117.14359 
    95.72977 -117.22461 
    95.03520 -117.36659 
    94.35458 -117.57094 
    93.69489 -117.83760 
    93.06292 -118.16502 
    92.46494 -118.55011 
    91.90637 -118.98845 
    91.39123 -119.47407 
    90.75447 -119.82180 
    90.13664 -120.21873 
    89.54665 -120.66780 
    88.99351 -121.16978 
    88.48643 -121.72366 
    88.03432 -122.32659 
    87.64514 -122.97380 
    87.32536 -123.65884 
    87.07951 -124.37386 
    86.90986 -125.11010 
    86.81632 -125.85847 
    86.79655 -126.61003 
    86.84621 -127.35658 
Cell 24 100 -104.49652 -110.87179 
    -114.76970 -110.87179 
    -114.75659 -111.51730 
    -114.70195 -112.16103 
    -114.60590 -112.80025 
    -114.46880 -113.43224 
    -114.29123 -114.05428 
    -114.07392 -114.66375 
    -113.81782 -115.25806 
    -113.52403 -115.83470 
    -113.19386 -116.39128 
    -112.82874 -116.92551 
    -112.43031 -117.43519 
    -112.00031 -117.91832 
    -111.54063 -118.37300 
    -111.05328 -118.79754 
    -110.54034 -119.19038 
    -110.00400 -119.55019 
    -109.44651 -119.87578 
    -108.87013 -120.16618 
    -108.27717 -120.42062 
    -107.66991 -120.63849 
    -107.05062 -120.81936 
    -106.42152 -120.96297 
    -105.78476 -121.06922 
    -105.14243 -121.13811 
    -104.49652 -121.16975 
    -103.84897 -121.16432 
    -103.20161 -121.12205 
    -102.55623 -121.04317 
    -101.91454 -120.92795 
    -101.27826 -120.77658 
    -100.64910 -120.58926 
    -100.02883 -120.36610 
    -99.41930 -120.10722 
    -98.82246 -119.81267 
    -98.26347 -119.45085 
    -97.89279 -118.85432 
    -97.50481 -118.31721 
    -97.09796 -117.81949 
    -96.69411 -117.32650 
    -96.30232 -116.82523 
    -95.90417 -116.32465 
    -95.48772 -115.82442 
    -95.04678 -115.31850 
    -94.57426 -114.80029 
    -94.06260 -114.26198 
    -93.60242 -113.66891 
    -93.42087 -112.98458 
    -93.29106 -112.28737 
    -92.90984 -111.60076 
    -92.50590 -110.87179 
    -92.25612 -110.10168 
    -92.21970 -109.32086 
    -92.41899 -108.56788 
    -92.83104 -107.87660 
    -93.39592 -107.26498 
    -94.03754 -106.73079 
    -94.49928 -106.16744 
    -94.28940 -105.26038 
    -94.06664 -104.25278 
    -95.72301 -104.49746 
    -96.19869 -104.00723 
    -96.69987 -103.55025 
    -97.22492 -103.12832 
    -97.77080 -102.74178 
    -98.33468 -102.39074 
    -98.91399 -102.07513 
    -99.50640 -101.79480 
    -100.10981 -101.54955 
    -100.72229 -101.33918 
    -101.34212 -101.16352 
    -101.96764 -101.02248 
    -102.59735 -100.91599 
    -103.22712 -100.82346 
    -103.85600 -100.69108 
    -104.49652 -100.56703 
    -105.15221 -100.44994 
    -105.82640 -100.34472 
    -106.52003 -100.26416 
    -107.22929 -100.22837 
    -107.94402 -100.26150 
    -108.64806 -100.38620 
    -109.32182 -100.61752 
    -109.94650 -100.95831 
    -110.50874 -101.39805 
    -111.00365 -101.91549 
    -111.43539 -102.48413 
    -111.81486 -103.07855 
    -112.15583 -103.67922 
    -112.47089 -104.27482 
    -112.76862 -104.86176 
    -113.08378 -105.42215 
    -113.42129 -105.96535 
    -113.72404 -106.52965 
    -113.99060 -107.11282 
    -114.21969 -107.71254 
    -114.41017 -108.32639 
    -114.56110 -108.95187 
    -114.67171 -109.58636 
    -114.74137 -110.22723 
