44 25 
Cell 0 100 -118.78943 -150.86957 
    -128.78958 -150.86957 
    -128.76985 -151.49748 
    -128.71072 -152.12292 
    -128.61243 -152.74341 
    -128.47539 -153.35649 
    -128.30011 -153.95978 
    -128.08730 -154.55086 
    -127.83779 -155.12740 
    -127.55257 -155.68715 
    -127.23277 -156.22787 
    -126.87965 -156.74747 
    -126.49461 -157.24385 
    -126.07915 -157.71507 
    -125.63493 -158.15929 
    -125.16368 -158.57472 
    -124.66729 -158.95975 
    -124.14776 -159.31294 
    -123.61003 -159.63821 
    -123.05543 -159.93527 
    -122.48381 -160.20050 
    -121.89609 -160.43088 
    -121.29394 -160.62398 
    -120.67973 -160.77887 
    -120.05590 -160.89470 
    -119.42495 -160.97081 
    -118.78943 -161.00671 
    -118.15195 -161.00206 
    -117.51513 -160.95670 
    -116.88162 -160.87067 
    -116.25407 -160.74411 
    -115.63515 -160.57745 
    -115.02745 -160.37123 
    -114.43359 -160.12617 
    -113.85612 -159.84323 
    -113.29750 -159.52347 
    -112.76017 -159.16814 
    -112.24644 -158.77867 
    -111.75855 -158.35669 
    -111.29864 -157.90388 
    -110.86867 -157.42220 
    -110.47053 -156.91360 
    -110.10593 -156.38028 
    -109.77647 -155.82448 
    -109.48354 -155.24858 
    -109.22848 -154.65501 
    -109.00577 -154.04848 
    -108.80089 -153.43419 
    -108.66291 -152.80130 
    -108.92993 -152.11511 
    -109.24348 -151.47015 
    -109.46456 -150.86957 
    -109.66473 -150.29549 
    -109.85535 -149.74094 
    -110.04453 -149.20139 
    -110.22151 -148.66971 
    -110.37169 -148.13449 
    -110.52079 -147.59578 
    -110.69028 -147.05840 
    -110.90186 -146.53333 
    -111.13076 -146.00923 
    -111.38058 -145.48672 
    -111.62344 -144.94135 
    -111.86615 -144.36818 
    -112.05338 -143.69641 
    -111.67229 -142.26643 
    -111.66591 -141.06488 
    -112.61094 -141.13382 
    -113.49521 -141.23943 
    -114.27941 -141.28528 
    -114.99901 -141.29607 
    -115.67741 -141.29173 
    -116.32516 -141.27184 
    -116.94463 -141.19884 
    -117.55728 -141.11610 
    -118.16998 -141.02374 
    -118.78943 -140.89397 
    -119.42973 -140.69238 
    -120.10187 -140.48056 
    -120.81860 -140.23227 
    -121.59632 -139.93744 
    -122.29488 -140.08093 
    -122.89993 -140.48761 
    -123.49475 -140.87024 
    -124.01761 -141.35956 
    -124.52068 -141.83856 
    -125.01790 -142.29681 
    -125.58305 -142.65749 
    -126.37666 -142.78999 
    -126.37561 -143.74567 
    -126.69707 -144.32780 
    -127.03969 -144.87541 
    -127.35135 -145.43600 
    -127.63181 -146.00842 
    -127.88073 -146.59152 
    -128.09766 -147.18417 
    -128.30017 -147.77934 
    -128.47543 -148.38263 
    -128.61247 -148.99573 
    -128.71074 -149.61621 
    -128.76985 -150.24165 
Cell 1 100 -100.70098 -146.31767 
    -110.99604 -146.31767 
    -110.73439 -146.94891 
    -110.53219 -147.55965 
    -110.36424 -148.16104 
    -110.19317 -148.75485 
    -109.99663 -149.33800 
    -109.79447 -149.91805 
    -109.59278 -150.50183 
    -109.38315 -151.09074 
    -109.14363 -151.67554 
    -108.87495 -152.25641 
    -108.48634 -152.75829 
    -108.04005 -153.20952 
    -107.57410 -153.63680 
    -107.09336 -154.04474 
    -106.59828 -154.43460 
    -106.07938 -154.79268 
    -105.53872 -155.11748 
    -104.97840 -155.40765 
    -104.40067 -155.66202 
    -103.80781 -155.87950 
    -103.20218 -156.05919 
    -102.58620 -156.20032 
    -101.96233 -156.30229 
    -101.33308 -156.36465 
    -100.70098 -156.38715 
    -100.06857 -156.36961 
    -99.43839 -156.31212 
    -98.81299 -156.21487 
    -98.19489 -156.07823 
    -97.58660 -155.90276 
    -96.99056 -155.68912 
    -96.40920 -155.43817 
    -95.84485 -155.15094 
    -95.29980 -154.82857 
    -94.77626 -154.47235 
    -94.27633 -154.08374 
    -93.80202 -153.66432 
    -93.35526 -153.21577 
    -92.93781 -152.73993 
    -92.55135 -152.23872 
    -92.19563 -151.71533 
    -91.86086 -151.17758 
    -91.55515 -150.62138 
    -91.29014 -150.04369 
    -91.30888 -149.36934 
    -91.30452 -148.73027 
    -91.29238 -148.11246 
    -91.27721 -147.50816 
    -91.26252 -146.91150 
    -91.25133 -146.31767 
    -91.24081 -145.72249 
    -91.23690 -145.12209 
    -91.24240 -144.51335 
    -91.25677 -143.89281 
    -91.27528 -143.25507 
    -91.29987 -142.59550 
    -91.32275 -141.90462 
    -91.32444 -141.16287 
    -91.28935 -140.34486 
    -91.69157 -139.77196 
    -92.14683 -139.24106 
    -92.64893 -138.75629 
    -93.19063 -138.31996 
    -93.76425 -137.93260 
    -94.36227 -137.59319 
    -94.97784 -137.29945 
    -95.60514 -137.04837 
    -96.23956 -136.83667 
    -96.87772 -136.66121 
    -97.51733 -136.51939 
    -98.11404 -136.24222 
    -98.72581 -135.96344 
    -99.36401 -135.73441 
    -100.02547 -135.58064 
    -100.70098 -135.52304 
    -101.37712 -135.57077 
    -102.04004 -135.71793 
    -102.67955 -135.94566 
    -103.29139 -136.22870 
    -103.87694 -136.54309 
    -104.48097 -136.77051 
    -105.10534 -136.95795 
    -105.70644 -137.21278 
    -106.28075 -137.52536 
    -106.87965 -137.81346 
    -107.48273 -138.11995 
    -108.08228 -138.45740 
    -108.67194 -138.83244 
    -109.24516 -139.24931 
    -109.79500 -139.71048 
    -110.31377 -140.21721 
    -110.79930 -140.76607 
    -111.36989 -141.29727 
    -111.67075 -141.97444 
    -111.79160 -142.71411 
    -111.98016 -143.42168 
    -111.91924 -144.17767 
    -111.62500 -144.93765 
    -111.30218 -145.65071 
Cell 2 100 -80.81252 -147.77821 
    -91.28399 -147.77821 
    -91.29877 -148.43796 
    -91.30708 -149.10399 
    -91.29752 -149.77832 
    -91.14850 -150.43204 
    -90.84197 -151.03699 
    -90.51749 -151.62068 
    -90.17532 -152.18402 
    -89.81508 -152.72742 
    -89.43602 -153.25085 
    -89.03723 -153.75381 
    -88.61784 -154.23534 
    -88.18498 -154.70142 
    -87.76275 -155.17946 
    -87.31047 -155.63289 
    -86.82814 -156.05801 
    -86.31747 -156.45264 
    -85.78039 -156.81474 
    -85.21896 -157.14238 
    -84.63541 -157.43373 
    -84.03214 -157.68721 
    -83.41168 -157.90131 
    -82.77668 -158.07472 
    -82.12990 -158.20636 
    -81.47420 -158.29530 
    -80.81252 -158.34087 
    -80.14787 -158.34254 
    -79.48329 -158.30009 
    -78.82188 -158.21349 
    -78.16671 -158.08295 
    -77.52087 -157.90887 
    -76.88738 -157.69197 
    -76.26925 -157.43315 
    -75.66940 -157.13351 
    -75.09066 -156.79442 
    -74.53575 -156.41743 
    -74.00728 -156.00433 
    -73.50771 -155.55705 
    -73.03932 -155.07773 
    -72.60426 -154.56868 
    -72.20446 -154.03233 
    -71.84169 -153.47127 
    -71.51746 -152.88821 
    -71.23313 -152.28593 
    -70.98325 -151.66989 
    -70.72545 -151.05569 
    -70.50280 -150.42529 
    -70.31735 -149.78027 
    -70.17131 -149.12251 
    -70.06741 -148.45424 
    -70.00866 -147.77821 
    -69.99791 -147.09781 
    -70.03769 -146.41704 
    -70.12997 -145.74040 
    -70.27590 -145.07288 
    -70.47569 -144.41957 
    -70.72843 -143.78564 
    -71.03210 -143.17590 
    -71.38363 -142.59464 
    -71.77908 -142.04543 
    -72.21389 -141.53094 
    -72.68637 -141.05568 
    -73.19253 -140.62257 
    -73.71897 -140.22435 
    -74.26153 -139.85944 
    -74.81804 -139.52753 
    -75.38757 -139.22987 
    -75.96802 -138.96609 
    -76.52936 -138.67604 
    -77.09804 -138.39651 
    -77.68190 -138.14317 
    -78.28006 -137.91496 
    -78.89205 -137.71078 
    -79.51783 -137.52969 
    -80.15776 -137.37112 
    -80.81252 -137.23509 
    -81.48419 -137.10220 
    -82.17974 -136.95554 
    -82.88811 -136.89755 
    -83.59324 -136.94801 
    -84.34166 -136.91664 
    -85.10486 -136.93698 
    -85.85915 -137.05356 
    -86.58852 -137.27171 
    -87.34033 -137.49202 
    -88.07731 -137.77908 
    -88.78911 -138.13617 
    -89.46476 -138.56451 
    -90.09325 -139.06302 
    -90.66426 -139.62814 
    -91.16875 -140.25397 
    -91.32211 -141.10861 
    -91.31953 -142.00194 
    -91.29047 -142.84767 
    -91.26410 -143.64014 
    -91.24529 -144.38841 
    -91.23708 -145.10164 
    -91.24198 -145.78868 
    -91.25400 -146.45915 
    -91.26766 -147.12044 
Cell 3 100 -59.82652 -155.01140 
    -69.97414 -155.01140 
    -69.92943 -155.64702 
    -69.84760 -156.27736 
    -69.72933 -156.90047 
    -69.57520 -157.51443 
    -69.38573 -158.11737 
    -69.16144 -158.70735 
    -68.90289 -159.28241 
    -68.61070 -159.84055 
    -68.28566 -160.37973 
    -67.92862 -160.89792 
    -67.54305 -161.39507 
    -67.12699 -161.86700 
    -66.68208 -162.31183 
    -66.21008 -162.72781 
    -65.71288 -163.11328 
    -65.19242 -163.46671 
    -64.65079 -163.78671 
    -64.09012 -164.07201 
    -63.51264 -164.32149 
    -62.92065 -164.53415 
    -62.31648 -164.70918 
    -61.70254 -164.84587 
    -61.08126 -164.94371 
    -60.45509 -165.00229 
    -59.82652 -165.02142 
    -59.19802 -165.00101 
    -58.57210 -164.94115 
    -57.95121 -164.84210 
    -57.33745 -164.70569 
    -56.73316 -164.53177 
    -56.14051 -164.32118 
    -55.56149 -164.07504 
    -54.99790 -163.79462 
    -54.45130 -163.48138 
    -53.92302 -163.13687 
    -53.41409 -162.76270 
    -52.92529 -162.36046 
    -52.45716 -161.93167 
    -52.01011 -161.47769 
    -51.58445 -160.99962 
    -51.18060 -160.49826 
    -50.79928 -159.97417 
    -50.44160 -159.42760 
    -50.10934 -158.85870 
    -49.80500 -158.26759 
    -49.53191 -157.65460 
    -49.29417 -157.02055 
    -49.09654 -156.36691 
    -48.94414 -155.69606 
    -48.84219 -155.01140 
    -48.84982 -154.32080 
    -49.37508 -153.69107 
    -49.84895 -153.10808 
    -50.24350 -152.55089 
    -50.60464 -152.01503 
    -50.95708 -151.49974 
    -51.31316 -151.00531 
    -51.67115 -150.52795 
    -52.04164 -150.07097 
    -52.42467 -149.63365 
    -52.81233 -149.20876 
    -53.21215 -148.80009 
    -53.61642 -148.39832 
    -54.02543 -147.99908 
    -54.44064 -147.59837 
    -54.85717 -147.18095 
    -55.27082 -146.72461 
    -55.67892 -146.19730 
    -56.08643 -145.56502 
    -56.69928 -145.38675 
    -57.31776 -145.24042 
    -57.94094 -145.12689 
    -58.56774 -145.04713 
    -59.19638 -144.99565 
    -59.82652 -144.96330 
    -60.45840 -144.96793 
    -61.09005 -145.00951 
    -61.71951 -145.08800 
    -62.34476 -145.20346 
    -62.96399 -145.35526 
    -63.58076 -145.52927 
    -64.17894 -145.76202 
    -64.75939 -146.03854 
    -65.32855 -146.34157 
    -65.87794 -146.68233 
    -66.40421 -147.06032 
    -66.90395 -147.47469 
    -67.37379 -147.92403 
    -67.81055 -148.40643 
    -68.21134 -148.91946 
    -68.57378 -149.46022 
    -68.89597 -150.02542 
    -69.17664 -150.61157 
    -69.41505 -151.21503 
    -69.61106 -151.83221 
    -69.76494 -152.45964 
    -69.87730 -153.09410 
    -69.94900 -153.73264 
    -69.98096 -154.37253 
Cell 4 100 -44.04411 -145.27884 
    -56.08517 -145.27884 
    -55.79441 -146.01811 
    -55.29021 -146.69955 
    -54.72255 -147.31586 
    -54.15431 -147.87469 
    -53.62353 -148.39137 
    -53.13554 -148.87839 
    -52.68716 -149.34595 
    -52.27543 -149.80405 
    -51.89001 -150.25800 
    -51.52928 -150.71713 
    -51.18362 -151.18517 
    -50.84430 -151.66464 
    -50.50652 -152.16061 
    -50.15890 -152.67036 
    -49.78740 -153.18381 
    -49.37934 -153.68582 
    -48.94936 -154.20146 
    -48.44446 -154.63007 
    -47.86667 -154.93353 
    -47.26760 -155.19972 
    -46.64970 -155.42697 
    -46.01560 -155.61375 
    -45.36803 -155.75876 
    -44.70987 -155.86089 
    -44.04411 -155.91919 
    -43.37380 -155.93306 
    -42.70209 -155.90201 
    -42.03216 -155.82585 
    -41.36722 -155.70462 
    -40.71049 -155.53865 
    -40.06518 -155.32846 
    -39.43444 -155.07487 
    -38.82138 -154.77893 
    -38.22902 -154.44196 
    -37.66024 -154.06548 
    -37.11785 -153.65125 
    -36.60446 -153.20126 
    -36.12255 -152.71767 
    -35.67438 -152.20288 
    -35.26204 -151.65938 
    -34.88737 -151.08987 
    -34.55201 -150.49716 
    -34.25733 -149.88414 
    -34.00450 -149.25380 
    -33.79441 -148.60916 
    -33.62771 -147.95331 
    -33.50482 -147.28932 
    -33.42590 -146.62022 
    -33.39090 -145.94908 
    -33.39957 -145.27884 
    -33.45142 -144.61240 
    -33.54581 -143.95259 
    -33.68191 -143.30214 
    -33.85874 -142.66368 
    -34.07520 -142.03975 
    -34.33005 -141.43277 
    -34.62193 -140.84509 
    -34.94937 -140.27896 
    -35.31083 -139.73653 
    -35.70462 -139.21985 
    -36.18524 -138.77742 
    -36.71183 -138.39339 
    -37.24265 -138.03603 
    -37.75638 -137.67828 
    -38.26422 -137.32350 
    -38.77245 -136.97203 
    -39.28576 -136.62344 
    -39.80790 -136.27643 
    -40.34179 -135.92784 
    -40.89134 -135.57562 
    -41.46013 -135.21489 
    -42.05161 -134.83382 
    -42.68016 -134.48207 
    -43.35036 -134.25217 
    -44.04411 -134.07233 
    -44.75663 -133.95352 
    -45.47809 -133.92769 
    -46.20407 -133.95587 
    -46.93297 -134.02747 
    -47.67753 -134.09630 
    -48.42418 -134.21603 
    -49.16840 -134.38916 
    -49.90508 -134.61777 
    -50.62860 -134.90334 
    -51.33289 -135.24669 
    -52.01162 -135.64777 
    -52.65833 -136.10562 
    -53.26665 -136.61830 
    -53.83044 -137.18288 
    -54.34405 -137.79549 
    -54.80247 -138.45137 
    -55.20149 -139.14502 
    -55.53785 -139.87030 
    -55.80929 -140.62068 
    -56.01464 -141.38937 
    -56.15378 -142.16960 
    -56.22763 -142.95471 
    -56.23802 -143.73839 
    -56.18752 -144.51485 
Cell 5 100 -11.39836 -150.10059 
    -21.77652 -150.10059 
    -21.78798 -150.75424 
    -21.75658 -151.40913 
    -21.68212 -152.06232 
    -21.56463 -152.71085 
    -21.40432 -153.35172 
    -21.20167 -153.98199 
    -20.95734 -154.59869 
    -20.67225 -155.19894 
    -20.34751 -155.77989 
    -19.98448 -156.33878 
    -19.58469 -156.87291 
    -19.14990 -157.37976 
    -18.68204 -157.85692 
    -18.18325 -158.30211 
    -17.65580 -158.71321 
    -17.10216 -159.08833 
    -16.52489 -159.42572 
    -15.92670 -159.72382 
    -15.31042 -159.98132 
    -14.67891 -160.19710 
    -14.03517 -160.37030 
    -13.38220 -160.50023 
    -12.72304 -160.58649 
    -12.06074 -160.62885 
    -11.39836 -160.62735 
    -10.73891 -160.58224 
    -10.08536 -160.49402 
    -9.44063 -160.36336 
    -8.80754 -160.19116 
    -8.18882 -159.97853 
    -7.58711 -159.72668 
    -7.00490 -159.43716 
    -6.44456 -159.11151 
    -5.90831 -158.75151 
    -5.39821 -158.35909 
    -4.91616 -157.93622 
    -4.46392 -157.48502 
    -4.01973 -157.02957 
    -3.57922 -156.56914 
    -3.16551 -156.08211 
    -2.78025 -155.56981 
    -2.43007 -155.03094 
    -2.12648 -154.46361 
    -1.88640 -153.86664 
    -1.75806 -153.23291 
    -1.63576 -152.60719 
    -1.52432 -151.98416 
    -1.42658 -151.36032 
    -1.34446 -150.73312 
    -1.27840 -150.10059 
    -1.22859 -149.46075 
    -1.14480 -148.80525 
    -0.94801 -148.10707 
    -0.73208 -147.36195 
    -0.48854 -146.55577 
    -0.19026 -145.66299 
    0.09784 -144.69089 
    -0.26933 -143.98235 
    -0.77353 -143.35786 
    -1.38994 -142.82904 
    -2.08704 -142.39760 
    -2.83084 -142.05515 
    -3.59030 -141.78584 
    -4.34135 -141.57013 
    -5.06885 -141.38878 
    -5.76641 -141.22606 
    -6.42969 -141.06261 
    -7.02075 -140.79770 
    -7.62488 -140.56987 
    -8.23973 -140.37933 
    -8.86306 -140.22626 
    -9.47839 -140.03577 
    -10.10136 -139.83382 
    -10.74212 -139.66992 
    -11.39836 -139.57526 
    -12.06138 -139.56212 
    -12.72579 -139.59285 
    -13.39498 -139.63394 
    -14.07120 -139.69057 
    -14.75561 -139.76802 
    -15.45108 -139.86458 
    -16.13651 -140.03149 
    -16.76344 -140.34154 
    -17.29940 -140.80203 
    -17.78472 -141.31052 
    -18.22389 -141.84993 
    -18.62387 -142.40620 
    -18.99209 -142.96960 
    -19.33476 -143.53502 
    -19.65585 -144.10117 
    -19.95675 -144.66927 
    -20.23663 -145.24170 
    -20.55527 -145.79167 
    -20.84451 -146.36060 
    -21.09770 -146.94908 
    -21.31334 -147.55486 
    -21.49013 -148.17548 
    -21.62689 -148.80843 
    -21.72262 -149.45103 
Cell 6 100 7.93934 -152.60324 
    -1.63505 -152.60324 
    -1.75419 -153.21310 
    -1.88181 -153.84393 
    -2.16211 -154.53018 
    -2.57874 -155.30382 
    -2.74613 -156.07515 
    -2.56306 -156.76143 
    -2.29780 -157.42047 
    -1.98671 -158.06013 
    -1.63130 -158.67696 
    -1.23334 -159.26758 
    -0.79494 -159.82886 
    -0.31847 -160.35783 
    0.19347 -160.85176 
    0.73808 -161.30807 
    1.31232 -161.72456 
    1.91304 -162.09917 
    2.53691 -162.43022 
    3.18049 -162.71631 
    3.84028 -162.95628 
    4.51269 -163.14940 
    5.19414 -163.29507 
    5.88104 -163.39322 
    6.56985 -163.44389 
    7.25708 -163.44745 
    7.93934 -163.40460 
    8.61335 -163.31636 
    9.27598 -163.18379 
    9.92424 -163.00844 
    10.55532 -162.79182 
    11.16661 -162.53577 
    11.75573 -162.24236 
    12.32338 -161.91982 
    12.92014 -161.66328 
    13.50401 -161.37177 
    14.07299 -161.04549 
    14.62496 -160.68477 
    15.15772 -160.29004 
    15.66888 -159.86176 
    16.15593 -159.40059 
    16.61619 -158.90733 
    17.04686 -158.38304 
    17.44503 -157.82904 
    17.80775 -157.24696 
    18.13207 -156.63882 
    18.41511 -156.00702 
    18.65416 -155.35434 
    18.84673 -154.68393 
    18.99064 -153.99934 
    19.08413 -153.30441 
    19.12588 -152.60324 
    19.11508 -151.90012 
    19.05146 -151.19945 
    18.93470 -150.50577 
    18.75593 -149.82602 
    18.52485 -149.16380 
    18.26731 -148.51410 
    17.97153 -147.88245 
    17.61649 -147.28319 
    17.22111 -146.71284 
    16.78877 -146.17375 
    16.32281 -145.66783 
    15.82659 -145.19662 
    15.30343 -144.76128 
    14.75657 -144.36263 
    14.18911 -144.00116 
    13.60398 -143.67719 
    13.00392 -143.39081 
    12.39146 -143.14200 
    11.76900 -142.93063 
    11.13871 -142.75658 
    10.50269 -142.61966 
    9.86288 -142.51968 
    9.25084 -142.22168 
    8.61468 -141.86897 
    7.93934 -141.47624 
    7.21422 -141.07785 
    6.44004 -140.73505 
    5.63488 -140.52281 
    4.83304 -140.50502 
    4.07829 -140.72017 
    3.40732 -141.15668 
    2.83818 -141.76273 
    2.36505 -142.46365 
    1.92023 -143.11865 
    1.36103 -143.54898 
    0.84999 -144.03369 
    0.38945 -144.56343 
    -0.02074 -145.12823 
    -0.24650 -145.83133 
    -0.46818 -146.49483 
    -0.66573 -147.14230 
    -0.85060 -147.77094 
    -1.02617 -148.38438 
    -1.16930 -148.99689 
    -1.24101 -149.62036 
    -1.29222 -150.23297 
    -1.35712 -150.82985 
    -1.43575 -151.41888 
    -1.52851 -152.00757 
Cell 7 100 27.67881 -144.34288 
    17.48685 -144.34288 
    17.46079 -144.98575 
    17.48219 -145.63101 
    17.55622 -146.27386 
    17.68705 -146.90833 
    17.87422 -147.52858 
    18.10419 -148.13374 
    18.35333 -148.73111 
    18.58678 -149.34126 
    18.80466 -149.97458 
    19.07708 -150.59241 
    19.46119 -151.14108 
    19.88224 -151.66435 
    20.33850 -152.15952 
    20.82804 -152.62404 
    21.34873 -153.05550 
    21.89819 -153.45169 
    22.47393 -153.81052 
    23.07329 -154.13011 
    23.69341 -154.40884 
    24.33137 -154.64525 
    24.98409 -154.83812 
    25.64844 -154.98650 
    26.32118 -155.08968 
    26.99907 -155.14717 
    27.67881 -155.15880 
    28.35714 -155.12459 
    29.03079 -155.04485 
    29.69653 -154.92014 
    30.35123 -154.75125 
    30.99180 -154.53922 
    31.61530 -154.28531 
    32.21888 -153.99100 
    32.79984 -153.65799 
    33.35566 -153.28816 
    33.88396 -152.88353 
    34.38257 -152.44633 
    34.84949 -151.97888 
    35.28298 -151.48367 
    35.68149 -150.96327 
    36.03531 -150.41422 
    36.30856 -149.81949 
    36.57217 -149.23206 
    36.84538 -148.65634 
    37.12839 -148.08424 
    37.42401 -147.50928 
    37.73806 -146.92564 
    38.08214 -146.32741 
    38.38964 -145.69597 
    38.52524 -145.02528 
    38.61749 -144.34288 
    38.66592 -143.65163 
    38.66875 -142.95453 
    38.62439 -142.25490 
    38.53150 -141.55638 
    38.38908 -140.86290 
    38.19655 -140.17862 
    37.95381 -139.50784 
    37.66125 -138.85498 
    37.31985 -138.22449 
    36.93113 -137.62068 
    36.49719 -137.04768 
    36.02065 -136.50938 
    35.50461 -136.00926 
    34.95429 -135.54834 
    34.44413 -135.03122 
    33.87847 -134.57379 
    33.26075 -134.18939 
    32.59964 -133.88560 
    31.90593 -133.66640 
    31.19158 -133.53171 
    30.46856 -133.47752 
    29.74786 -133.49658 
    29.04566 -133.52318 
    28.35923 -133.52795 
    27.67881 -133.35080 
    26.97843 -133.21056 
    26.26041 -133.11510 
    25.52897 -133.07301 
    24.79029 -133.09280 
    24.05243 -133.18202 
    23.32499 -133.34636 
    22.61839 -133.58894 
    21.94317 -133.90979 
    21.30903 -134.30571 
    20.72406 -134.77048 
    20.19409 -135.29539 
    19.72231 -135.87007 
    19.30928 -136.48337 
    18.95308 -137.12433 
    18.64996 -137.78304 
    18.39490 -138.45113 
    18.18243 -139.12221 
    18.00726 -139.79179 
    17.86484 -140.45726 
    17.75170 -141.11737 
    17.66562 -141.77193 
    17.60561 -142.42131 
    17.57170 -143.06606 
    17.55665 -143.70605 
Cell 8 100 45.84997 -152.52815 
    35.81327 -152.52815 
    35.83584 -153.15819 
    35.88967 -153.78644 
    35.98117 -154.41072 
    36.11173 -155.02850 
    36.28114 -155.63725 
    36.48881 -156.23450 
    36.73399 -156.81781 
    37.01576 -157.38480 
    37.33305 -157.93315 
    37.68464 -158.46060 
    38.06916 -158.96500 
    38.48508 -159.44423 
    38.93078 -159.89633 
    39.40447 -160.31941 
    39.90425 -160.71173 
    40.42811 -161.07162 
    40.97394 -161.39761 
    41.53951 -161.68834 
    42.12253 -161.94258 
    42.72062 -162.15929 
    43.33134 -162.33754 
    43.95220 -162.47661 
    44.58064 -162.57593 
    45.21409 -162.63512 
    45.84997 -162.65388 
    46.48566 -162.63220 
    47.11857 -162.57019 
    47.74611 -162.46809 
    48.36573 -162.32639 
    48.97489 -162.14568 
    49.57113 -161.92673 
    50.15203 -161.67050 
    50.71525 -161.37807 
    51.25852 -161.05066 
    51.77967 -160.68970 
    52.27663 -160.29666 
    52.74743 -159.87320 
    53.19020 -159.42110 
    53.60325 -158.94223 
    53.98493 -158.43855 
    54.33380 -157.91216 
    54.64853 -157.36520 
    54.92793 -156.79991 
    55.17097 -156.21860 
    55.37678 -155.62360 
    55.54472 -155.01735 
    55.67487 -154.40236 
    55.75594 -153.77957 
    55.74674 -153.15080 
    55.69777 -152.52815 
    55.63833 -151.91232 
    55.57100 -151.30009 
    55.49878 -150.68755 
    55.43133 -150.06807 
    55.36721 -149.43582 
    55.15565 -148.84377 
    54.90675 -148.26636 
    54.62202 -147.70567 
    54.30502 -147.16241 
    53.95857 -146.63690 
    53.58359 -146.13034 
    53.18243 -145.64250 
    52.75723 -145.17267 
    52.30946 -144.71997 
    51.83966 -144.28404 
    51.34724 -143.86583 
    50.83061 -143.46838 
    50.28772 -143.09744 
    49.81755 -142.50717 
    49.32365 -141.83727 
    48.62128 -141.73457 
    47.84637 -142.06262 
    47.18497 -141.96053 
    46.51682 -141.92888 
    45.84997 -141.78520 
    45.17229 -141.75684 
    44.51899 -141.99234 
    43.91012 -142.35910 
    43.30181 -142.60373 
    42.70439 -142.84706 
    42.12267 -143.11406 
    41.55647 -143.40401 
    41.00632 -143.71759 
    40.47348 -144.05617 
    39.95982 -144.42107 
    39.46756 -144.81314 
    38.99749 -145.23100 
    38.55345 -145.67627 
    38.16037 -146.16676 
    37.85616 -146.72031 
    37.55574 -147.26448 
    37.26902 -147.81073 
    36.99202 -148.35992 
    36.72287 -148.91449 
    36.46190 -149.47778 
    36.20218 -150.05101 
    35.96424 -150.64235 
    35.84195 -151.26384 
    35.81184 -151.89661 
Cell 9 100 66.26205 -152.86845 
    55.72454 -152.86845 
    55.75229 -153.52968 
    55.74169 -154.19748 
    55.70271 -154.88275 
    55.69052 -155.58276 
    55.85593 -156.24960 
    56.06189 -156.90698 
    56.30940 -157.55182 
    56.59890 -158.18082 
    56.93026 -158.79059 
    57.30276 -159.37776 
    57.71511 -159.93909 
    58.16561 -160.47151 
    58.65213 -160.97220 
    59.17230 -161.43848 
    59.72360 -161.86786 
    60.30311 -162.25824 
    60.90790 -162.60762 
    61.53479 -162.91438 
    62.18055 -163.17712 
    62.84181 -163.39485 
    63.51517 -163.56680 
    64.19724 -163.69258 
    64.88458 -163.77222 
    65.57391 -163.80597 
    66.26205 -163.79453 
    66.94595 -163.73889 
    67.62287 -163.64049 
    68.29028 -163.50081 
    68.94600 -163.32175 
    69.58823 -163.10541 
    70.21553 -162.85382 
    70.82686 -162.56918 
    71.42143 -162.25334 
    71.99886 -161.90823 
    72.55885 -161.53526 
    73.10114 -161.13550 
    73.62540 -160.70963 
    74.13091 -160.25781 
    74.61659 -159.77994 
    75.08064 -159.27553 
    75.52052 -158.74406 
    75.93289 -158.18504 
    76.27930 -157.58221 
    76.41168 -156.88698 
    76.55428 -156.21260 
    76.73881 -155.55843 
    76.89817 -154.89740 
    77.00083 -154.22508 
    77.05544 -153.54752 
    77.06438 -152.86845 
    77.02469 -152.19133 
    76.94679 -151.51866 
    76.83917 -150.85075 
    76.70496 -150.18716 
    76.55736 -149.52330 
    76.41873 -148.84714 
    76.20280 -148.19070 
    75.89287 -147.57387 
    75.55870 -146.96861 
    75.19933 -146.37512 
    74.81354 -145.79404 
    74.40087 -145.22559 
    73.96130 -144.66959 
    73.49555 -144.12465 
    73.00433 -143.58852 
    72.48793 -143.05803 
    71.88599 -142.63853 
    71.22895 -142.31325 
    70.54729 -142.04517 
    69.84681 -141.83568 
    69.13171 -141.69185 
    68.40931 -141.61209 
    67.68745 -141.58524 
    66.97055 -141.60699 
    66.26205 -141.67444 
    65.56477 -141.78554 
    64.88104 -141.93669 
    64.21591 -142.14224 
    63.57104 -142.38768 
    62.94777 -142.66817 
    62.34724 -142.98077 
    61.77026 -143.32294 
    61.21748 -143.69243 
    60.68944 -144.08743 
    60.18665 -144.50639 
    59.70969 -144.94801 
    59.25922 -145.41119 
    58.72674 -145.79233 
    58.18076 -146.18304 
    57.63078 -146.59747 
    57.08677 -147.04565 
    56.56707 -147.53860 
    56.09667 -148.08499 
    55.70291 -148.68779 
    55.40945 -149.34224 
    55.43352 -150.08817 
    55.51419 -150.81819 
    55.59528 -151.52094 
    55.66627 -152.20181 
Cell 10 100 84.63758 -142.18660 
    72.06606 -142.18660 
    72.36701 -142.95860 
    73.05993 -143.64920 
    73.63327 -144.28578 
    74.13100 -144.88423 
    74.56953 -145.45792 
    74.96188 -146.01747 
    75.31845 -146.57184 
    75.64728 -147.12904 
    75.95470 -147.69693 
    76.23575 -148.29088 
    76.69130 -148.76033 
    77.17048 -149.19867 
    77.65925 -149.61777 
    78.16078 -150.01570 
    78.67746 -150.39000 
    79.21073 -150.73795 
    79.76111 -151.05687 
    80.32832 -151.34425 
    80.91138 -151.59792 
    81.50880 -151.81599 
    82.11871 -151.99695 
    82.73895 -152.13960 
    83.36716 -152.24303 
    84.00089 -152.30656 
    84.63758 -152.32979 
    85.27471 -152.31348 
    85.91011 -152.25969 
    86.54137 -152.16658 
    87.16614 -152.03467 
    87.78215 -151.86459 
    88.38725 -151.65720 
    88.97938 -151.41339 
    89.55659 -151.13426 
    90.11711 -150.82095 
    90.65925 -150.47472 
    91.18148 -150.09682 
    91.68238 -149.68855 
    92.16067 -149.25125 
    92.61510 -148.78618 
    93.04456 -148.29463 
    93.44790 -147.77780 
    93.82401 -147.23688 
    94.17175 -146.67303 
    94.48985 -146.08739 
    94.77701 -145.48109 
    95.03174 -144.85536 
    95.25243 -144.21149 
    95.43731 -143.55092 
    95.58448 -142.87532 
    95.69190 -142.18660 
    95.75748 -141.48700 
    95.77911 -140.77910 
    95.75472 -140.06589 
    95.68241 -139.35077 
    95.56052 -138.63753 
    95.31154 -137.96048 
    94.86184 -137.37543 
    94.31727 -136.86514 
    93.79269 -136.37659 
    93.30145 -135.89192 
    92.82598 -135.41255 
    92.35747 -134.93715 
    91.89027 -134.46327 
    91.42081 -133.98708 
    90.94686 -133.50262 
    90.45887 -133.01372 
    89.92458 -132.56960 
    89.36847 -132.13295 
    88.79257 -131.69228 
    88.20264 -131.21445 
    87.49084 -131.07388 
    86.77080 -131.00388 
    86.05268 -130.98494 
    85.34044 -131.01503 
    84.63758 -131.09181 
    83.94717 -131.21277 
    83.27179 -131.37527 
    82.61364 -131.57672 
    81.97449 -131.81456 
    81.35583 -132.08640 
    80.75883 -132.39000 
    80.18449 -132.72331 
    79.63367 -133.08452 
    79.10711 -133.47198 
    78.56215 -133.82449 
    77.94511 -134.09680 
    77.31625 -134.39018 
    76.67533 -134.70955 
    76.07683 -135.10454 
    75.62585 -135.63919 
    75.17963 -136.18440 
    74.74251 -136.74675 
    74.29148 -137.31810 
    73.82127 -137.90411 
    73.32675 -138.51149 
    72.79201 -139.14517 
    72.25475 -139.82445 
    71.91630 -140.57953 
    71.93433 -141.38737 
Cell 11 100 110.78592 -149.66335 
    100.62089 -149.66335 
    100.63145 -150.30222 
    100.68285 -150.93967 
    100.77496 -151.57304 
    100.90749 -152.19969 
    101.07998 -152.81700 
    101.29176 -153.42235 
    101.54204 -154.01318 
    101.82979 -154.58702 
    102.15386 -155.14142 
    102.51292 -155.67403 
    102.90548 -156.18262 
    103.32991 -156.66501 
    103.78442 -157.11919 
    104.26711 -157.54323 
    104.77594 -157.93538 
    105.30875 -158.29399 
    105.86327 -158.61760 
    106.43719 -158.90488 
    107.02804 -159.15466 
    107.63335 -159.36597 
    108.25054 -159.53799 
    108.87704 -159.67007 
    109.51019 -159.76176 
    110.14737 -159.81279 
    110.78592 -159.82304 
    111.42320 -159.79265 
    112.05661 -159.72188 
    112.68357 -159.61121 
    113.30162 -159.46135 
    113.90836 -159.27322 
    114.50156 -159.04799 
    115.07919 -158.78702 
    115.63950 -158.49199 
    116.18108 -158.16475 
    116.70293 -157.80742 
    117.20460 -157.42220 
    117.68614 -157.01134 
    118.14818 -156.57697 
    118.59177 -156.12091 
    119.01821 -155.64445 
    119.42873 -155.14824 
    119.82402 -154.63208 
    120.20383 -154.09508 
    120.56637 -153.53569 
    120.90797 -152.95219 
    121.22286 -152.34309 
    121.50328 -151.70779 
    121.73989 -151.04715 
    121.92258 -150.36400 
    122.04144 -149.66335 
    122.08801 -148.95227 
    122.05629 -148.23956 
    121.94357 -147.53491 
    122.07243 -146.76546 
    122.25913 -145.93547 
    121.90087 -145.26262 
    121.10675 -144.80673 
    120.31651 -144.42386 
    119.84244 -143.91591 
    119.34299 -143.44627 
    118.82620 -143.01184 
    118.29797 -142.60905 
    117.76200 -142.23457 
    117.22012 -141.88574 
    116.69730 -141.52702 
    116.18084 -141.16231 
    115.64550 -140.82379 
    115.09319 -140.50993 
    114.52493 -140.21968 
    113.94075 -139.95377 
    113.34003 -139.71573 
    112.72227 -139.51263 
    112.08825 -139.35432 
    111.44098 -139.25148 
    110.78592 -139.21289 
    110.13031 -139.24277 
    109.45940 -139.16290 
    108.73905 -138.93330 
    107.97856 -138.72942 
    107.20617 -138.64601 
    106.47310 -138.77042 
    105.83154 -139.13477 
    105.30663 -139.69655 
    104.88354 -140.36270 
    104.51962 -141.03853 
    104.17039 -141.66653 
    103.80994 -142.23468 
    103.43493 -142.76030 
    103.05614 -143.26872 
    102.66219 -143.76111 
    102.29581 -144.27536 
    101.96220 -144.81247 
    101.66283 -145.37035 
    101.39905 -145.94682 
    101.17207 -146.53961 
    100.98296 -147.14638 
    100.83262 -147.76465 
    100.72180 -148.39195 
    100.65108 -149.02571 
Cell 12 100 -115.86253 -131.86508 
    -127.45306 -131.86508 
    -127.57202 -132.60178 
    -127.63212 -133.35193 
    -127.63215 -134.11026 
    -127.57157 -134.87146 
    -127.45044 -135.63022 
    -127.26952 -136.38142 
    -127.03014 -137.12016 
    -126.73411 -137.84178 
    -126.38368 -138.54201 
    -125.98140 -139.21687 
    -125.53011 -139.86281 
    -125.03283 -140.47656 
    -124.49268 -141.05527 
    -123.10463 -140.61929 
    -121.75043 -139.96910 
    -121.10387 -140.12411 
    -120.51941 -140.33592 
    -119.94058 -140.53139 
    -119.36551 -140.71260 
    -118.79556 -140.89203 
    -118.21182 -141.01498 
    -117.62530 -141.10585 
    -117.04002 -141.18596 
    -116.45340 -141.25673 
    -115.86253 -141.28604 
    -115.26929 -141.29434 
    -114.67173 -141.29115 
    -114.06789 -141.27290 
    -113.45678 -141.23483 
    -112.84196 -141.16141 
    -112.20451 -141.10417 
    -111.49441 -141.14781 
    -110.91166 -140.87067 
    -110.45837 -140.38066 
    -110.00996 -139.92046 
    -109.54542 -139.50114 
    -109.05687 -139.11238 
    -108.53547 -138.74564 
    -107.97011 -138.39426 
    -107.34781 -138.05139 
    -106.65766 -137.70667 
    -105.92184 -137.33002 
    -105.43433 -136.77222 
    -105.26151 -136.06232 
    -105.14111 -135.34868 
    -105.06784 -134.63669 
    -105.03498 -133.93054 
    -105.02751 -133.23386 
    -105.06161 -132.54462 
    -105.11789 -131.86508 
    -104.92966 -131.17725 
    -104.52821 -130.43323 
    -104.18935 -129.63831 
    -104.10458 -128.84616 
    -104.36644 -128.12978 
    -104.93652 -127.53917 
    -105.67108 -127.06935 
    -106.41153 -126.66935 
    -107.01839 -126.25242 
    -107.28161 -125.63068 
    -107.57810 -125.01160 
    -107.91385 -124.40078 
    -108.29517 -123.80666 
    -108.72752 -123.24035 
    -109.21439 -122.71471 
    -109.75620 -122.24305 
    -110.34983 -121.83752 
    -110.98859 -121.50745 
    -111.66293 -121.25812 
    -112.36153 -121.09011 
    -113.07269 -120.99940 
    -113.78574 -120.97821 
    -114.49201 -121.01635 
    -115.18542 -121.10281 
    -115.86253 -121.22727 
    -116.52211 -121.38125 
    -117.16452 -121.55875 
    -117.79086 -121.75639 
    -118.40236 -121.97308 
    -118.99981 -122.20951 
    -119.58334 -122.46737 
    -120.15232 -122.74881 
    -120.70544 -123.05586 
    -121.24090 -123.39012 
    -121.75660 -123.75259 
    -122.25220 -124.14129 
    -122.72409 -124.55826 
    -123.16877 -125.00407 
    -123.58447 -125.47694 
    -123.96956 -125.97498 
    -124.32494 -126.49467 
    -124.74682 -126.98090 
    -125.21696 -127.46322 
    -125.65896 -127.98640 
    -126.06778 -128.54919 
    -126.43848 -129.14964 
    -126.76643 -129.78505 
    -127.04733 -130.45212 
    -127.27731 -131.14693 
Cell 13 100 -89.01579 -123.69599 
    -99.15851 -123.69599 
    -99.15212 -124.33372 
    -99.10512 -124.97057 
    -99.01750 -125.60392 
    -98.88948 -126.23112 
    -98.72143 -126.84954 
    -98.51392 -127.45657 
    -98.26771 -128.04962 
    -97.98371 -128.62614 
    -97.66305 -129.18372 
    -97.30698 -129.71989 
    -96.91693 -130.23239 
    -96.49452 -130.71899 
    -96.04150 -131.17761 
    -95.55973 -131.60626 
    -95.05125 -132.00310 
    -94.51821 -132.36642 
    -93.96286 -132.69469 
    -93.38757 -132.98650 
    -92.79478 -133.24062 
    -92.18700 -133.45601 
    -91.56686 -133.63177 
    -90.93697 -133.76721 
    -90.30003 -133.86185 
    -89.65873 -133.91530 
    -89.01579 -133.92746 
    -88.37391 -133.89836 
    -87.73579 -133.82825 
    -87.10408 -133.71753 
    -86.48140 -133.56679 
    -85.87029 -133.37683 
    -85.27325 -133.14857 
    -84.69263 -132.88315 
    -84.13074 -132.58185 
    -83.58974 -132.24606 
    -83.05486 -131.90051 
    -82.53007 -131.53587 
    -82.02568 -131.13969 
    -81.54361 -130.71283 
    -81.08584 -130.25621 
    -80.65446 -129.77084 
    -80.25163 -129.25789 
    -79.87962 -128.71864 
    -79.54073 -128.15462 
    -79.23734 -127.56755 
    -78.97178 -126.95949 
    -78.74633 -126.33274 
    -78.56315 -125.68994 
    -78.42419 -125.03402 
    -78.33115 -124.36821 
    -78.28535 -123.69599 
    -78.28774 -123.02104 
    -78.33884 -122.34718 
    -78.43865 -121.67830 
    -78.58672 -121.01826 
    -78.78209 -120.37086 
    -79.02336 -119.73972 
    -79.30871 -119.12819 
    -79.56702 -118.50149 
    -79.83125 -117.86731 
    -80.13627 -117.24465 
    -80.48313 -116.63716 
    -80.87257 -116.04900 
    -81.30489 -115.48473 
    -81.77985 -114.94926 
    -82.29652 -114.44772 
    -82.85319 -113.98528 
    -83.44731 -113.56697 
    -84.07554 -113.19744 
    -84.73376 -112.88083 
    -85.41715 -112.62054 
    -86.12037 -112.41909 
    -86.83770 -112.27805 
    -87.56325 -112.19798 
    -88.29116 -112.17837 
    -89.01579 -112.21779 
    -89.73188 -112.31396 
    -90.43473 -112.46391 
    -91.12023 -112.66409 
    -91.78499 -112.91065 
    -92.42627 -113.19961 
    -93.04199 -113.52695 
    -93.63068 -113.88885 
    -94.13895 -114.37698 
    -94.61431 -114.87413 
    -95.06896 -115.36452 
    -95.50361 -115.85355 
    -95.92036 -116.34337 
    -96.32091 -116.83602 
    -96.70717 -117.33313 
    -97.09360 -117.82712 
    -97.50643 -118.30766 
    -97.89930 -118.81224 
    -98.26713 -119.34264 
    -98.55190 -119.92038 
    -98.71286 -120.54523 
    -98.82520 -121.17736 
    -98.93658 -121.80350 
    -99.05029 -122.42834 
    -99.12445 -123.06001 
Cell 14 100 -65.31788 -132.86913 
    -76.11285 -132.86913 
    -76.08144 -133.54631 
    -76.00880 -134.21970 
    -75.89446 -134.88672 
    -75.73820 -135.54460 
    -75.54008 -136.19052 
    -75.30054 -136.82153 
    -75.02039 -137.43478 
    -74.70073 -138.02739 
    -74.34301 -138.59665 
    -73.94893 -139.13995 
    -73.51917 -139.65382 
    -73.05061 -140.13063 
    -72.55153 -140.57217 
    -72.02789 -140.98013 
    -71.48513 -141.35762 
    -70.92453 -141.70380 
    -70.34471 -142.01289 
    -69.74818 -142.28401 
    -69.13612 -142.51289 
    -68.51204 -142.69974 
    -67.87864 -142.84262 
    -67.24139 -142.95255 
    -66.60686 -143.07248 
    -65.96520 -143.15799 
    -65.31788 -143.20869 
    -64.66636 -143.22470 
    -64.01202 -143.20609 
    -63.35615 -143.15286 
    -62.70004 -143.06496 
    -62.04495 -142.94217 
    -61.39222 -142.78419 
    -60.74331 -142.59058 
    -60.09982 -142.36075 
    -59.46357 -142.09404 
    -58.83670 -141.78970 
    -58.22160 -141.44705 
    -57.62106 -141.06540 
    -57.03823 -140.64424 
    -56.47659 -140.18327 
    -55.93999 -139.68256 
    -55.43257 -139.14253 
    -54.95868 -138.56415 
    -54.52282 -137.94890 
    -54.12951 -137.29892 
    -53.78316 -136.61697 
    -53.48800 -135.90652 
    -53.24784 -135.17162 
    -53.06603 -134.41690 
    -52.94532 -133.64754 
    -52.88771 -132.86913 
    -52.89444 -132.08751 
    -52.96588 -131.30870 
    -53.10158 -130.53874 
    -53.30027 -129.78352 
    -53.56007 -129.04878 
    -53.87912 -128.34019 
    -54.25852 -127.66499 
    -54.70286 -127.03347 
    -55.24121 -126.47428 
    -55.90878 -126.03302 
    -56.54462 -125.61125 
    -57.16373 -125.21188 
    -57.76785 -124.82916 
    -58.26320 -124.34148 
    -58.79076 -123.88531 
    -59.36109 -123.48273 
    -59.96458 -123.13150 
    -60.59293 -122.82808 
    -61.23524 -122.55756 
    -61.94368 -122.48441 
    -62.64352 -122.45321 
    -63.31842 -122.38759 
    -63.98999 -122.35777 
    -64.65688 -122.36295 
    -65.31788 -122.40246 
    -65.97177 -122.47579 
    -66.61737 -122.58257 
    -67.25345 -122.72253 
    -67.87869 -122.89542 
    -68.51583 -123.02685 
    -69.16132 -123.16171 
    -69.80261 -123.33858 
    -70.43563 -123.55997 
    -71.05550 -123.82809 
    -71.65669 -124.14450 
    -72.23338 -124.50972 
    -72.77982 -124.92297 
    -73.29077 -125.38208 
    -73.76199 -125.88354 
    -74.19046 -126.42282 
    -74.57448 -126.99471 
    -74.91357 -127.59386 
    -75.20821 -128.21509 
    -75.45950 -128.85378 
    -75.66874 -129.50594 
    -75.83715 -130.16823 
    -75.96558 -130.83797 
    -76.05443 -131.51279 
    -76.10365 -132.19054 
Cell 15 100 -53.96878 -115.77925 
    -64.44897 -115.77925 
    -64.40742 -116.43600 
    -64.34431 -117.08999 
    -64.24115 -117.73881 
    -64.09836 -118.38009 
    -63.91597 -119.01129 
    -63.69380 -119.62966 
    -63.42764 -120.23026 
    -63.11980 -120.81007 
    -62.75543 -121.35543 
    -62.33343 -121.85652 
    -61.83578 -122.28741 
    -61.20190 -122.57160 
    -60.58958 -122.82970 
    -60.02639 -123.10165 
    -59.50488 -123.39904 
    -59.01334 -123.72820 
    -58.54293 -124.09960 
    -58.08187 -124.52001 
    -57.59520 -124.93854 
    -57.05617 -125.28127 
    -56.50069 -125.64040 
    -55.92299 -126.02360 
    -55.31381 -126.42629 
    -54.64360 -126.50519 
    -53.96878 -126.53052 
    -53.29360 -126.51083 
    -52.62123 -126.44616 
    -51.95483 -126.33675 
    -51.29752 -126.18313 
    -50.65238 -125.98606 
    -50.02245 -125.74654 
    -49.41063 -125.46581 
    -48.81975 -125.14530 
    -48.25249 -124.78667 
    -47.71139 -124.39181 
    -47.19884 -123.96270 
    -46.71704 -123.50156 
    -46.26802 -123.01074 
    -45.85361 -122.49271 
    -45.47435 -121.95081 
    -45.06355 -121.43069 
    -44.66803 -120.89238 
    -44.30595 -120.32623 
    -43.98082 -119.73376 
    -43.69619 -119.11702 
    -43.45552 -118.47860 
    -43.26203 -117.82167 
    -43.11855 -117.14996 
    -43.02733 -116.46763 
    -42.98998 -115.77925 
    -43.00728 -115.08961 
    -43.07922 -114.40358 
    -43.20493 -113.72594 
    -43.38278 -113.06123 
    -43.61043 -112.41362 
    -43.88498 -111.78680 
    -44.20312 -111.18388 
    -44.56127 -110.60743 
    -44.95576 -110.05942 
    -44.93390 -109.21503 
    -44.46062 -107.91342 
    -45.89403 -108.19656 
    -46.82787 -108.17496 
    -47.35424 -107.78365 
    -47.85532 -107.36479 
    -48.34274 -106.91404 
    -48.85526 -106.47781 
    -49.39374 -106.05680 
    -49.95930 -105.65247 
    -50.55319 -105.26717 
    -51.17656 -104.90430 
    -51.83019 -104.56837 
    -52.51418 -104.26495 
    -53.22772 -104.00053 
    -53.96878 -103.78229 
    -54.73391 -103.61774 
    -55.51820 -103.51436 
    -56.31517 -103.47900 
    -57.11704 -103.51756 
    -57.91488 -103.63439 
    -58.69902 -103.83202 
    -59.45951 -104.11086 
    -60.18661 -104.46906 
    -60.87133 -104.90257 
    -61.50583 -105.40540 
    -62.08386 -105.96980 
    -62.60099 -106.58688 
    -63.05475 -107.24695 
    -63.44459 -107.94018 
    -63.77171 -108.65701 
    -64.03882 -109.38861 
    -64.24974 -110.12725 
    -64.40903 -110.86644 
    -64.52158 -111.60110 
    -64.59222 -112.32748 
    -64.62540 -113.04309 
    -64.62498 -113.74647 
    -64.59406 -114.43697 
    -64.53488 -115.11449 
Cell 16 100 -34.21627 -128.84010 
    -45.16697 -128.84010 
    -45.07481 -129.52327 
    -44.93123 -130.19371 
    -44.79408 -130.85793 
    -44.74574 -131.54361 
    -44.67075 -132.23697 
    -44.56051 -132.93568 
    -44.37544 -133.62065 
    -43.83313 -134.12701 
    -42.95696 -134.38712 
    -42.28564 -134.70285 
    -41.71982 -135.04758 
    -41.18830 -135.38728 
    -40.67284 -135.71565 
    -40.17165 -136.03893 
    -39.68056 -136.36105 
    -39.19489 -136.68515 
    -38.71041 -137.01492 
    -38.22210 -137.35294 
    -37.72437 -137.70058 
    -37.21111 -138.05727 
    -36.67587 -138.41962 
    -36.12286 -138.83484 
    -35.53748 -139.29857 
    -34.89974 -139.70361 
    -34.21627 -140.03342 
    -33.49787 -140.25873 
    -32.75866 -140.37822 
    -32.01235 -140.39343 
    -31.27135 -140.30981 
    -30.54987 -140.12410 
    -29.87177 -139.81306 
    -29.22116 -139.45525 
    -28.60149 -139.05334 
    -28.01590 -138.61032 
    -27.46721 -138.12938 
    -26.95796 -137.61388 
    -26.49031 -137.06741 
    -26.06602 -136.49370 
    -25.68659 -135.89647 
    -25.35305 -135.27960 
    -25.06614 -134.64694 
    -24.82620 -134.00233 
    -24.83433 -133.25491 
    -24.85925 -132.54482 
    -24.76959 -131.90952 
    -24.63594 -131.29993 
    -24.52979 -130.68790 
    -24.47933 -130.07016 
    -24.43996 -129.45517 
    -24.40059 -128.84010 
    -24.35643 -128.21977 
    -24.36153 -127.59516 
    -24.40071 -126.96769 
    -24.44951 -126.33243 
    -24.58914 -125.71206 
    -24.75571 -125.09441 
    -24.94746 -124.47853 
    -25.16336 -123.86323 
    -25.40345 -123.24732 
    -25.66912 -122.63023 
    -25.96319 -122.01257 
    -26.28987 -121.39671 
    -26.65428 -120.78741 
    -27.06191 -120.19197 
    -27.51767 -119.62028 
    -28.02504 -119.08428 
    -28.58514 -118.59711 
    -29.19618 -118.17188 
    -29.85322 -117.82030 
    -30.54833 -117.55134 
    -31.27131 -117.37026 
    -32.01067 -117.27798 
    -32.75476 -117.27108 
    -33.49289 -117.34240 
    -34.21627 -117.48199 
    -34.91850 -117.67845 
    -35.59577 -117.92020 
    -36.24660 -118.19672 
    -36.87133 -118.49932 
    -37.47144 -118.82170 
    -38.04891 -119.15995 
    -38.60557 -119.51236 
    -39.14615 -119.87269 
    -39.73063 -120.15086 
    -40.30446 -120.46043 
    -40.86595 -120.80202 
    -41.41280 -121.17657 
    -41.94194 -121.58521 
    -42.44949 -122.02898 
    -42.93073 -122.50867 
    -43.38025 -123.02446 
    -43.79220 -123.57569 
    -44.16059 -124.16066 
    -44.47971 -124.77652 
    -44.74453 -125.41927 
    -44.95108 -126.08387 
    -45.09681 -126.76453 
    -45.18071 -127.45497 
    -45.20339 -128.14885 
Cell 17 100 -14.65357 -130.11241 
    -24.48278 -130.11241 
    -24.53783 -130.73428 
    -24.65253 -131.37558 
    -24.78883 -132.04581 
    -24.85271 -132.73111 
    -24.83253 -133.41975 
    -24.65047 -134.07047 
    -24.37954 -134.68910 
    -24.06888 -135.28851 
    -23.72023 -135.86629 
    -23.33542 -136.42014 
    -22.91636 -136.94798 
    -22.46500 -137.44783 
    -21.98338 -137.91786 
    -21.47355 -138.35635 
    -20.93765 -138.76170 
    -20.37784 -139.13240 
    -19.79634 -139.46707 
    -19.19545 -139.76439 
    -18.57749 -140.02309 
    -17.94400 -140.23929 
    -17.29287 -140.39178 
    -16.58837 -140.25496 
    -15.89935 -139.97374 
    -15.26551 -139.83881 
    -14.65357 -139.75647 
    -14.05107 -139.68889 
    -13.45014 -139.63857 
    -12.84370 -139.60010 
    -12.22536 -139.56970 
    -11.58008 -139.57166 
    -10.87720 -139.65044 
    -10.18436 -139.60999 
    -9.60698 -139.29214 
    -9.05263 -138.93810 
    -8.52366 -138.54951 
    -8.02223 -138.12833 
    -7.55040 -137.67653 
    -7.11003 -137.19627 
    -6.70281 -136.68987 
    -6.33027 -136.15964 
    -5.99374 -135.60811 
    -5.69436 -135.03778 
    -5.43308 -134.45125 
    -5.21064 -133.85114 
    -5.02763 -133.24007 
    -4.88440 -132.62071 
    -4.76295 -131.99915 
    -4.64708 -131.37653 
    -4.56642 -130.74704 
    -4.52095 -130.11241 
    -4.51072 -129.47427 
    -4.53583 -128.83424 
    -4.59655 -128.19392 
    -4.69327 -127.55504 
    -4.82657 -126.91943 
    -4.99719 -126.28918 
    -5.20594 -125.66669 
    -5.45369 -125.05473 
    -5.74121 -124.45645 
    -6.06905 -123.87539 
    -6.43746 -123.31545 
    -6.84618 -122.78078 
    -7.29440 -122.27568 
    -7.78061 -121.80442 
    -8.30262 -121.37108 
    -8.85756 -120.97936 
    -9.44191 -120.63243 
    -10.05163 -120.33279 
    -10.55075 -119.74986 
    -10.84990 -118.40591 
    -11.66019 -118.45395 
    -12.54148 -119.04041 
    -13.24605 -118.97075 
    -13.95617 -119.02750 
    -14.65357 -119.18609 
    -15.32679 -119.41204 
    -15.97253 -119.67181 
    -16.59383 -119.94121 
    -17.21074 -120.15292 
    -17.81630 -120.37853 
    -18.40543 -120.63630 
    -18.97687 -120.92495 
    -19.52937 -121.24339 
    -20.06165 -121.59065 
    -20.57236 -121.96590 
    -21.07882 -122.34563 
    -21.59479 -122.72077 
    -22.08883 -123.13025 
    -22.55812 -123.57320 
    -22.99986 -124.04848 
    -23.41124 -124.55463 
    -23.78955 -125.08987 
    -24.13220 -125.65211 
    -24.43679 -126.23897 
    -24.40247 -126.94480 
    -24.36133 -127.61989 
    -24.35936 -128.26094 
    -24.40319 -128.88075 
    -24.44261 -129.49654 
Cell 18 100 8.60197 -130.83467 
    -1.52458 -130.83467 
    -1.50770 -131.47072 
    -1.45102 -132.10466 
    -1.35411 -132.73389 
    -1.21732 -133.35583 
    -1.04121 -133.96793 
    -0.82647 -134.56764 
    -0.57397 -135.15254 
    -0.28475 -135.72018 
    0.04001 -136.26825 
    0.39896 -136.79449 
    0.79063 -137.29677 
    1.21339 -137.77301 
    1.66547 -138.22128 
    2.14502 -138.63979 
    2.65003 -139.02681 
    3.17841 -139.38083 
    3.72797 -139.70044 
    4.29644 -139.98438 
    4.88147 -140.23157 
    5.48074 -140.44081 
    6.09309 -140.60611 
    6.71201 -140.74217 
    7.33838 -140.83694 
    7.96932 -140.89021 
    8.60197 -140.90387 
    9.23385 -140.87825 
    9.86262 -140.81380 
    10.48601 -140.71120 
    11.10192 -140.57135 
    11.71109 -140.40356 
    12.31089 -140.20235 
    12.89856 -139.96541 
    13.47219 -139.69357 
    14.02988 -139.38770 
    14.56983 -139.04874 
    15.09025 -138.67766 
    15.58936 -138.27550 
    16.08167 -137.85858 
    16.56220 -137.41995 
    17.02783 -136.95642 
    17.47795 -136.46754 
    17.91129 -135.95251 
    18.32574 -135.41032 
    18.71815 -134.83995 
    19.08432 -134.24060 
    19.41899 -133.61201 
    19.71598 -132.95479 
    19.96847 -132.27060 
    20.16902 -131.56241 
    20.30225 -130.83467 
    20.17552 -130.10654 
    19.70032 -129.43262 
    19.23659 -128.80602 
    18.82560 -128.20969 
    18.44447 -127.63665 
    18.07877 -127.08254 
    17.72021 -126.54395 
    17.38022 -126.00879 
    17.04783 -125.47476 
    16.70608 -124.94669 
    16.35343 -124.42210 
    15.98962 -123.89720 
    15.61587 -123.36562 
    15.24626 -122.80310 
    14.91411 -122.14675 
    14.32170 -121.82182 
    13.68547 -121.58781 
    13.06755 -121.34482 
    12.44735 -121.12234 
    11.81709 -120.93954 
    11.17939 -120.79626 
    10.53673 -120.69230 
    9.89145 -120.62732 
    9.24691 -120.58356 
    8.60197 -120.53110 
    7.95303 -120.52020 
    7.30296 -120.55200 
    6.65484 -120.62747 
    6.01196 -120.74726 
    5.37778 -120.91165 
    4.75586 -121.12051 
    4.14975 -121.37324 
    3.56295 -121.66874 
    2.99876 -122.00544 
    2.46026 -122.38134 
    1.95017 -122.79403 
    1.47086 -123.24081 
    1.02429 -123.71876 
    0.61203 -124.22482 
    0.23526 -124.75591 
    -0.10517 -125.30896 
    -0.40870 -125.88102 
    -0.67499 -126.46927 
    -0.91019 -127.06854 
    -1.10922 -127.67932 
    -1.26937 -128.30014 
    -1.39055 -128.92850 
    -1.47279 -129.56194 
    -1.51618 -130.19809 
Cell 19 100 25.97793 -121.42653 
    14.77902 -121.42653 
    14.87461 -122.12509 
    15.23635 -122.78351 
    15.63916 -123.39876 
    16.04486 -123.97691 
    16.42604 -124.53012 
    16.78378 -125.06675 
    17.12194 -125.59384 
    17.44820 -126.11579 
    17.77782 -126.63048 
    18.11582 -127.13868 
    18.45395 -127.65090 
    18.79831 -128.16864 
    19.15682 -128.69028 
    19.53713 -129.21211 
    19.92730 -129.75450 
    20.34620 -130.30070 
    20.90580 -130.65269 
    21.48828 -130.96751 
    22.09107 -131.24359 
    22.71151 -131.47954 
    23.34679 -131.67413 
    23.99405 -131.82640 
    24.65033 -131.93555 
    25.31264 -132.00104 
    25.97793 -132.02255 
    26.64315 -131.99997 
    27.30525 -131.93340 
    27.96120 -131.82320 
    28.60799 -131.66994 
    29.24268 -131.47441 
    29.86242 -131.23764 
    30.46442 -130.96082 
    31.04602 -130.64537 
    31.60469 -130.29288 
    32.13802 -129.90517 
    32.64378 -129.48415 
    33.11989 -129.03194 
    33.56450 -128.55080 
    33.97596 -128.04308 
    34.35286 -127.51128 
    34.69408 -126.95796 
    34.99875 -126.38577 
    35.26639 -125.79735 
    35.49681 -125.19532 
    35.69024 -124.58225 
    35.84722 -123.96053 
    35.96865 -123.33236 
    36.05571 -122.69965 
    36.10970 -122.06396 
    36.13199 -121.42653 
    36.12375 -120.78821 
    36.08579 -120.14961 
    36.01838 -119.51122 
    35.92103 -118.87357 
    35.79246 -118.23759 
    35.63058 -117.60477 
    35.43261 -116.97749 
    35.19539 -116.35918 
    34.93440 -115.74258 
    34.70776 -115.08394 
    34.45263 -114.41564 
    34.16201 -113.74117 
    33.82784 -113.06721 
    33.44204 -112.40398 
    32.99757 -111.76482 
    32.48968 -111.16565 
    31.91689 -110.62360 
    31.28167 -110.15551 
    30.59063 -109.77617 
    29.85415 -109.49674 
    29.08545 -109.32353 
    28.29934 -109.25725 
    27.51073 -109.29313 
    26.73322 -109.42151 
    25.97793 -109.62917 
    25.25279 -109.90081 
    24.56231 -110.22081 
    23.90783 -110.57467 
    23.28806 -110.95020 
    22.70005 -111.33825 
    22.13637 -111.72386 
    21.50768 -111.92677 
    20.88795 -112.16790 
    20.27978 -112.44769 
    19.68599 -112.76643 
    19.10969 -113.12425 
    18.55419 -113.52105 
    18.02303 -113.95638 
    17.51990 -114.42944 
    17.04855 -114.93896 
    16.61273 -115.48320 
    16.21611 -116.05993 
    15.86211 -116.66639 
    15.55387 -117.29935 
    15.29409 -117.95514 
    15.08499 -118.62970 
    14.92821 -119.31868 
    14.82479 -120.01756 
    14.77513 -120.72171 
Cell 20 100 51.14479 -121.82435 
    41.08335 -121.82435 
    41.09747 -122.45647 
    41.15136 -123.08681 
    41.24492 -123.71285 
    41.37786 -124.33207 
    41.54973 -124.94197 
    41.75993 -125.54008 
    42.00767 -126.12395 
    42.29200 -126.69121 
    42.61184 -127.23952 
    42.96591 -127.76665 
    43.35283 -128.27042 
    43.77105 -128.74876 
    44.21885 -129.19972 
    44.69447 -129.62146 
    45.19598 -130.01219 
    45.72133 -130.37036 
    46.26840 -130.69447 
    46.83495 -130.98325 
    47.41866 -131.23549 
    48.01717 -131.45020 
    48.62802 -131.62654 
    49.24873 -131.76384 
    49.87680 -131.86157 
    50.50967 -131.91943 
    51.14479 -131.93723 
    51.77964 -131.91498 
    52.41169 -131.85287 
    53.03846 -131.75127 
    53.65749 -131.61066 
    54.26642 -131.43173 
    54.86294 -131.21530 
    55.44481 -130.96234 
    56.00989 -130.67393 
    56.55616 -130.35130 
    56.91045 -129.76009 
    57.22237 -129.17087 
    57.55350 -128.64894 
    57.88278 -128.15175 
    58.20678 -127.66653 
    58.52423 -127.18582 
    58.83642 -126.70560 
    59.14886 -126.22462 
    59.46143 -125.73785 
    59.78050 -125.24347 
    60.11575 -124.73919 
    60.47908 -124.22099 
    60.88284 -123.68198 
    61.33762 -123.11200 
    61.83789 -122.49710 
    62.16166 -121.82435 
    62.36206 -121.11861 
    62.47591 -120.39290 
    62.47388 -119.66321 
    62.33864 -118.95026 
    62.07066 -118.27432 
    61.68825 -117.64989 
    61.22223 -117.08227 
    60.78423 -116.52502 
    60.63906 -115.79910 
    60.44928 -115.06425 
    60.20101 -114.33240 
    59.88119 -113.62033 
    59.47995 -112.94831 
    58.99265 -112.33792 
    58.42123 -111.80919 
    57.77439 -111.37777 
    57.06660 -111.05263 
    56.31606 -110.83485 
    55.54221 -110.71774 
    54.76311 -110.68830 
    53.99346 -110.72953 
    53.24337 -110.82323 
    52.52123 -110.92873 
    51.82939 -110.94302 
    51.14479 -111.00357 
    50.47055 -111.10754 
    49.80920 -111.25206 
    49.16280 -111.43439 
    48.53298 -111.65200 
    47.92104 -111.90265 
    47.32808 -112.18442 
    46.75506 -112.49568 
    46.20291 -112.83510 
    45.67259 -113.20154 
    45.16512 -113.59404 
    44.68163 -114.01172 
    44.22332 -114.45373 
    43.79152 -114.91917 
    43.38760 -115.40704 
    43.01299 -115.91624 
    42.66908 -116.44550 
    42.35729 -116.99338 
    42.07296 -117.55547 
    41.81927 -118.13211 
    41.60162 -118.72359 
    41.42100 -119.32770 
    41.27824 -119.94220 
    41.17404 -120.56475 
    41.10895 -121.19295 
Cell 21 100 66.62249 -131.61876 
    56.37711 -131.61876 
    56.28919 -132.26888 
    56.24137 -132.93019 
    56.23220 -133.60081 
    56.29565 -134.27025 
    56.42415 -134.93240 
    56.58017 -135.59479 
    56.80267 -136.23961 
    57.08990 -136.85934 
    57.41814 -137.46001 
    57.78645 -138.03851 
    58.19342 -138.59189 
    58.63748 -139.11719 
    59.11665 -139.61166 
    59.62871 -140.07278 
    60.17125 -140.49812 
    60.74162 -140.88551 
    61.33702 -141.23299 
    61.95444 -141.53888 
    62.59078 -141.80170 
    63.24356 -142.01804 
    63.93121 -142.10062 
    64.64404 -141.99019 
    65.33162 -141.83708 
    65.98708 -141.71825 
    66.62249 -141.64012 
    67.25037 -141.59850 
    67.88246 -141.59250 
    68.53139 -141.62556 
    69.21301 -141.70821 
    69.86133 -141.58688 
    70.48171 -141.36604 
    71.08344 -141.09874 
    71.65446 -140.77190 
    72.07892 -140.21672 
    72.42650 -139.60730 
    72.82073 -139.11113 
    73.21716 -138.64137 
    73.60222 -138.17316 
    73.98042 -137.70576 
    74.35544 -137.23708 
    74.72929 -136.76349 
    75.10410 -136.28157 
    75.49809 -135.79529 
    75.91403 -135.29755 
    76.28809 -134.75931 
    76.49126 -134.15263 
    76.65845 -133.53322 
    76.78857 -132.90303 
    76.88052 -132.26414 
    76.93320 -131.61876 
    76.94552 -130.96928 
    76.91650 -130.31833 
    76.84525 -129.66866 
    76.73109 -129.02332 
    76.57356 -128.38545 
    76.37253 -127.75845 
    76.12820 -127.14571 
    75.84121 -126.55073 
    75.51259 -125.97693 
    75.14384 -125.42764 
    74.73685 -124.90598 
    74.29393 -124.41479 
    73.81770 -123.95663 
    73.31107 -123.53365 
    72.77714 -123.14761 
    72.25819 -122.73830 
    71.77792 -122.24108 
    71.26869 -121.74509 
    70.72276 -121.26267 
    70.13351 -120.81296 
    69.49783 -120.42005 
    68.81801 -120.10945 
    68.10247 -119.90350 
    67.36500 -119.81692 
    66.62249 -119.85361 
    65.89187 -120.00592 
    65.18708 -120.25635 
    64.51698 -120.58128 
    63.88467 -120.95564 
    63.28833 -121.35725 
    62.72297 -121.76970 
    62.13059 -122.07299 
    61.70059 -122.66586 
    61.27430 -123.19136 
    60.86926 -123.70012 
    60.49022 -124.20612 
    60.13559 -124.71091 
    59.80087 -125.21283 
    59.47962 -125.70966 
    59.16452 -126.20023 
    58.84932 -126.68575 
    58.53339 -127.17174 
    58.21076 -127.66050 
    57.87926 -128.15707 
    57.54134 -128.66812 
    57.20636 -129.20111 
    56.90722 -129.76547 
    56.67209 -130.36172 
    56.52176 -130.98328 
Cell 22 100 80.75207 -112.03578 
    68.61874 -112.03578 
    68.63827 -112.79792 
    68.73201 -113.55427 
    68.89732 -114.29720 
    69.13001 -115.01982 
    69.42462 -115.71629 
    69.77482 -116.38198 
    70.17379 -117.01353 
    70.61465 -117.60887 
    71.09081 -118.16701 
    71.59618 -118.68792 
    72.12553 -119.17228 
    72.67445 -119.62118 
    73.23947 -120.03588 
    73.81800 -120.41763 
    74.40816 -120.76742 
    75.00867 -121.08593 
    75.61866 -121.37341 
    76.23750 -121.62972 
    76.86463 -121.85432 
    77.49943 -122.04637 
    78.14111 -122.20478 
    78.78866 -122.32835 
    79.44076 -122.41586 
    80.09585 -122.46611 
    80.75207 -122.48453 
    81.40849 -122.46923 
    82.06277 -122.41102 
    82.71200 -122.31011 
    83.35330 -122.16694 
    83.98383 -121.98212 
    84.60078 -121.75652 
    85.20142 -121.49115 
    85.78313 -121.18725 
    86.34334 -120.84621 
    86.87963 -120.46965 
    87.38970 -120.05930 
    87.87139 -119.61710 
    88.32270 -119.14508 
    88.74182 -118.64548 
    89.12722 -118.12069 
    89.47773 -117.57326 
    89.79274 -117.00594 
    90.07257 -116.42168 
    90.31898 -115.82359 
    90.53578 -115.21471 
    90.72945 -114.59753 
    90.90939 -113.97340 
    91.08739 -113.34144 
    91.27570 -112.69788 
    91.48366 -112.03578 
    91.71315 -111.34617 
    91.95418 -110.62063 
    92.18231 -109.85535 
    92.35995 -109.05538 
    92.44218 -108.23743 
    92.38644 -107.42941 
    92.16339 -106.66602 
    91.76511 -105.98132 
    91.20785 -105.40034 
    90.52810 -104.93308 
    89.77340 -104.57269 
    89.26662 -104.04008 
    88.85477 -103.40727 
    88.39552 -102.79643 
    87.88852 -102.21329 
    87.33422 -101.66396 
    86.73394 -101.15479 
    86.08999 -100.69212 
    85.40567 -100.28213 
    84.68530 -99.93053 
    83.93414 -99.64241 
    83.15828 -99.42197 
    82.36446 -99.27234 
    81.55991 -99.19553 
    80.75207 -99.19221 
    79.94840 -99.26185 
    79.15613 -99.40260 
    78.38201 -99.61150 
    77.63216 -99.88457 
    76.91191 -100.21701 
    76.22567 -100.60341 
    75.57689 -101.03797 
    74.96808 -101.51475 
    74.40083 -102.02783 
    73.87592 -102.57157 
    73.39340 -103.14068 
    72.95279 -103.73040 
    72.55318 -104.33651 
    72.19339 -104.95543 
    71.87212 -105.58413 
    71.38860 -106.09354 
    70.88635 -106.61206 
    70.41628 -107.17213 
    69.98569 -107.77308 
    69.60215 -108.41296 
    69.27301 -109.08846 
    69.00504 -109.79491 
    68.80399 -110.52639 
    68.67430 -111.27592 
Cell 23 100 98.64703 -128.26297 
    87.08788 -128.26297 
    87.25780 -128.97952 
    87.47701 -129.67407 
    87.73824 -130.34393 
    88.03477 -130.98773 
    88.59220 -131.52998 
    89.19938 -132.00356 
    89.76360 -132.44319 
    90.27837 -132.86368 
    90.73116 -133.28651 
    91.14978 -133.71004 
    91.55870 -134.12694 
    91.96436 -134.53842 
    92.36877 -134.94862 
    92.77510 -135.36092 
    93.18764 -135.77718 
    93.61145 -136.19777 
    94.05316 -136.61917 
    94.51289 -137.04845 
    94.97887 -137.52768 
    95.42542 -138.17804 
    96.04433 -138.39980 
    96.67875 -138.58102 
    97.32594 -138.72047 
    97.98302 -138.81708 
    98.64703 -138.86993 
    99.31490 -138.87840 
    99.98348 -138.84212 
    100.64963 -138.76097 
    101.31017 -138.63524 
    101.96230 -138.46631 
    102.60328 -138.25531 
    103.22918 -138.00055 
    103.83675 -137.70303 
    104.42340 -137.36508 
    104.98633 -136.98827 
    105.52277 -136.57431 
    106.03015 -136.12520 
    106.50607 -135.64310 
    106.94826 -135.13036 
    107.35468 -134.58945 
    107.72348 -134.02306 
    108.05302 -133.43396 
    108.34191 -132.82504 
    108.58897 -132.19926 
    108.79328 -131.55969 
    108.95415 -130.90939 
    109.07116 -130.25148 
    109.14414 -129.58907 
    109.17316 -128.92522 
    109.15858 -128.26297 
    109.10101 -127.60526 
    109.00125 -126.95493 
    108.86044 -126.31466 
    108.67988 -125.68697 
    108.46113 -125.07417 
    108.20592 -124.47834 
    107.91618 -123.90124 
    107.59392 -123.34438 
    107.24128 -122.80889 
    106.86039 -122.29561 
    106.45335 -121.80501 
    106.02214 -121.33728 
    105.56854 -120.89230 
    105.09408 -120.46982 
    104.59997 -120.06944 
    104.08706 -119.69084 
    103.55585 -119.33385 
    103.00649 -118.99863 
    102.43888 -118.68584 
    101.85277 -118.39672 
    101.24789 -118.13326 
    100.62422 -117.89816 
    99.98209 -117.69490 
    99.32244 -117.52759 
    98.64703 -117.40081 
    97.95851 -117.31941 
    97.26059 -117.28818 
    96.55792 -117.31152 
    95.85613 -117.39315 
    95.16154 -117.53575 
    94.48097 -117.74072 
    93.82140 -118.00799 
    93.18963 -118.33601 
    92.59192 -118.72165 
    92.03370 -119.16051 
    91.51886 -119.64650 
    90.88189 -119.99394 
    90.26414 -120.39091 
    89.67423 -120.84003 
    89.12118 -121.34203 
    88.61419 -121.89594 
    88.16217 -122.49887 
    87.77308 -123.14608 
    87.45339 -123.83110 
    87.20763 -124.54609 
    87.03806 -125.28230 
    86.94460 -126.03061 
    86.92489 -126.78212 
    86.97462 -127.52860 
Cell 24 100 -104.69571 -110.97203 
    -114.97654 -110.97203 
    -114.96305 -111.61800 
    -114.90797 -112.26214 
    -114.81144 -112.90171 
    -114.67382 -113.53397 
    -114.49570 -114.15623 
    -114.27781 -114.76585 
    -114.02113 -115.36024 
    -113.72675 -115.93688 
    -113.39599 -116.49339 
    -113.03030 -117.02747 
    -112.63132 -117.53694 
    -112.20081 -118.01978 
    -111.74065 -118.47413 
    -111.25285 -118.89826 
    -110.73954 -119.29065 
    -110.20289 -119.64996 
    -109.64514 -119.97501 
    -109.06858 -120.26485 
    -108.47551 -120.51871 
    -107.86821 -120.73599 
    -107.24895 -120.91628 
    -106.61996 -121.05930 
    -105.98338 -121.16499 
    -105.34129 -121.23334 
    -104.69571 -121.26447 
    -104.04854 -121.25857 
    -103.40161 -121.21588 
    -102.75671 -121.13665 
    -102.11554 -121.02113 
    -101.47981 -120.86954 
    -100.85123 -120.68206 
    -100.23157 -120.45882 
    -99.62263 -120.19992 
    -99.02640 -119.90544 
    -98.44498 -119.57543 
    -98.04086 -119.01637 
    -97.64272 -118.48270 
    -97.22853 -117.98418 
    -96.82476 -117.48345 
    -96.43050 -116.97706 
    -96.02637 -116.47376 
    -95.60324 -115.97066 
    -95.15514 -115.46148 
    -94.67495 -114.93954 
    -94.15730 -114.39617 
    -93.81025 -113.76694 
    -93.62858 -113.08320 
    -93.49859 -112.38656 
    -93.11440 -111.70066 
    -92.71025 -110.97203 
    -92.46021 -110.20224 
    -92.42349 -109.42169 
    -92.62245 -108.66894 
    -93.03415 -107.97785 
    -93.59866 -107.36638 
    -94.23988 -106.83228 
    -94.70258 -106.26962 
    -94.48759 -105.36007 
    -94.26498 -104.35249 
    -95.92328 -104.59849 
    -96.39962 -104.10891 
    -96.90027 -103.65163 
    -97.42483 -103.22932 
    -97.97026 -102.84236 
    -98.53376 -102.49084 
    -99.11275 -102.17471 
    -99.70492 -101.89381 
    -100.30814 -101.64797 
    -100.92052 -101.43700 
    -101.54032 -101.26074 
    -102.16590 -101.11909 
    -102.79573 -101.01201 
    -103.42637 -100.92416 
    -104.05523 -100.79183 
    -104.69571 -100.66784 
    -105.35136 -100.55080 
    -106.02551 -100.44561 
    -106.71909 -100.36509 
    -107.42829 -100.32932 
    -108.14296 -100.36247 
    -108.84695 -100.48719 
    -109.52065 -100.71851 
    -110.14528 -101.05930 
    -110.70745 -101.49904 
    -111.20232 -102.01646 
    -111.63400 -102.58508 
    -112.01341 -103.17947 
    -112.35433 -103.78011 
    -112.66935 -104.37566 
    -112.96703 -104.96256 
    -113.29102 -105.51728 
    -113.62877 -106.06104 
    -113.93169 -106.62591 
    -114.19836 -107.20967 
    -114.42747 -107.80999 
    -114.61790 -108.42445 
    -114.76871 -109.05050 
    -114.87913 -109.68557 
    -114.94853 -110.32698 
