39 25 
Cell 0 100 -118.27666 -151.14951 
    -128.27682 -151.14951 
    -128.25710 -151.77742 
    -128.19797 -152.40286 
    -128.09969 -153.02335 
    -127.96263 -153.63644 
    -127.78735 -154.23972 
    -127.57455 -154.83080 
    -127.32504 -155.40735 
    -127.03983 -155.96710 
    -126.72002 -156.50783 
    -126.36691 -157.02740 
    -125.98185 -157.52379 
    -125.56639 -157.99503 
    -125.12217 -158.43924 
    -124.65092 -158.85468 
    -124.15453 -159.23970 
    -123.63494 -159.59280 
    -123.09420 -159.91258 
    -122.53490 -160.19873 
    -121.96230 -160.45837 
    -121.37630 -160.68924 
    -120.77581 -160.88307 
    -120.16315 -161.03888 
    -119.54075 -161.15581 
    -118.91107 -161.23318 
    -118.27666 -161.27051 
    -117.64009 -161.26740 
    -117.00399 -161.22368 
    -116.37099 -161.13936 
    -115.74374 -161.01459 
    -115.12486 -160.84972 
    -114.51701 -160.64528 
    -113.92278 -160.40198 
    -113.34469 -160.12071 
    -112.78528 -159.80254 
    -112.24695 -159.44868 
    -111.73204 -159.06058 
    -111.24282 -158.63979 
    -110.78143 -158.18800 
    -110.34988 -157.70711 
    -109.95005 -157.19914 
    -109.58372 -156.66621 
    -109.25248 -156.11058 
    -108.95776 -155.53464 
    -108.70131 -154.94066 
    -108.48373 -154.33142 
    -108.29980 -153.71112 
    -108.47819 -153.01866 
    -108.77707 -152.34958 
    -108.98541 -151.73407 
    -109.16914 -151.14951 
    -109.34150 -150.58736 
    -109.50771 -150.04173 
    -109.67455 -149.50856 
    -109.84811 -148.98543 
    -109.99207 -148.45769 
    -110.15710 -147.93474 
    -110.34296 -147.41620 
    -110.54368 -146.89825 
    -110.75520 -146.37625 
    -110.96167 -145.83485 
    -111.15709 -145.25969 
    -111.31215 -144.60939 
    -111.08800 -143.49435 
    -110.39394 -141.62094 
    -111.11353 -141.29030 
    -112.09405 -141.40727 
    -113.00304 -141.55682 
    -113.79291 -141.62105 
    -114.51579 -141.65065 
    -115.19388 -141.66168 
    -115.84109 -141.66357 
    -116.45656 -141.60823 
    -117.06332 -141.54494 
    -117.66787 -141.47313 
    -118.27666 -141.37918 
    -118.90218 -141.20708 
    -119.55489 -141.03130 
    -120.24527 -140.82970 
    -120.99685 -140.55508 
    -121.74999 -140.45967 
    -122.37070 -140.80911 
    -122.93446 -141.25119 
    -123.47784 -141.68858 
    -124.00852 -142.11752 
    -124.50538 -142.57642 
    -125.07027 -142.93744 
    -125.86389 -143.06992 
    -125.86284 -144.02560 
    -126.18100 -144.61047 
    -126.52253 -145.15854 
    -126.83305 -145.71945 
    -127.11234 -146.29205 
    -127.36007 -146.87518 
    -127.57659 -147.46741 
    -127.78741 -148.05928 
    -127.96268 -148.66255 
    -128.09972 -149.27565 
    -128.19798 -149.89615 
    -128.25711 -150.52159 
Cell 1 100 -100.09088 -147.35300 
    -110.36745 -147.35300 
    -110.14115 -147.98531 
    -109.95354 -148.59894 
    -109.77670 -149.20067 
    -109.58617 -149.79097 
    -109.40488 -150.37929 
    -109.22442 -150.96922 
    -109.03898 -151.56366 
    -108.84023 -152.16298 
    -108.59753 -152.75148 
    -108.30415 -153.32028 
    -107.87664 -153.79393 
    -107.43031 -154.24518 
    -106.96431 -154.67245 
    -106.48277 -155.07945 
    -105.98775 -155.46936 
    -105.46894 -155.82745 
    -104.92834 -156.15228 
    -104.36809 -156.44252 
    -103.79041 -156.69693 
    -103.19759 -156.91447 
    -102.59200 -157.09424 
    -101.97606 -157.23544 
    -101.35222 -157.33749 
    -100.72298 -157.39993 
    -100.09088 -157.42250 
    -99.45846 -157.40504 
    -98.82826 -157.34764 
    -98.20284 -157.25046 
    -97.58471 -157.11391 
    -96.97636 -156.93849 
    -96.38028 -156.72490 
    -95.79886 -156.47401 
    -95.23444 -156.18683 
    -94.68933 -155.86449 
    -94.16571 -155.50830 
    -93.66570 -155.11971 
    -93.19131 -154.70029 
    -92.74446 -154.25174 
    -92.32693 -153.77589 
    -91.94041 -153.27466 
    -91.58503 -152.75098 
    -91.25022 -152.21320 
    -90.94447 -151.65697 
    -90.66747 -151.08398 
    -90.67724 -150.41167 
    -90.67744 -149.76996 
    -90.67023 -149.15009 
    -90.66003 -148.54439 
    -90.65042 -147.94695 
    -90.64033 -147.35300 
    -90.63453 -146.75806 
    -90.63656 -146.15863 
    -90.64790 -145.55165 
    -90.66375 -144.93253 
    -90.68972 -144.29837 
    -90.72341 -143.64415 
    -90.75802 -142.96129 
    -90.77577 -142.23198 
    -90.71178 -141.40083 
    -91.08102 -140.80695 
    -91.53632 -140.27605 
    -92.03845 -139.79126 
    -92.58020 -139.35493 
    -93.15386 -138.96759 
    -93.75193 -138.62817 
    -94.36755 -138.33446 
    -94.99488 -138.08340 
    -95.62933 -137.87172 
    -96.26752 -137.69629 
    -96.90716 -137.55452 
    -97.50387 -137.27724 
    -98.11566 -136.99852 
    -98.75388 -136.76956 
    -99.41536 -136.61589 
    -100.09088 -136.55838 
    -100.76701 -136.60619 
    -101.42992 -136.75342 
    -102.06940 -136.98123 
    -102.68121 -137.26434 
    -103.26671 -137.57880 
    -103.87099 -137.80554 
    -104.49538 -137.99295 
    -105.11909 -138.20673 
    -105.74243 -138.44759 
    -106.32568 -138.77153 
    -106.89093 -139.13316 
    -107.47958 -139.48483 
    -108.06711 -139.86282 
    -108.64218 -140.27875 
    -109.20692 -140.72981 
    -109.80458 -141.18849 
    -110.34628 -141.71504 
    -110.67276 -142.37355 
    -110.92793 -143.06232 
    -111.14187 -143.76231 
    -111.28586 -144.47861 
    -111.16151 -145.24117 
    -110.90364 -145.98703 
    -110.62804 -146.69005 
Cell 2 100 -80.23149 -148.64204 
    -90.66168 -148.64204 
    -90.67197 -149.29890 
    -90.67738 -149.96167 
    -90.67400 -150.63406 
    -90.56696 -151.29575 
    -90.26041 -151.90063 
    -89.93592 -152.48430 
    -89.59373 -153.04758 
    -89.23349 -153.59093 
    -88.85444 -154.11433 
    -88.45565 -154.61725 
    -88.03629 -155.09872 
    -87.59777 -155.55943 
    -87.17152 -156.03242 
    -86.71978 -156.48505 
    -86.23817 -156.90953 
    -85.72831 -157.30363 
    -85.19207 -157.66530 
    -84.63153 -157.99261 
    -84.04892 -158.28377 
    -83.44660 -158.53714 
    -82.82710 -158.75128 
    -82.19304 -158.92485 
    -81.54717 -159.05675 
    -80.89235 -159.14607 
    -80.23149 -159.19211 
    -79.56760 -159.19437 
    -78.90370 -159.15259 
    -78.24288 -159.06671 
    -77.58820 -158.93698 
    -76.94274 -158.76378 
    -76.30953 -158.54779 
    -75.69156 -158.28989 
    -75.09175 -157.99120 
    -74.51294 -157.65305 
    -73.95784 -157.27699 
    -73.42906 -156.86476 
    -72.92907 -156.41833 
    -72.46017 -155.93980 
    -72.02451 -155.43146 
    -71.62401 -154.89575 
    -71.26046 -154.33524 
    -70.93541 -153.75261 
    -70.65020 -153.15065 
    -70.40084 -152.53427 
    -70.14260 -151.92012 
    -69.91992 -151.28961 
    -69.73499 -150.64436 
    -69.58869 -149.98654 
    -69.48379 -149.31824 
    -69.42403 -148.64204 
    -69.41262 -147.96138 
    -69.45200 -147.28027 
    -69.54397 -146.60329 
    -69.68967 -145.93536 
    -69.88927 -145.28165 
    -70.14187 -144.64728 
    -70.44546 -144.03709 
    -70.79696 -143.45537 
    -71.19244 -142.90569 
    -71.62735 -142.39076 
    -72.12160 -141.93297 
    -72.67780 -141.54865 
    -73.22464 -141.18050 
    -73.75953 -140.81877 
    -74.29159 -140.46646 
    -74.83550 -140.13933 
    -75.39311 -139.84106 
    -75.94830 -139.53979 
    -76.51682 -139.25984 
    -77.10066 -139.00635 
    -77.69886 -138.77811 
    -78.31090 -138.57393 
    -78.93671 -138.39285 
    -79.57669 -138.23430 
    -80.23149 -138.09828 
    -80.90389 -137.95459 
    -81.60011 -137.80833 
    -82.30911 -137.75078 
    -83.01352 -137.80678 
    -83.76076 -137.78008 
    -84.52398 -137.80046 
    -85.27828 -137.91707 
    -86.00768 -138.13521 
    -86.75949 -138.35558 
    -87.49646 -138.64268 
    -88.20824 -138.99980 
    -88.88387 -139.42819 
    -89.51234 -139.92674 
    -90.08332 -140.49190 
    -90.58778 -141.11777 
    -90.75510 -141.96356 
    -90.76064 -142.85359 
    -90.72021 -143.70644 
    -90.68127 -144.50468 
    -90.65549 -145.25508 
    -90.64009 -145.96957 
    -90.63487 -146.65750 
    -90.64008 -147.32713 
    -90.65105 -147.98650 
Cell 3 100 -59.53992 -154.81508 
    -69.68974 -154.81508 
    -69.64499 -155.45084 
    -69.56311 -156.08130 
    -69.44478 -156.70453 
    -69.29057 -157.31862 
    -69.10101 -157.92166 
    -68.87661 -158.51173 
    -68.61794 -159.08687 
    -68.32562 -159.64507 
    -68.00045 -160.18430 
    -67.64561 -160.70421 
    -67.25966 -161.20140 
    -66.84320 -161.67331 
    -66.39790 -162.11809 
    -65.92551 -162.53394 
    -65.42794 -162.91925 
    -64.90714 -163.27246 
    -64.36520 -163.59221 
    -63.80424 -163.87723 
    -63.22653 -164.12639 
    -62.63434 -164.33871 
    -62.03002 -164.51337 
    -61.41597 -164.64967 
    -60.79463 -164.74712 
    -60.16845 -164.80530 
    -59.53992 -164.82402 
    -58.91152 -164.80321 
    -58.28574 -164.74298 
    -57.66494 -164.64410 
    -57.05132 -164.50757 
    -56.44722 -164.33344 
    -55.85478 -164.12268 
    -55.27600 -163.87637 
    -54.71266 -163.59584 
    -54.16633 -163.28250 
    -53.63832 -162.93793 
    -53.12967 -162.56374 
    -52.64116 -162.16151 
    -52.17331 -161.73279 
    -51.72652 -161.27888 
    -51.30112 -160.80092 
    -50.89751 -160.29971 
    -50.51641 -159.77580 
    -50.15893 -159.22945 
    -49.82683 -158.66077 
    -49.52263 -158.06990 
    -49.24965 -157.45717 
    -49.01199 -156.82339 
    -48.81439 -156.17003 
    -48.66153 -155.49950 
    -48.73038 -154.81508 
    -49.28299 -154.16977 
    -49.65454 -153.56627 
    -49.97134 -152.98978 
    -50.26720 -152.43425 
    -50.56211 -151.89801 
    -50.85953 -151.37827 
    -51.17171 -150.87730 
    -51.50172 -150.39604 
    -51.84001 -149.92857 
    -52.19667 -149.47990 
    -52.56097 -149.04160 
    -52.93549 -148.61311 
    -53.31906 -148.19054 
    -53.70058 -147.75653 
    -54.08387 -147.30547 
    -54.46045 -146.81110 
    -54.81891 -146.22758 
    -55.19392 -145.57935 
    -55.80018 -145.36957 
    -56.41289 -145.19107 
    -57.03126 -145.04448 
    -57.65437 -144.93068 
    -58.28112 -144.85065 
    -58.90977 -144.79910 
    -59.53992 -144.76662 
    -60.17183 -144.77110 
    -60.80354 -144.81255 
    -61.43306 -144.89091 
    -62.05840 -145.00627 
    -62.67804 -145.15697 
    -63.29502 -145.33080 
    -63.89344 -145.56340 
    -64.47346 -145.84102 
    -65.04276 -146.14400 
    -65.59228 -146.48473 
    -66.11869 -146.86272 
    -66.61857 -147.27708 
    -67.08855 -147.72646 
    -67.52543 -148.20889 
    -67.92635 -148.72198 
    -68.28891 -149.26280 
    -68.61121 -149.82809 
    -68.89197 -150.41434 
    -69.13048 -151.01791 
    -69.32655 -151.63521 
    -69.48048 -152.26277 
    -69.59289 -152.89737 
    -69.66460 -153.53604 
    -69.69656 -154.17607 
Cell 4 100 -42.92256 -146.48611 
    -54.66009 -146.48611 
    -54.16901 -147.19368 
    -53.62845 -147.83858 
    -53.10334 -148.42821 
    -52.61861 -148.97565 
    -52.18432 -149.49544 
    -51.79039 -149.99713 
    -51.43582 -150.49214 
    -51.10495 -150.98442 
    -50.79874 -151.48448 
    -50.50766 -151.99701 
    -50.21993 -152.52301 
    -49.92944 -153.06602 
    -49.62156 -153.61983 
    -49.28098 -154.17212 
    -48.86213 -154.66122 
    -48.40911 -155.13153 
    -47.87278 -155.49054 
    -47.31815 -155.82721 
    -46.74021 -156.12839 
    -46.14127 -156.39229 
    -45.52379 -156.61726 
    -44.89039 -156.80185 
    -44.24380 -156.94478 
    -43.58686 -157.04495 
    -42.92256 -157.10147 
    -42.25393 -157.11375 
    -41.58407 -157.08133 
    -40.91616 -157.00404 
    -40.25336 -156.88193 
    -39.59888 -156.71535 
    -38.95586 -156.50485 
    -38.32745 -156.25122 
    -37.71670 -155.95554 
    -37.12660 -155.61908 
    -36.56002 -155.24339 
    -36.01970 -154.83023 
    -35.50825 -154.38155 
    -35.02809 -153.89951 
    -34.58149 -153.38644 
    -34.17048 -152.84486 
    -33.79691 -152.27744 
    -33.46237 -151.68690 
    -33.16825 -151.07614 
    -32.91570 -150.44810 
    -32.70559 -149.80580 
    -32.53859 -149.15227 
    -32.41512 -148.49051 
    -32.33535 -147.82359 
    -32.29926 -147.15448 
    -32.30656 -146.48611 
    -32.35685 -145.82138 
    -32.44946 -145.16306 
    -32.58362 -144.51385 
    -32.75837 -143.87639 
    -32.97264 -143.25319 
    -33.22522 -142.64667 
    -33.51480 -142.05916 
    -33.83993 -141.49290 
    -34.19911 -140.95004 
    -34.59070 -140.43266 
    -35.01297 -139.94273 
    -35.48896 -139.50551 
    -36.00737 -139.12219 
    -36.55656 -138.79094 
    -37.09640 -138.46709 
    -37.62860 -138.14418 
    -38.16032 -137.82362 
    -38.69676 -137.50583 
    -39.24207 -137.19028 
    -39.79986 -136.87544 
    -40.37358 -136.55850 
    -40.96700 -136.23470 
    -41.58474 -135.89619 
    -42.23452 -135.55008 
    -42.92256 -135.34834 
    -43.62976 -135.24547 
    -44.35574 -135.14134 
    -45.08207 -135.16554 
    -45.81067 -135.23767 
    -46.55502 -135.30656 
    -47.30145 -135.42632 
    -48.04544 -135.59944 
    -48.78191 -135.82800 
    -49.50521 -136.11353 
    -50.20930 -136.45679 
    -50.88783 -136.85776 
    -51.53437 -137.31546 
    -52.14253 -137.82799 
    -52.70618 -138.39240 
    -53.21968 -139.00482 
    -53.67802 -139.66049 
    -54.07698 -140.35391 
    -54.41331 -141.07898 
    -54.68475 -141.82913 
    -54.89012 -142.59763 
    -55.02932 -143.37762 
    -55.10324 -144.16252 
    -55.11291 -144.94612 
    -55.07425 -145.72160 
Cell 5 100 -11.77690 -150.62943 
    -22.15184 -150.62943 
    -22.16311 -151.28287 
    -22.13155 -151.93752 
    -22.05696 -152.59045 
    -21.93937 -153.23871 
    -21.77900 -153.87930 
    -21.57631 -154.50929 
    -21.33200 -155.12572 
    -21.04695 -155.72568 
    -20.72230 -156.30635 
    -20.35937 -156.86496 
    -19.95974 -157.39885 
    -19.52511 -157.90547 
    -19.05746 -158.38243 
    -18.55888 -158.82744 
    -18.03169 -159.23840 
    -17.47831 -159.61340 
    -16.90131 -159.95070 
    -16.30341 -160.24875 
    -15.68741 -160.50626 
    -15.05619 -160.72205 
    -14.41273 -160.89529 
    -13.76002 -161.02533 
    -13.10112 -161.11169 
    -12.43906 -161.15422 
    -11.77690 -161.15291 
    -11.11764 -161.10802 
    -10.46426 -161.02003 
    -9.81966 -160.88963 
    -9.18667 -160.71771 
    -8.56803 -160.50531 
    -7.96634 -160.25378 
    -7.38413 -159.96454 
    -6.82375 -159.63918 
    -6.28742 -159.27946 
    -5.77721 -158.88728 
    -5.29501 -158.46468 
    -4.84259 -158.01372 
    -4.39827 -157.55841 
    -3.95777 -157.09798 
    -3.54406 -156.61093 
    -3.15882 -156.09862 
    -2.80374 -155.56247 
    -2.50504 -154.99243 
    -2.25933 -154.39769 
    -2.09889 -153.77400 
    -1.98468 -153.14365 
    -1.88006 -152.51735 
    -1.78825 -151.89128 
    -1.71141 -151.26270 
    -1.65077 -150.62943 
    -1.60650 -149.98956 
    -1.53243 -149.33525 
    -1.34717 -148.63985 
    -1.14669 -147.90005 
    -0.92738 -147.10420 
    -0.65963 -146.22780 
    -0.29640 -145.22711 
    -0.64692 -144.51067 
    -1.15114 -143.88611 
    -1.76757 -143.35722 
    -2.46470 -142.92570 
    -3.20855 -142.58321 
    -3.96805 -142.31384 
    -4.71916 -142.09808 
    -5.44672 -141.91669 
    -6.14434 -141.75394 
    -6.80832 -141.59161 
    -7.39937 -141.32672 
    -8.00349 -141.09889 
    -8.61833 -140.90836 
    -9.24165 -140.75526 
    -9.85694 -140.56464 
    -10.47991 -140.36267 
    -11.12278 -140.23257 
    -11.77690 -140.13721 
    -12.43839 -140.11542 
    -13.10216 -140.13890 
    -13.77233 -140.16901 
    -14.45095 -140.21468 
    -15.13965 -140.27992 
    -15.84191 -140.36240 
    -16.52417 -140.54097 
    -17.14198 -140.87039 
    -17.67794 -141.33087 
    -18.16326 -141.83936 
    -18.60243 -142.37877 
    -19.00241 -142.93504 
    -19.37063 -143.49844 
    -19.71330 -144.06386 
    -20.03439 -144.63000 
    -20.33529 -145.19810 
    -20.61518 -145.77054 
    -20.93243 -146.32117 
    -21.22138 -146.89009 
    -21.47427 -147.47856 
    -21.68963 -148.08427 
    -21.86615 -148.70480 
    -22.00265 -149.33762 
    -22.09815 -149.98007 
Cell 6 100 7.62659 -152.80901 
    -1.92878 -152.80901 
    -2.03417 -153.41681 
    -2.16898 -154.04646 
    -2.39260 -154.72026 
    -2.75808 -155.47534 
    -3.01954 -156.26814 
    -2.84801 -156.95619 
    -2.58426 -157.61388 
    -2.27487 -158.25238 
    -1.92129 -158.86827 
    -1.52525 -159.45821 
    -1.08887 -160.01906 
    -0.61446 -160.54787 
    -0.10458 -161.04187 
    0.43797 -161.49855 
    1.01022 -161.91566 
    1.60903 -162.29115 
    2.23111 -162.62335 
    2.87304 -162.91083 
    3.53135 -163.15242 
    4.20248 -163.34735 
    4.88288 -163.49507 
    5.56898 -163.59540 
    6.25726 -163.64841 
    6.94426 -163.65443 
    7.62659 -163.61414 
    8.30101 -163.52852 
    8.96437 -163.39862 
    9.61373 -163.22592 
    10.24626 -163.01193 
    10.85936 -162.75844 
    11.45064 -162.46745 
    12.01785 -162.14090 
    12.60738 -161.86902 
    13.19124 -161.57748 
    13.76019 -161.25117 
    14.31215 -160.89046 
    14.84488 -160.49570 
    15.35602 -160.06741 
    15.84304 -159.60625 
    16.30328 -159.11299 
    16.73392 -158.58868 
    17.13206 -158.03468 
    17.49476 -157.45261 
    17.81905 -156.84448 
    18.10207 -156.21269 
    18.34110 -155.56003 
    18.53365 -154.88963 
    18.67755 -154.20506 
    18.77102 -153.51015 
    18.81275 -152.80901 
    18.80159 -152.10594 
    18.71347 -151.40842 
    18.54873 -150.72551 
    18.35995 -150.05315 
    18.14418 -149.39163 
    17.90220 -148.74060 
    17.63502 -148.09940 
    17.30337 -147.48915 
    16.90801 -146.91884 
    16.47570 -146.37976 
    16.00976 -145.87386 
    15.51355 -145.40266 
    14.99042 -144.96733 
    14.44359 -144.56868 
    13.87616 -144.20721 
    13.29105 -143.88326 
    12.69101 -143.59686 
    12.07858 -143.34804 
    11.45614 -143.13667 
    10.82588 -142.96260 
    10.18988 -142.82567 
    9.55009 -142.72568 
    8.93805 -142.42773 
    8.30192 -142.07501 
    7.62659 -141.68225 
    6.90149 -141.28381 
    6.13171 -140.97578 
    5.33252 -140.78302 
    4.52033 -140.71092 
    3.76557 -140.92598 
    3.09459 -141.36246 
    2.52543 -141.96849 
    2.05228 -142.66937 
    1.60748 -143.32440 
    1.04828 -143.75475 
    0.53724 -144.23944 
    0.07670 -144.76918 
    -0.33350 -145.33398 
    -0.58321 -146.01726 
    -0.79987 -146.68683 
    -0.99218 -147.33936 
    -1.16693 -147.97473 
    -1.33430 -148.59233 
    -1.49567 -149.19725 
    -1.58679 -149.81540 
    -1.63701 -150.43051 
    -1.68931 -151.03189 
    -1.75555 -151.62376 
    -1.83553 -152.21370 
Cell 7 100 27.41779 -145.50623 
    17.22372 -145.50623 
    17.20762 -146.14859 
    17.25356 -146.79027 
    17.37843 -147.42134 
    17.59621 -148.02798 
    17.84988 -148.61504 
    18.07493 -149.20532 
    18.27946 -149.80640 
    18.46519 -150.42796 
    18.63434 -151.08038 
    18.80717 -151.76221 
    19.19147 -152.31163 
    19.61281 -152.83560 
    20.06944 -153.33144 
    20.55943 -153.79657 
    21.08062 -154.22859 
    21.63067 -154.62527 
    22.20706 -154.98451 
    22.80710 -155.30446 
    23.42795 -155.58344 
    24.06665 -155.81999 
    24.72013 -156.01294 
    25.38523 -156.16129 
    26.05873 -156.26431 
    26.73735 -156.32161 
    27.41779 -156.33293 
    28.09678 -156.29834 
    28.77102 -156.21814 
    29.43731 -156.09288 
    30.09247 -155.92340 
    30.73343 -155.71072 
    31.35723 -155.45612 
    31.96104 -155.16112 
    32.54213 -154.82736 
    33.09798 -154.45676 
    33.62621 -154.05138 
    34.12467 -153.61345 
    34.59134 -153.14528 
    35.02450 -152.64940 
    35.42259 -152.12837 
    35.78435 -151.58488 
    36.04580 -150.98172 
    36.27654 -150.37636 
    36.51711 -149.78804 
    36.76608 -149.20747 
    37.02450 -148.62762 
    37.29613 -148.04256 
    37.58667 -147.44604 
    37.90916 -146.83159 
    38.25547 -146.18808 
    38.35615 -145.50623 
    38.40454 -144.81500 
    38.40733 -144.11792 
    38.36293 -143.41833 
    38.27000 -142.71985 
    38.12755 -142.02641 
    37.93500 -141.34216 
    37.69223 -140.67145 
    37.39967 -140.01865 
    37.05826 -139.38820 
    36.66954 -138.78444 
    36.23561 -138.21150 
    35.75908 -137.67323 
    35.24306 -137.17317 
    34.69108 -136.71434 
    34.17604 -136.20430 
    33.61096 -135.74736 
    32.99387 -135.36337 
    32.33344 -135.05995 
    31.64046 -134.84099 
    30.92685 -134.70648 
    30.20458 -134.65239 
    29.48465 -134.67140 
    28.78454 -134.68732 
    28.09824 -134.69087 
    27.41779 -134.51373 
    26.71738 -134.37349 
    25.99934 -134.27805 
    25.26788 -134.23598 
    24.52917 -134.25580 
    23.79131 -134.34505 
    23.06384 -134.50941 
    22.35724 -134.75201 
    21.68201 -135.07288 
    21.04787 -135.46884 
    20.46290 -135.93364 
    19.93293 -136.45859 
    19.46117 -137.03328 
    19.04814 -137.64659 
    18.69196 -138.28758 
    18.38885 -138.94632 
    18.13381 -139.61444 
    17.92137 -140.28552 
    17.74622 -140.95514 
    17.60383 -141.62061 
    17.49071 -142.28073 
    17.40466 -142.93529 
    17.34468 -143.58467 
    17.31080 -144.22942 
    17.29054 -144.86908 
Cell 8 100 45.79849 -152.81071 
    35.75652 -152.81071 
    35.77835 -153.44113 
    35.83233 -154.06973 
    35.92413 -154.69435 
    36.05505 -155.31241 
    36.22485 -155.92137 
    36.43294 -156.51880 
    36.67856 -157.10223 
    36.96078 -157.66928 
    37.27851 -158.21765 
    37.63056 -158.74507 
    38.01551 -159.24936 
    38.43187 -159.72844 
    38.87796 -160.18033 
    39.35202 -160.60316 
    39.85215 -160.99516 
    40.37630 -161.35472 
    40.92237 -161.68034 
    41.48815 -161.97066 
    42.07132 -162.22447 
    42.66951 -162.44073 
    43.28027 -162.61853 
    43.90110 -162.75717 
    44.52947 -162.85605 
    45.16280 -162.91478 
    45.79849 -162.93314 
    46.43395 -162.91107 
    47.06659 -162.84869 
    47.69380 -162.74629 
    48.31306 -162.60431 
    48.92183 -162.42336 
    49.51765 -162.20424 
    50.09812 -161.94789 
    50.66089 -161.65538 
    51.20371 -161.32797 
    51.72441 -160.96704 
    52.22093 -160.57411 
    52.69130 -160.15080 
    53.13367 -159.69891 
    53.54634 -159.22029 
    53.92768 -158.71692 
    54.27625 -158.19086 
    54.59072 -157.64429 
    54.86992 -157.07941 
    55.11281 -156.49852 
    55.31857 -155.90398 
    55.48709 -155.29832 
    55.62169 -154.68459 
    55.68285 -154.05939 
    55.67212 -153.43190 
    55.62103 -152.81071 
    55.55825 -152.19667 
    55.48611 -151.58688 
    55.41222 -150.97681 
    55.33968 -150.36095 
    55.27579 -149.73135 
    55.10468 -149.12613 
    54.85572 -148.54871 
    54.57094 -147.98802 
    54.25365 -147.44490 
    53.90718 -146.91940 
    53.53218 -146.41286 
    53.13101 -145.92502 
    52.70579 -145.45518 
    52.25801 -145.00250 
    51.78820 -144.56659 
    51.29577 -144.14839 
    50.77913 -143.75096 
    50.23623 -143.38004 
    49.76601 -142.78992 
    49.27210 -142.12004 
    48.56974 -142.01744 
    47.79488 -142.34528 
    47.13348 -142.24319 
    46.46533 -142.21158 
    45.79849 -142.06720 
    45.12078 -142.03879 
    44.46742 -142.27423 
    43.85851 -142.64095 
    43.25038 -142.88649 
    42.65298 -143.12982 
    42.07127 -143.39684 
    41.50509 -143.68678 
    40.95496 -144.00037 
    40.42214 -144.33894 
    39.90850 -144.70384 
    39.41625 -145.09590 
    38.94664 -145.51424 
    38.50264 -145.95946 
    38.11303 -146.45274 
    37.81524 -147.01054 
    37.52964 -147.56314 
    37.26139 -148.11740 
    37.00447 -148.67256 
    36.75616 -149.23061 
    36.51459 -149.79419 
    36.28041 -150.36690 
    36.05696 -150.95241 
    35.82782 -151.55113 
    35.76090 -152.17920 
Cell 9 100 66.10967 -153.03465 
    55.63944 -153.03465 
    55.67655 -153.69106 
    55.66130 -154.35458 
    55.60433 -155.03865 
    55.57021 -155.74072 
    55.73772 -156.40471 
    55.94447 -157.05934 
    56.19177 -157.70166 
    56.48033 -158.32843 
    56.81024 -158.93625 
    57.18090 -159.52179 
    57.59118 -160.08176 
    58.03939 -160.61314 
    58.52350 -161.11310 
    59.04120 -161.57896 
    59.58997 -162.00826 
    60.16696 -162.39886 
    60.76929 -162.74876 
    61.39380 -163.05638 
    62.03731 -163.32027 
    62.69646 -163.53941 
    63.36793 -163.71303 
    64.04831 -163.84070 
    64.73422 -163.92244 
    65.42241 -163.95844 
    66.10967 -163.94937 
    66.79302 -163.89622 
    67.46970 -163.80034 
    68.13718 -163.66319 
    68.79329 -163.48665 
    69.43623 -163.27275 
    70.06453 -163.02348 
    70.67715 -162.74103 
    71.27328 -162.42722 
    71.85249 -162.08389 
    72.41449 -161.71249 
    72.95898 -161.31404 
    73.48556 -160.88918 
    73.99351 -160.43806 
    74.48170 -159.96059 
    74.94828 -159.45628 
    75.39070 -158.92458 
    75.80556 -158.36501 
    76.14799 -157.75833 
    76.24342 -157.04689 
    76.35857 -156.36473 
    76.53206 -155.71066 
    76.68536 -155.05208 
    76.78204 -154.38289 
    76.83315 -153.70932 
    76.84204 -153.03465 
    76.80554 -152.36172 
    76.73600 -151.69223 
    76.64317 -151.02528 
    76.53017 -150.35913 
    76.40630 -149.68907 
    76.22549 -149.02951 
    75.95338 -148.40254 
    75.65481 -147.78717 
    75.33273 -147.18153 
    74.98636 -146.58536 
    74.61538 -145.99812 
    74.21942 -145.41910 
    73.79837 -144.84703 
    73.35255 -144.27953 
    72.88268 -143.71242 
    72.36069 -143.18462 
    71.73373 -142.80453 
    71.07666 -142.47926 
    70.39498 -142.21120 
    69.69449 -142.00172 
    68.97955 -141.85721 
    68.25536 -141.78656 
    67.53108 -141.78304 
    66.81551 -141.81566 
    66.10967 -141.86243 
    65.41312 -141.96327 
    64.73040 -142.11664 
    64.06335 -142.30748 
    63.41867 -142.55391 
    62.79542 -142.83443 
    62.19489 -143.14705 
    61.61794 -143.48923 
    61.06517 -143.85873 
    60.53714 -144.25375 
    60.03437 -144.67271 
    59.55743 -145.11435 
    59.10699 -145.57755 
    58.57419 -145.95836 
    58.02819 -146.34908 
    57.47818 -146.76350 
    56.93415 -147.21169 
    56.41444 -147.70465 
    55.94401 -148.25105 
    55.55023 -148.85388 
    55.25676 -149.50833 
    55.33014 -150.26694 
    55.41435 -150.99442 
    55.49880 -151.69420 
    55.57617 -152.37195 
Cell 10 100 85.07562 -143.42815 
    72.60154 -143.42815 
    73.26291 -144.17134 
    73.80225 -144.85231 
    74.26780 -145.48984 
    74.67830 -146.09772 
    75.04549 -146.68713 
    75.37846 -147.26752 
    75.68407 -147.84747 
    75.96761 -148.43532 
    76.22902 -149.04237 
    76.64616 -149.55251 
    77.11922 -150.01025 
    77.59835 -150.44977 
    78.08722 -150.87004 
    78.58900 -151.26913 
    79.10607 -151.64453 
    79.63985 -151.99355 
    80.19090 -152.31343 
    80.75887 -152.60172 
    81.34280 -152.85617 
    81.94119 -153.07492 
    82.55215 -153.25644 
    83.17348 -153.39951 
    83.80284 -153.50322 
    84.43774 -153.56689 
    85.07562 -153.59012 
    85.71387 -153.57271 
    86.35027 -153.51802 
    86.98254 -153.42453 
    87.60826 -153.29211 
    88.22517 -153.12144 
    88.83107 -152.91331 
    89.42390 -152.66872 
    90.00172 -152.38870 
    90.56273 -152.07445 
    91.10523 -151.72720 
    91.62771 -151.34825 
    92.12872 -150.93893 
    92.60698 -150.50056 
    93.06126 -150.03444 
    93.49043 -149.54185 
    93.89336 -149.02405 
    94.26894 -148.48222 
    94.61603 -147.91753 
    94.93340 -147.33112 
    95.21971 -146.72417 
    95.47353 -146.09787 
    95.69324 -145.45357 
    95.87711 -144.79269 
    96.02322 -144.11691 
    96.12957 -143.42815 
    96.19408 -142.72864 
    96.21465 -142.02097 
    96.18925 -141.30811 
    96.11598 -140.59346 
    95.99318 -139.88081 
    95.81954 -139.17433 
    95.48787 -138.52852 
    95.03857 -137.95097 
    94.49751 -137.44884 
    93.97871 -136.95969 
    93.48121 -136.47444 
    92.99447 -135.99185 
    92.51158 -135.50966 
    92.02805 -135.02411 
    91.54019 -134.53043 
    91.01329 -134.07187 
    90.46375 -133.62717 
    89.89703 -133.18213 
    89.31654 -132.71681 
    88.64140 -132.45383 
    87.92471 -132.33167 
    87.20566 -132.26208 
    86.48858 -132.24345 
    85.77740 -132.27371 
    85.07562 -132.35052 
    84.38628 -132.47137 
    83.71196 -132.63362 
    83.05481 -132.83469 
    82.41663 -133.07204 
    81.79884 -133.34325 
    81.20264 -133.64610 
    80.62900 -133.97859 
    80.07876 -134.33888 
    79.55266 -134.72536 
    79.00869 -135.07774 
    78.39186 -135.34886 
    77.76305 -135.64105 
    77.12204 -135.95923 
    76.47160 -136.31027 
    75.81839 -136.70238 
    75.17336 -137.14398 
    74.63790 -137.68996 
    74.11491 -138.27043 
    73.59507 -138.88268 
    73.10774 -139.53955 
    72.68147 -140.24586 
    72.45837 -141.02127 
    72.35528 -141.82120 
    72.37382 -142.62901 
Cell 11 100 110.15264 -150.27530 
    99.98761 -150.27530 
    99.99818 -150.91417 
    100.04958 -151.55162 
    100.14169 -152.18500 
    100.27422 -152.81165 
    100.44670 -153.42896 
    100.65849 -154.03430 
    100.90876 -154.62514 
    101.19651 -155.19897 
    101.52058 -155.75337 
    101.87964 -156.28598 
    102.27220 -156.79457 
    102.69663 -157.27696 
    103.15115 -157.73114 
    103.63383 -158.15518 
    104.14266 -158.54733 
    104.67547 -158.90594 
    105.23000 -159.22955 
    105.80391 -159.51683 
    106.39476 -159.76662 
    107.00007 -159.97792 
    107.61726 -160.14995 
    108.24376 -160.28203 
    108.87691 -160.37372 
    109.51409 -160.42474 
    110.15264 -160.43500 
    110.78992 -160.40460 
    111.42333 -160.33383 
    112.05029 -160.22316 
    112.66834 -160.07330 
    113.27508 -159.88518 
    113.86829 -159.65994 
    114.44592 -159.39897 
    115.00623 -159.10394 
    115.54780 -158.77670 
    116.06966 -158.41937 
    116.57132 -158.03415 
    117.05286 -157.62329 
    117.51490 -157.18892 
    117.95850 -156.73286 
    118.38493 -156.25641 
    118.79545 -155.76019 
    119.19074 -155.24403 
    119.57055 -154.70703 
    119.93309 -154.14764 
    120.27469 -153.56415 
    120.58958 -152.95505 
    120.87000 -152.31975 
    121.10661 -151.65910 
    121.28930 -150.97595 
    121.40816 -150.27530 
    121.45473 -149.56422 
    121.42301 -148.85152 
    121.31030 -148.14687 
    121.43916 -147.37741 
    121.62585 -146.54742 
    121.26759 -145.87459 
    120.47346 -145.41869 
    119.68324 -145.03581 
    119.20916 -144.52786 
    118.70971 -144.05823 
    118.19292 -143.62379 
    117.66470 -143.22101 
    117.12872 -142.84653 
    116.58684 -142.49770 
    116.06403 -142.13898 
    115.54756 -141.77426 
    115.01222 -141.43575 
    114.45992 -141.12189 
    113.89165 -140.83165 
    113.30747 -140.56572 
    112.70675 -140.32770 
    112.08899 -140.12459 
    111.45497 -139.96626 
    110.80770 -139.86343 
    110.15264 -139.82486 
    109.49703 -139.85472 
    108.82613 -139.77486 
    108.10577 -139.54526 
    107.34528 -139.34137 
    106.57289 -139.25797 
    105.83982 -139.38237 
    105.19827 -139.74672 
    104.67335 -140.30850 
    104.25027 -140.97466 
    103.88634 -141.65048 
    103.53711 -142.27849 
    103.17666 -142.84663 
    102.80165 -143.37225 
    102.42287 -143.88068 
    102.02891 -144.37306 
    101.66254 -144.88731 
    101.32893 -145.42442 
    101.02955 -145.98230 
    100.76577 -146.55878 
    100.53880 -147.15157 
    100.34969 -147.75833 
    100.19934 -148.37660 
    100.08852 -149.00391 
    100.01781 -149.63766 
Cell 12 100 -115.75408 -132.28511 
    -127.42035 -132.28511 
    -127.52117 -133.02544 
    -127.56284 -133.77690 
    -127.54440 -134.53424 
    -127.46563 -135.29213 
    -127.32688 -136.04533 
    -127.12917 -136.78882 
    -126.87411 -137.51781 
    -126.56374 -138.22777 
    -126.20056 -138.91464 
    -125.78731 -139.57468 
    -125.32698 -140.20450 
    -124.82275 -140.80115 
    -124.27785 -141.36200 
    -123.64524 -141.82388 
    -121.69804 -140.46625 
    -121.00196 -140.55444 
    -120.41701 -140.76695 
    -119.83169 -140.95047 
    -119.24950 -141.11354 
    -118.67345 -141.27000 
    -118.09619 -141.40703 
    -117.51036 -141.49184 
    -116.92568 -141.55930 
    -116.34129 -141.61859 
    -115.75408 -141.66331 
    -115.16418 -141.66119 
    -114.57082 -141.65155 
    -113.97176 -141.62837 
    -113.36594 -141.58633 
    -112.75479 -141.51598 
    -112.13941 -141.41473 
    -111.49514 -141.33583 
    -110.77789 -141.33676 
    -110.01126 -141.33435 
    -109.47125 -140.93268 
    -108.94264 -140.51874 
    -108.40717 -140.10878 
    -107.84014 -139.71680 
    -107.23079 -139.33620 
    -106.59188 -138.94183 
    -106.01290 -138.46706 
    -105.73092 -137.79539 
    -105.49904 -137.11076 
    -105.31760 -136.41721 
    -105.18659 -135.71869 
    -105.10063 -135.02045 
    -105.05279 -134.32649 
    -105.02744 -133.64020 
    -105.04211 -132.95905 
    -105.07658 -132.28511 
    -104.84805 -131.59895 
    -104.41669 -130.85286 
    -104.07836 -130.05785 
    -103.99414 -129.26567 
    -104.25655 -128.54933 
    -104.82716 -127.95884 
    -105.56224 -127.48920 
    -106.30318 -127.08943 
    -106.91022 -126.67262 
    -107.17366 -126.05107 
    -107.47035 -125.43221 
    -107.80627 -124.82162 
    -108.18773 -124.22776 
    -108.62019 -123.66173 
    -109.10713 -123.13637 
    -109.64898 -122.66501 
    -110.24260 -122.25977 
    -110.88133 -121.92999 
    -111.55560 -121.68094 
    -112.25407 -121.51321 
    -112.96510 -121.42275 
    -113.67798 -121.40180 
    -114.38404 -121.44015 
    -115.07722 -121.52679 
    -115.75408 -121.65141 
    -116.41341 -121.80552 
    -117.05553 -121.98311 
    -117.68158 -122.18079 
    -118.29279 -122.39751 
    -118.88995 -122.63390 
    -119.47319 -122.89171 
    -120.04189 -123.17306 
    -120.59474 -123.47998 
    -121.12997 -123.81408 
    -121.64545 -124.17635 
    -122.13895 -124.56712 
    -122.60991 -124.98440 
    -123.05433 -125.42972 
    -123.46985 -125.90207 
    -123.85594 -126.39877 
    -124.32804 -126.84391 
    -124.81686 -127.30280 
    -125.28033 -127.80240 
    -125.71352 -128.34189 
    -126.11157 -128.91975 
    -126.46971 -129.53380 
    -126.78350 -130.18114 
    -127.04884 -130.85825 
    -127.26215 -131.56108 
Cell 13 100 -89.73135 -124.92459 
    -99.86282 -124.92459 
    -99.85716 -125.56165 
    -99.81096 -126.19794 
    -99.72421 -126.83083 
    -99.59709 -127.45768 
    -99.42999 -128.07587 
    -99.22345 -128.68277 
    -98.97821 -129.27583 
    -98.69518 -129.85249 
    -98.37545 -130.41029 
    -98.02027 -130.94684 
    -97.63107 -131.45981 
    -97.20945 -131.94699 
    -96.75711 -132.40627 
    -96.27596 -132.83566 
    -95.76800 -133.23332 
    -95.23537 -133.59752 
    -94.68031 -133.92670 
    -94.10519 -134.21947 
    -93.51245 -134.47455 
    -92.90462 -134.69090 
    -92.28429 -134.86763 
    -91.65410 -135.00398 
    -91.01675 -135.09949 
    -90.37492 -135.15378 
    -89.73135 -135.16669 
    -89.08877 -135.13826 
    -88.44985 -135.06873 
    -87.81728 -134.95848 
    -87.19370 -134.80812 
    -86.58164 -134.61841 
    -85.98361 -134.39030 
    -85.40202 -134.12489 
    -84.83915 -133.82347 
    -84.29718 -133.48747 
    -83.77385 -133.12439 
    -83.24939 -132.75993 
    -82.74532 -132.36397 
    -82.26352 -131.93736 
    -81.80600 -131.48102 
    -81.37482 -130.99596 
    -80.97217 -130.48334 
    -80.60028 -129.94444 
    -80.26147 -129.38078 
    -79.95811 -128.79408 
    -79.69254 -128.18640 
    -79.46703 -127.56002 
    -79.28375 -126.91758 
    -79.14464 -126.26200 
    -79.05140 -125.59652 
    -79.00536 -124.92459 
    -79.00749 -124.24990 
    -79.05828 -123.57627 
    -79.15777 -122.90757 
    -79.30549 -122.24768 
    -79.50050 -121.60038 
    -79.74139 -120.96928 
    -80.02635 -120.35777 
    -80.28346 -119.73057 
    -80.54749 -119.09634 
    -80.85233 -118.47361 
    -81.19902 -117.86603 
    -81.58829 -117.27775 
    -82.02048 -116.71334 
    -82.49532 -116.17773 
    -83.01188 -115.67603 
    -83.56845 -115.21342 
    -84.16251 -114.79491 
    -84.79071 -114.42519 
    -85.44891 -114.10838 
    -86.13232 -113.84790 
    -86.83557 -113.64626 
    -87.55296 -113.50504 
    -88.27859 -113.42479 
    -89.00661 -113.40501 
    -89.73135 -113.44429 
    -90.44759 -113.54034 
    -91.15060 -113.69016 
    -91.83627 -113.89024 
    -92.50121 -114.13675 
    -93.14266 -114.42565 
    -93.75858 -114.75298 
    -94.34746 -115.11488 
    -94.90827 -115.50782 
    -95.44039 -115.92860 
    -95.93477 -116.38633 
    -96.36298 -116.90833 
    -96.78701 -117.41108 
    -97.20180 -117.90937 
    -97.61153 -118.40555 
    -98.01483 -118.90630 
    -98.40305 -119.42136 
    -98.75828 -119.96200 
    -99.04996 -120.53959 
    -99.27312 -121.14674 
    -99.43405 -121.77200 
    -99.54630 -122.40454 
    -99.63927 -123.03455 
    -99.75343 -123.65851 
    -99.82813 -124.28936 
Cell 14 100 -66.86778 -133.08939 
    -77.61268 -133.08939 
    -77.57998 -133.76334 
    -77.50647 -134.43336 
    -77.39167 -135.09692 
    -77.23536 -135.75133 
    -77.03764 -136.39377 
    -76.79891 -137.02139 
    -76.51997 -137.63136 
    -76.20193 -138.22087 
    -75.84619 -138.78726 
    -75.45442 -139.32794 
    -75.02156 -139.83478 
    -74.51996 -140.27525 
    -73.98559 -140.66908 
    -73.44054 -141.03448 
    -72.90343 -141.39674 
    -72.36897 -141.75786 
    -71.81657 -142.09119 
    -71.24726 -142.39626 
    -70.65424 -142.65286 
    -70.04398 -142.86470 
    -69.41820 -143.02258 
    -68.78877 -143.15956 
    -68.15525 -143.28073 
    -67.51440 -143.36703 
    -66.86778 -143.41862 
    -66.21685 -143.43561 
    -65.56297 -143.41801 
    -64.90744 -143.36588 
    -64.25151 -143.27908 
    -63.59647 -143.15744 
    -62.94365 -143.00061 
    -62.29450 -142.80811 
    -61.65063 -142.57936 
    -61.01387 -142.31367 
    -60.38636 -142.01030 
    -59.77051 -141.66852 
    -59.16912 -141.28763 
    -58.58533 -140.86713 
    -58.02267 -140.40671 
    -57.48499 -139.90639 
    -56.97644 -139.36662 
    -56.50140 -138.78835 
    -56.06439 -138.17308 
    -55.66994 -137.52292 
    -55.32249 -136.84068 
    -55.02627 -136.12978 
    -54.78511 -135.39427 
    -54.60240 -134.63887 
    -54.48088 -133.86870 
    -54.42259 -133.08939 
    -54.42883 -132.30679 
    -54.50032 -131.52701 
    -54.63757 -130.75635 
    -54.84464 -130.00237 
    -55.13421 -129.27692 
    -55.56441 -128.61406 
    -56.20322 -128.07101 
    -56.78617 -127.54697 
    -57.36477 -127.05859 
    -57.95687 -126.61523 
    -58.54628 -126.20524 
    -59.10581 -125.80041 
    -59.54687 -125.29340 
    -59.98768 -124.77277 
    -60.46690 -124.27933 
    -60.98870 -123.82543 
    -61.54921 -123.41492 
    -62.13742 -123.03686 
    -62.76678 -122.73142 
    -63.49538 -122.71019 
    -64.19020 -122.66087 
    -64.86604 -122.59589 
    -65.53848 -122.56682 
    -66.20614 -122.57283 
    -66.86778 -122.61327 
    -67.52221 -122.68761 
    -68.16821 -122.79546 
    -68.80455 -122.93651 
    -69.42992 -123.11053 
    -70.06767 -123.24114 
    -70.71227 -123.37933 
    -71.35226 -123.55939 
    -71.98361 -123.78373 
    -72.60146 -124.05455 
    -73.20036 -124.37334 
    -73.77448 -124.74062 
    -74.31811 -125.15560 
    -74.82597 -125.61615 
    -75.29385 -126.11874 
    -75.71881 -126.65874 
    -76.09927 -127.23090 
    -76.43484 -127.82986 
    -76.72605 -128.45044 
    -76.97406 -129.08803 
    -77.18018 -129.73869 
    -77.34563 -130.39912 
    -77.47141 -131.06664 
    -77.55792 -131.73891 
    -77.60513 -132.41385 
Cell 15 100 -53.79922 -117.96548 
    -64.32247 -117.96548 
    -64.29976 -118.62611 
    -64.23505 -119.28383 
    -64.12431 -119.93510 
    -63.96518 -120.57565 
    -63.75157 -121.19919 
    -63.47533 -121.79652 
    -63.08865 -122.33675 
    -62.60832 -122.80832 
    -61.96503 -123.14766 
    -61.42497 -123.50591 
    -60.93702 -123.87038 
    -60.49591 -124.25409 
    -60.09140 -124.66597 
    -59.70596 -125.10551 
    -59.31605 -125.55874 
    -58.87664 -125.96621 
    -58.38916 -126.31454 
    -57.89226 -126.66362 
    -57.39151 -127.03857 
    -56.88526 -127.46333 
    -56.35813 -127.93176 
    -55.79341 -128.41939 
    -55.15020 -128.65961 
    -54.47625 -128.72644 
    -53.79922 -128.74821 
    -53.12231 -128.72473 
    -52.44868 -128.65607 
    -51.78154 -128.54257 
    -51.12400 -128.38478 
    -50.47916 -128.18356 
    -49.85004 -127.93998 
    -49.23954 -127.65530 
    -48.65046 -127.33105 
    -48.08546 -126.96893 
    -47.54704 -126.57087 
    -47.03755 -126.13893 
    -46.55915 -125.67537 
    -46.11381 -125.18256 
    -45.70331 -124.66300 
    -45.31860 -124.12701 
    -44.89272 -123.61771 
    -44.49697 -123.07943 
    -44.13467 -122.51328 
    -43.80930 -121.92076 
    -43.52444 -121.30396 
    -43.28355 -120.66544 
    -43.08986 -120.00840 
    -42.94618 -119.33653 
    -42.85480 -118.65405 
    -42.81730 -117.96548 
    -42.83448 -117.27563 
    -42.90632 -116.58939 
    -43.03197 -115.91151 
    -43.20977 -115.24657 
    -43.43742 -114.59872 
    -43.71198 -113.97166 
    -44.03017 -113.36851 
    -44.38840 -112.79183 
    -44.78300 -112.24361 
    -44.76200 -111.39955 
    -44.28885 -110.09781 
    -45.72239 -110.38083 
    -46.65577 -110.35847 
    -47.18236 -109.96706 
    -47.68779 -109.55382 
    -48.17499 -109.10311 
    -48.68728 -108.66689 
    -49.22552 -108.24587 
    -49.79085 -107.84149 
    -50.38452 -107.45612 
    -51.00768 -107.09315 
    -51.66111 -106.75710 
    -52.34492 -106.45351 
    -53.05830 -106.18891 
    -53.79922 -105.97047 
    -54.56425 -105.80573 
    -55.34845 -105.70211 
    -56.14537 -105.66653 
    -56.94722 -105.70484 
    -57.74506 -105.82144 
    -58.52923 -106.01884 
    -59.28979 -106.29743 
    -60.01699 -106.65541 
    -60.70182 -107.08872 
    -61.33646 -107.59135 
    -61.91466 -108.15559 
    -62.43199 -108.77251 
    -62.88595 -109.43247 
    -63.27601 -110.12560 
    -63.60336 -110.84235 
    -63.87070 -111.57393 
    -64.08186 -112.31255 
    -64.24139 -113.05177 
    -64.35416 -113.78648 
    -64.42503 -114.51295 
    -64.45842 -115.22866 
    -64.45819 -115.93217 
    -64.42743 -116.62283 
    -64.36842 -117.30052 
Cell 16 100 -34.34256 -129.36244 
    -45.29333 -129.36244 
    -45.20115 -130.04561 
    -45.05754 -130.71606 
    -44.89902 -131.37619 
    -44.84795 -132.05977 
    -44.77685 -132.75275 
    -44.67476 -133.45325 
    -44.49048 -134.13770 
    -44.25747 -134.81322 
    -43.61589 -135.24748 
    -42.67952 -135.41960 
    -41.98366 -135.68370 
    -41.40511 -135.99463 
    -40.85395 -136.29637 
    -40.32010 -136.58804 
    -39.80072 -136.87497 
    -39.29227 -137.16194 
    -38.78982 -137.45198 
    -38.28839 -137.74776 
    -37.78271 -138.05127 
    -37.26717 -138.36348 
    -36.73578 -138.68343 
    -36.18401 -139.01566 
    -35.61239 -139.41425 
    -35.00558 -139.90089 
    -34.34256 -140.32892 
    -33.63317 -140.63779 
    -32.89443 -140.82555 
    -32.14281 -140.89389 
    -31.39319 -140.84947 
    -30.66282 -140.68750 
    -29.98148 -140.37726 
    -29.32756 -140.01985 
    -28.70456 -139.61792 
    -28.11566 -139.17447 
    -27.56374 -138.69269 
    -27.05139 -138.17595 
    -26.58080 -137.62787 
    -26.15380 -137.05220 
    -25.77192 -136.45268 
    -25.43625 -135.83325 
    -25.14754 -135.19778 
    -24.90615 -134.55016 
    -24.86260 -133.82338 
    -24.92717 -133.09027 
    -24.88173 -132.43646 
    -24.74983 -131.82544 
    -24.63898 -131.21350 
    -24.56975 -130.59703 
    -24.53096 -129.97974 
    -24.49189 -129.36244 
    -24.46245 -128.74084 
    -24.47769 -128.11621 
    -24.51846 -127.48840 
    -24.57582 -126.85477 
    -24.71548 -126.23441 
    -24.88208 -125.61678 
    -25.07386 -125.00092 
    -25.28979 -124.38564 
    -25.52990 -123.76976 
    -25.79558 -123.15270 
    -26.08967 -122.53506 
    -26.41636 -121.91925 
    -26.78078 -121.30997 
    -27.18841 -120.71457 
    -27.64417 -120.14291 
    -28.15153 -119.60695 
    -28.71162 -119.11981 
    -29.32266 -118.69461 
    -29.97967 -118.34306 
    -30.67476 -118.07413 
    -31.39772 -117.89307 
    -32.13706 -117.80080 
    -32.88111 -117.79392 
    -33.61921 -117.86526 
    -34.34256 -118.00486 
    -35.04475 -118.20132 
    -35.72199 -118.44308 
    -36.37279 -118.71959 
    -36.99748 -119.02218 
    -37.59757 -119.34455 
    -38.17500 -119.68279 
    -38.73164 -120.03517 
    -39.27263 -120.39467 
    -39.85714 -120.67286 
    -40.43098 -120.98245 
    -40.99248 -121.32407 
    -41.53934 -121.69865 
    -42.06849 -122.10732 
    -42.57603 -122.55112 
    -43.05727 -123.03084 
    -43.50679 -123.54665 
    -43.91872 -124.09790 
    -44.28711 -124.68289 
    -44.60621 -125.29877 
    -44.87101 -125.94154 
    -45.07755 -126.60616 
    -45.22325 -127.28684 
    -45.30712 -127.97729 
    -45.32978 -128.67119 
Cell 17 100 -14.70980 -130.61812 
    -24.57211 -130.61812 
    -24.64435 -131.24315 
    -24.76337 -131.88818 
    -24.89032 -132.56015 
    -24.91415 -133.23816 
    -24.86832 -133.91882 
    -24.70405 -134.57512 
    -24.43345 -135.19373 
    -24.12312 -135.79314 
    -23.77481 -136.37094 
    -23.39031 -136.92488 
    -22.97155 -137.45284 
    -22.52048 -137.95284 
    -22.03912 -138.42305 
    -21.52954 -138.86177 
    -20.99385 -139.26738 
    -20.43422 -139.63835 
    -19.85286 -139.97331 
    -19.25207 -140.27094 
    -18.63412 -140.52982 
    -17.99942 -140.74252 
    -17.33995 -140.86189 
    -16.61157 -140.58757 
    -15.94417 -140.38916 
    -15.31899 -140.30098 
    -14.70980 -140.23920 
    -14.10749 -140.19156 
    -13.50476 -140.15698 
    -12.89501 -140.13158 
    -12.26988 -140.12097 
    -11.60890 -140.16170 
    -10.88404 -140.28088 
    -10.23863 -140.11983 
    -9.66093 -139.80197 
    -9.10626 -139.44789 
    -8.57696 -139.05925 
    -8.07523 -138.63794 
    -7.60310 -138.18599 
    -7.16245 -137.70555 
    -6.75499 -137.19891 
    -6.38224 -136.66844 
    -6.04552 -136.11664 
    -5.74599 -135.54602 
    -5.48458 -134.95918 
    -5.26207 -134.35873 
    -5.07902 -133.74734 
    -4.93579 -133.12766 
    -4.81870 -132.50494 
    -4.70283 -131.88229 
    -4.62218 -131.25278 
    -4.57672 -130.61812 
    -4.56650 -129.97995 
    -4.59164 -129.33990 
    -4.65238 -128.69955 
    -4.74912 -128.06065 
    -4.88245 -127.42502 
    -5.05310 -126.79476 
    -5.26188 -126.17226 
    -5.50966 -125.56030 
    -5.79721 -124.96201 
    -6.12509 -124.38096 
    -6.49352 -123.82102 
    -6.90228 -123.28637 
    -7.35052 -122.78128 
    -7.83676 -122.31004 
    -8.35880 -121.87671 
    -8.91376 -121.48502 
    -9.49813 -121.13812 
    -10.10786 -120.83850 
    -10.60697 -120.25556 
    -10.90613 -118.91161 
    -11.71641 -118.95965 
    -12.59769 -119.54607 
    -13.30227 -119.47639 
    -14.01239 -119.53313 
    -14.70980 -119.69171 
    -15.38302 -119.91765 
    -16.02877 -120.17741 
    -16.65008 -120.44680 
    -17.26688 -120.65895 
    -17.87242 -120.88457 
    -18.46152 -121.14236 
    -19.03292 -121.43102 
    -19.58539 -121.74945 
    -20.11764 -122.09673 
    -20.62832 -122.47197 
    -21.13180 -122.85526 
    -21.64748 -123.23024 
    -22.14124 -123.63953 
    -22.61030 -124.08225 
    -23.05182 -124.55728 
    -23.46303 -125.06315 
    -23.84120 -125.59809 
    -24.18375 -126.16002 
    -24.48827 -126.74655 
    -24.52380 -127.42936 
    -24.47809 -128.11005 
    -24.46324 -128.75755 
    -24.49314 -129.38220 
    -24.53224 -130.00014 
Cell 18 100 8.03866 -131.13029 
    -2.08007 -131.13029 
    -2.05496 -131.76534 
    -1.99860 -132.39830 
    -1.90220 -133.02661 
    -1.76605 -133.64772 
    -1.59066 -134.25905 
    -1.37673 -134.85811 
    -1.12513 -135.44244 
    -0.83685 -136.00964 
    -0.51309 -136.55740 
    -0.15517 -137.08347 
    0.23546 -137.58566 
    0.65717 -138.06198 
    1.10823 -138.51045 
    1.58679 -138.92928 
    2.09086 -139.31676 
    2.61836 -139.67133 
    3.16712 -139.99161 
    3.73488 -140.27631 
    4.31930 -140.52434 
    4.92019 -140.72798 
    5.54698 -140.83475 
    6.15849 -140.98650 
    6.77519 -141.13174 
    7.40589 -141.18794 
    8.03866 -141.20267 
    8.67082 -141.17805 
    9.29997 -141.11458 
    9.92387 -141.01289 
    10.54039 -140.87389 
    11.14762 -140.69867 
    11.74737 -140.49741 
    12.33498 -140.26044 
    12.90853 -139.98856 
    13.46616 -139.68266 
    14.00603 -139.34367 
    14.52637 -138.97258 
    15.03236 -138.57782 
    15.52868 -138.16389 
    16.01022 -137.72495 
    16.47680 -137.26096 
    16.92781 -136.77151 
    17.36197 -136.25583 
    17.77713 -135.71288 
    18.17016 -135.14163 
    18.53683 -134.54135 
    18.87189 -133.91179 
    19.16913 -133.25354 
    19.42139 -132.56827 
    19.61276 -131.85847 
    19.51697 -131.13029 
    19.05759 -130.43704 
    18.65444 -129.78922 
    18.30213 -129.17244 
    17.97642 -128.57870 
    17.66311 -128.00313 
    17.35431 -127.44197 
    17.05526 -126.88741 
    16.76373 -126.33365 
    16.46057 -125.78558 
    16.14743 -125.23893 
    15.82279 -124.69070 
    15.48833 -124.13460 
    15.17172 -123.53437 
    14.89026 -122.84814 
    14.39567 -122.38062 
    13.76155 -122.11247 
    13.12452 -121.87917 
    12.50409 -121.64079 
    11.88394 -121.41824 
    11.25372 -121.23537 
    10.61605 -121.09203 
    9.97341 -120.98798 
    9.32816 -120.92293 
    8.68359 -120.87943 
    8.03866 -120.82713 
    7.38977 -120.81639 
    6.73975 -120.84836 
    6.09170 -120.92397 
    5.44892 -121.04389 
    4.81485 -121.20841 
    4.19305 -121.41738 
    3.58708 -121.67020 
    3.00042 -121.96577 
    2.43639 -122.30253 
    1.89805 -122.67846 
    1.38812 -123.09116 
    0.90897 -123.53794 
    0.46257 -124.01586 
    0.05046 -124.52188 
    -0.32616 -125.05289 
    -0.66644 -125.60587 
    -0.96985 -126.17783 
    -1.23602 -126.76596 
    -1.46969 -127.36568 
    -1.66859 -127.97622 
    -1.82863 -128.59680 
    -1.94974 -129.22490 
    -2.03194 -129.85808 
    -2.07533 -130.49397 
Cell 19 100 25.95514 -122.93544 
    14.92607 -122.93544 
    15.21231 -123.61132 
    15.55714 -124.24902 
    15.91727 -124.85027 
    16.25465 -125.42610 
    16.57068 -125.98463 
    16.86869 -126.53302 
    17.15677 -127.07564 
    17.44802 -127.61227 
    17.74184 -128.14777 
    18.03667 -128.68854 
    18.33864 -129.23636 
    18.65524 -129.79050 
    18.99903 -130.34294 
    19.36522 -130.90129 
    19.78729 -131.42476 
    20.32219 -131.81154 
    20.88232 -132.16286 
    21.46525 -132.47694 
    22.06840 -132.75224 
    22.68908 -132.98737 
    23.32451 -133.18109 
    23.97181 -133.33246 
    24.62802 -133.44067 
    25.29014 -133.50528 
    25.95514 -133.52605 
    26.61998 -133.50276 
    27.28161 -133.43549 
    27.93699 -133.32463 
    28.58313 -133.17079 
    29.21712 -132.97478 
    29.83608 -132.73758 
    30.43727 -132.46045 
    31.01802 -132.14479 
    31.57582 -131.79221 
    32.10827 -131.40450 
    32.61315 -130.98360 
    33.08842 -130.53162 
    33.53221 -130.05078 
    33.94290 -129.54349 
    34.31908 -129.01219 
    34.65965 -128.45949 
    34.96376 -127.88797 
    35.23091 -127.30029 
    35.46095 -126.69906 
    35.65408 -126.08681 
    35.81089 -125.46597 
    35.93225 -124.83868 
    36.01934 -124.20684 
    36.07349 -123.57203 
    36.09603 -122.93544 
    36.08815 -122.29793 
    36.05066 -121.66008 
    35.98379 -121.02238 
    35.88708 -120.38535 
    35.75922 -119.74990 
    35.59811 -119.11752 
    35.40097 -118.49057 
    35.16462 -117.87249 
    34.90806 -117.25375 
    34.68186 -116.59511 
    34.42717 -115.92677 
    34.13698 -115.25218 
    33.80323 -114.57807 
    33.41782 -113.91462 
    32.97371 -113.27521 
    32.46615 -112.67573 
    31.89365 -112.13334 
    31.25867 -111.66486 
    30.56783 -111.28513 
    29.83149 -111.00527 
    29.06288 -110.83162 
    28.27680 -110.76490 
    27.48816 -110.80032 
    26.71057 -110.92827 
    25.95514 -111.13550 
    25.22982 -111.40673 
    24.53910 -111.72636 
    23.88433 -112.07986 
    23.26425 -112.45510 
    22.67587 -112.84288 
    22.11320 -113.23181 
    21.48442 -113.43468 
    20.86461 -113.67580 
    20.25634 -113.95557 
    19.66246 -114.27431 
    19.08606 -114.63215 
    18.53047 -115.02897 
    17.99923 -115.46434 
    17.49601 -115.93744 
    17.02459 -116.44701 
    16.58871 -116.99133 
    16.19203 -117.56812 
    15.83799 -118.17467 
    15.52970 -118.80772 
    15.26989 -119.46359 
    15.06078 -120.13824 
    14.90400 -120.82732 
    14.80059 -121.52629 
    14.75175 -122.23058 
Cell 20 100 50.30659 -123.44475 
    40.24877 -123.44475 
    40.26298 -124.07664 
    40.31693 -124.70673 
    40.41052 -125.33253 
    40.54346 -125.95149 
    40.71530 -126.56114 
    40.92543 -127.15901 
    41.17308 -127.74265 
    41.45730 -128.30969 
    41.77699 -128.85780 
    42.13089 -129.38474 
    42.51762 -129.88834 
    42.93563 -130.36655 
    43.38321 -130.81740 
    43.85859 -131.23904 
    44.35986 -131.62973 
    44.88496 -131.98787 
    45.43178 -132.31200 
    45.99808 -132.60078 
    46.58156 -132.85310 
    47.17984 -133.06792 
    47.79047 -133.24437 
    48.41100 -133.38182 
    49.03888 -133.47972 
    49.67159 -133.53777 
    50.30659 -133.55577 
    50.94134 -133.53375 
    51.57331 -133.47188 
    52.20003 -133.37051 
    52.81905 -133.23015 
    53.42800 -133.05147 
    54.02456 -132.83527 
    54.60651 -132.58253 
    55.17170 -132.29436 
    55.71811 -131.97192 
    56.24378 -131.61659 
    56.63074 -131.08934 
    56.87370 -130.43800 
    57.15805 -129.87869 
    57.44642 -129.35132 
    57.73305 -128.84039 
    58.01510 -128.33673 
    58.29224 -127.83490 
    58.56663 -127.33163 
    58.84462 -126.82520 
    59.13633 -126.31371 
    59.44688 -125.79157 
    59.78684 -125.25320 
    60.16716 -124.69043 
    60.59769 -124.09221 
    61.10748 -123.44475 
    61.44186 -122.74417 
    61.63525 -122.01360 
    61.63382 -121.28397 
    61.49858 -120.57114 
    61.23059 -119.89532 
    60.84821 -119.27103 
    60.38221 -118.70352 
    59.94607 -118.14540 
    59.80090 -117.41948 
    59.61111 -116.68462 
    59.36284 -115.95277 
    59.04302 -115.24070 
    58.64177 -114.56868 
    58.15447 -113.95829 
    57.58305 -113.42956 
    56.93621 -112.99813 
    56.22841 -112.67299 
    55.47787 -112.45521 
    54.70402 -112.33810 
    53.92492 -112.30867 
    53.15526 -112.34990 
    52.40517 -112.44360 
    51.68298 -112.54949 
    50.99117 -112.56375 
    50.30659 -112.62427 
    49.63236 -112.72820 
    48.97103 -112.87267 
    48.32463 -113.05496 
    47.69481 -113.27253 
    47.08287 -113.52315 
    46.48989 -113.80488 
    45.91686 -114.11610 
    45.36470 -114.45548 
    44.83435 -114.82188 
    44.32686 -115.21436 
    43.84333 -115.63201 
    43.38500 -116.07400 
    42.95316 -116.53942 
    42.54921 -117.02728 
    42.17455 -117.53648 
    41.83061 -118.06573 
    41.51877 -118.61360 
    41.23709 -119.17696 
    40.98363 -119.75353 
    40.76621 -120.34489 
    40.58580 -120.94888 
    40.44323 -121.56321 
    40.33920 -122.18558 
    40.27425 -122.81357 
Cell 21 100 66.51927 -131.91209 
    56.34026 -131.91209 
    56.21770 -132.56021 
    56.13681 -133.22371 
    56.09500 -133.90063 
    56.13942 -134.57719 
    56.25903 -135.24585 
    56.40105 -135.91818 
    56.61990 -136.57039 
    56.91311 -137.19313 
    57.24767 -137.79604 
    57.62251 -138.37596 
    58.03616 -138.92993 
    58.48690 -139.45499 
    58.97267 -139.94841 
    59.49115 -140.40764 
    60.03981 -140.83031 
    60.61592 -141.21428 
    61.21658 -141.55765 
    61.83871 -141.85880 
    62.47912 -142.11635 
    63.13557 -142.32607 
    63.83511 -142.36623 
    64.56354 -142.16438 
    65.24473 -142.00110 
    65.89126 -141.89404 
    66.51927 -141.83528 
    67.14142 -141.80080 
    67.76641 -141.78418 
    68.40573 -141.80122 
    69.07684 -141.87314 
    69.72859 -141.78935 
    70.34879 -141.58434 
    70.95116 -141.33032 
    71.51993 -141.00826 
    72.04899 -140.62553 
    72.54913 -140.21149 
    72.99027 -139.73419 
    73.36116 -139.19797 
    73.74906 -138.70131 
    74.15345 -138.22765 
    74.57219 -137.76288 
    75.01609 -137.30434 
    75.36354 -136.77428 
    75.66808 -136.21719 
    75.93986 -135.64197 
    76.17783 -135.05035 
    76.38095 -134.44414 
    76.54815 -133.82521 
    76.67833 -133.19548 
    76.77041 -132.55704 
    76.82326 -131.91209 
    76.83582 -131.26303 
    76.80708 -130.61244 
    76.73616 -129.96312 
    76.62236 -129.31805 
    76.46523 -128.68045 
    76.26463 -128.05363 
    76.02075 -127.44104 
    75.73421 -126.84613 
    75.40607 -126.27236 
    75.03779 -125.72303 
    74.63126 -125.20127 
    74.18879 -124.70994 
    73.71298 -124.25157 
    73.20674 -123.82833 
    72.67317 -123.44198 
    72.15540 -123.03098 
    71.67482 -122.53419 
    71.16536 -122.03867 
    70.61925 -121.55674 
    70.02988 -121.10754 
    69.39416 -120.71514 
    68.71436 -120.40506 
    67.99890 -120.19963 
    67.26157 -120.11354 
    66.51927 -120.15071 
    65.78892 -120.30347 
    65.08445 -120.55431 
    64.41471 -120.87959 
    63.78281 -121.25428 
    63.18692 -121.65616 
    62.62204 -122.06880 
    61.99572 -122.29906 
    61.45398 -122.69837 
    61.12390 -123.41035 
    60.72256 -123.93362 
    60.34294 -124.44619 
    59.98743 -124.95639 
    59.65337 -125.46458 
    59.33935 -125.97235 
    59.04182 -126.47941 
    58.75652 -126.98570 
    58.47918 -127.49202 
    58.20201 -127.99828 
    57.91961 -128.50725 
    57.63013 -129.02383 
    57.33553 -129.55411 
    57.04328 -130.10445 
    56.78266 -130.68207 
    56.52826 -131.28351 
Cell 22 100 81.32008 -114.50568 
    69.18674 -114.50568 
    69.20626 -115.26782 
    69.30000 -116.02417 
    69.46532 -116.76710 
    69.69801 -117.48972 
    69.99263 -118.18619 
    70.34286 -118.85187 
    70.74193 -119.48338 
    71.18291 -120.07864 
    71.65918 -120.63667 
    72.16470 -121.15745 
    72.69399 -121.64180 
    73.24272 -122.09083 
    73.80750 -122.50577 
    74.38596 -122.88760 
    74.97612 -123.23739 
    75.57663 -123.55591 
    76.18662 -123.84339 
    76.80547 -124.09971 
    77.43260 -124.32432 
    78.06741 -124.51637 
    78.70910 -124.67477 
    79.35664 -124.79836 
    80.00875 -124.88586 
    80.66385 -124.93611 
    81.32008 -124.95458 
    81.97650 -124.93929 
    82.63079 -124.88107 
    83.28004 -124.78016 
    83.92135 -124.63698 
    84.55188 -124.45216 
    85.16884 -124.22655 
    85.76949 -123.96117 
    86.35120 -123.65726 
    86.91142 -123.31622 
    87.44771 -122.93965 
    87.95779 -122.52930 
    88.43945 -122.08704 
    88.89046 -121.61475 
    89.30931 -121.11495 
    89.69465 -120.59016 
    90.04533 -120.04290 
    90.36051 -119.47570 
    90.64049 -118.89153 
    90.88697 -118.29349 
    91.10380 -117.68461 
    91.29747 -117.06744 
    91.47742 -116.44330 
    91.65541 -115.81134 
    91.84371 -115.16778 
    92.05166 -114.50568 
    92.28114 -113.81607 
    92.52216 -113.09053 
    92.75029 -112.32526 
    92.92792 -111.52530 
    93.01013 -110.70735 
    92.95439 -109.89933 
    92.73133 -109.13596 
    92.33305 -108.45126 
    91.77578 -107.87029 
    91.09602 -107.40304 
    90.34132 -107.04266 
    89.83463 -106.50999 
    89.42278 -105.87717 
    88.96352 -105.26633 
    88.45653 -104.68320 
    87.90223 -104.13387 
    87.30195 -103.62469 
    86.65800 -103.16203 
    85.97368 -102.75203 
    85.25331 -102.40044 
    84.50215 -102.11231 
    83.72629 -101.89186 
    82.93247 -101.74224 
    82.12791 -101.66543 
    81.32008 -101.66212 
    80.51641 -101.73175 
    79.72414 -101.87250 
    78.95002 -102.08140 
    78.20017 -102.35447 
    77.47992 -102.68690 
    76.79368 -103.07330 
    76.14490 -103.50787 
    75.53609 -103.98465 
    74.96883 -104.49773 
    74.44392 -105.04147 
    73.96141 -105.61058 
    73.52080 -106.20030 
    73.12119 -106.80641 
    72.76140 -107.42533 
    72.44013 -108.05403 
    71.95665 -108.56347 
    71.45439 -109.08198 
    70.98431 -109.64204 
    70.55373 -110.24299 
    70.17018 -110.88287 
    69.84103 -111.55836 
    69.57305 -112.26482 
    69.37201 -112.99629 
    69.24231 -113.74582 
Cell 23 100 99.31261 -129.10356 
    87.76103 -129.10356 
    87.93124 -129.81961 
    88.15067 -130.51364 
    88.41204 -131.18295 
    88.70866 -131.82619 
    89.03468 -132.44305 
    89.60419 -132.94739 
    90.17738 -133.40228 
    90.71474 -133.83028 
    91.21171 -134.24455 
    91.66681 -134.65855 
    92.08580 -135.08209 
    92.50154 -135.49957 
    92.91685 -135.91435 
    93.33490 -136.32938 
    93.75987 -136.74625 
    94.19659 -137.16512 
    94.64798 -137.58849 
    95.10758 -138.03969 
    95.54046 -138.63092 
    96.10511 -138.97522 
    96.72075 -139.19818 
    97.35208 -139.38098 
    97.99642 -139.52225 
    98.65092 -139.62082 
    99.31261 -139.67563 
    99.97839 -139.68594 
    100.64510 -139.65131 
    101.30950 -139.57167 
    101.96851 -139.44762 
    102.62009 -139.28294 
    103.26256 -139.08000 
    103.88998 -138.83098 
    104.49857 -138.53679 
    105.08666 -138.20201 
    105.65140 -137.82816 
    106.19000 -137.41690 
    106.69989 -136.97021 
    107.17858 -136.49020 
    107.62379 -135.97917 
    108.03343 -135.43961 
    108.40559 -134.87415 
    108.73858 -134.28554 
    109.03096 -133.67667 
    109.28150 -133.05052 
    109.48921 -132.41014 
    109.65335 -131.75862 
    109.77348 -131.09908 
    109.84934 -130.43466 
    109.88098 -129.76846 
    109.86871 -129.10356 
    109.81309 -128.44293 
    109.71493 -127.78944 
    109.57530 -127.14585 
    109.39552 -126.51471 
    109.17710 -125.89839 
    108.92178 -125.29902 
    108.63149 -124.71842 
    108.30827 -124.15816 
    107.95424 -123.61942 
    107.57156 -123.10307 
    107.16238 -122.60966 
    106.72868 -122.13941 
    106.27229 -121.69225 
    105.79479 -121.26794 
    105.29745 -120.86614 
    104.78114 -120.48653 
    104.24643 -120.12897 
    103.69353 -119.79363 
    103.12238 -119.48116 
    102.53280 -119.19283 
    101.92458 -118.93057 
    101.29774 -118.69711 
    100.65267 -118.49586 
    99.99036 -118.33093 
    99.31261 -118.20686 
    98.62211 -118.12843 
    97.92258 -118.10042 
    97.21874 -118.12715 
    96.51620 -118.21230 
    95.82131 -118.35847 
    95.14090 -118.56704 
    94.48193 -118.83786 
    93.85121 -119.16932 
    93.25497 -119.55827 
    92.69863 -120.00021 
    92.18534 -120.48818 
    91.54845 -120.83558 
    90.93118 -121.23287 
    90.34179 -121.68226 
    89.78931 -122.18449 
    89.28299 -122.73857 
    88.83157 -123.34156 
    88.44299 -123.98871 
    88.12381 -124.67361 
    87.87857 -125.38842 
    87.70951 -126.12439 
    87.61654 -126.87242 
    87.59728 -127.62357 
    87.64742 -128.36964 
Cell 24 100 -105.78284 -111.40552 
    -116.08812 -111.40552 
    -116.07341 -112.05295 
    -116.01694 -112.69839 
    -115.91887 -113.33907 
    -115.77959 -113.97225 
    -115.59971 -114.59521 
    -115.38000 -115.20530 
    -115.12144 -115.79993 
    -114.82518 -116.37659 
    -114.49255 -116.93287 
    -114.12504 -117.46648 
    -113.72430 -117.97527 
    -113.29214 -118.45721 
    -112.83045 -118.91046 
    -112.34129 -119.33332 
    -111.82676 -119.72427 
    -111.28909 -120.08199 
    -110.73053 -120.40534 
    -110.15338 -120.69340 
    -109.55994 -120.94540 
    -108.95251 -121.16078 
    -108.33337 -121.33916 
    -107.70471 -121.48034 
    -107.06870 -121.58421 
    -106.42742 -121.65083 
    -105.78284 -121.68034 
    -105.13686 -121.67296 
    -104.49132 -121.62894 
    -103.84795 -121.54857 
    -103.20845 -121.43211 
    -102.57449 -121.27978 
    -101.94777 -121.09180 
    -101.32999 -120.86829 
    -100.72298 -120.60935 
    -100.12866 -120.31508 
    -99.54910 -119.98552 
    -98.98658 -119.62078 
    -98.44356 -119.22105 
    -97.92273 -118.78665 
    -97.49371 -118.26288 
    -97.06208 -117.74152 
    -96.62405 -117.21786 
    -96.17969 -116.68490 
    -95.75755 -116.12306 
    -95.43489 -115.50256 
    -95.15643 -114.85825 
    -94.92496 -114.19335 
    -94.74291 -113.51150 
    -94.61233 -112.81668 
    -94.22003 -112.13299 
    -93.81512 -111.40552 
    -93.56418 -110.63679 
    -93.52644 -109.85718 
    -93.72427 -109.10522 
    -94.13474 -108.41479 
    -94.69793 -107.80382 
    -95.33780 -107.27003 
    -95.80281 -106.70927 
    -95.57073 -105.79137 
    -95.34883 -104.78390 
    -97.00827 -105.03042 
    -97.49227 -104.54697 
    -97.99123 -104.08871 
    -98.51422 -103.66523 
    -99.05826 -103.27689 
    -99.62054 -102.92384 
    -100.19852 -102.60603 
    -100.78988 -102.32336 
    -101.39254 -102.07565 
    -102.00459 -101.86275 
    -102.62431 -101.68455 
    -103.25005 -101.54095 
    -103.88029 -101.43198 
    -104.51350 -101.35771 
    -105.14250 -101.22762 
    -105.78284 -101.10384 
    -106.43832 -100.98699 
    -107.11227 -100.88197 
    -107.80564 -100.80159 
    -108.51461 -100.76595 
    -109.22904 -100.79919 
    -109.93279 -100.92396 
    -110.60622 -101.15530 
    -111.23059 -101.49609 
    -111.79252 -101.93578 
    -112.28713 -102.45313 
    -112.71857 -103.02165 
    -113.09777 -103.61591 
    -113.43848 -104.21638 
    -113.75332 -104.81176 
    -114.05085 -105.39845 
    -114.40385 -105.93446 
    -114.74237 -106.47997 
    -115.04585 -107.04668 
    -115.31284 -107.63232 
    -115.54204 -108.23457 
    -115.73233 -108.85092 
    -115.88276 -109.47885 
    -115.99256 -110.11573 
    -116.06114 -110.75887 
