42 25 
Cell 0 100 -118.59111 -150.98816 
    -128.59128 -150.98816 
    -128.57153 -151.61607 
    -128.51241 -152.24152 
    -128.41412 -152.86200 
    -128.27708 -153.47510 
    -128.10181 -154.07837 
    -127.88899 -154.66945 
    -127.63948 -155.24600 
    -127.35427 -155.80574 
    -127.03447 -156.34648 
    -126.68135 -156.86606 
    -126.29630 -157.36244 
    -125.88084 -157.83368 
    -125.43661 -158.27788 
    -124.96538 -158.69331 
    -124.46898 -159.07835 
    -123.94939 -159.43146 
    -123.40865 -159.75122 
    -122.85242 -160.04391 
    -122.28107 -160.30792 
    -121.69419 -160.53845 
    -121.09286 -160.73181 
    -120.47942 -160.88707 
    -119.85632 -161.00334 
    -119.22604 -161.08000 
    -118.59111 -161.11652 
    -117.95414 -161.11255 
    -117.31774 -161.06792 
    -116.68456 -160.98268 
    -116.05724 -160.85695 
    -115.43842 -160.69115 
    -114.83074 -160.48578 
    -114.23679 -160.24156 
    -113.65910 -159.95944 
    -113.10019 -159.64047 
    -112.56245 -159.28589 
    -112.04824 -158.89713 
    -111.55978 -158.47577 
    -111.09921 -158.02351 
    -110.66854 -157.54228 
    -110.26963 -157.03407 
    -109.90424 -156.50102 
    -109.57394 -155.94539 
    -109.28017 -155.36955 
    -109.02433 -154.77591 
    -108.80351 -154.16833 
    -108.60120 -153.55313 
    -108.52905 -152.90759 
    -108.88834 -152.21391 
    -109.14592 -151.58241 
    -109.35141 -150.98816 
    -109.54031 -150.41873 
    -109.72298 -149.86784 
    -109.90355 -149.33092 
    -110.08203 -148.80341 
    -110.22324 -148.26927 
    -110.36850 -147.73259 
    -110.55426 -147.20630 
    -110.76266 -146.68443 
    -110.98691 -146.16238 
    -111.22049 -145.63309 
    -111.45436 -145.08414 
    -111.65994 -144.47937 
    -111.76370 -143.71771 
    -111.20326 -142.05780 
    -111.44711 -141.15529 
    -112.42279 -141.26843 
    -113.31225 -141.38596 
    -114.09679 -141.43724 
    -114.81703 -141.45593 
    -115.49403 -141.45634 
    -116.14079 -141.44479 
    -116.75767 -141.37689 
    -117.36736 -141.30116 
    -117.97634 -141.21671 
    -118.59111 -141.10262 
    -119.22510 -140.91118 
    -119.88917 -140.71301 
    -120.59542 -140.48119 
    -121.36458 -140.18619 
    -122.09452 -140.20578 
    -122.68744 -140.64201 
    -123.25183 -141.08363 
    -123.80824 -141.49825 
    -124.32327 -141.95573 
    -124.82028 -142.41444 
    -125.38473 -142.77609 
    -126.17834 -142.90858 
    -126.17729 -143.86426 
    -126.49792 -144.44708 
    -126.84004 -144.99496 
    -127.15118 -145.55577 
    -127.43110 -146.12834 
    -127.67945 -146.71152 
    -127.89592 -147.30412 
    -128.10185 -147.89793 
    -128.27711 -148.50122 
    -128.41415 -149.11432 
    -128.51244 -149.73480 
    -128.57155 -150.36024 
Cell 1 100 -100.45903 -146.73186 
    -110.74373 -146.73186 
    -110.49877 -147.36349 
    -110.30278 -147.97542 
    -110.14140 -148.57887 
    -109.95775 -149.17072 
    -109.76117 -149.75430 
    -109.56708 -150.33800 
    -109.37203 -150.92599 
    -109.16768 -151.51949 
    -108.93132 -152.10854 
    -108.64667 -152.68051 
    -108.24460 -153.17264 
    -107.79829 -153.62387 
    -107.33231 -154.05115 
    -106.85120 -154.45866 
    -106.35616 -154.84856 
    -105.83730 -155.20663 
    -105.29665 -155.53146 
    -104.73637 -155.82166 
    -104.15866 -156.07605 
    -103.56581 -156.29355 
    -102.96021 -156.47328 
    -102.34423 -156.61444 
    -101.72038 -156.71645 
    -101.09113 -156.77885 
    -100.45903 -156.80138 
    -99.82661 -156.78387 
    -99.19643 -156.72643 
    -98.57101 -156.62921 
    -97.95290 -156.49260 
    -97.34458 -156.31715 
    -96.74852 -156.10355 
    -96.16712 -155.85262 
    -95.60275 -155.56540 
    -95.05767 -155.24304 
    -94.53409 -154.88684 
    -94.03412 -154.49823 
    -93.55978 -154.07881 
    -93.11298 -153.63026 
    -92.69550 -153.15442 
    -92.30901 -152.65320 
    -91.95342 -152.12968 
    -91.61864 -151.59190 
    -91.31291 -151.03569 
    -91.03606 -150.46268 
    -91.05717 -149.78671 
    -91.05475 -149.14647 
    -91.04461 -148.52776 
    -91.03144 -147.92284 
    -91.01875 -147.32579 
    -91.00848 -146.73186 
    -90.99937 -146.13670 
    -90.99784 -145.53664 
    -91.00597 -144.92859 
    -91.02068 -144.30850 
    -91.04209 -143.67210 
    -91.07027 -143.01459 
    -91.09776 -142.32677 
    -91.10526 -141.58957 
    -91.04748 -140.75911 
    -91.44942 -140.18599 
    -91.90469 -139.65509 
    -92.40681 -139.17032 
    -92.94853 -138.73398 
    -93.52217 -138.34663 
    -94.12022 -138.00723 
    -94.73581 -137.71350 
    -95.36312 -137.46243 
    -95.99756 -137.25075 
    -96.63573 -137.07530 
    -97.27535 -136.93350 
    -97.87207 -136.65630 
    -98.48384 -136.37755 
    -99.12205 -136.14854 
    -99.78352 -135.99483 
    -100.45903 -135.93727 
    -101.13516 -135.98503 
    -101.79807 -136.13222 
    -102.43757 -136.36000 
    -103.04939 -136.64307 
    -103.63492 -136.95747 
    -104.23911 -137.18448 
    -104.86349 -137.37190 
    -105.48718 -137.58569 
    -106.06673 -137.89552 
    -106.64470 -138.21802 
    -107.24239 -138.53218 
    -107.84097 -138.87090 
    -108.43085 -139.24582 
    -109.00503 -139.66199 
    -109.55651 -140.12216 
    -110.08695 -140.62180 
    -110.62947 -141.14061 
    -111.14169 -141.70499 
    -111.32838 -142.42839 
    -111.56321 -143.12389 
    -111.74795 -143.83336 
    -111.61784 -144.60321 
    -111.33788 -145.35753 
    -111.02907 -146.06685 
Cell 2 100 -80.57989 -148.12396 
    -91.03582 -148.12396 
    -91.04878 -148.78261 
    -91.05589 -149.44739 
    -91.04674 -150.12062 
    -90.91598 -150.77782 
    -90.60945 -151.38277 
    -90.28497 -151.96648 
    -89.94279 -152.52980 
    -89.58254 -153.07321 
    -89.20347 -153.59665 
    -88.80467 -154.09962 
    -88.38528 -154.58115 
    -87.95085 -155.04576 
    -87.52760 -155.52252 
    -87.07544 -155.97574 
    -86.59328 -156.40068 
    -86.08280 -156.79517 
    -85.54592 -157.15715 
    -84.98471 -157.48468 
    -84.40139 -157.77597 
    -83.79836 -158.02940 
    -83.17814 -158.24350 
    -82.54338 -158.41695 
    -81.89683 -158.54863 
    -81.24136 -158.63765 
    -80.57989 -158.68330 
    -79.91544 -158.68513 
    -79.25105 -158.64284 
    -78.58980 -158.55640 
    -77.93476 -158.42604 
    -77.28902 -158.25220 
    -76.65562 -158.03552 
    -76.03755 -157.77692 
    -75.43773 -157.47751 
    -74.85899 -157.13866 
    -74.30405 -156.76192 
    -73.77551 -156.34903 
    -73.27585 -155.90198 
    -72.80735 -155.42287 
    -72.37215 -154.91400 
    -71.97219 -154.37782 
    -71.60923 -153.81691 
    -71.28481 -153.23398 
    -71.00026 -152.63179 
    -70.75058 -152.01566 
    -70.49271 -151.40149 
    -70.27006 -150.77107 
    -70.08470 -150.12602 
    -69.93861 -149.46826 
    -69.83453 -148.80000 
    -69.77558 -148.12396 
    -69.76470 -147.44353 
    -69.80440 -146.76270 
    -69.89661 -146.08601 
    -70.04248 -145.41841 
    -70.24223 -144.76506 
    -70.49493 -144.13104 
    -70.79857 -143.52122 
    -71.15008 -142.93988 
    -71.54552 -142.39058 
    -71.98034 -141.87602 
    -72.45689 -141.40404 
    -72.97246 -140.98010 
    -73.50272 -140.58755 
    -74.04383 -140.22322 
    -74.59573 -139.88747 
    -75.16042 -139.58426 
    -75.73656 -139.31398 
    -76.29675 -139.02184 
    -76.86543 -138.74229 
    -77.44929 -138.48895 
    -78.04744 -138.26074 
    -78.65942 -138.05655 
    -79.28520 -137.87546 
    -79.92513 -137.71687 
    -80.57989 -137.58084 
    -81.25175 -137.44493 
    -81.94748 -137.29836 
    -82.65603 -137.24046 
    -83.36065 -137.29359 
    -84.10904 -137.26236 
    -84.87225 -137.28270 
    -85.62655 -137.39928 
    -86.35591 -137.61742 
    -87.10773 -137.83772 
    -87.84472 -138.12479 
    -88.55653 -138.48186 
    -89.23219 -138.91020 
    -89.86069 -139.40871 
    -90.43170 -139.97383 
    -90.93619 -140.59967 
    -91.09558 -141.45050 
    -91.09715 -142.34206 
    -91.06270 -143.19113 
    -91.03154 -143.98587 
    -91.01057 -144.73483 
    -90.99902 -145.44879 
    -90.99937 -146.13634 
    -91.00977 -146.80637 
    -91.02175 -147.46701 
Cell 3 100 -59.72673 -154.92982 
    -69.87524 -154.92982 
    -69.83051 -155.56551 
    -69.74866 -156.19589 
    -69.63038 -156.81905 
    -69.47621 -157.43306 
    -69.28671 -158.03604 
    -69.06238 -158.62607 
    -68.80378 -159.20116 
    -68.51154 -159.75931 
    -68.18645 -160.29852 
    -67.83035 -160.81744 
    -67.44463 -161.31462 
    -67.02842 -161.78656 
    -66.58335 -162.23138 
    -66.11120 -162.64732 
    -65.61384 -163.03273 
    -65.09324 -163.38608 
    -64.55148 -163.70599 
    -63.99069 -163.99118 
    -63.41311 -164.24054 
    -62.82103 -164.45308 
    -62.21679 -164.62796 
    -61.60280 -164.76450 
    -60.98148 -164.86217 
    -60.35530 -164.92059 
    -59.72673 -164.93956 
    -59.09827 -164.91899 
    -58.47239 -164.85898 
    -57.85155 -164.75987 
    -57.23783 -164.62347 
    -56.63361 -164.44948 
    -56.04105 -164.23882 
    -55.46212 -163.99260 
    -54.89862 -163.71213 
    -54.35213 -163.39883 
    -53.82396 -163.05429 
    -53.31514 -162.68011 
    -52.82645 -162.27788 
    -52.35844 -161.84911 
    -51.91150 -161.39516 
    -51.48594 -160.91711 
    -51.08220 -160.41582 
    -50.70096 -159.89178 
    -50.34337 -159.34531 
    -50.01117 -158.77649 
    -49.70690 -158.18547 
    -49.43385 -157.57259 
    -49.19616 -156.93864 
    -48.99854 -156.28511 
    -48.84615 -155.61438 
    -48.74546 -154.92982 
    -49.01561 -154.25594 
    -49.54063 -153.64302 
    -49.93867 -153.06265 
    -50.28492 -152.50558 
    -50.61310 -151.96863 
    -50.94181 -151.45163 
    -51.28018 -150.95518 
    -51.62284 -150.47467 
    -51.98158 -150.01460 
    -52.35233 -149.57201 
    -52.73081 -149.14230 
    -53.12210 -148.72766 
    -53.51513 -148.31514 
    -53.91506 -147.90472 
    -54.31968 -147.48766 
    -54.72222 -147.04398 
    -55.11891 -146.54822 
    -55.49917 -145.94579 
    -55.98682 -145.48387 
    -56.59961 -145.30553 
    -57.21804 -145.15909 
    -57.84119 -145.04544 
    -58.46796 -144.96559 
    -59.09659 -144.91403 
    -59.72673 -144.88162 
    -60.35863 -144.88620 
    -60.99030 -144.92772 
    -61.61978 -145.00615 
    -62.24506 -145.12157 
    -62.86444 -145.27296 
    -63.48129 -145.44690 
    -64.07956 -145.67960 
    -64.65986 -145.95651 
    -65.22907 -146.25952 
    -65.77852 -146.60027 
    -66.30485 -146.97826 
    -66.80464 -147.39262 
    -67.27454 -147.84196 
    -67.71133 -148.32439 
    -68.11219 -148.83743 
    -68.47467 -149.37822 
    -68.79691 -149.94345 
    -69.07761 -150.52963 
    -69.31607 -151.13315 
    -69.51211 -151.75037 
    -69.66601 -152.37785 
    -69.77839 -153.01237 
    -69.85009 -153.65096 
    -69.88206 -154.29091 
Cell 4 100 -43.58790 -145.76727 
    -55.66489 -145.76727 
    -55.15259 -146.49486 
    -54.61650 -147.16051 
    -54.05214 -147.76343 
    -53.51436 -148.31595 
    -53.02283 -148.83286 
    -52.57088 -149.32388 
    -52.16037 -149.80116 
    -51.78120 -150.27158 
    -51.43053 -150.74435 
    -51.09745 -151.22328 
    -50.77543 -151.71332 
    -50.45943 -152.22006 
    -50.13783 -152.74223 
    -49.79566 -153.27116 
    -49.41582 -153.78871 
    -48.99987 -154.29518 
    -48.54092 -154.77678 
    -47.98651 -155.11479 
    -47.40862 -155.41731 
    -46.80957 -155.68254 
    -46.19181 -155.90883 
    -45.55796 -156.09470 
    -44.91077 -156.23882 
    -44.25309 -156.34009 
    -43.58790 -156.39764 
    -42.91827 -156.41083 
    -42.24731 -156.37918 
    -41.57820 -156.30251 
    -40.91414 -156.18088 
    -40.25834 -156.01460 
    -39.61398 -155.80426 
    -38.98421 -155.55061 
    -38.37212 -155.25475 
    -37.78070 -154.91795 
    -37.21286 -154.54176 
    -36.67134 -154.12796 
    -36.15879 -153.67848 
    -35.67764 -153.19551 
    -35.23014 -152.68141 
    -34.81839 -152.13870 
    -34.44420 -151.57004 
    -34.10922 -150.97823 
    -33.81482 -150.36613 
    -33.56214 -149.73676 
    -33.35208 -149.09309 
    -33.18529 -148.43822 
    -33.06219 -147.77516 
    -32.98295 -147.10699 
    -32.94753 -146.43671 
    -32.95566 -145.76727 
    -33.00688 -145.10158 
    -33.10056 -144.44241 
    -33.23587 -143.79251 
    -33.41185 -143.15451 
    -33.62740 -142.53091 
    -33.88131 -141.92416 
    -34.17223 -141.33659 
    -34.49871 -140.77045 
    -34.85921 -140.22787 
    -35.25208 -139.71094 
    -35.69359 -139.23654 
    -36.21125 -138.84013 
    -36.74442 -138.47969 
    -37.27387 -138.13490 
    -37.79353 -137.79201 
    -38.31091 -137.45206 
    -38.83138 -137.11519 
    -39.35915 -136.78072 
    -39.89776 -136.44702 
    -40.45031 -136.11075 
    -41.02077 -135.76898 
    -41.61271 -135.41295 
    -42.23151 -135.03038 
    -42.89547 -134.76138 
    -43.58790 -134.59329 
    -44.30030 -134.44405 
    -45.02179 -134.41689 
    -45.74770 -134.44521 
    -46.47648 -134.51700 
    -47.22096 -134.58586 
    -47.96752 -134.70563 
    -48.71165 -134.87875 
    -49.44825 -135.10735 
    -50.17167 -135.39291 
    -50.87588 -135.73624 
    -51.55452 -136.13728 
    -52.20116 -136.59508 
    -52.80940 -137.10771 
    -53.37313 -137.67223 
    -53.88669 -138.28477 
    -54.34506 -138.94057 
    -54.74405 -139.63412 
    -55.08038 -140.35933 
    -55.35181 -141.10962 
    -55.55716 -141.87822 
    -55.69632 -142.65836 
    -55.77019 -143.44337 
    -55.78065 -144.22697 
    -55.72971 -145.00337 
Cell 5 100 -11.54999 -150.31248 
    -21.92701 -150.31248 
    -21.93839 -150.96606 
    -21.90693 -151.62086 
    -21.83242 -152.27396 
    -21.71488 -152.92238 
    -21.55455 -153.56316 
    -21.35188 -154.19333 
    -21.10755 -154.80992 
    -20.82246 -155.41006 
    -20.49776 -155.99091 
    -20.13476 -156.54968 
    -19.73502 -157.08372 
    -19.30029 -157.59050 
    -18.83250 -158.06757 
    -18.33379 -158.51270 
    -17.80644 -158.92374 
    -17.25288 -159.29880 
    -16.67572 -159.63615 
    -16.07764 -159.93422 
    -15.46146 -160.19173 
    -14.83007 -160.40750 
    -14.18643 -160.58072 
    -13.53356 -160.71068 
    -12.87449 -160.79697 
    -12.21229 -160.83939 
    -11.54999 -160.83795 
    -10.89062 -160.79294 
    -10.23714 -160.70480 
    -9.59246 -160.57423 
    -8.95941 -160.40213 
    -8.34073 -160.18959 
    -7.73904 -159.93787 
    -7.15683 -159.64844 
    -6.59648 -159.32291 
    -6.06021 -158.96300 
    -5.55007 -158.57068 
    -5.06798 -158.14790 
    -4.61566 -157.69679 
    -4.17137 -157.24147 
    -3.73086 -156.78104 
    -3.31715 -156.29399 
    -2.93190 -155.78169 
    -2.58180 -155.24280 
    -2.27630 -154.67636 
    -2.03506 -154.07971 
    -1.89578 -153.44933 
    -1.77683 -152.82181 
    -1.66786 -152.19760 
    -1.57206 -151.57300 
    -1.49150 -150.94531 
    -1.42734 -150.31248 
    -1.37977 -149.67264 
    -1.29968 -149.01758 
    -1.10754 -148.32048 
    -0.89959 -147.57793 
    -0.66568 -146.77597 
    -0.37789 -145.88914 
    -0.05592 -144.90378 
    -0.42063 -144.19406 
    -0.92482 -143.56955 
    -1.54124 -143.04070 
    -2.23835 -142.60922 
    -2.98217 -142.26675 
    -3.74164 -141.99742 
    -4.49271 -141.78169 
    -5.22023 -141.60031 
    -5.91781 -141.43758 
    -6.58136 -141.27458 
    -7.17243 -141.00967 
    -7.77655 -140.78186 
    -8.39139 -140.59131 
    -9.01472 -140.43823 
    -9.63003 -140.24768 
    -10.25300 -140.04572 
    -10.89522 -139.90512 
    -11.54999 -139.79007 
    -12.21241 -139.78374 
    -12.87635 -139.81328 
    -13.54588 -139.84970 
    -14.22305 -139.90160 
    -14.90941 -139.97325 
    -15.60841 -140.06210 
    -16.28986 -140.23975 
    -16.91507 -140.55345 
    -17.45103 -141.01393 
    -17.93635 -141.52242 
    -18.37552 -142.06183 
    -18.77550 -142.61810 
    -19.14372 -143.18150 
    -19.48639 -143.74692 
    -19.80748 -144.31306 
    -20.10839 -144.88116 
    -20.38827 -145.45360 
    -20.70646 -146.00378 
    -20.99559 -146.57271 
    -21.24867 -147.16119 
    -21.46421 -147.76695 
    -21.64089 -148.38754 
    -21.77755 -149.02045 
    -21.87319 -149.66301 
Cell 6 100 7.81473 -152.68532 
    -1.75300 -152.68532 
    -1.86641 -153.29440 
    -2.00095 -153.92532 
    -2.24735 -154.60477 
    -2.65258 -155.37286 
    -2.85669 -156.15266 
    -2.67787 -156.83963 
    -2.41316 -157.49820 
    -2.10268 -158.13747 
    -1.74793 -158.75397 
    -1.35066 -159.34436 
    -0.91298 -159.90550 
    -0.43724 -160.43443 
    0.07396 -160.92841 
    0.61784 -161.38486 
    1.19137 -161.80159 
    1.79143 -162.17653 
    2.41466 -162.50800 
    3.05767 -162.79459 
    3.71694 -163.03516 
    4.38890 -163.22893 
    5.07000 -163.37534 
    5.75663 -163.47427 
    6.44526 -163.52579 
    7.13242 -163.53023 
    7.81473 -163.48830 
    8.48890 -163.40100 
    9.15181 -163.26938 
    9.80048 -163.09499 
    10.43210 -162.87930 
    11.04406 -162.62416 
    11.63397 -162.33162 
    12.19957 -162.00359 
    12.79554 -161.74538 
    13.37941 -161.45386 
    13.94838 -161.12756 
    14.50035 -160.76685 
    15.03310 -160.37210 
    15.54426 -159.94383 
    16.03130 -159.48265 
    16.49156 -158.98940 
    16.92222 -158.46510 
    17.32038 -157.91110 
    17.68310 -157.32903 
    18.00741 -156.72089 
    18.29044 -156.08908 
    18.52949 -155.43640 
    18.72205 -154.76601 
    18.86596 -154.08141 
    18.95944 -153.38649 
    19.00118 -152.68532 
    18.99038 -151.98221 
    18.92638 -151.28159 
    18.79959 -150.58984 
    18.59730 -149.91682 
    18.37191 -149.25508 
    18.12059 -148.60493 
    17.84440 -147.96571 
    17.49178 -147.36531 
    17.09641 -146.79498 
    16.66407 -146.25589 
    16.19812 -145.74997 
    15.70190 -145.27878 
    15.17874 -144.84343 
    14.63189 -144.44478 
    14.06444 -144.08333 
    13.47932 -143.75935 
    12.87926 -143.47298 
    12.26681 -143.22415 
    11.64435 -143.01280 
    11.01408 -142.83875 
    10.37806 -142.70181 
    9.73825 -142.60184 
    9.12621 -142.30386 
    8.49007 -141.95116 
    7.81473 -141.55841 
    7.08962 -141.16000 
    6.31594 -140.82117 
    5.51263 -140.61731 
    4.70845 -140.58714 
    3.95370 -140.80229 
    3.28272 -141.23878 
    2.71358 -141.84483 
    2.24045 -142.54573 
    1.79563 -143.20073 
    1.23643 -143.63106 
    0.72539 -144.11577 
    0.26484 -144.64551 
    -0.14535 -145.21031 
    -0.38266 -145.90384 
    -0.59950 -146.57202 
    -0.79551 -147.22108 
    -0.97644 -147.85234 
    -1.14812 -148.46771 
    -1.30657 -149.07394 
    -1.38160 -149.69725 
    -1.42733 -150.31236 
    -1.48800 -150.91072 
    -1.56277 -151.50066 
    -1.65132 -152.08977 
Cell 7 100 27.57512 -144.80602 
    17.38201 -144.80602 
    17.35842 -145.44879 
    17.38609 -146.09319 
    17.47321 -146.73306 
    17.62652 -147.36038 
    17.84516 -147.96747 
    18.10007 -148.55745 
    18.33319 -149.15494 
    18.54703 -149.76926 
    18.74539 -150.40953 
    18.96984 -151.05812 
    19.35401 -151.60710 
    19.77515 -152.13068 
    20.23155 -152.62613 
    20.72126 -153.09091 
    21.24214 -153.52261 
    21.79183 -153.91902 
    22.36783 -154.27805 
    22.96745 -154.59779 
    23.58787 -154.87665 
    24.22613 -155.11314 
    24.87917 -155.30606 
    25.54382 -155.45445 
    26.21688 -155.55759 
    26.89507 -155.61502 
    27.57512 -155.62654 
    28.25373 -155.59219 
    28.92763 -155.51227 
    29.59362 -155.38736 
    30.24852 -155.21823 
    30.88928 -155.00595 
    31.51291 -154.75175 
    32.11661 -154.45717 
    32.69765 -154.12386 
    33.25350 -153.75371 
    33.78180 -153.34877 
    34.28036 -152.91125 
    34.74720 -152.44351 
    35.18057 -151.94801 
    35.57893 -151.42734 
    35.94099 -150.88417 
    36.19796 -150.27824 
    36.44880 -149.68436 
    36.70921 -149.10419 
    36.97894 -148.52925 
    37.25970 -147.95273 
    37.55589 -147.36864 
    37.87540 -146.77090 
    38.23609 -146.15280 
    38.42146 -145.48840 
    38.51372 -144.80602 
    38.56213 -144.11478 
    38.56495 -143.41768 
    38.52057 -142.71806 
    38.42767 -142.01956 
    38.28523 -141.32610 
    38.09269 -140.64182 
    37.84993 -139.97105 
    37.55737 -139.31822 
    37.21597 -138.68774 
    36.82725 -138.08395 
    36.39330 -137.51097 
    35.91676 -136.97269 
    35.40073 -136.47260 
    34.84905 -136.01334 
    34.33755 -135.49834 
    33.77211 -135.04111 
    33.15464 -134.65691 
    32.49380 -134.35329 
    31.80039 -134.13420 
    31.08634 -133.99960 
    30.36363 -133.94548 
    29.64324 -133.96454 
    28.94193 -133.98662 
    28.25555 -133.99092 
    27.57512 -133.81377 
    26.87472 -133.67352 
    26.15670 -133.57806 
    25.42525 -133.53600 
    24.68655 -133.55580 
    23.94869 -133.64502 
    23.22124 -133.80937 
    22.51464 -134.05196 
    21.83941 -134.37280 
    21.20527 -134.76874 
    20.62029 -135.23352 
    20.09032 -135.75845 
    19.61855 -136.33313 
    19.20552 -136.94644 
    18.84933 -137.58742 
    18.54621 -138.24612 
    18.29115 -138.91423 
    18.07870 -139.58531 
    17.90353 -140.25491 
    17.76112 -140.92038 
    17.64799 -141.58049 
    17.56192 -142.23506 
    17.50192 -142.88445 
    17.46802 -143.52919 
    17.45115 -144.16907 
Cell 8 100 45.83107 -152.64221 
    35.79205 -152.64221 
    35.81453 -153.27240 
    35.86845 -153.90079 
    35.96008 -154.52521 
    36.09079 -155.14310 
    36.26036 -155.75192 
    36.46820 -156.34923 
    36.71357 -156.93259 
    36.99552 -157.49959 
    37.31299 -158.04794 
    37.66476 -158.57538 
    38.04946 -159.07971 
    38.46556 -159.55888 
    38.91141 -160.01089 
    39.38524 -160.43387 
    39.88516 -160.82605 
    40.40914 -161.18581 
    40.95506 -161.51164 
    41.52070 -161.80220 
    42.10378 -162.05626 
    42.70190 -162.27278 
    43.31264 -162.45085 
    43.93347 -162.58975 
    44.56187 -162.68889 
    45.19527 -162.74789 
    45.83107 -162.76649 
    46.46666 -162.74466 
    47.09945 -162.68251 
    47.72686 -162.58029 
    48.34632 -162.43848 
    48.95532 -162.25768 
    49.55138 -162.03867 
    50.13211 -161.78239 
    50.69514 -161.48994 
    51.23823 -161.16254 
    51.75920 -160.80159 
    52.25599 -160.40860 
    52.72661 -159.98521 
    53.16923 -159.53320 
    53.58212 -159.05444 
    53.96367 -158.55089 
    54.31242 -158.02464 
    54.62705 -157.47784 
    54.90638 -156.91273 
    55.14936 -156.33159 
    55.35515 -155.73677 
    55.52320 -155.13074 
    55.65431 -154.51610 
    55.72668 -153.89232 
    55.71833 -153.26427 
    55.66855 -152.64221 
    55.60775 -152.02711 
    55.53846 -151.41589 
    55.46456 -150.80453 
    55.39603 -150.18636 
    55.33942 -149.55275 
    55.13695 -148.95775 
    54.88803 -148.38033 
    54.60328 -147.81964 
    54.28617 -147.27644 
    53.93970 -146.75095 
    53.56471 -146.24438 
    53.16356 -145.75655 
    52.73834 -145.28671 
    52.29057 -144.83401 
    51.82077 -144.39810 
    51.32834 -143.97989 
    50.81171 -143.58246 
    50.26881 -143.21152 
    49.79861 -142.62132 
    49.30471 -141.95143 
    48.60235 -141.84877 
    47.82747 -142.17673 
    47.16606 -142.07463 
    46.49791 -142.04300 
    45.83107 -141.89902 
    45.15337 -141.87064 
    44.50005 -142.10611 
    43.89116 -142.47285 
    43.28293 -142.71786 
    42.68552 -142.96121 
    42.10380 -143.22821 
    41.53761 -143.51816 
    40.98747 -143.83174 
    40.45464 -144.17032 
    39.94099 -144.53522 
    39.44873 -144.92729 
    38.97886 -145.34535 
    38.53484 -145.79059 
    38.15490 -146.29195 
    37.84030 -146.83658 
    37.54745 -147.38527 
    37.26869 -147.93500 
    36.99975 -148.48651 
    36.73832 -149.04214 
    36.48430 -149.60527 
    36.23965 -150.17955 
    35.99144 -150.76520 
    35.82935 -151.37871 
    35.79176 -152.01059 
Cell 9 100 66.20192 -152.93484 
    55.69197 -152.93484 
    55.72272 -153.59415 
    55.70810 -154.26053 
    55.66230 -154.94539 
    55.64180 -155.64622 
    55.80802 -156.31203 
    56.01431 -156.96840 
    56.26178 -157.61232 
    56.55095 -158.24051 
    56.88181 -158.84956 
    57.25365 -159.43614 
    57.66527 -159.99698 
    58.11495 -160.52902 
    58.60059 -161.02943 
    59.11988 -161.49556 
    59.67027 -161.92490 
    60.24887 -162.31534 
    60.85278 -162.66490 
    61.47881 -162.97197 
    62.12375 -163.23512 
    62.78425 -163.45334 
    63.45692 -163.62590 
    64.13837 -163.75233 
    64.82520 -163.83273 
    65.51411 -163.86728 
    66.20192 -163.85669 
    66.88562 -163.80196 
    67.56244 -163.70445 
    68.22986 -163.56569 
    68.88571 -163.38754 
    69.52820 -163.17209 
    70.15585 -162.92133 
    70.76763 -162.63748 
    71.36276 -162.32237 
    71.94083 -161.97792 
    72.50153 -161.60551 
    73.04461 -161.20624 
    73.56970 -160.78073 
    74.07609 -160.32918 
    74.56267 -159.85146 
    75.02763 -159.34709 
    75.46843 -158.81555 
    75.88169 -158.25635 
    76.22655 -157.65208 
    76.34486 -156.95071 
    76.47700 -156.27342 
    76.65730 -155.61932 
    76.81434 -154.95927 
    76.91470 -154.28818 
    76.96797 -153.61218 
    76.97688 -152.93484 
    76.93840 -152.25937 
    76.86368 -151.58795 
    76.76168 -150.92046 
    76.63554 -150.25595 
    76.49731 -149.58968 
    76.35867 -148.91350 
    76.10607 -148.27431 
    75.79940 -147.65858 
    75.46970 -147.05333 
    75.11485 -146.45921 
    74.73423 -145.87631 
    74.32758 -145.30434 
    73.89487 -144.74268 
    73.43632 -144.18996 
    72.95265 -143.64326 
    72.44975 -143.08983 
    71.82590 -142.70485 
    71.16886 -142.37956 
    70.48719 -142.11148 
    69.78671 -141.90199 
    69.07156 -141.75832 
    68.34866 -141.68120 
    67.62634 -141.65935 
    66.90984 -141.68269 
    66.20192 -141.74626 
    65.50492 -141.85635 
    64.82177 -142.00984 
    64.15579 -142.20866 
    63.51091 -142.45406 
    62.88764 -142.73456 
    62.28711 -143.04716 
    61.71014 -143.38933 
    61.15737 -143.75883 
    60.62933 -144.15384 
    60.12654 -144.57280 
    59.64958 -145.01443 
    59.19912 -145.47763 
    58.66655 -145.85866 
    58.12057 -146.24937 
    57.57057 -146.66380 
    57.02655 -147.11198 
    56.50685 -147.60493 
    56.03644 -148.15134 
    55.64267 -148.75415 
    55.34921 -149.40858 
    55.39365 -150.15976 
    55.47471 -150.88852 
    55.55822 -151.59024 
    55.63174 -152.26982 
Cell 10 100 84.80787 -142.66322 
    72.24272 -142.66322 
    72.75136 -143.42175 
    73.36456 -144.10886 
    73.89642 -144.74469 
    74.35750 -145.34642 
    74.76657 -145.92584 
    75.13502 -146.49298 
    75.47147 -147.05659 
    75.78141 -147.62556 
    76.07248 -148.20686 
    76.38576 -148.78224 
    76.85876 -149.23929 
    77.33777 -149.67812 
    77.82642 -150.09770 
    78.32791 -150.49615 
    78.84460 -150.87096 
    79.37794 -151.21941 
    79.92847 -151.53882 
    80.49587 -151.82669 
    81.07919 -152.08078 
    81.67693 -152.29927 
    82.28719 -152.48059 
    82.90783 -152.62357 
    83.53648 -152.72725 
    84.17068 -152.79100 
    84.80787 -152.81439 
    85.44547 -152.79750 
    86.08133 -152.74370 
    86.71306 -152.65056 
    87.33829 -152.51855 
    87.95476 -152.34834 
    88.56028 -152.14075 
    89.15281 -151.89670 
    89.73040 -151.61728 
    90.29124 -151.30363 
    90.83366 -150.95702 
    91.35613 -150.57870 
    91.85722 -150.17003 
    92.33563 -149.73227 
    92.79015 -149.26674 
    93.21961 -148.77470 
    93.62291 -148.25742 
    93.99892 -147.71605 
    94.34650 -147.15176 
    94.66439 -146.56570 
    94.95129 -145.95901 
    95.20571 -145.33293 
    95.42605 -144.68875 
    95.61055 -144.02792 
    95.75730 -143.35210 
    95.86428 -142.66322 
    95.92941 -141.96352 
    95.95056 -141.25557 
    95.92570 -140.54239 
    95.85294 -139.82733 
    95.73058 -139.11421 
    95.55733 -138.40721 
    95.10693 -137.81686 
    94.59309 -137.28374 
    94.05743 -136.79327 
    93.55575 -136.30753 
    93.07314 -135.82561 
    92.59859 -135.34724 
    92.12616 -134.87004 
    91.65206 -134.39001 
    91.17315 -133.90216 
    90.67252 -133.42201 
    90.13163 -132.97934 
    89.57162 -132.53970 
    88.99075 -132.09850 
    88.37681 -131.67917 
    87.65952 -131.55679 
    86.93983 -131.48711 
    86.22210 -131.46843 
    85.51028 -131.49873 
    84.80787 -131.57567 
    84.11791 -131.69672 
    83.44301 -131.85927 
    82.78532 -132.06068 
    82.14665 -132.29846 
    81.52843 -132.57014 
    80.93186 -132.87355 
    80.35793 -133.20662 
    79.80746 -133.56752 
    79.28123 -133.95464 
    78.73692 -134.30728 
    78.12012 -134.57912 
    77.49144 -134.87202 
    76.85064 -135.19089 
    76.20049 -135.54259 
    75.64618 -136.00687 
    75.16997 -136.54681 
    74.69777 -137.10515 
    74.22721 -137.68436 
    73.73479 -138.27908 
    73.21278 -138.89575 
    72.67522 -139.54810 
    72.25377 -140.26840 
    72.08945 -141.05652 
    72.10709 -141.86415 
Cell 11 100 110.53261 -149.90813 
    100.36758 -149.90813 
    100.37814 -150.54700 
    100.42954 -151.18445 
    100.52165 -151.81783 
    100.65418 -152.44447 
    100.82667 -153.06178 
    101.03845 -153.66713 
    101.28873 -154.25797 
    101.57648 -154.83180 
    101.90055 -155.38620 
    102.25961 -155.91881 
    102.65217 -156.42740 
    103.07660 -156.90979 
    103.53111 -157.36397 
    104.01380 -157.78801 
    104.52263 -158.18016 
    105.05544 -158.53877 
    105.60996 -158.86238 
    106.18388 -159.14966 
    106.77473 -159.39944 
    107.38004 -159.61075 
    107.99723 -159.78278 
    108.62373 -159.91486 
    109.25688 -160.00655 
    109.89406 -160.05757 
    110.53261 -160.06783 
    111.16989 -160.03743 
    111.80330 -159.96666 
    112.43026 -159.85599 
    113.04831 -159.70613 
    113.65504 -159.51801 
    114.24825 -159.29277 
    114.82588 -159.03180 
    115.38619 -158.73677 
    115.92776 -158.40953 
    116.44962 -158.05220 
    116.95129 -157.66698 
    117.43283 -157.25612 
    117.89487 -156.82175 
    118.33846 -156.36569 
    118.76490 -155.88924 
    119.17542 -155.39302 
    119.57071 -154.87686 
    119.95052 -154.33986 
    120.31306 -153.78047 
    120.65466 -153.19698 
    120.96955 -152.58788 
    121.24997 -151.95258 
    121.48658 -151.29193 
    121.66927 -150.60878 
    121.78813 -149.90813 
    121.83470 -149.19705 
    121.80298 -148.48434 
    121.69026 -147.77969 
    121.81912 -147.01024 
    122.00582 -146.18025 
    121.64756 -145.50740 
    120.85344 -145.05151 
    120.06320 -144.66864 
    119.58913 -144.16069 
    119.08968 -143.69106 
    118.57289 -143.25662 
    118.04466 -142.85384 
    117.50869 -142.47935 
    116.96680 -142.13052 
    116.44399 -141.77180 
    115.92753 -141.40709 
    115.39219 -141.06857 
    114.83988 -140.75471 
    114.27161 -140.46446 
    113.68744 -140.19855 
    113.08672 -139.96051 
    112.46896 -139.75742 
    111.83494 -139.59911 
    111.18767 -139.49626 
    110.53261 -139.45767 
    109.87700 -139.48755 
    109.20609 -139.40768 
    108.48574 -139.17809 
    107.72525 -138.97420 
    106.95286 -138.89079 
    106.21979 -139.01520 
    105.57823 -139.37955 
    105.05331 -139.94133 
    104.63023 -140.60748 
    104.26630 -141.28331 
    103.91708 -141.91132 
    103.55663 -142.47946 
    103.18162 -143.00508 
    102.80283 -143.51350 
    102.40887 -144.00589 
    102.04250 -144.52014 
    101.70889 -145.05725 
    101.40952 -145.61513 
    101.14574 -146.19160 
    100.91876 -146.78439 
    100.72965 -147.39116 
    100.57931 -148.00943 
    100.46849 -148.63673 
    100.39777 -149.27049 
Cell 12 100 -115.80978 -132.05138 
    -127.43922 -132.05138 
    -127.54988 -132.78999 
    -127.60150 -133.54102 
    -127.59302 -134.29915 
    -127.52402 -135.05908 
    -127.39469 -135.81554 
    -127.20592 -136.56343 
    -126.95920 -137.29790 
    -126.65639 -138.01436 
    -126.29990 -138.70862 
    -125.89236 -139.37680 
    -125.43668 -140.01544 
    -124.93596 -140.62143 
    -124.39337 -141.19197 
    -123.33026 -141.14207 
    -121.72714 -140.19592 
    -121.04908 -140.30719 
    -120.46724 -140.52325 
    -119.88607 -140.71394 
    -119.30785 -140.88649 
    -118.73644 -141.05873 
    -118.15454 -141.18364 
    -117.56893 -141.27321 
    -116.98431 -141.34874 
    -116.39897 -141.41637 
    -115.80978 -141.45070 
    -115.21808 -141.45618 
    -114.62234 -141.45088 
    -114.02029 -141.43224 
    -113.41140 -141.39244 
    -112.79883 -141.31812 
    -112.17200 -141.23935 
    -111.52173 -141.16394 
    -110.74372 -141.26649 
    -110.26361 -140.79074 
    -109.78776 -140.33998 
    -109.30598 -139.91312 
    -108.80148 -139.51445 
    -108.26245 -139.13878 
    -107.67792 -138.77863 
    -107.03776 -138.42462 
    -106.35097 -138.05412 
    -105.69236 -137.61346 
    -105.46426 -136.91960 
    -105.28771 -136.21736 
    -105.16264 -135.51083 
    -105.08376 -134.80534 
    -105.04424 -134.10501 
    -105.02886 -133.41333 
    -105.05432 -132.72806 
    -105.10095 -132.05138 
    -104.89571 -131.36472 
    -104.47421 -130.61935 
    -104.13555 -129.82440 
    -104.05100 -129.03224 
    -104.31309 -128.31587 
    -104.88338 -127.72531 
    -105.61814 -127.25556 
    -106.35880 -126.85565 
    -106.96576 -126.43880 
    -107.22907 -125.81713 
    -107.52564 -125.19814 
    -107.86146 -124.58741 
    -108.24283 -123.99340 
    -108.67523 -123.42719 
    -109.16212 -122.90167 
    -109.70395 -122.43013 
    -110.29758 -122.02472 
    -110.93633 -121.69476 
    -111.61063 -121.44555 
    -112.30918 -121.27765 
    -113.02029 -121.18704 
    -113.73327 -121.16595 
    -114.43945 -121.20417 
    -115.13277 -121.29070 
    -115.80978 -121.41522 
    -116.46925 -121.56925 
    -117.11155 -121.74679 
    -117.73778 -121.94444 
    -118.34916 -122.16115 
    -118.94650 -122.39756 
    -119.52991 -122.65540 
    -120.09877 -122.93681 
    -120.65178 -123.24380 
    -121.18715 -123.57800 
    -121.70276 -123.94038 
    -122.19730 -124.33018 
    -122.66904 -124.74701 
    -123.11361 -125.19262 
    -123.52924 -125.66528 
    -123.91423 -126.16315 
    -124.28742 -126.67130 
    -124.77891 -127.12056 
    -125.24622 -127.61092 
    -125.68439 -128.14174 
    -126.08847 -128.71162 
    -126.45358 -129.31851 
    -126.77518 -129.95961 
    -127.04905 -130.63153 
    -127.27147 -131.33026 
Cell 13 100 -89.31139 -124.17894 
    -99.44868 -124.17894 
    -99.44263 -124.81635 
    -99.39600 -125.45293 
    -99.30879 -126.08604 
    -99.18121 -126.71308 
    -99.01360 -127.33138 
    -98.80656 -127.93834 
    -98.56081 -128.53139 
    -98.27727 -129.10797 
    -97.95705 -129.66565 
    -97.60141 -130.20200 
    -97.21177 -130.71471 
    -96.78973 -131.20158 
    -96.33704 -131.66051 
    -95.85558 -132.08951 
    -95.34735 -132.48672 
    -94.81451 -132.85046 
    -94.25930 -133.17917 
    -93.68410 -133.47144 
    -93.09134 -133.72601 
    -92.48355 -133.94185 
    -91.86333 -134.11807 
    -91.23330 -134.25397 
    -90.59617 -134.34900 
    -89.95462 -134.40286 
    -89.31139 -134.41537 
    -88.66917 -134.38661 
    -88.03068 -134.31677 
    -87.39857 -134.20628 
    -86.77546 -134.05574 
    -86.16390 -133.86591 
    -85.56639 -133.63773 
    -84.98531 -133.37231 
    -84.42296 -133.07095 
    -83.88149 -132.73508 
    -83.35169 -132.38176 
    -82.82703 -132.01718 
    -82.32275 -131.62108 
    -81.84079 -131.19431 
    -81.38311 -130.73778 
    -80.95180 -130.25253 
    -80.54904 -129.73970 
    -80.17707 -129.20058 
    -79.83822 -128.63667 
    -79.53484 -128.04974 
    -79.26927 -127.44182 
    -79.04381 -126.81521 
    -78.86059 -126.17254 
    -78.72158 -125.51675 
    -78.62846 -124.85105 
    -78.58258 -124.17894 
    -78.58488 -123.50408 
    -78.63586 -122.83031 
    -78.73557 -122.16149 
    -78.88351 -121.50152 
    -79.07874 -120.85416 
    -79.31988 -120.22302 
    -79.60509 -119.61150 
    -79.86297 -118.98463 
    -80.12712 -118.35043 
    -80.43208 -117.72775 
    -80.77887 -117.12022 
    -81.16824 -116.53201 
    -81.60051 -115.96769 
    -82.07542 -115.43217 
    -82.59206 -114.93057 
    -83.14868 -114.46807 
    -83.74278 -114.04968 
    -84.37100 -113.68008 
    -85.02921 -113.36340 
    -85.71261 -113.10303 
    -86.41583 -112.90151 
    -87.13319 -112.76041 
    -87.85876 -112.68026 
    -88.58672 -112.66059 
    -89.31139 -112.69996 
    -90.02753 -112.79608 
    -90.73044 -112.94598 
    -91.41601 -113.14612 
    -92.08083 -113.39266 
    -92.72218 -113.68159 
    -93.33798 -114.00893 
    -93.92673 -114.37083 
    -94.48743 -114.76376 
    -94.94820 -115.29675 
    -95.40730 -115.78864 
    -95.84582 -116.28017 
    -96.26708 -116.77189 
    -96.67225 -117.26662 
    -97.06319 -117.76609 
    -97.44427 -118.27005 
    -97.86407 -118.75124 
    -98.26871 -119.25461 
    -98.62638 -119.79564 
    -98.84953 -120.40252 
    -99.01049 -121.02751 
    -99.12280 -121.65980 
    -99.22600 -122.28763 
    -99.33991 -122.91204 
    -99.41432 -123.54332 
Cell 14 100 -65.94839 -132.96614 
    -76.72476 -132.96614 
    -76.69270 -133.64212 
    -76.61956 -134.31422 
    -76.50488 -134.97990 
    -76.34843 -135.63641 
    -76.15031 -136.28094 
    -75.91094 -136.91058 
    -75.63112 -137.52248 
    -75.31196 -138.11380 
    -74.95489 -138.68184 
    -74.56159 -139.22400 
    -74.13153 -139.73582 
    -73.65628 -140.20433 
    -73.15009 -140.63518 
    -72.62238 -141.03360 
    -72.08141 -141.40752 
    -71.52704 -141.75668 
    -70.95375 -142.07085 
    -70.36372 -142.34918 
    -69.75639 -142.58405 
    -69.13593 -142.77635 
    -68.50478 -142.92262 
    -67.87072 -143.04333 
    -67.23669 -143.16399 
    -66.59539 -143.24977 
    -65.94839 -143.30080 
    -65.29716 -143.31717 
    -64.64306 -143.29895 
    -63.98738 -143.24615 
    -63.33139 -143.15869 
    -62.67638 -143.03636 
    -62.02367 -142.87886 
    -61.37471 -142.68570 
    -60.73112 -142.45633 
    -60.09472 -142.19006 
    -59.46763 -141.88615 
    -58.85227 -141.54388 
    -58.25142 -141.16258 
    -57.66823 -140.74173 
    -57.10620 -140.28104 
    -56.56918 -139.78053 
    -56.06131 -139.24068 
    -55.58697 -138.66238 
    -55.15063 -138.04718 
    -54.75685 -137.39719 
    -54.41005 -136.71518 
    -54.11442 -136.00459 
    -53.87383 -135.26949 
    -53.69162 -134.51453 
    -53.57054 -133.74489 
    -53.51260 -132.96614 
    -53.51905 -132.18416 
    -53.59031 -131.40495 
    -53.72596 -130.63458 
    -53.92515 -129.87909 
    -54.18705 -129.14465 
    -54.51418 -128.43901 
    -54.92615 -127.77946 
    -55.46249 -127.20146 
    -56.12270 -126.73056 
    -56.73529 -126.27242 
    -57.33760 -125.84267 
    -57.93558 -125.44161 
    -58.49350 -125.02748 
    -58.97076 -124.53163 
    -59.48205 -124.06598 
    -60.03157 -123.64272 
    -60.61712 -123.26858 
    -61.22926 -122.93748 
    -61.86623 -122.65576 
    -62.57493 -122.58368 
    -63.27258 -122.54453 
    -63.94789 -122.47913 
    -64.61984 -122.44957 
    -65.28709 -122.45505 
    -65.94839 -122.49490 
    -66.60255 -122.56862 
    -67.24837 -122.67581 
    -67.88460 -122.81620 
    -68.50995 -122.98955 
    -69.14790 -123.11906 
    -69.79320 -123.25528 
    -70.43413 -123.43348 
    -71.06663 -123.65611 
    -71.68582 -123.92540 
    -72.28622 -124.24288 
    -72.86198 -124.60905 
    -73.40737 -125.02314 
    -73.91718 -125.48296 
    -74.38714 -125.98501 
    -74.81427 -126.52470 
    -75.19692 -127.09685 
    -75.53462 -127.69607 
    -75.82790 -128.31720 
    -76.07785 -128.95561 
    -76.28580 -129.60732 
    -76.45296 -130.26903 
    -76.58025 -130.93800 
    -76.66806 -131.61194 
    -76.71635 -132.28868 
Cell 15 100 -53.88046 -116.63924 
    -64.36620 -116.63924 
    -64.34395 -117.29755 
    -64.28098 -117.95313 
    -64.17682 -118.60337 
    -64.03143 -119.24556 
    -63.84380 -119.87652 
    -63.61240 -120.49239 
    -63.32570 -121.08382 
    -62.98842 -121.64638 
    -62.56232 -122.14892 
    -62.04352 -122.57005 
    -61.40159 -122.86126 
    -60.82198 -123.15777 
    -60.29756 -123.47276 
    -59.81331 -123.81083 
    -59.35823 -124.17875 
    -58.92156 -124.58275 
    -58.49239 -125.02831 
    -58.00003 -125.39378 
    -57.48516 -125.74370 
    -56.95868 -126.11303 
    -56.41528 -126.51174 
    -55.84347 -126.92973 
    -55.22884 -127.31276 
    -54.55631 -127.38161 
    -53.88046 -127.40556 
    -53.20443 -127.38439 
    -52.53140 -127.31813 
    -51.86453 -127.20707 
    -51.20697 -127.05176 
    -50.56181 -126.85298 
    -49.93205 -126.61176 
    -49.32063 -126.32936 
    -48.73034 -126.00726 
    -48.16388 -125.64713 
    -47.62375 -125.25085 
    -47.11235 -124.82047 
    -46.63184 -124.35822 
    -46.18425 -123.86646 
    -45.77138 -123.34765 
    -45.39214 -122.80636 
    -44.97483 -122.29092 
    -44.57922 -121.75264 
    -44.21704 -121.18649 
    -43.89182 -120.59402 
    -43.60709 -119.97726 
    -43.36633 -119.33881 
    -43.17275 -118.68184 
    -43.02918 -118.01007 
    -42.93790 -117.32768 
    -42.90047 -116.63924 
    -42.91772 -115.94952 
    -42.98961 -115.26340 
    -43.11528 -114.58567 
    -43.29311 -113.92087 
    -43.52074 -113.27316 
    -43.79529 -112.64624 
    -44.11344 -112.04323 
    -44.47161 -111.46668 
    -44.86614 -110.91858 
    -44.84462 -110.07432 
    -44.37138 -108.77265 
    -45.80485 -109.05573 
    -46.73849 -109.03381 
    -47.26495 -108.64246 
    -47.76785 -108.22596 
    -48.25519 -107.77523 
    -48.76762 -107.33901 
    -49.30600 -106.91801 
    -49.87146 -106.51367 
    -50.46526 -106.12835 
    -51.08854 -105.76545 
    -51.74208 -105.42948 
    -52.42599 -105.12600 
    -53.13947 -104.86151 
    -53.88046 -104.64320 
    -54.64554 -104.47858 
    -55.42978 -104.37510 
    -56.22673 -104.33966 
    -57.02858 -104.37811 
    -57.82640 -104.49485 
    -58.61055 -104.69239 
    -59.37106 -104.97112 
    -60.09819 -105.32922 
    -60.78294 -105.76266 
    -61.41750 -106.26540 
    -61.99559 -106.82973 
    -62.51279 -107.44673 
    -62.96663 -108.10675 
    -63.35656 -108.79993 
    -63.68377 -109.51672 
    -63.95096 -110.24830 
    -64.16198 -110.98692 
    -64.32137 -111.72611 
    -64.43402 -112.46078 
    -64.50475 -113.18719 
    -64.53802 -113.90284 
    -64.53769 -114.60626 
    -64.50684 -115.29681 
    -64.44773 -115.97440 
Cell 16 100 -34.26733 -129.04344 
    -45.21805 -129.04344 
    -45.12589 -129.72661 
    -44.98230 -130.39705 
    -44.83780 -131.05986 
    -44.78877 -131.74489 
    -44.71552 -132.43826 
    -44.60857 -133.13782 
    -44.42403 -133.82281 
    -44.14876 -134.47580 
    -43.17170 -134.69432 
    -42.40879 -134.95856 
    -41.81533 -135.28769 
    -41.26980 -135.61920 
    -40.74063 -135.93681 
    -40.22657 -136.24692 
    -39.72438 -136.55443 
    -39.22965 -136.86279 
    -38.73803 -137.17561 
    -38.24463 -137.49561 
    -37.74406 -137.82465 
    -37.23050 -138.16315 
    -36.69818 -138.51096 
    -36.14573 -138.89030 
    -35.56919 -139.34866 
    -34.94360 -139.79228 
    -34.26733 -140.15840 
    -33.55192 -140.41458 
    -32.81255 -140.55925 
    -32.06395 -140.59401 
    -31.31944 -140.52475 
    -30.59438 -140.34764 
    -29.91479 -140.03671 
    -29.26270 -139.67882 
    -28.64158 -139.27666 
    -28.05457 -138.83319 
    -27.50453 -138.35164 
    -26.99402 -137.83537 
    -26.52520 -137.28798 
    -26.09987 -136.71320 
    -25.71955 -136.11479 
    -25.38527 -135.49664 
    -25.09778 -134.86261 
    -24.85744 -134.21658 
    -24.84978 -133.47499 
    -24.88739 -132.75723 
    -24.81507 -132.11467 
    -24.68256 -131.50439 
    -24.57450 -130.89244 
    -24.51611 -130.27531 
    -24.47682 -129.65941 
    -24.43742 -129.04344 
    -24.39434 -128.42227 
    -24.40857 -127.79799 
    -24.44856 -127.17041 
    -24.50061 -126.53577 
    -24.64025 -125.91541 
    -24.80683 -125.29776 
    -24.99858 -124.68190 
    -25.21450 -124.06660 
    -25.45460 -123.45071 
    -25.72027 -122.83363 
    -26.01435 -122.21597 
    -26.34102 -121.60014 
    -26.70544 -120.99084 
    -27.11307 -120.39542 
    -27.56883 -119.82374 
    -28.07619 -119.28776 
    -28.63629 -118.80060 
    -29.24733 -118.37538 
    -29.90435 -118.02380 
    -30.59945 -117.75486 
    -31.32243 -117.57378 
    -32.06178 -117.48151 
    -32.80585 -117.47462 
    -33.54397 -117.54594 
    -34.26733 -117.68553 
    -34.96955 -117.88200 
    -35.64681 -118.12375 
    -36.29763 -118.40025 
    -36.92234 -118.70286 
    -37.52245 -119.02523 
    -38.09990 -119.36348 
    -38.65656 -119.71587 
    -39.19728 -120.07590 
    -39.78178 -120.35407 
    -40.35561 -120.66365 
    -40.91711 -121.00525 
    -41.46396 -121.37981 
    -41.99310 -121.78846 
    -42.50065 -122.23225 
    -42.98188 -122.71195 
    -43.43140 -123.22775 
    -43.84335 -123.77898 
    -44.21174 -124.36396 
    -44.53085 -124.97983 
    -44.79566 -125.62258 
    -45.00220 -126.28719 
    -45.14792 -126.96786 
    -45.23181 -127.65831 
    -45.25448 -128.35219 
Cell 17 100 -14.67695 -130.31444 
    -24.51981 -130.31444 
    -24.58249 -130.93764 
    -24.69909 -131.58054 
    -24.83045 -132.25133 
    -24.87814 -132.93365 
    -24.85128 -133.62027 
    -24.67244 -134.27193 
    -24.40166 -134.89053 
    -24.09115 -135.48993 
    -23.74265 -136.06770 
    -23.35799 -136.62158 
    -22.93907 -137.14944 
    -22.48785 -137.64935 
    -22.00635 -138.11946 
    -21.49665 -138.55804 
    -20.96086 -138.96350 
    -20.40114 -139.33430 
    -19.81972 -139.66910 
    -19.21890 -139.96655 
    -18.60096 -140.22534 
    -17.96712 -140.44054 
    -17.31346 -140.58296 
    -16.59999 -140.39536 
    -15.91858 -140.14296 
    -15.28766 -140.02133 
    -14.67695 -139.94897 
    -14.07450 -139.89021 
    -13.47287 -139.84573 
    -12.86505 -139.81277 
    -12.24527 -139.78520 
    -11.59828 -139.78961 
    -10.87826 -139.90883 
    -10.20691 -139.81375 
    -9.62939 -139.49593 
    -9.07489 -139.14188 
    -8.54577 -138.75328 
    -8.04420 -138.33206 
    -7.57222 -137.88020 
    -7.13172 -137.39989 
    -6.72438 -136.89339 
    -6.35173 -136.36307 
    -6.01511 -135.81142 
    -5.71564 -135.24097 
    -5.45429 -134.65430 
    -5.23180 -134.05403 
    -5.04875 -133.44283 
    -4.90552 -132.82332 
    -4.78613 -132.20122 
    -4.67027 -131.57858 
    -4.58960 -130.94908 
    -4.54414 -130.31444 
    -4.53391 -129.67628 
    -4.55903 -129.03624 
    -4.61975 -128.39592 
    -4.71648 -127.75703 
    -4.84980 -127.12140 
    -5.02042 -126.49115 
    -5.22919 -125.86866 
    -5.47695 -125.25669 
    -5.76447 -124.65841 
    -6.09233 -124.07735 
    -6.46075 -123.51740 
    -6.86949 -122.98274 
    -7.31771 -122.47765 
    -7.80394 -122.00639 
    -8.32596 -121.57305 
    -8.88091 -121.18134 
    -9.46527 -120.83442 
    -10.07500 -120.53479 
    -10.57413 -119.95188 
    -10.87328 -118.60794 
    -11.68357 -118.65598 
    -12.56486 -119.24243 
    -13.26943 -119.17276 
    -13.97955 -119.22952 
    -14.67695 -119.38809 
    -15.35017 -119.61404 
    -15.99591 -119.87381 
    -16.61722 -120.14320 
    -17.23409 -120.35505 
    -17.83965 -120.58067 
    -18.42876 -120.83844 
    -19.00019 -121.12710 
    -19.55268 -121.44553 
    -20.08495 -121.79281 
    -20.59565 -122.16806 
    -21.10077 -122.54937 
    -21.61661 -122.92446 
    -22.11051 -123.33386 
    -22.57969 -123.77673 
    -23.02131 -124.25191 
    -23.43260 -124.75793 
    -23.81083 -125.29305 
    -24.15342 -125.85516 
    -24.45796 -126.44186 
    -24.45117 -127.13860 
    -24.40816 -127.81590 
    -24.39697 -128.46025 
    -24.43983 -129.08110 
    -24.47927 -129.69774 
Cell 18 100 8.36752 -130.95207 
    -1.75410 -130.95207 
    -1.73564 -131.58771 
    -1.67907 -132.22125 
    -1.58232 -132.85011 
    -1.44575 -133.47169 
    -1.26990 -134.08345 
    -1.05545 -134.68289 
    -0.80328 -135.26752 
    -0.51442 -135.83496 
    -0.19004 -136.38286 
    0.16851 -136.90900 
    0.55977 -137.41121 
    0.98211 -137.88744 
    1.43379 -138.33574 
    1.91293 -138.75433 
    2.41755 -139.14151 
    2.94556 -139.49571 
    3.49478 -139.81555 
    4.06295 -140.09976 
    4.64770 -140.34726 
    5.24696 -140.55615 
    5.86307 -140.70624 
    6.47875 -140.85333 
    7.10399 -140.95393 
    7.73487 -141.00781 
    8.36752 -141.02190 
    8.99947 -140.99669 
    9.62836 -140.93263 
    10.25191 -140.83041 
    10.86803 -140.69092 
    11.47659 -140.52081 
    12.07638 -140.31958 
    12.66403 -140.08263 
    13.23763 -139.81076 
    13.79530 -139.50488 
    14.33522 -139.16591 
    14.85561 -138.79482 
    15.35533 -138.39334 
    15.85104 -137.97957 
    16.33198 -137.54085 
    16.79800 -137.07718 
    17.24849 -136.58810 
    17.68218 -136.07285 
    18.09694 -135.53040 
    18.48963 -134.95970 
    18.85603 -134.36000 
    19.19089 -133.73105 
    19.48802 -133.07343 
    19.74057 -132.38882 
    19.94017 -131.68016 
    20.04882 -130.95207 
    19.71492 -130.23816 
    19.25361 -129.57684 
    18.83946 -128.95445 
    18.46629 -128.35915 
    18.11444 -127.78510 
    17.77256 -127.22835 
    17.43466 -126.68540 
    17.11929 -126.14075 
    16.80085 -125.60012 
    16.47064 -125.06481 
    16.12871 -124.53146 
    15.77601 -123.99503 
    15.41455 -123.44775 
    15.08479 -122.83229 
    14.72242 -122.20530 
    14.08881 -121.93676 
    13.45224 -121.70300 
    12.83302 -121.46240 
    12.21284 -121.23991 
    11.58260 -121.05707 
    10.94492 -120.91377 
    10.30227 -120.80978 
    9.65700 -120.74477 
    9.01247 -120.70095 
    8.36752 -120.64855 
    7.71860 -120.63771 
    7.06854 -120.66958 
    6.42044 -120.74511 
    5.77759 -120.86495 
    5.14345 -121.02940 
    4.52157 -121.23830 
    3.91551 -121.49107 
    3.32876 -121.78661 
    2.76463 -122.12334 
    2.22619 -122.49925 
    1.71616 -122.91196 
    1.23691 -123.35874 
    0.79041 -123.83669 
    0.37821 -124.34274 
    0.00150 -124.87380 
    -0.33887 -125.42683 
    -0.64235 -125.99886 
    -0.90859 -126.58707 
    -1.14320 -127.18652 
    -1.34217 -127.79720 
    -1.50226 -128.41794 
    -1.62341 -129.04620 
    -1.70562 -129.67953 
    -1.74900 -130.31560 
Cell 19 100 25.97265 -122.03149 
    14.77415 -122.03149 
    15.02021 -122.72056 
    15.37316 -123.37051 
    15.76520 -123.97866 
    16.14386 -124.55509 
    16.49842 -125.10985 
    16.83082 -125.65099 
    17.14514 -126.18539 
    17.45315 -126.71512 
    17.77569 -127.23344 
    18.09564 -127.75448 
    18.41836 -128.28094 
    18.75090 -128.81317 
    19.10161 -129.34842 
    19.47181 -129.88965 
    19.83054 -130.48538 
    20.34045 -130.90642 
    20.90026 -131.25813 
    21.48291 -131.57268 
    22.08583 -131.84846 
    22.70636 -132.08409 
    23.34171 -132.27835 
    23.98898 -132.43028 
    24.64524 -132.53909 
    25.30747 -132.60425 
    25.97265 -132.62546 
    26.63773 -132.60258 
    27.29965 -132.53575 
    27.95538 -132.42529 
    28.60192 -132.27180 
    29.23635 -132.07610 
    29.85579 -131.83916 
    30.45748 -131.56223 
    31.03876 -131.24669 
    31.59708 -130.89417 
    32.13007 -130.50644 
    32.63550 -130.08548 
    33.11129 -129.63336 
    33.55558 -129.15233 
    33.96675 -128.64478 
    34.34337 -128.11317 
    34.68434 -127.56009 
    34.98879 -126.98815 
    35.25624 -126.40001 
    35.48652 -125.79829 
    35.67984 -125.18554 
    35.83675 -124.56416 
    35.95815 -123.93633 
    36.04522 -123.30395 
    36.09927 -122.66860 
    36.12166 -122.03149 
    36.11355 -121.39348 
    36.07577 -120.75517 
    36.00856 -120.11703 
    35.91146 -119.47964 
    35.78317 -118.84386 
    35.62158 -118.21120 
    35.42393 -117.58405 
    35.18704 -116.96584 
    34.92785 -116.34834 
    34.70137 -115.68970 
    34.44641 -115.02139 
    34.15594 -114.34686 
    33.82193 -113.67285 
    33.43627 -113.00953 
    32.99193 -112.37028 
    32.48416 -111.77099 
    31.91148 -111.22881 
    31.27634 -110.76057 
    30.58537 -110.38108 
    29.84894 -110.10150 
    29.08027 -109.92812 
    28.29417 -109.86168 
    27.50555 -109.89739 
    26.72800 -110.02562 
    25.97265 -110.23311 
    25.24744 -110.50461 
    24.55688 -110.82446 
    23.90228 -111.17820 
    23.28240 -111.55363 
    22.69424 -111.94158 
    22.13095 -112.32845 
    21.50223 -112.53135 
    20.88247 -112.77248 
    20.27426 -113.05226 
    19.68044 -113.37100 
    19.10411 -113.72884 
    18.54858 -114.12565 
    18.01739 -114.56100 
    17.51423 -115.03407 
    17.04285 -115.54361 
    16.60702 -116.08788 
    16.21038 -116.66463 
    15.85637 -117.27113 
    15.54812 -117.90412 
    15.28833 -118.55994 
    15.07922 -119.23453 
    14.92245 -119.92355 
    14.81904 -120.62246 
    14.76940 -121.32664 
Cell 20 100 50.80391 -122.47608 
    40.74361 -122.47608 
    40.75778 -123.10813 
    40.81171 -123.73839 
    40.90529 -124.36434 
    41.03824 -124.98347 
    41.21012 -125.59329 
    41.42031 -126.19131 
    41.66803 -126.77509 
    41.95234 -127.34227 
    42.27213 -127.89051 
    42.62616 -128.41756 
    43.01303 -128.92125 
    43.43118 -129.39954 
    43.87891 -129.85045 
    44.35445 -130.27213 
    44.85588 -130.66284 
    45.38115 -131.02098 
    45.92813 -131.34508 
    46.49459 -131.63385 
    47.07822 -131.88609 
    47.67664 -132.10083 
    48.28740 -132.27721 
    48.90804 -132.41454 
    49.53603 -132.51233 
    50.16883 -132.57024 
    50.80391 -132.58809 
    51.43871 -132.56592 
    52.07071 -132.50389 
    52.69744 -132.40237 
    53.31646 -132.26184 
    53.92538 -132.08299 
    54.52190 -131.86665 
    55.10378 -131.61377 
    55.66889 -131.32545 
    56.21519 -131.00290 
    56.69358 -130.58252 
    56.95782 -129.91487 
    57.27103 -129.36288 
    57.58462 -128.84360 
    57.89505 -128.34238 
    58.19992 -127.84959 
    58.49877 -127.35939 
    58.79778 -126.87075 
    59.09607 -126.37807 
    59.39894 -125.87910 
    59.71505 -125.37149 
    60.05583 -124.85158 
    60.43375 -124.31307 
    60.86079 -123.74656 
    61.34932 -123.13954 
    61.81391 -122.47608 
    62.02131 -121.77034 
    62.13443 -121.04470 
    62.13239 -120.31506 
    61.99713 -119.60215 
    61.72914 -118.92625 
    61.34673 -118.30188 
    60.88071 -117.73430 
    60.44336 -117.17675 
    60.29819 -116.45083 
    60.10841 -115.71597 
    59.86013 -114.98412 
    59.54031 -114.27205 
    59.13907 -113.60004 
    58.65177 -112.98965 
    58.08035 -112.46091 
    57.43351 -112.02949 
    56.72572 -111.70435 
    55.97518 -111.48656 
    55.20133 -111.36946 
    54.42223 -111.34002 
    53.65257 -111.38125 
    52.90248 -111.47495 
    52.18032 -111.58063 
    51.48849 -111.59491 
    50.80391 -111.65545 
    50.12967 -111.75940 
    49.46833 -111.90391 
    48.82193 -112.08622 
    48.19211 -112.30382 
    47.58017 -112.55446 
    46.98721 -112.83621 
    46.41419 -113.14746 
    45.86204 -113.48686 
    45.33171 -113.85329 
    44.82424 -114.24578 
    44.34073 -114.66345 
    43.88242 -115.10545 
    43.45061 -115.57088 
    43.04668 -116.05875 
    42.67205 -116.56794 
    42.32813 -117.09719 
    42.01632 -117.64507 
    41.73270 -118.20750 
    41.47910 -118.78413 
    41.26154 -119.37558 
    41.08100 -119.97966 
    40.93831 -120.59412 
    40.83418 -121.21661 
    40.76915 -121.84475 
Cell 21 100 66.59789 -131.74484 
    56.36060 -131.74484 
    56.26079 -132.39520 
    56.20177 -133.05818 
    56.18164 -133.73184 
    56.23913 -134.40453 
    56.36541 -135.06958 
    56.51741 -135.73598 
    56.73968 -136.38376 
    57.03017 -137.00473 
    57.36181 -137.60623 
    57.73358 -138.18513 
    58.14405 -138.73846 
    58.59156 -139.26328 
    59.07410 -139.75687 
    59.58939 -140.21666 
    60.13496 -140.64029 
    60.70813 -141.02560 
    61.30605 -141.37067 
    61.92565 -141.67384 
    62.56382 -141.93372 
    63.21815 -142.14658 
    63.91018 -142.21277 
    64.62928 -142.06464 
    65.31512 -141.89900 
    65.96631 -141.78348 
    66.59789 -141.71071 
    67.22248 -141.67250 
    67.85123 -141.66615 
    68.49635 -141.69695 
    69.17374 -141.77716 
    69.82216 -141.66812 
    70.44144 -141.45255 
    71.04231 -141.18973 
    71.61142 -140.86443 
    72.14334 -140.48309 
    72.49324 -139.85912 
    72.86389 -139.31914 
    73.26031 -138.83960 
    73.65567 -138.37254 
    74.04440 -137.90514 
    74.42976 -137.43504 
    74.81882 -136.96201 
    75.22308 -136.48659 
    75.64941 -136.00417 
    76.02286 -135.47646 
    76.26090 -134.88455 
    76.46406 -134.27805 
    76.63125 -133.65881 
    76.76139 -133.02879 
    76.85338 -132.39006 
    76.90612 -131.74484 
    76.91853 -131.09552 
    76.88961 -130.44470 
    76.81848 -129.79517 
    76.70446 -129.14992 
    76.54707 -128.51216 
    76.34619 -127.88522 
    76.10203 -127.27253 
    75.81521 -126.67757 
    75.48676 -126.10379 
    75.11818 -125.55448 
    74.71136 -125.03279 
    74.26861 -124.54156 
    73.79253 -124.08332 
    73.28605 -123.66024 
    72.75225 -123.27409 
    72.23380 -122.86406 
    71.75342 -122.36696 
    71.24411 -121.87112 
    70.69811 -121.38885 
    70.10882 -120.93930 
    69.47311 -120.54655 
    68.79329 -120.23612 
    68.07777 -120.03034 
    67.34034 -119.94392 
    66.59789 -119.98077 
    65.86734 -120.13323 
    65.16265 -120.38380 
    64.49265 -120.70885 
    63.86047 -121.08333 
    63.26427 -121.48503 
    62.69906 -121.89754 
    62.08850 -122.16191 
    61.63937 -122.72533 
    61.23049 -123.28719 
    60.82311 -123.79655 
    60.44139 -124.30293 
    60.08527 -124.80962 
    59.75159 -125.31574 
    59.43583 -125.81987 
    59.13129 -126.32005 
    58.83102 -126.81584 
    58.52948 -127.30920 
    58.22670 -127.80566 
    57.91653 -128.30765 
    57.59871 -128.82085 
    57.27771 -129.35182 
    56.96241 -129.90678 
    56.72708 -130.49786 
    56.52040 -131.11082 
Cell 22 100 80.97927 -113.02374 
    68.84595 -113.02374 
    68.86547 -113.78588 
    68.95921 -114.54223 
    69.12453 -115.28516 
    69.35722 -116.00778 
    69.65182 -116.70425 
    70.00202 -117.36994 
    70.40101 -118.00150 
    70.84188 -118.59682 
    71.31803 -119.15495 
    71.82343 -119.67585 
    72.35276 -120.16021 
    72.90166 -120.60912 
    73.46667 -121.02384 
    74.04520 -121.40559 
    74.63536 -121.75539 
    75.23587 -122.07390 
    75.84586 -122.36138 
    76.46470 -122.61769 
    77.09183 -122.84229 
    77.72663 -123.03434 
    78.36832 -123.19275 
    79.01585 -123.31631 
    79.66796 -123.40382 
    80.32305 -123.45408 
    80.97927 -123.47250 
    81.63569 -123.45721 
    82.28997 -123.39899 
    82.93921 -123.29809 
    83.58051 -123.15491 
    84.21104 -122.97010 
    84.82799 -122.74449 
    85.42863 -122.47912 
    86.01034 -122.17522 
    86.57055 -121.83418 
    87.10684 -121.45762 
    87.61691 -121.04727 
    88.09860 -120.60506 
    88.54988 -120.13302 
    88.96898 -119.63340 
    89.35437 -119.10861 
    89.70490 -118.56120 
    90.01992 -117.99388 
    90.29977 -117.40964 
    90.54619 -116.81155 
    90.76299 -116.20267 
    90.95665 -115.58549 
    91.13660 -114.96136 
    91.31460 -114.32940 
    91.50291 -113.68584 
    91.71086 -113.02374 
    91.94035 -112.33413 
    92.18138 -111.60859 
    92.40952 -110.84331 
    92.58716 -110.04334 
    92.66938 -109.22540 
    92.61364 -108.41737 
    92.39059 -107.65398 
    91.99230 -106.96928 
    91.43504 -106.38831 
    90.75529 -105.92104 
    90.00060 -105.56065 
    89.49382 -105.02805 
    89.08198 -104.39523 
    88.62273 -103.78439 
    88.11572 -103.20126 
    87.56142 -102.65192 
    86.96114 -102.14275 
    86.31719 -101.68008 
    85.63287 -101.27009 
    84.91251 -100.91850 
    84.16135 -100.63037 
    83.38548 -100.40993 
    82.59167 -100.26030 
    81.78711 -100.18349 
    80.97927 -100.18018 
    80.17561 -100.24981 
    79.38333 -100.39056 
    78.60921 -100.59946 
    77.85937 -100.87253 
    77.13911 -101.20497 
    76.45287 -101.59137 
    75.80409 -102.02593 
    75.19528 -102.50271 
    74.62803 -103.01579 
    74.10312 -103.55953 
    73.62061 -104.12864 
    73.17999 -104.71836 
    72.78038 -105.32447 
    72.42059 -105.94339 
    72.09933 -106.57209 
    71.61581 -107.08150 
    71.11356 -107.60002 
    70.64348 -108.16009 
    70.21290 -108.76104 
    69.82935 -109.40092 
    69.50021 -110.07642 
    69.23224 -110.78288 
    69.03120 -111.51435 
    68.90150 -112.26388 
Cell 23 100 98.90678 -128.60345 
    87.35059 -128.60345 
    87.52062 -129.31981 
    87.73991 -130.01416 
    88.00118 -130.68381 
    88.29774 -131.32739 
    88.71977 -131.91342 
    89.36374 -132.38181 
    89.93522 -132.82515 
    90.45929 -133.24750 
    90.92794 -133.66698 
    91.35657 -134.08900 
    91.76896 -134.50838 
    92.17789 -134.92230 
    92.58594 -135.33446 
    92.99623 -135.74809 
    93.41300 -136.16498 
    93.84184 -136.58453 
    94.28822 -137.00459 
    94.74699 -137.44342 
    95.20700 -137.94803 
    95.69043 -138.50235 
    96.30811 -138.72459 
    96.94138 -138.90645 
    97.58749 -139.04663 
    98.24361 -139.14406 
    98.90678 -139.19774 
    99.57390 -139.20705 
    100.24184 -139.17157 
    100.90742 -139.09120 
    101.56750 -138.96631 
    102.21947 -138.79890 
    102.86090 -138.59044 
    103.48730 -138.33757 
    104.09528 -138.04132 
    104.68251 -137.70454 
    105.24614 -137.32884 
    105.78342 -136.91589 
    106.29177 -136.46768 
    106.76876 -135.98634 
    107.21210 -135.47421 
    107.61975 -134.93381 
    107.98983 -134.36774 
    108.32069 -133.77879 
    108.61089 -133.16986 
    108.85927 -132.54393 
    109.06486 -131.90402 
    109.22696 -131.25322 
    109.34513 -130.59468 
    109.41919 -129.93149 
    109.44919 -129.26672 
    109.43546 -128.60345 
    109.37860 -127.94463 
    109.27943 -127.29308 
    109.13904 -126.65155 
    108.95874 -126.02254 
    108.74009 -125.40842 
    108.48481 -124.81124 
    108.19483 -124.23283 
    107.87218 -123.67467 
    107.51900 -123.13798 
    107.13741 -122.62355 
    106.72954 -122.13190 
    106.29736 -121.66324 
    105.84269 -121.21746 
    105.36707 -120.79431 
    104.87172 -120.39342 
    104.35751 -120.01447 
    103.82497 -119.65728 
    103.27428 -119.32204 
    102.70533 -119.00941 
    102.11790 -118.72061 
    101.51178 -118.45763 
    100.88692 -118.22318 
    100.24369 -118.02071 
    99.58305 -117.85432 
    98.90678 -117.72858 
    98.21754 -117.64832 
    97.51903 -117.61832 
    96.81595 -117.64296 
    96.11390 -117.72592 
    95.41923 -117.86987 
    94.73875 -118.07621 
    94.07943 -118.34482 
    93.44808 -118.67413 
    92.85096 -119.06101 
    92.29346 -119.50102 
    91.77925 -119.98775 
    91.14208 -120.33489 
    90.52451 -120.73199 
    89.93481 -121.18120 
    89.38197 -121.68327 
    88.87520 -122.23722 
    88.42340 -122.84017 
    88.03453 -123.48737 
    87.71506 -124.17234 
    87.46951 -124.88726 
    87.30013 -125.62337 
    87.20686 -126.37157 
    87.18732 -127.12294 
    87.23720 -127.86927 
Cell 24 100 -105.11280 -111.15874 
    -115.40748 -111.15874 
    -115.39329 -111.80553 
    -115.33741 -112.45041 
    -115.24000 -113.09061 
    -115.10143 -113.72338 
    -114.92230 -114.34604 
    -114.70338 -114.95591 
    -114.44563 -115.55043 
    -114.15017 -116.12708 
    -113.81834 -116.68344 
    -113.45162 -117.21725 
    -113.05165 -117.72633 
    -112.62019 -118.20865 
    -112.15917 -118.66236 
    -111.67060 -119.08575 
    -111.15661 -119.47732 
    -110.61938 -119.83572 
    -110.06118 -120.15981 
    -109.48429 -120.44862 
    -108.89102 -120.70142 
    -108.28365 -120.91763 
    -107.66447 -121.09682 
    -107.03568 -121.23880 
    -106.39943 -121.34345 
    -105.75780 -121.41082 
    -105.11280 -121.44103 
    -104.46632 -121.43430 
    -103.82018 -121.39085 
    -103.17616 -121.31098 
    -102.53594 -121.19493 
    -101.90123 -121.04293 
    -101.27371 -120.85517 
    -100.65512 -120.63179 
    -100.04729 -120.37288 
    -99.45213 -120.07852 
    -98.87177 -119.74877 
    -98.33382 -119.35310 
    -97.91891 -118.81945 
    -97.48739 -118.31947 
    -97.08732 -117.79800 
    -96.68449 -117.28226 
    -96.26736 -116.77222 
    -95.82974 -116.26215 
    -95.36655 -115.74497 
    -94.87505 -115.21215 
    -94.47443 -114.61535 
    -94.24300 -113.94962 
    -94.06112 -113.26696 
    -93.93078 -112.57136 
    -93.54164 -111.88673 
    -93.13706 -111.15874 
    -92.88652 -110.38953 
    -92.84924 -109.60949 
    -93.04757 -108.85717 
    -93.45859 -108.16644 
    -94.02237 -107.55524 
    -94.66285 -107.02131 
    -95.12704 -106.45979 
    -94.90285 -105.54577 
    -94.68057 -104.53825 
    -96.33965 -104.78467 
    -96.81977 -104.29815 
    -97.31946 -103.84030 
    -97.84313 -103.41732 
    -98.38777 -103.02957 
    -98.95058 -102.67717 
    -99.52901 -102.36008 
    -100.12072 -102.07817 
    -100.72363 -101.83127 
    -101.33583 -101.61920 
    -101.95558 -101.44183 
    -102.58127 -101.29906 
    -103.21133 -101.19092 
    -103.84359 -101.11188 
    -104.47239 -100.97967 
    -105.11280 -100.85578 
    -105.76836 -100.73883 
    -106.44242 -100.63373 
    -107.13590 -100.55327 
    -107.84499 -100.51756 
    -108.55954 -100.55076 
    -109.26341 -100.67550 
    -109.93698 -100.90683 
    -110.56149 -101.24762 
    -111.12354 -101.68733 
    -111.61828 -102.20471 
    -112.04984 -102.77329 
    -112.42915 -103.36761 
    -112.76997 -103.96817 
    -113.08491 -104.56364 
    -113.38252 -105.15044 
    -113.72274 -105.69471 
    -114.06092 -106.23946 
    -114.36416 -106.80538 
    -114.63100 -107.39022 
    -114.86015 -107.99163 
    -115.05050 -108.60717 
    -115.20109 -109.23429 
    -115.31113 -109.87038 
    -115.38007 -110.51278 
