43 25 
Cell 0 100 -118.69177 -150.93076 
    -128.69194 -150.93076 
    -128.67220 -151.55867 
    -128.61307 -152.18411 
    -128.51479 -152.80460 
    -128.37773 -153.41769 
    -128.20245 -154.02097 
    -127.98965 -154.61205 
    -127.74014 -155.18860 
    -127.45493 -155.74834 
    -127.13512 -156.28906 
    -126.78201 -156.80865 
    -126.39696 -157.30504 
    -125.98150 -157.77626 
    -125.53727 -158.22047 
    -125.06603 -158.63591 
    -124.56963 -159.02094 
    -124.05005 -159.37404 
    -123.51015 -159.69536 
    -122.95500 -159.99057 
    -122.38361 -160.25528 
    -121.79637 -160.48572 
    -121.19468 -160.67894 
    -120.58092 -160.83401 
    -119.95750 -160.95007 
    -119.32694 -161.02647 
    -118.69177 -161.06270 
    -118.05460 -161.05841 
    -117.41803 -161.01344 
    -116.78473 -160.92786 
    -116.15733 -160.80176 
    -115.53849 -160.63557 
    -114.93082 -160.42982 
    -114.33694 -160.18524 
    -113.75937 -159.90276 
    -113.20061 -159.58345 
    -112.66307 -159.22855 
    -112.14909 -158.83949 
    -111.66090 -158.41788 
    -111.20064 -157.96539 
    -110.77029 -157.48398 
    -110.37173 -156.97562 
    -110.00670 -156.44247 
    -109.67677 -155.88680 
    -109.38338 -155.31096 
    -109.12787 -154.71738 
    -108.90607 -154.11032 
    -108.70203 -153.49568 
    -108.58823 -152.85811 
    -108.91090 -152.16637 
    -109.19685 -151.52812 
    -109.40971 -150.93076 
    -109.60484 -150.35905 
    -109.79071 -149.80629 
    -109.97449 -149.26785 
    -110.15256 -148.73825 
    -110.29994 -148.20409 
    -110.44473 -147.66553 
    -110.62266 -147.13373 
    -110.83293 -146.61032 
    -111.05914 -146.08694 
    -111.30581 -145.56454 
    -111.54005 -145.01433 
    -111.76391 -144.42506 
    -111.91093 -143.70990 
    -111.41985 -142.14052 
    -111.55102 -141.10236 
    -112.52099 -141.20715 
    -113.40617 -141.31630 
    -114.19030 -141.36464 
    -114.91043 -141.38017 
    -115.58788 -141.37796 
    -116.23479 -141.36147 
    -116.85280 -141.29051 
    -117.46390 -141.21114 
    -118.07470 -141.12263 
    -118.69177 -141.00072 
    -119.32891 -140.80379 
    -119.99704 -140.59853 
    -120.70856 -140.35841 
    -121.48176 -140.06447 
    -122.19489 -140.14925 
    -122.79276 -140.57285 
    -123.36455 -141.00060 
    -123.91575 -141.42839 
    -124.42368 -141.89873 
    -124.92078 -142.35725 
    -125.48539 -142.71869 
    -126.27901 -142.85118 
    -126.27795 -143.80685 
    -126.59914 -144.38922 
    -126.94148 -144.93700 
    -127.25285 -145.49773 
    -127.53301 -146.07025 
    -127.78161 -146.65341 
    -127.99826 -147.24606 
    -128.20251 -147.84053 
    -128.37778 -148.44382 
    -128.51482 -149.05692 
    -128.61310 -149.67740 
    -128.67221 -150.30284 
Cell 1 100 -100.58073 -146.52461 
    -110.86997 -146.52461 
    -110.61523 -147.15593 
    -110.41738 -147.76727 
    -110.25418 -148.36993 
    -110.07704 -148.96286 
    -109.87956 -149.54597 
    -109.68246 -150.12823 
    -109.48369 -150.71402 
    -109.27634 -151.30507 
    -109.03484 -151.88976 
    -108.76790 -152.47293 
    -108.36623 -152.96533 
    -107.91993 -153.41658 
    -107.45396 -153.84386 
    -106.97298 -154.25153 
    -106.47793 -154.64140 
    -105.95905 -154.99950 
    -105.41841 -155.32431 
    -104.85811 -155.61450 
    -104.28040 -155.86888 
    -103.68755 -156.08638 
    -103.08192 -156.26610 
    -102.46595 -156.40726 
    -101.84209 -156.50925 
    -101.21284 -156.57164 
    -100.58073 -156.59416 
    -99.94831 -156.57664 
    -99.31812 -156.51918 
    -98.69272 -156.42197 
    -98.07461 -156.28534 
    -97.46629 -156.10988 
    -96.87024 -155.89626 
    -96.28885 -155.64532 
    -95.72448 -155.35811 
    -95.17941 -155.03574 
    -94.65584 -154.67953 
    -94.15588 -154.29092 
    -93.68155 -153.87149 
    -93.23476 -153.42294 
    -92.81728 -152.94710 
    -92.43081 -152.44588 
    -92.07519 -151.92239 
    -91.74040 -151.38463 
    -91.43468 -150.82841 
    -91.16296 -150.25337 
    -91.18322 -149.57805 
    -91.17990 -148.93834 
    -91.16878 -148.32004 
    -91.15461 -147.71541 
    -91.14092 -147.11852 
    -91.13060 -146.52461 
    -91.12037 -145.92941 
    -91.11765 -145.32915 
    -91.12447 -144.72073 
    -91.13903 -144.10039 
    -91.15896 -143.46329 
    -91.18533 -142.80470 
    -91.21052 -142.11531 
    -91.21506 -141.37579 
    -91.16899 -140.55174 
    -91.57119 -139.97879 
    -92.02646 -139.44791 
    -92.52857 -138.96312 
    -93.07028 -138.52679 
    -93.64392 -138.13945 
    -94.24196 -137.80003 
    -94.85754 -137.50632 
    -95.48486 -137.25523 
    -96.11929 -137.04355 
    -96.75745 -136.86810 
    -97.39707 -136.72630 
    -97.99379 -136.44913 
    -98.60556 -136.17036 
    -99.24376 -135.94135 
    -99.90522 -135.78761 
    -100.58073 -135.73006 
    -101.25687 -135.77780 
    -101.91978 -135.92499 
    -102.55927 -136.15274 
    -103.17110 -136.43581 
    -103.75663 -136.75021 
    -104.36079 -136.97728 
    -104.98517 -137.16470 
    -105.60885 -137.37851 
    -106.16924 -137.71855 
    -106.76244 -138.01624 
    -107.36282 -138.32648 
    -107.96202 -138.66434 
    -108.55190 -139.03917 
    -109.12555 -139.45573 
    -109.67628 -139.91632 
    -110.20007 -140.41998 
    -110.69231 -140.96573 
    -111.24604 -141.50591 
    -111.44563 -142.22290 
    -111.66476 -142.92320 
    -111.88360 -143.62253 
    -111.77113 -144.38992 
    -111.48344 -145.14729 
    -111.16697 -145.85858 
Cell 2 100 -80.69608 -147.95105 
    -91.16013 -147.95105 
    -91.17400 -148.61026 
    -91.18165 -149.27568 
    -91.17208 -149.94945 
    -91.03214 -150.60490 
    -90.72562 -151.20984 
    -90.40113 -151.79355 
    -90.05895 -152.35689 
    -89.69872 -152.90028 
    -89.31965 -153.42372 
    -88.92085 -153.92670 
    -88.50146 -154.40822 
    -88.06797 -154.87370 
    -87.64529 -155.35120 
    -87.19305 -155.80453 
    -86.71079 -156.22958 
    -86.20020 -156.62415 
    -85.66320 -156.98619 
    -85.10185 -157.31378 
    -84.51839 -157.60510 
    -83.91523 -157.85857 
    -83.29487 -158.07265 
    -82.65997 -158.24608 
    -82.01328 -158.37773 
    -81.35767 -158.46671 
    -80.69608 -158.51230 
    -80.03152 -158.51404 
    -79.36702 -158.47165 
    -78.70568 -158.38510 
    -78.05058 -158.25464 
    -77.40477 -158.08066 
    -76.77132 -157.86385 
    -76.15323 -157.60512 
    -75.55339 -157.30557 
    -74.97466 -156.96658 
    -74.41974 -156.58969 
    -73.89125 -156.17668 
    -73.39164 -155.72949 
    -72.92321 -155.25026 
    -72.48809 -154.74129 
    -72.08823 -154.20502 
    -71.72539 -153.64403 
    -71.40108 -153.06102 
    -71.11667 -152.45879 
    -70.86687 -151.84271 
    -70.60905 -151.22853 
    -70.38641 -150.59813 
    -70.20100 -149.95309 
    -70.05494 -149.29533 
    -69.95097 -148.62708 
    -69.89214 -147.95105 
    -69.88134 -147.27065 
    -69.92109 -146.58986 
    -70.01334 -145.91321 
    -70.15925 -145.24565 
    -70.35902 -144.59233 
    -70.61175 -143.95837 
    -70.91540 -143.34860 
    -71.26691 -142.76732 
    -71.66235 -142.21808 
    -72.09717 -141.70357 
    -72.57127 -141.22961 
    -73.08118 -140.80017 
    -73.60914 -140.40422 
    -74.15111 -140.03954 
    -74.70577 -139.70610 
    -75.27337 -139.40622 
    -75.85209 -139.13985 
    -76.41294 -138.84892 
    -76.98162 -138.56938 
    -77.56548 -138.31604 
    -78.16364 -138.08783 
    -78.77563 -137.88365 
    -79.40140 -137.70256 
    -80.04133 -137.54398 
    -80.69608 -137.40794 
    -81.36784 -137.27376 
    -82.06346 -137.12712 
    -82.77191 -137.06917 
    -83.47681 -137.12082 
    -84.22523 -137.08946 
    -84.98843 -137.10982 
    -85.74273 -137.22638 
    -86.47209 -137.44453 
    -87.22392 -137.66484 
    -87.96089 -137.95190 
    -88.67270 -138.30898 
    -89.34835 -138.73732 
    -89.97685 -139.23582 
    -90.54787 -139.80095 
    -91.05235 -140.42677 
    -91.20964 -141.27895 
    -91.20845 -142.17183 
    -91.17674 -143.01924 
    -91.14803 -143.81284 
    -91.12821 -144.56145 
    -91.11826 -145.27510 
    -91.12093 -145.96240 
    -91.13248 -146.63263 
    -91.14494 -147.29366 
Cell 3 100 -59.77930 -154.97041 
    -69.92738 -154.97041 
    -69.88266 -155.60606 
    -69.80083 -156.23642 
    -69.68255 -156.85956 
    -69.52840 -157.47356 
    -69.33891 -158.07652 
    -69.11461 -158.66652 
    -68.85603 -159.24159 
    -68.56382 -159.79974 
    -68.23875 -160.33894 
    -67.88220 -160.85751 
    -67.49657 -161.35469 
    -67.08043 -161.82663 
    -66.63544 -162.27147 
    -66.16337 -162.68742 
    -65.66608 -163.07288 
    -65.14555 -163.42627 
    -64.60384 -163.74622 
    -64.04311 -164.03148 
    -63.46558 -164.28088 
    -62.87354 -164.49350 
    -62.26933 -164.66846 
    -61.65536 -164.80507 
    -61.03405 -164.90282 
    -60.40787 -164.96133 
    -59.77930 -164.98036 
    -59.15081 -164.95987 
    -58.52491 -164.89993 
    -57.90406 -164.80078 
    -57.29030 -164.66443 
    -56.68604 -164.49046 
    -56.09343 -164.27983 
    -55.51446 -164.03365 
    -54.95092 -163.75320 
    -54.40437 -163.43994 
    -53.87614 -163.09541 
    -53.36727 -162.72122 
    -52.87852 -162.31898 
    -52.41046 -161.89021 
    -51.96346 -161.43623 
    -51.53785 -160.95818 
    -51.13407 -160.45685 
    -50.75279 -159.93279 
    -50.39516 -159.38626 
    -50.06293 -158.81740 
    -49.75863 -158.22633 
    -49.48557 -157.61339 
    -49.24785 -156.97940 
    -49.05023 -156.32581 
    -48.89784 -155.65501 
    -48.79556 -154.97041 
    -48.92646 -154.28761 
    -49.47085 -153.66815 
    -49.90498 -153.08678 
    -50.27238 -152.52945 
    -50.61757 -151.99359 
    -50.95448 -151.47643 
    -51.29651 -150.97873 
    -51.65152 -150.50212 
    -52.01576 -150.04353 
    -52.38987 -149.60167 
    -52.77787 -149.17833 
    -53.16840 -148.76236 
    -53.56940 -148.35754 
    -53.97572 -147.95509 
    -54.38226 -147.54204 
    -54.79103 -147.11017 
    -55.19640 -146.63416 
    -55.59263 -146.07330 
    -56.03932 -145.52431 
    -56.65213 -145.34599 
    -57.27058 -145.19962 
    -57.89375 -145.08603 
    -58.52053 -145.00623 
    -59.14916 -144.95467 
    -59.77930 -144.92229 
    -60.41118 -144.92690 
    -61.04284 -144.96843 
    -61.67231 -145.04691 
    -62.29758 -145.16234 
    -62.91687 -145.31395 
    -63.53368 -145.48793 
    -64.13190 -145.72066 
    -64.71229 -145.99734 
    -65.28148 -146.30037 
    -65.83089 -146.64110 
    -66.35719 -147.01910 
    -66.85696 -147.43346 
    -67.32683 -147.88281 
    -67.76361 -148.36522 
    -68.16444 -148.87825 
    -68.52689 -149.41902 
    -68.84911 -149.98424 
    -69.12980 -150.57040 
    -69.36823 -151.17389 
    -69.56426 -151.79109 
    -69.71815 -152.41855 
    -69.83053 -153.05304 
    -69.90223 -153.69159 
    -69.93420 -154.33153 
Cell 4 100 -43.81530 -145.52379 
    -55.83530 -145.52379 
    -55.46313 -146.25661 
    -54.94468 -146.92975 
    -54.38426 -147.53993 
    -53.83345 -148.09601 
    -53.31795 -148.61139 
    -52.85043 -149.10104 
    -52.41740 -149.57162 
    -52.02241 -150.03568 
    -51.65433 -150.49858 
    -51.30595 -150.96606 
    -50.97490 -151.44672 
    -50.65073 -151.94269 
    -50.32189 -152.45261 
    -49.97903 -152.97444 
    -49.60348 -153.49052 
    -49.18808 -153.98991 
    -48.76907 -154.53465 
    -48.21478 -154.87315 
    -47.63696 -155.17618 
    -47.03790 -155.44191 
    -46.42007 -155.66870 
    -45.78610 -155.85506 
    -45.13871 -155.99963 
    -44.48079 -156.10136 
    -43.81530 -156.15932 
    -43.14532 -156.17287 
    -42.47397 -156.14154 
    -41.80444 -156.06514 
    -41.13992 -155.94373 
    -40.48363 -155.77762 
    -39.83877 -155.56737 
    -39.20850 -155.31375 
    -38.59589 -155.01785 
    -38.00398 -154.68097 
    -37.43565 -154.30464 
    -36.89366 -153.89061 
    -36.38067 -153.44087 
    -35.89911 -152.95758 
    -35.45126 -152.44313 
    -35.03919 -151.90001 
    -34.66475 -151.33090 
    -34.32956 -150.73862 
    -34.03501 -150.12605 
    -33.78224 -149.49615 
    -33.57216 -148.85199 
    -33.40541 -148.19659 
    -33.28241 -147.53305 
    -33.20333 -146.86440 
    -33.16813 -146.19365 
    -33.17654 -145.52379 
    -33.22808 -144.85770 
    -33.32213 -144.19820 
    -33.45785 -143.54800 
    -33.63428 -142.90974 
    -33.85030 -142.28596 
    -34.10471 -141.67909 
    -34.39613 -141.09146 
    -34.72311 -140.52531 
    -35.08411 -139.98280 
    -35.47747 -139.46600 
    -35.93548 -139.00502 
    -36.46799 -138.62419 
    -36.99472 -138.26060 
    -37.51626 -137.90956 
    -38.02950 -137.56032 
    -38.54165 -137.21385 
    -39.05796 -136.87021 
    -39.58248 -136.52858 
    -40.11869 -136.18723 
    -40.66991 -135.84326 
    -41.23950 -135.49168 
    -41.83166 -135.12515 
    -42.45174 -134.73009 
    -43.12198 -134.50368 
    -43.81530 -134.35446 
    -44.52785 -134.19824 
    -45.24924 -134.17297 
    -45.97522 -134.20113 
    -46.70408 -134.27275 
    -47.44862 -134.34160 
    -48.19525 -134.46132 
    -48.93944 -134.63445 
    -49.67611 -134.86302 
    -50.39960 -135.14859 
    -51.10388 -135.49193 
    -51.78260 -135.89299 
    -52.42929 -136.35081 
    -53.03760 -136.86348 
    -53.60138 -137.42804 
    -54.11499 -138.04063 
    -54.57341 -138.69649 
    -54.97243 -139.39011 
    -55.30880 -140.11537 
    -55.58024 -140.86572 
    -55.78560 -141.63440 
    -55.92476 -142.41461 
    -55.99862 -143.19969 
    -56.00901 -143.98337 
    -55.95879 -144.75978 
Cell 5 100 -11.47424 -150.20657 
    -21.85182 -150.20657 
    -21.86324 -150.86020 
    -21.83182 -151.51505 
    -21.75733 -152.16818 
    -21.63982 -152.81665 
    -21.47950 -153.45747 
    -21.27684 -154.08769 
    -21.03251 -154.70436 
    -20.74742 -155.30455 
    -20.42271 -155.88544 
    -20.05969 -156.44427 
    -19.65992 -156.97836 
    -19.22516 -157.48518 
    -18.75734 -157.96230 
    -18.25859 -158.40746 
    -17.73119 -158.81853 
    -17.17759 -159.19362 
    -16.60038 -159.53099 
    -16.00224 -159.82907 
    -15.38601 -160.08658 
    -14.75456 -160.30235 
    -14.11087 -160.47557 
    -13.45794 -160.60551 
    -12.79883 -160.69179 
    -12.13658 -160.73418 
    -11.47424 -160.73271 
    -10.81482 -160.68765 
    -10.16131 -160.59947 
    -9.51660 -160.46886 
    -8.88353 -160.29671 
    -8.26483 -160.08412 
    -7.66313 -159.83234 
    -7.08091 -159.54286 
    -6.52057 -159.21727 
    -5.98431 -158.85732 
    -5.47419 -158.46494 
    -4.99212 -158.04211 
    -4.53984 -157.59096 
    -4.09563 -157.13554 
    -3.65512 -156.67511 
    -3.24141 -156.18808 
    -2.85616 -155.67577 
    -2.50642 -155.13667 
    -2.19959 -154.57089 
    -1.95823 -153.97421 
    -1.82747 -153.34100 
    -1.70655 -152.71448 
    -1.59654 -152.09085 
    -1.50000 -151.46661 
    -1.41820 -150.83925 
    -1.35286 -150.20657 
    -1.30420 -149.56673 
    -1.22225 -148.91145 
    -1.02783 -148.21382 
    -0.81643 -147.47011 
    -0.57714 -146.66589 
    -0.28410 -145.77609 
    0.02122 -144.79723 
    -0.34504 -144.08824 
    -0.84924 -143.46375 
    -1.46565 -142.93491 
    -2.16276 -142.50345 
    -2.90656 -142.16100 
    -3.66603 -141.89168 
    -4.41710 -141.67595 
    -5.14461 -141.49458 
    -5.84217 -141.33186 
    -6.50558 -141.16861 
    -7.09664 -140.90372 
    -7.70077 -140.67589 
    -8.31562 -140.48535 
    -8.93894 -140.33226 
    -9.55427 -140.14175 
    -10.17724 -139.93980 
    -10.81888 -139.78995 
    -11.47424 -139.68108 
    -12.13693 -139.67337 
    -12.80107 -139.70361 
    -13.47035 -139.74257 
    -14.14691 -139.79721 
    -14.83246 -139.87100 
    -15.52945 -139.96428 
    -16.21309 -140.13599 
    -16.83932 -140.44753 
    -17.37528 -140.90802 
    -17.86060 -141.41650 
    -18.29977 -141.95592 
    -18.69975 -142.51219 
    -19.06796 -143.07559 
    -19.41064 -143.64101 
    -19.73173 -144.20715 
    -20.03263 -144.77525 
    -20.31251 -145.34769 
    -20.63091 -145.89777 
    -20.92010 -146.46669 
    -21.17324 -147.05518 
    -21.38883 -147.66093 
    -21.56556 -148.28156 
    -21.70227 -148.91447 
    -21.79796 -149.55707 
Cell 6 100 7.87712 -152.64418 
    -1.69415 -152.64418 
    -1.81062 -153.25368 
    -1.93967 -153.88432 
    -2.19763 -154.56604 
    -2.61632 -155.33844 
    -2.80160 -156.11391 
    -2.62061 -156.80052 
    -2.35562 -157.45934 
    -2.04483 -158.09882 
    -1.68973 -158.71548 
    -1.29210 -159.30602 
    -0.85405 -159.86723 
    -0.37794 -160.39619 
    0.13364 -160.89014 
    0.67791 -161.34653 
    1.25181 -161.76314 
    1.85221 -162.13791 
    2.47578 -162.46918 
    3.11909 -162.75551 
    3.77863 -162.99577 
    4.45083 -163.18921 
    5.13212 -163.33524 
    5.81890 -163.43376 
    6.50762 -163.48485 
    7.19483 -163.48883 
    7.87712 -163.44643 
    8.55122 -163.35864 
    9.21398 -163.22653 
    9.86245 -163.05164 
    10.49380 -162.83546 
    11.10541 -162.57985 
    11.69492 -162.28685 
    12.26133 -161.96111 
    12.85793 -161.70424 
    13.44180 -161.41272 
    14.01077 -161.08643 
    14.56275 -160.72571 
    15.09550 -160.33098 
    15.60666 -159.90269 
    16.09370 -159.44153 
    16.55396 -158.94827 
    16.98462 -158.42398 
    17.38279 -157.86996 
    17.74551 -157.28789 
    18.06982 -156.67976 
    18.35286 -156.04796 
    18.59190 -155.39526 
    18.78447 -154.72487 
    18.92838 -154.04028 
    19.02187 -153.34535 
    19.06361 -152.64418 
    19.05280 -151.94107 
    18.98911 -151.24042 
    18.87032 -150.54712 
    18.67684 -149.87128 
    18.44827 -149.20941 
    18.19430 -148.55933 
    17.90876 -147.92365 
    17.55420 -147.32416 
    17.15883 -146.75383 
    16.72649 -146.21474 
    16.26053 -145.70882 
    15.76431 -145.23761 
    15.24116 -144.80228 
    14.69430 -144.40363 
    14.12685 -144.04216 
    13.54172 -143.71819 
    12.94166 -143.43181 
    12.32922 -143.18300 
    11.70675 -142.97163 
    11.07647 -142.79758 
    10.44045 -142.66066 
    9.80065 -142.56068 
    9.18861 -142.26270 
    8.55246 -141.90999 
    7.87712 -141.51726 
    7.15201 -141.11885 
    6.37794 -140.77699 
    5.57323 -140.56676 
    4.77083 -140.54601 
    4.01609 -140.76114 
    3.34512 -141.19765 
    2.77597 -141.80370 
    2.30284 -142.50461 
    1.85802 -143.15959 
    1.29882 -143.58992 
    0.78778 -144.07463 
    0.32723 -144.60437 
    -0.08296 -145.16917 
    -0.31426 -145.86768 
    -0.53353 -146.53349 
    -0.73058 -147.18158 
    -0.91347 -147.81151 
    -1.08696 -148.42601 
    -1.23775 -149.03535 
    -1.31120 -149.65872 
    -1.35968 -150.27257 
    -1.42224 -150.87024 
    -1.49910 -151.45969 
    -1.59000 -152.04857 
Cell 7 100 27.62699 -144.57404 
    17.43449 -144.57404 
    17.40949 -145.21686 
    17.43361 -145.86176 
    17.51335 -146.50331 
    17.65399 -147.13466 
    17.85490 -147.74918 
    18.09872 -148.34654 
    18.34392 -148.94232 
    18.56746 -149.55455 
    18.77209 -150.19353 
    19.02351 -150.82483 
    19.40765 -151.37366 
    19.82874 -151.89708 
    20.28506 -152.39240 
    20.77468 -152.85706 
    21.29546 -153.28864 
    21.84503 -153.68495 
    22.42089 -154.04388 
    23.02039 -154.36356 
    23.64066 -154.64236 
    24.27876 -154.87881 
    24.93164 -155.07172 
    25.59614 -155.22011 
    26.26904 -155.32327 
    26.94709 -155.38075 
    27.62699 -155.39233 
    28.30546 -155.35806 
    28.97924 -155.27823 
    29.64511 -155.15343 
    30.29992 -154.98442 
    30.94059 -154.77226 
    31.56417 -154.51822 
    32.16781 -154.22377 
    32.74882 -153.89061 
    33.30466 -153.52061 
    33.83297 -153.11584 
    34.33156 -152.67848 
    34.79846 -152.21088 
    35.23189 -151.71552 
    35.63033 -151.19498 
    35.98944 -150.64972 
    36.25279 -150.04814 
    36.51032 -149.45769 
    36.77694 -148.87967 
    37.05291 -148.30602 
    37.34088 -147.73027 
    37.64639 -147.14658 
    37.97880 -146.54875 
    38.33064 -145.92622 
    38.47340 -145.25644 
    38.56564 -144.57404 
    38.61407 -143.88278 
    38.61689 -143.18568 
    38.57252 -142.48607 
    38.47962 -141.78755 
    38.33719 -141.09409 
    38.14466 -140.40979 
    37.90191 -139.73903 
    37.60934 -139.08618 
    37.26794 -138.45570 
    36.87922 -137.85190 
    36.44528 -137.27892 
    35.96873 -136.74062 
    35.45269 -136.24051 
    34.90160 -135.78053 
    34.39086 -135.26436 
    33.82531 -134.80704 
    33.20771 -134.42274 
    32.54673 -134.11905 
    31.85317 -133.89992 
    31.13897 -133.76527 
    30.41611 -133.71114 
    29.69556 -133.73019 
    28.99381 -133.75450 
    28.30741 -133.75902 
    27.62699 -133.58188 
    26.92659 -133.44162 
    26.20858 -133.34616 
    25.47713 -133.30408 
    24.73844 -133.32388 
    24.00058 -133.41310 
    23.27313 -133.57744 
    22.56653 -133.82002 
    21.89131 -134.14087 
    21.25716 -134.53680 
    20.67219 -135.00159 
    20.14222 -135.52650 
    19.67044 -136.10118 
    19.25740 -136.71448 
    18.90121 -137.35545 
    18.59809 -138.01416 
    18.34303 -138.68227 
    18.13057 -139.35333 
    17.95540 -140.02293 
    17.81298 -140.68840 
    17.69985 -141.34851 
    17.61378 -142.00308 
    17.55376 -142.65247 
    17.51986 -143.29721 
    17.50403 -143.93715 
Cell 8 100 45.84074 -152.58536 
    35.80291 -152.58536 
    35.82546 -153.21547 
    35.87933 -153.84378 
    35.97090 -154.46812 
    36.10153 -155.08597 
    36.27102 -155.69475 
    36.47878 -156.29202 
    36.72405 -156.87535 
    37.00591 -157.44235 
    37.32329 -157.99069 
    37.67496 -158.51814 
    38.05957 -159.02251 
    38.47558 -159.50171 
    38.92135 -159.95377 
    39.39511 -160.37679 
    39.89495 -160.76903 
    40.41887 -161.12886 
    40.96474 -161.45477 
    41.53034 -161.74542 
    42.11339 -161.99957 
    42.71149 -162.21619 
    43.32222 -162.39435 
    43.94306 -162.53334 
    44.57148 -162.63257 
    45.20491 -162.69167 
    45.84074 -162.71036 
    46.47638 -162.68860 
    47.10923 -162.62653 
    47.73671 -162.52437 
    48.35625 -162.38261 
    48.96533 -162.20186 
    49.56148 -161.98288 
    50.14230 -161.72664 
    50.70543 -161.43419 
    51.24861 -161.10680 
    51.76967 -160.74583 
    52.26655 -160.35283 
    52.73726 -159.92940 
    53.17996 -159.47734 
    53.59293 -158.99854 
    53.97455 -158.49492 
    54.32336 -157.96860 
    54.63805 -157.42172 
    54.91742 -156.85652 
    55.16043 -156.27528 
    55.36623 -155.68037 
    55.53422 -155.07422 
    55.66476 -154.45940 
    55.74127 -153.83609 
    55.73273 -153.20770 
    55.68335 -152.58536 
    55.62323 -151.96989 
    55.55491 -151.35817 
    55.48115 -150.74635 
    55.41386 -150.12740 
    55.35992 -149.49239 
    55.14647 -148.90096 
    54.89756 -148.32355 
    54.61283 -147.76286 
    54.29581 -147.21960 
    53.94935 -146.69411 
    53.57437 -146.18755 
    53.17321 -145.69971 
    52.74800 -145.22987 
    52.30023 -144.77718 
    51.83043 -144.34125 
    51.33801 -143.92303 
    50.82138 -143.52560 
    50.27849 -143.15466 
    49.80830 -142.56444 
    49.31440 -141.89452 
    48.61204 -141.79185 
    47.83714 -142.11984 
    47.17574 -142.01775 
    46.50759 -141.98611 
    45.84074 -141.84229 
    45.16306 -141.81392 
    44.50974 -142.04941 
    43.90086 -142.41617 
    43.29259 -142.66096 
    42.69518 -142.90430 
    42.11345 -143.17131 
    41.54726 -143.46124 
    40.99711 -143.77483 
    40.46428 -144.11342 
    39.95062 -144.47830 
    39.45835 -144.87038 
    38.98835 -145.28830 
    38.54431 -145.73355 
    38.15879 -146.23029 
    37.85025 -146.77992 
    37.55268 -147.32561 
    37.26938 -147.87321 
    36.99638 -148.42352 
    36.73127 -148.97867 
    36.47363 -149.54181 
    36.22310 -150.11597 
    35.97363 -150.70311 
    35.83510 -151.32135 
    35.80194 -151.95377 
Cell 9 100 66.23210 -152.90158 
    55.70844 -152.90158 
    55.73755 -153.56184 
    55.72466 -154.22897 
    55.68233 -154.91406 
    55.66605 -155.61449 
    55.83186 -156.28082 
    56.03799 -156.93771 
    56.28548 -157.58211 
    56.57482 -158.21071 
    56.90594 -158.82014 
    57.27812 -159.40703 
    57.69012 -159.96812 
    58.14022 -160.50037 
    58.62632 -161.00092 
    59.14606 -161.46713 
    59.69692 -161.89648 
    60.27600 -162.28690 
    60.88036 -162.63637 
    61.50684 -162.94328 
    62.15220 -163.20622 
    62.81310 -163.42419 
    63.48613 -163.59644 
    64.16789 -163.72253 
    64.85499 -163.80254 
    65.54412 -163.83667 
    66.23210 -163.82564 
    66.91591 -163.77045 
    67.59278 -163.67247 
    68.26020 -163.53323 
    68.91599 -163.35461 
    69.55835 -163.13870 
    70.18581 -162.88751 
    70.79736 -162.60326 
    71.39220 -162.28777 
    71.96994 -161.94298 
    72.53027 -161.57028 
    73.07295 -161.17075 
    73.59761 -160.74506 
    74.10355 -160.29335 
    74.58966 -159.81555 
    75.05415 -159.31117 
    75.49448 -158.77966 
    75.90727 -158.22055 
    76.25291 -157.61702 
    76.37836 -156.91878 
    76.51582 -156.24297 
    76.69826 -155.58884 
    76.85648 -154.92828 
    76.95800 -154.25658 
    77.01195 -153.57979 
    77.02087 -152.90158 
    76.98177 -152.22527 
    76.90543 -151.55322 
    76.80057 -150.88554 
    76.67033 -150.22150 
    76.52753 -149.55640 
    76.38889 -148.88022 
    76.15797 -148.23082 
    75.84664 -147.61595 
    75.51492 -147.01053 
    75.15776 -146.41670 
    74.77443 -145.83476 
    74.36465 -145.26460 
    73.92846 -144.70580 
    73.46605 -144.15726 
    72.97788 -143.61681 
    72.46687 -143.07713 
    71.85609 -142.67160 
    71.19904 -142.34631 
    70.51737 -142.07822 
    69.81689 -141.86874 
    69.10172 -141.72516 
    68.37909 -141.64665 
    67.65722 -141.62064 
    66.94045 -141.64264 
    66.23210 -141.70998 
    65.53496 -141.82077 
    64.85159 -141.97372 
    64.18595 -142.17529 
    63.54109 -142.42078 
    62.91782 -142.70126 
    62.31728 -143.01387 
    61.74031 -143.35603 
    61.18753 -143.72554 
    60.65949 -144.12054 
    60.15670 -144.53951 
    59.67974 -144.98114 
    59.22928 -145.44434 
    58.69677 -145.82544 
    58.15079 -146.21614 
    57.60080 -146.63057 
    57.05679 -147.07875 
    56.53709 -147.57170 
    56.06668 -148.11810 
    55.67292 -148.72090 
    55.37946 -149.37535 
    55.41356 -150.12384 
    55.49403 -150.85318 
    55.57695 -151.55553 
    55.64920 -152.23576 
Cell 10 100 84.72176 -142.42157 
    72.15246 -142.42157 
    72.57005 -143.18610 
    73.21167 -143.87563 
    73.76485 -144.51172 
    74.24516 -145.11151 
    74.66891 -145.68794 
    75.04884 -146.25136 
    75.39465 -146.81058 
    75.71390 -147.37369 
    76.01446 -147.94739 
    76.30098 -148.53963 
    76.77410 -148.99644 
    77.25319 -149.43503 
    77.74190 -149.85437 
    78.24340 -150.25256 
    78.76009 -150.62712 
    79.29339 -150.97531 
    79.84383 -151.29448 
    80.41114 -151.58211 
    80.99432 -151.83600 
    81.59190 -152.05428 
    82.20200 -152.23543 
    82.82243 -152.37823 
    83.45086 -152.48180 
    84.08482 -152.54544 
    84.72176 -152.56876 
    85.35912 -152.55214 
    85.99476 -152.49837 
    86.62625 -152.40524 
    87.25125 -152.27328 
    87.86750 -152.10315 
    88.47282 -151.89565 
    89.06514 -151.65172 
    89.64255 -151.37245 
    90.20323 -151.05898 
    90.74551 -150.71255 
    91.26786 -150.33444 
    91.76886 -149.92596 
    92.24721 -149.48843 
    92.70169 -149.02313 
    93.13115 -148.53134 
    93.53447 -148.01428 
    93.91054 -147.47314 
    94.25819 -146.90907 
    94.57619 -146.32321 
    94.86322 -145.71674 
    95.11780 -145.09082 
    95.33831 -144.44679 
    95.52301 -143.78609 
    95.66997 -143.11037 
    95.77717 -142.42157 
    95.84252 -141.72191 
    95.86391 -141.01399 
    95.83929 -140.30078 
    95.76675 -139.58569 
    95.64462 -138.87251 
    95.43730 -138.17900 
    94.98425 -137.59241 
    94.45193 -137.07236 
    93.92194 -136.58295 
    93.42590 -136.09766 
    92.94712 -135.61697 
    92.47577 -135.14008 
    92.00611 -134.66452 
    91.53447 -134.18642 
    91.05821 -133.70021 
    90.56469 -133.21458 
    90.02655 -132.77220 
    89.46853 -132.33418 
    88.89001 -131.89377 
    88.29166 -131.43454 
    87.57422 -131.31200 
    86.85435 -131.24214 
    86.13643 -131.22334 
    85.42439 -131.25354 
    84.72176 -131.33040 
    84.03158 -131.45140 
    83.35644 -131.61394 
    82.69852 -131.81537 
    82.05962 -132.05318 
    81.44117 -132.32495 
    80.84439 -132.62845 
    80.27026 -132.96164 
    79.71962 -133.32271 
    79.19322 -133.70999 
    78.64860 -134.06258 
    78.03168 -134.33466 
    77.40292 -134.62779 
    76.76205 -134.94691 
    76.11189 -135.29886 
    75.63660 -135.82082 
    75.16808 -136.35861 
    74.72309 -136.92476 
    74.26208 -137.49962 
    73.78072 -138.08969 
    73.27261 -138.70152 
    72.72289 -139.34077 
    72.25695 -140.04378 
    72.00198 -140.81468 
    72.01978 -141.62244 
Cell 11 100 110.65926 -149.78574 
    100.49423 -149.78574 
    100.50480 -150.42461 
    100.55620 -151.06206 
    100.64831 -151.69543 
    100.78084 -152.32208 
    100.95332 -152.93939 
    101.16511 -153.54474 
    101.41538 -154.13557 
    101.70313 -154.70941 
    102.02721 -155.26381 
    102.38626 -155.79642 
    102.77882 -156.30501 
    103.20325 -156.78740 
    103.65777 -157.24158 
    104.14046 -157.66562 
    104.64928 -158.05777 
    105.18209 -158.41638 
    105.73662 -158.73999 
    106.31053 -159.02727 
    106.90138 -159.27705 
    107.50669 -159.48836 
    108.12389 -159.66039 
    108.75038 -159.79247 
    109.38354 -159.88416 
    110.02071 -159.93518 
    110.65926 -159.94543 
    111.29655 -159.91504 
    111.92995 -159.84427 
    112.55692 -159.73360 
    113.17496 -159.58374 
    113.78170 -159.39561 
    114.37491 -159.17038 
    114.95254 -158.90941 
    115.51285 -158.61438 
    116.05442 -158.28714 
    116.57628 -157.92981 
    117.07794 -157.54459 
    117.55949 -157.13373 
    118.02152 -156.69936 
    118.46512 -156.24330 
    118.89156 -155.76685 
    119.30207 -155.27063 
    119.69736 -154.75447 
    120.07717 -154.21747 
    120.43971 -153.65808 
    120.78131 -153.07458 
    121.09621 -152.46548 
    121.37663 -151.83018 
    121.61324 -151.16954 
    121.79592 -150.48639 
    121.91479 -149.78574 
    121.96136 -149.07466 
    121.92963 -148.36195 
    121.81692 -147.65730 
    121.94578 -146.88785 
    122.13248 -146.05786 
    121.77421 -145.38503 
    120.98009 -144.92912 
    120.18986 -144.54625 
    119.71578 -144.03830 
    119.21633 -143.56866 
    118.69955 -143.13423 
    118.17132 -142.73145 
    117.63535 -142.35696 
    117.09346 -142.00813 
    116.57065 -141.64941 
    116.05418 -141.28470 
    115.51884 -140.94618 
    114.96654 -140.63232 
    114.39827 -140.34209 
    113.81409 -140.07616 
    113.21337 -139.83813 
    112.59561 -139.63503 
    111.96159 -139.47670 
    111.31432 -139.37387 
    110.65926 -139.33530 
    110.00365 -139.36516 
    109.33275 -139.28529 
    108.61240 -139.05569 
    107.85191 -138.85181 
    107.07951 -138.76840 
    106.34644 -138.89281 
    105.70489 -139.25716 
    105.17997 -139.81894 
    104.75689 -140.48509 
    104.39296 -141.16092 
    104.04373 -141.78893 
    103.68328 -142.35707 
    103.30827 -142.88269 
    102.92949 -143.39111 
    102.53553 -143.88350 
    102.16916 -144.39775 
    101.83555 -144.93486 
    101.53617 -145.49274 
    101.27239 -146.06921 
    101.04542 -146.66200 
    100.85631 -147.26877 
    100.70596 -147.88704 
    100.59515 -148.51434 
    100.52443 -149.14810 
Cell 12 100 -115.83446 -131.96146 
    -127.44598 -131.96146 
    -127.56062 -132.69920 
    -127.61628 -133.44984 
    -127.61185 -134.20811 
    -127.54687 -134.96869 
    -127.42143 -135.72629 
    -127.23639 -136.47580 
    -126.99315 -137.21234 
    -126.69355 -137.93129 
    -126.33992 -138.62842 
    -125.93485 -139.29982 
    -125.48123 -139.94196 
    -124.98211 -140.55167 
    -124.44064 -141.12611 
    -123.22743 -140.89803 
    -121.74432 -140.09569 
    -121.07494 -140.21913 
    -120.49107 -140.43181 
    -119.91117 -140.62491 
    -119.33469 -140.80202 
    -118.76422 -140.97832 
    -118.18124 -141.10158 
    -117.59529 -141.19209 
    -117.01041 -141.27003 
    -116.42449 -141.33969 
    -115.83446 -141.37167 
    -115.24195 -141.37909 
    -114.64532 -141.37445 
    -114.04244 -141.35553 
    -113.43214 -141.31790 
    -112.81844 -141.24384 
    -112.18807 -141.17119 
    -111.50768 -141.15634 
    -110.81729 -141.08765 
    -110.35647 -140.59338 
    -109.89919 -140.13066 
    -109.42646 -139.70740 
    -108.93012 -139.31383 
    -108.40015 -138.94273 
    -107.82526 -138.58723 
    -107.19390 -138.23918 
    -106.50066 -137.88487 
    -105.78569 -137.48582 
    -105.44998 -136.84802 
    -105.27525 -136.14214 
    -105.15244 -135.43225 
    -105.07627 -134.72369 
    -105.03997 -134.02061 
    -105.02841 -133.32658 
    -105.05804 -132.63945 
    -105.10933 -131.96146 
    -104.91244 -131.27431 
    -104.49944 -130.52951 
    -104.16070 -129.73457 
    -104.07605 -128.94241 
    -104.33805 -128.22604 
    -104.90825 -127.63547 
    -105.64292 -127.16569 
    -106.38349 -126.76575 
    -106.99039 -126.34884 
    -107.25365 -125.72713 
    -107.55019 -125.10811 
    -107.88598 -124.49734 
    -108.26733 -123.90327 
    -108.69971 -123.33702 
    -109.18658 -122.81145 
    -109.72841 -122.33986 
    -110.32203 -121.93439 
    -110.96078 -121.60439 
    -111.63511 -121.35512 
    -112.33368 -121.18717 
    -113.04482 -121.09652 
    -113.75783 -121.07538 
    -114.46405 -121.11356 
    -115.15741 -121.20007 
    -115.83446 -121.32456 
    -116.49399 -121.47857 
    -117.13633 -121.65609 
    -117.76260 -121.85374 
    -118.37404 -122.07044 
    -118.97143 -122.30685 
    -119.55489 -122.56470 
    -120.12381 -122.84612 
    -120.67686 -123.15314 
    -121.21227 -123.48737 
    -121.72793 -123.84979 
    -122.22287 -124.23920 
    -122.69469 -124.65604 
    -123.13931 -125.10174 
    -123.55498 -125.57449 
    -123.94006 -126.07240 
    -124.28597 -126.59796 
    -124.76355 -127.05265 
    -125.23225 -127.53919 
    -125.67229 -128.06639 
    -126.07866 -128.63292 
    -126.44646 -129.23676 
    -126.77112 -129.87518 
    -127.04836 -130.54482 
    -127.27441 -131.24171 
Cell 13 100 -89.16494 -123.93620 
    -99.30502 -123.93620 
    -99.29880 -124.57376 
    -99.25198 -125.21049 
    -99.16456 -125.84373 
    -99.03675 -126.47085 
    -98.86892 -127.08921 
    -98.66164 -127.69621 
    -98.41566 -128.28925 
    -98.13188 -128.86581 
    -97.81143 -129.42343 
    -97.45557 -129.95969 
    -97.06573 -130.47229 
    -96.64350 -130.95903 
    -96.19064 -131.41780 
    -95.70901 -131.84662 
    -95.20066 -132.24365 
    -94.66772 -132.60718 
    -94.11243 -132.93565 
    -93.53719 -133.22769 
    -92.94440 -133.48204 
    -92.33662 -133.69765 
    -91.71644 -133.87363 
    -91.08649 -134.00929 
    -90.44945 -134.10413 
    -89.80803 -134.15778 
    -89.16494 -134.17010 
    -88.52290 -134.14117 
    -87.88459 -134.07120 
    -87.25269 -133.96059 
    -86.62979 -133.80994 
    -86.01847 -133.62004 
    -85.42120 -133.39182 
    -84.84035 -133.12640 
    -84.27824 -132.82507 
    -83.73701 -132.48924 
    -83.20460 -132.13991 
    -82.67987 -131.77530 
    -82.17554 -131.37917 
    -81.69350 -130.95235 
    -81.23578 -130.49577 
    -80.80443 -130.01047 
    -80.40163 -129.49756 
    -80.02963 -128.95837 
    -79.69077 -128.39441 
    -79.38737 -127.80741 
    -79.12180 -127.19941 
    -78.89635 -126.57272 
    -78.71315 -125.92998 
    -78.57417 -125.27412 
    -78.48109 -124.60837 
    -78.43524 -123.93620 
    -78.43759 -123.26129 
    -78.48863 -122.58746 
    -78.58839 -121.91861 
    -78.73640 -121.25860 
    -78.93171 -120.61121 
    -79.17292 -119.98007 
    -79.45820 -119.36855 
    -79.71632 -118.74178 
    -79.98051 -118.10758 
    -80.28551 -117.48491 
    -80.63234 -116.87741 
    -81.02174 -116.28922 
    -81.45405 -115.72492 
    -81.92899 -115.18943 
    -82.44563 -114.68787 
    -83.00228 -114.22540 
    -83.59640 -113.80705 
    -84.22462 -113.43749 
    -84.88284 -113.12084 
    -85.56623 -112.86051 
    -86.26945 -112.65903 
    -86.98680 -112.51797 
    -87.71236 -112.43786 
    -88.44029 -112.41822 
    -89.16494 -112.45762 
    -89.88107 -112.55377 
    -90.58394 -112.70369 
    -91.26947 -112.90385 
    -91.93426 -113.15041 
    -92.57557 -113.43936 
    -93.19133 -113.76670 
    -93.78004 -114.12860 
    -94.31887 -114.56125 
    -94.78182 -115.08541 
    -95.23814 -115.57716 
    -95.67503 -116.06685 
    -96.09391 -116.55759 
    -96.49683 -117.05110 
    -96.88525 -117.54940 
    -97.26944 -118.04794 
    -97.68531 -118.52901 
    -98.07820 -119.03609 
    -98.47884 -119.55341 
    -98.70200 -120.16021 
    -98.86295 -120.78512 
    -98.97528 -121.41733 
    -99.08272 -122.04428 
    -99.19653 -122.66891 
    -99.27081 -123.30039 
Cell 14 100 -65.63460 -132.91911 
    -76.42064 -132.91911 
    -76.38889 -133.59572 
    -76.31599 -134.26849 
    -76.20146 -134.93484 
    -76.04508 -135.59207 
    -75.84694 -136.23730 
    -75.60746 -136.86765 
    -75.32745 -137.48022 
    -75.00801 -138.07219 
    -74.65059 -138.64084 
    -74.25687 -139.18356 
    -73.82705 -139.69649 
    -73.35577 -140.16978 
    -72.85383 -140.60681 
    -72.32858 -141.01074 
    -71.78666 -141.38670 
    -71.22874 -141.73407 
    -70.65173 -142.04523 
    -70.05800 -142.31932 
    -69.44801 -142.55067 
    -68.82553 -142.73979 
    -68.19317 -142.88409 
    -67.55748 -142.99921 
    -66.92323 -143.11974 
    -66.28175 -143.20537 
    -65.63460 -143.25623 
    -64.98322 -143.27240 
    -64.32900 -143.25397 
    -63.67323 -143.20096 
    -63.01719 -143.11325 
    -62.36214 -142.99069 
    -61.70943 -142.83295 
    -61.06051 -142.63956 
    -60.41697 -142.40994 
    -59.78066 -142.14345 
    -59.15369 -141.83932 
    -58.53847 -141.49686 
    -57.93779 -141.11539 
    -57.35479 -140.69438 
    -56.79296 -140.23355 
    -56.25617 -139.73294 
    -55.74853 -139.19301 
    -55.27442 -138.61467 
    -54.83833 -137.99945 
    -54.44479 -137.34947 
    -54.09822 -136.66751 
    -53.80284 -135.95700 
    -53.56247 -135.22200 
    -53.38046 -134.46716 
    -53.25956 -133.69768 
    -53.20179 -132.91911 
    -53.20838 -132.13733 
    -53.27972 -131.35832 
    -53.41536 -130.58817 
    -53.61418 -129.83279 
    -53.87461 -129.09805 
    -54.19615 -128.39030 
    -54.58561 -127.71986 
    -55.05838 -127.10479 
    -55.68507 -126.60495 
    -56.32698 -126.15673 
    -56.94342 -125.72915 
    -57.54894 -125.32618 
    -58.13511 -124.93296 
    -58.61628 -124.43542 
    -59.13950 -123.97938 
    -59.69915 -123.56634 
    -60.29351 -123.20370 
    -60.91376 -122.88683 
    -61.55343 -122.61127 
    -62.26074 -122.53545 
    -62.95952 -122.50038 
    -63.63462 -122.43486 
    -64.30637 -122.40516 
    -64.97345 -122.41048 
    -65.63460 -122.45015 
    -66.28863 -122.52366 
    -66.93433 -122.63064 
    -67.57050 -122.77080 
    -68.19579 -122.94391 
    -68.83343 -123.07413 
    -69.47884 -123.20966 
    -70.11998 -123.38720 
    -70.75276 -123.60921 
    -71.37232 -123.87791 
    -71.97314 -124.19486 
    -72.54939 -124.56057 
    -73.09532 -124.97424 
    -73.60573 -125.43372 
    -74.07634 -125.93549 
    -74.50417 -126.47500 
    -74.88752 -127.04704 
    -75.22593 -127.64624 
    -75.51990 -128.26744 
    -75.77052 -128.90602 
    -75.97913 -129.55797 
    -76.14692 -130.22000 
    -76.27477 -130.88939 
    -76.36310 -131.56378 
    -76.41185 -132.24107 
Cell 15 100 -53.92132 -116.20649 
    -64.40245 -116.20649 
    -64.37234 -116.86401 
    -64.30939 -117.51881 
    -64.20590 -118.16838 
    -64.06215 -118.81021 
    -63.87775 -119.44153 
    -63.65200 -120.05914 
    -63.37785 -120.65639 
    -63.05855 -121.22972 
    -62.67020 -121.75870 
    -62.21060 -122.22900 
    -61.65076 -122.60084 
    -60.99698 -122.85098 
    -60.42774 -123.13512 
    -59.90567 -123.44033 
    -59.41886 -123.77320 
    -58.95577 -124.13952 
    -58.50721 -124.54820 
    -58.05346 -124.98773 
    -57.53558 -125.33507 
    -57.00262 -125.68976 
    -56.45356 -126.06893 
    -55.87909 -126.46947 
    -55.26863 -126.87157 
    -54.59668 -126.94106 
    -53.92132 -126.96571 
    -53.24569 -126.94529 
    -52.57296 -126.87982 
    -51.90630 -126.76959 
    -51.24884 -126.61512 
    -50.60366 -126.41719 
    -49.97379 -126.17681 
    -49.36214 -125.89523 
    -48.77154 -125.57391 
    -48.20465 -125.21451 
    -47.66402 -124.81892 
    -47.15203 -124.38915 
    -46.67087 -123.92744 
    -46.22255 -123.43611 
    -45.80891 -122.91766 
    -45.42984 -122.37591 
    -45.01591 -121.85804 
    -44.62034 -121.31975 
    -44.25822 -120.75360 
    -43.93304 -120.16113 
    -43.64836 -119.54437 
    -43.40764 -118.90594 
    -43.21411 -118.24900 
    -43.07058 -117.57726 
    -42.97933 -116.89490 
    -42.94194 -116.20649 
    -42.95921 -115.51682 
    -43.03112 -114.83073 
    -43.15681 -114.15305 
    -43.33465 -113.48830 
    -43.56229 -112.84064 
    -43.83684 -112.21376 
    -44.15498 -111.61080 
    -44.51314 -111.03429 
    -44.90765 -110.48624 
    -44.88596 -109.64191 
    -44.41270 -108.34027 
    -45.84613 -108.62338 
    -46.77987 -108.60162 
    -47.30629 -108.21029 
    -47.80829 -107.79263 
    -48.29568 -107.34190 
    -48.80815 -106.90567 
    -49.34658 -106.48467 
    -49.91209 -106.08034 
    -50.50594 -105.69502 
    -51.12926 -105.33215 
    -51.78284 -104.99619 
    -52.46679 -104.69275 
    -53.18030 -104.42829 
    -53.92132 -104.21001 
    -54.68643 -104.04543 
    -55.47068 -103.94200 
    -56.26765 -103.90660 
    -57.06950 -103.94511 
    -57.86734 -104.06190 
    -58.65147 -104.25948 
    -59.41197 -104.53826 
    -60.13909 -104.89641 
    -60.82383 -105.32989 
    -61.45835 -105.83266 
    -62.03641 -106.39703 
    -62.55358 -107.01407 
    -63.00738 -107.67411 
    -63.39726 -108.36731 
    -63.72442 -109.08411 
    -63.99158 -109.81571 
    -64.20255 -110.55434 
    -64.36189 -111.29353 
    -64.47449 -112.02820 
    -64.54517 -112.75459 
    -64.57841 -113.47021 
    -64.57803 -114.17361 
    -64.54713 -114.86414 
    -64.48800 -115.54169 
Cell 16 100 -34.24208 -128.94099 
    -45.19280 -128.94099 
    -45.10065 -129.62416 
    -44.95706 -130.29462 
    -44.81620 -130.95811 
    -44.76757 -131.64348 
    -44.69348 -132.33685 
    -44.58489 -133.03600 
    -44.40012 -133.72101 
    -44.01106 -134.31154 
    -43.04725 -134.52892 
    -42.32299 -134.81212 
    -41.76633 -135.16559 
    -41.22644 -135.49974 
    -40.70398 -135.82224 
    -40.19651 -136.13867 
    -39.70029 -136.45358 
    -39.21089 -136.77060 
    -38.72356 -137.09277 
    -38.23318 -137.42253 
    -37.73425 -137.76123 
    -37.22077 -138.10846 
    -36.68911 -138.47156 
    -36.13471 -138.86253 
    -35.55395 -139.32553 
    -34.92208 -139.74939 
    -34.24208 -140.09691 
    -33.52509 -140.33727 
    -32.78575 -140.46902 
    -32.03827 -140.49376 
    -31.29551 -140.41713 
    -30.57224 -140.23560 
    -29.89336 -139.92459 
    -29.24199 -139.56671 
    -28.62157 -139.16466 
    -28.03525 -138.72139 
    -27.48587 -138.24011 
    -26.97598 -137.72420 
    -26.50773 -137.17723 
    -26.08292 -136.60295 
    -25.70304 -136.00510 
    -25.36914 -135.38756 
    -25.08195 -134.75418 
    -24.84182 -134.10883 
    -24.84278 -133.36397 
    -24.87353 -132.65027 
    -24.79251 -132.01135 
    -24.65948 -131.40138 
    -24.55239 -130.78941 
    -24.49792 -130.17197 
    -24.45858 -129.55652 
    -24.41915 -128.94099 
    -24.37462 -128.32019 
    -24.38513 -127.69577 
    -24.42474 -127.06824 
    -24.47532 -126.43332 
    -24.61495 -125.81295 
    -24.78152 -125.19530 
    -24.97328 -124.57943 
    -25.18919 -123.96413 
    -25.42928 -123.34822 
    -25.69495 -122.73114 
    -25.98903 -122.11348 
    -26.31570 -121.49763 
    -26.68012 -120.88833 
    -27.08775 -120.29290 
    -27.54351 -119.72121 
    -28.05088 -119.18523 
    -28.61098 -118.69807 
    -29.22202 -118.27283 
    -29.87905 -117.92126 
    -30.57416 -117.65231 
    -31.29714 -117.47123 
    -32.03650 -117.37894 
    -32.78058 -117.37206 
    -33.51871 -117.44337 
    -34.24208 -117.58297 
    -34.94431 -117.77943 
    -35.62157 -118.02119 
    -36.27239 -118.29770 
    -36.89712 -118.60030 
    -37.49723 -118.92268 
    -38.07468 -119.26093 
    -38.63134 -119.61333 
    -39.17199 -119.97351 
    -39.75648 -120.25169 
    -40.33031 -120.56126 
    -40.89181 -120.90285 
    -41.43866 -121.27741 
    -41.96780 -121.68605 
    -42.47535 -122.12984 
    -42.95659 -122.60954 
    -43.40611 -123.12532 
    -43.81806 -123.67655 
    -44.18645 -124.26153 
    -44.50557 -124.87740 
    -44.77038 -125.52014 
    -44.97693 -126.18475 
    -45.12266 -126.86541 
    -45.20655 -127.55586 
    -45.22923 -128.24974 
Cell 17 100 -14.66541 -130.21335 
    -24.50157 -130.21335 
    -24.56052 -130.83589 
    -24.67619 -131.47801 
    -24.80990 -132.14851 
    -24.86569 -132.83234 
    -24.84258 -133.52011 
    -24.66156 -134.17111 
    -24.39071 -134.78973 
    -24.08013 -135.38913 
    -23.73156 -135.96690 
    -23.34683 -136.52077 
    -22.92784 -137.04863 
    -22.47655 -137.54851 
    -21.99500 -138.01857 
    -21.48524 -138.45711 
    -20.94940 -138.86252 
    -20.38963 -139.23328 
    -19.80817 -139.56801 
    -19.20732 -139.86540 
    -18.58937 -140.12415 
    -17.95572 -140.33989 
    -17.30343 -140.48778 
    -16.59444 -140.32570 
    -15.90929 -140.05968 
    -15.27676 -139.93047 
    -14.66541 -139.85303 
    -14.06287 -139.79042 
    -13.46165 -139.74207 
    -12.85445 -139.70673 
    -12.23533 -139.67786 
    -11.58959 -139.67973 
    -10.87763 -139.78018 
    -10.19576 -139.71182 
    -9.61831 -139.39400 
    -9.06388 -139.03995 
    -8.53483 -138.65135 
    -8.03333 -138.23015 
    -7.56142 -137.77832 
    -7.12098 -137.29803 
    -6.71370 -136.79158 
    -6.34111 -136.26131 
    -6.00453 -135.70972 
    -5.70510 -135.13931 
    -5.44378 -134.55272 
    -5.22132 -133.95253 
    -5.03829 -133.34138 
    -4.89505 -132.72195 
    -4.77468 -132.10010 
    -4.65882 -131.47748 
    -4.57815 -130.84799 
    -4.53269 -130.21335 
    -4.52246 -129.57521 
    -4.54758 -128.93517 
    -4.60830 -128.29485 
    -4.70502 -127.65596 
    -4.83833 -127.02034 
    -5.00895 -126.39009 
    -5.21771 -125.76760 
    -5.46547 -125.15564 
    -5.75299 -124.55736 
    -6.08084 -123.97630 
    -6.44926 -123.41636 
    -6.85799 -122.88169 
    -7.30621 -122.37659 
    -7.79242 -121.90533 
    -8.31444 -121.47200 
    -8.86939 -121.08028 
    -9.45374 -120.73336 
    -10.06346 -120.43372 
    -10.56258 -119.85079 
    -10.86173 -118.50685 
    -11.67202 -118.55489 
    -12.55331 -119.14134 
    -13.25788 -119.07167 
    -13.96800 -119.12843 
    -14.66541 -119.28700 
    -15.33862 -119.51295 
    -15.98436 -119.77274 
    -16.60567 -120.04212 
    -17.22255 -120.25392 
    -17.82812 -120.47953 
    -18.41724 -120.73730 
    -18.98867 -121.02596 
    -19.54116 -121.34439 
    -20.07343 -121.69167 
    -20.58414 -122.06691 
    -21.08991 -122.44746 
    -21.60581 -122.82257 
    -22.09978 -123.23201 
    -22.56901 -123.67492 
    -23.01069 -124.15015 
    -23.42202 -124.65623 
    -23.80029 -125.19141 
    -24.14291 -125.75358 
    -24.44747 -126.34035 
    -24.42686 -127.04166 
    -24.38476 -127.71784 
    -24.37752 -128.36066 
    -24.42170 -128.98083 
    -24.46117 -129.59705 
Cell 18 100 8.48317 -130.89336 
    -1.64061 -130.89336 
    -1.62319 -131.52919 
    -1.56656 -132.16293 
    -1.46973 -132.79198 
    -1.33305 -133.41373 
    -1.15706 -134.02565 
    -0.94246 -134.62523 
    -0.69013 -135.20998 
    -0.40108 -135.77751 
    -0.07651 -136.32550 
    0.28224 -136.85168 
    0.67370 -137.35391 
    1.09625 -137.83014 
    1.54813 -138.27843 
    2.02747 -138.69696 
    2.53228 -139.08406 
    3.06047 -139.43817 
    3.60986 -139.75789 
    4.17817 -140.04196 
    4.76306 -140.28929 
    5.36228 -140.49847 
    5.97588 -140.65862 
    6.59366 -140.79852 
    7.21963 -140.89536 
    7.85053 -140.94890 
    8.48317 -140.96277 
    9.11509 -140.93736 
    9.74391 -140.87311 
    10.36738 -140.77071 
    10.98338 -140.63103 
    11.59227 -140.46217 
    12.19206 -140.26094 
    12.77973 -140.02400 
    13.35334 -139.75215 
    13.91102 -139.44627 
    14.45096 -139.10730 
    14.97136 -138.73622 
    15.47039 -138.33398 
    15.96475 -137.91902 
    16.44549 -137.48036 
    16.91132 -137.01677 
    17.36163 -136.52780 
    17.79515 -136.01266 
    18.20976 -135.47034 
    18.60232 -134.89981 
    18.96861 -134.30028 
    19.30338 -133.67151 
    19.60045 -133.01408 
    19.85298 -132.32970 
    20.05321 -131.62128 
    20.17803 -130.89336 
    19.92674 -130.17340 
    19.47458 -129.50482 
    19.03391 -128.88069 
    18.64154 -128.28513 
    18.27542 -127.71166 
    17.92229 -127.15614 
    17.57457 -126.61526 
    17.24871 -126.07446 
    16.92325 -125.53712 
    16.58660 -125.00587 
    16.23842 -124.47765 
    15.87949 -123.94775 
    15.51154 -123.40891 
    15.16117 -122.82104 
    14.83423 -122.15188 
    14.20374 -121.87919 
    13.56733 -121.64530 
    12.94871 -121.40360 
    12.32852 -121.18111 
    11.69827 -120.99829 
    11.06058 -120.85501 
    10.41793 -120.75102 
    9.77266 -120.68604 
    9.12812 -120.64223 
    8.48317 -120.58980 
    7.83424 -120.57893 
    7.18418 -120.61077 
    6.53607 -120.68627 
    5.89320 -120.80608 
    5.25904 -120.97050 
    4.63714 -121.17939 
    4.03106 -121.43214 
    3.44428 -121.72765 
    2.88013 -122.06437 
    2.34165 -122.44028 
    1.83159 -122.85298 
    1.35232 -123.29977 
    0.90578 -123.77771 
    0.49355 -124.28377 
    0.11682 -124.81484 
    -0.22358 -125.36788 
    -0.52709 -125.93993 
    -0.79335 -126.52815 
    -1.02826 -127.12752 
    -1.22725 -127.73825 
    -1.38737 -128.35902 
    -1.50853 -128.98734 
    -1.59076 -129.62073 
    -1.63415 -130.25684 
Cell 19 100 25.97575 -121.72940 
    14.77677 -121.72940 
    14.96623 -122.42206 
    15.31335 -123.07637 
    15.70285 -123.68906 
    16.09525 -124.26628 
    16.46404 -124.81994 
    16.80998 -125.35838 
    17.13633 -125.88892 
    17.45359 -126.41449 
    17.77806 -126.93181 
    18.10685 -127.44649 
    18.43752 -127.96556 
    18.77649 -128.48996 
    19.13105 -129.01826 
    19.50552 -129.55057 
    19.88532 -130.11217 
    20.34387 -130.60382 
    20.90356 -130.95566 
    21.48612 -131.27036 
    22.08897 -131.54628 
    22.70944 -131.78207 
    23.34474 -131.97650 
    23.99199 -132.12860 
    24.64825 -132.23759 
    25.31052 -132.30292 
    25.97575 -132.32430 
    26.64089 -132.30157 
    27.30290 -132.23488 
    27.95873 -132.12456 
    28.60539 -131.97119 
    29.23995 -131.77559 
    29.85954 -131.53874 
    30.46139 -131.26187 
    31.04283 -130.94640 
    31.60133 -130.59390 
    32.13449 -130.20619 
    32.64009 -129.78522 
    33.11605 -129.33305 
    33.56052 -128.85197 
    33.97184 -128.34435 
    34.34861 -127.81264 
    34.68971 -127.25945 
    34.99429 -126.68739 
    35.26184 -126.09911 
    35.49221 -125.49723 
    35.68559 -124.88432 
    35.84254 -124.26276 
    35.96397 -123.63476 
    36.05104 -123.00220 
    36.10508 -122.36668 
    36.12742 -121.72940 
    36.11925 -121.09122 
    36.08139 -120.45276 
    36.01408 -119.81448 
    35.91686 -119.17696 
    35.78843 -118.54107 
    35.62669 -117.90833 
    35.42888 -117.28109 
    35.19183 -116.66282 
    34.93169 -116.04578 
    34.70513 -115.38713 
    34.45008 -114.71882 
    34.15953 -114.04432 
    33.82544 -113.37033 
    33.43969 -112.70704 
    32.99529 -112.06784 
    32.48745 -111.46861 
    31.91470 -110.92649 
    31.27951 -110.45832 
    30.58850 -110.07890 
    29.85204 -109.79941 
    29.08334 -109.62611 
    28.29723 -109.55975 
    27.50861 -109.59555 
    26.73107 -109.72386 
    25.97575 -109.93144 
    25.25057 -110.20302 
    24.56004 -110.52296 
    23.90550 -110.87676 
    23.28567 -111.25225 
    22.69759 -111.64026 
    22.13411 -112.02653 
    21.50540 -112.22943 
    20.88566 -112.47057 
    20.27747 -112.75036 
    19.68367 -113.06910 
    19.10735 -113.42693 
    18.55184 -113.82374 
    18.02067 -114.25908 
    17.51752 -114.73215 
    17.04616 -115.24168 
    16.61034 -115.78593 
    16.21371 -116.36268 
    15.85971 -116.96915 
    15.55146 -117.60213 
    15.29168 -118.25794 
    15.08258 -118.93251 
    14.92581 -119.62151 
    14.82240 -120.32040 
    14.77275 -121.02457 
Cell 20 100 50.97377 -122.15094 
    40.91279 -122.15094 
    40.92694 -122.78304 
    40.98085 -123.41334 
    41.07442 -124.03934 
    41.20738 -124.65852 
    41.37926 -125.26838 
    41.58946 -125.86645 
    41.83719 -126.45029 
    42.12152 -127.01750 
    42.44134 -127.56578 
    42.79540 -128.09286 
    43.18230 -128.59660 
    43.60049 -129.07491 
    44.04826 -129.52585 
    44.52385 -129.94756 
    45.02532 -130.33827 
    45.55064 -130.69641 
    46.09767 -131.02052 
    46.66418 -131.30928 
    47.24785 -131.56152 
    47.84632 -131.77625 
    48.45713 -131.95259 
    49.07781 -132.08990 
    49.70583 -132.18765 
    50.33867 -132.24553 
    50.97377 -132.26335 
    51.60859 -132.24113 
    52.24061 -132.17906 
    52.86736 -132.07750 
    53.48638 -131.93692 
    54.09530 -131.75803 
    54.69181 -131.54164 
    55.27368 -131.28871 
    55.83877 -131.00035 
    56.38505 -130.67775 
    56.80291 -130.17406 
    57.08603 -129.53940 
    57.40766 -129.00233 
    57.72900 -128.49452 
    58.04792 -128.00320 
    58.36170 -127.51859 
    58.66932 -127.03468 
    58.97206 -126.54804 
    59.27459 -126.05701 
    59.58613 -125.56081 
    59.91358 -125.05566 
    60.26645 -124.53690 
    60.65689 -123.99810 
    61.09721 -123.42982 
    61.60661 -122.81990 
    61.99214 -122.15094 
    62.19068 -121.44523 
    62.30469 -120.71951 
    62.30265 -119.98984 
    62.16740 -119.27690 
    61.89941 -118.60098 
    61.51700 -117.97658 
    61.05097 -117.40897 
    60.61321 -116.85161 
    60.46804 -116.12569 
    60.27826 -115.39083 
    60.02998 -114.65898 
    59.71017 -113.94691 
    59.30892 -113.27490 
    58.82162 -112.66451 
    58.25021 -112.13577 
    57.60337 -111.70435 
    56.89557 -111.37921 
    56.14504 -111.16143 
    55.37119 -111.04433 
    54.59209 -111.01488 
    53.82243 -111.05611 
    53.07234 -111.14981 
    52.35019 -111.25541 
    51.65836 -111.26969 
    50.97377 -111.33024 
    50.29953 -111.43420 
    49.63818 -111.57872 
    48.99179 -111.76104 
    48.36197 -111.97865 
    47.75003 -112.22929 
    47.15707 -112.51105 
    46.58405 -112.82231 
    46.03190 -113.16172 
    45.50158 -113.52815 
    44.99411 -113.92065 
    44.51061 -114.33833 
    44.05230 -114.78033 
    43.62050 -115.24577 
    43.21658 -115.73363 
    42.84195 -116.24283 
    42.49805 -116.77209 
    42.18624 -117.31996 
    41.90215 -117.88216 
    41.64850 -118.45881 
    41.43089 -119.05028 
    41.25031 -119.65438 
    41.10758 -120.26887 
    41.00342 -120.89140 
    40.93836 -121.51957 
Cell 21 100 66.61251 -131.68280 
    56.36880 -131.68280 
    56.27521 -132.33316 
    56.22206 -132.99542 
    56.20770 -133.66762 
    56.26838 -134.33871 
    56.39594 -135.00237 
    56.55016 -135.66676 
    56.77269 -136.31306 
    57.06164 -136.93343 
    57.39168 -137.53452 
    57.76181 -138.11320 
    58.17062 -138.66653 
    58.61650 -139.19156 
    59.09743 -139.68555 
    59.61119 -140.14595 
    60.15532 -140.57037 
    60.72715 -140.95665 
    61.32385 -141.30283 
    61.94241 -141.60728 
    62.57969 -141.86853 
    63.23326 -142.08305 
    63.92305 -142.15756 
    64.63892 -142.02876 
    65.32587 -141.86757 
    65.97913 -141.75018 
    66.61251 -141.67381 
    67.23856 -141.63348 
    67.86892 -141.62827 
    68.51606 -141.66153 
    69.19572 -141.74374 
    69.84381 -141.62773 
    70.46352 -141.40936 
    71.06470 -141.14418 
    71.63465 -140.81804 
    72.14101 -140.39432 
    72.46216 -139.73416 
    72.83749 -139.20750 
    73.23959 -138.73991 
    73.62931 -138.27200 
    74.01296 -137.80499 
    74.39336 -137.33592 
    74.77282 -136.86150 
    75.15290 -136.37791 
    75.56963 -135.89769 
    76.01484 -135.40544 
    76.27692 -134.82295 
    76.48007 -134.21635 
    76.64726 -133.59703 
    76.77739 -132.96692 
    76.86935 -132.32811 
    76.92206 -131.68280 
    76.93443 -131.03340 
    76.90545 -130.38251 
    76.83425 -129.73289 
    76.72015 -129.08760 
    76.56269 -128.44980 
    76.36172 -127.82281 
    76.11747 -127.21011 
    75.83056 -126.61514 
    75.50202 -126.04134 
    75.13335 -125.49205 
    74.72644 -124.97038 
    74.28359 -124.47917 
    73.80743 -124.02098 
    73.30087 -123.59795 
    72.76701 -123.21186 
    72.24834 -122.80216 
    71.76801 -122.30499 
    71.25874 -121.80907 
    70.71277 -121.32673 
    70.12350 -120.87710 
    69.48781 -120.48426 
    68.80798 -120.17374 
    68.09245 -119.96788 
    67.35500 -119.88136 
    66.61251 -119.91814 
    65.88193 -120.07052 
    65.17719 -120.32101 
    64.50713 -120.64600 
    63.87487 -121.02042 
    63.27860 -121.42207 
    62.71331 -121.83456 
    62.11138 -122.11742 
    61.67492 -122.70136 
    61.25507 -123.24081 
    60.84906 -123.75009 
    60.46931 -124.25695 
    60.11338 -124.76192 
    59.77802 -125.26479 
    59.45833 -125.76435 
    59.14926 -126.26043 
    58.84451 -126.75307 
    58.53680 -127.24314 
    58.22191 -127.73449 
    57.89887 -128.23283 
    57.57056 -128.74489 
    57.24308 -129.27715 
    56.95195 -129.83995 
    56.67645 -130.42758 
    56.52072 -131.04788 
Cell 22 100 80.86567 -112.52976 
    68.73235 -112.52976 
    68.75187 -113.29190 
    68.84561 -114.04825 
    69.01093 -114.79118 
    69.24361 -115.51380 
    69.53822 -116.21027 
    69.88842 -116.87596 
    70.28740 -117.50751 
    70.72826 -118.10284 
    71.20441 -118.66098 
    71.70980 -119.18189 
    72.23914 -119.66625 
    72.78806 -120.11515 
    73.35307 -120.52986 
    73.93160 -120.91161 
    74.52176 -121.26140 
    75.12227 -121.57991 
    75.73226 -121.86739 
    76.35110 -122.12370 
    76.97823 -122.34831 
    77.61303 -122.54035 
    78.25471 -122.69876 
    78.90226 -122.82233 
    79.55436 -122.90984 
    80.20945 -122.96009 
    80.86567 -122.97851 
    81.52209 -122.96322 
    82.17637 -122.90501 
    82.82560 -122.80410 
    83.46691 -122.66092 
    84.09743 -122.47611 
    84.71439 -122.25050 
    85.31503 -121.98513 
    85.89673 -121.68123 
    86.45694 -121.34020 
    86.99323 -120.96363 
    87.50330 -120.55329 
    87.98499 -120.11108 
    88.43629 -119.63905 
    88.85541 -119.13945 
    89.24081 -118.61465 
    89.59132 -118.06723 
    89.90633 -117.49991 
    90.18617 -116.91566 
    90.43259 -116.31757 
    90.64938 -115.70869 
    90.84305 -115.09151 
    91.02299 -114.46738 
    91.20100 -113.83542 
    91.38931 -113.19186 
    91.59726 -112.52976 
    91.82675 -111.84015 
    92.06778 -111.11461 
    92.29591 -110.34933 
    92.47356 -109.54936 
    92.55578 -108.73141 
    92.50005 -107.92339 
    92.27699 -107.16000 
    91.87871 -106.47530 
    91.32145 -105.89433 
    90.64170 -105.42706 
    89.88700 -105.06667 
    89.38022 -104.53407 
    88.96838 -103.90125 
    88.50912 -103.29041 
    88.00212 -102.70728 
    87.44782 -102.15794 
    86.84754 -101.64877 
    86.20359 -101.18610 
    85.51927 -100.77611 
    84.79890 -100.42451 
    84.04774 -100.13639 
    83.27188 -99.91594 
    82.47807 -99.76632 
    81.67351 -99.68951 
    80.86567 -99.68620 
    80.06200 -99.75583 
    79.26973 -99.89658 
    78.49561 -100.10548 
    77.74577 -100.37855 
    77.02551 -100.71099 
    76.33927 -101.09738 
    75.69049 -101.53195 
    75.08168 -102.00873 
    74.51443 -102.52181 
    73.98952 -103.06555 
    73.50700 -103.63466 
    73.06639 -104.22438 
    72.66678 -104.83049 
    72.30699 -105.44941 
    71.98573 -106.07811 
    71.50220 -106.58752 
    70.99995 -107.10604 
    70.52988 -107.66611 
    70.09930 -108.26706 
    69.71575 -108.90694 
    69.38661 -109.58244 
    69.11864 -110.28889 
    68.91759 -111.02037 
    68.78790 -111.76990 
Cell 23 100 98.77589 -128.43385 
    87.21817 -128.43385 
    87.38815 -129.15031 
    87.60738 -129.84476 
    87.86864 -130.51453 
    88.16518 -131.15822 
    88.66316 -131.71967 
    89.28249 -132.19255 
    89.85034 -132.63390 
    90.37036 -133.05484 
    90.83051 -133.47615 
    91.25327 -133.89935 
    91.66378 -134.31750 
    92.07097 -134.73019 
    92.47708 -135.14140 
    92.88527 -135.55440 
    93.29979 -135.97105 
    93.72598 -136.39124 
    94.16997 -136.81198 
    94.62935 -137.24568 
    95.09367 -137.73409 
    95.55685 -138.34105 
    96.17516 -138.56305 
    96.80901 -138.74458 
    97.45567 -138.88440 
    98.11229 -138.98141 
    98.77589 -139.03468 
    99.44340 -139.04358 
    100.11168 -139.00771 
    100.77756 -138.92697 
    101.43789 -138.80167 
    102.08994 -138.63348 
    102.73113 -138.42366 
    103.35727 -138.16980 
    103.96504 -137.87289 
    104.55198 -137.53552 
    105.11526 -137.15924 
    105.65211 -136.74577 
    106.15997 -136.29710 
    106.63641 -135.81538 
    107.07917 -135.30293 
    107.48620 -134.76227 
    107.85562 -134.19603 
    108.18581 -133.60699 
    108.47534 -132.99806 
    108.72305 -132.37221 
    108.92798 -131.73247 
    109.08945 -131.08192 
    109.20702 -130.42371 
    109.28053 -129.76089 
    109.31003 -129.09660 
    109.29586 -128.43385 
    109.23863 -127.77560 
    109.13916 -127.12466 
    108.99855 -126.48377 
    108.81812 -125.85545 
    108.59941 -125.24200 
    108.34416 -124.64551 
    108.05430 -124.06776 
    107.73185 -123.51027 
    107.37894 -122.97419 
    106.99770 -122.46036 
    106.59026 -121.96925 
    106.15856 -121.50106 
    105.70444 -121.05569 
    105.22941 -120.63289 
    104.73469 -120.23226 
    104.22115 -119.85349 
    103.68929 -119.49641 
    103.13927 -119.16119 
    102.57101 -118.84847 
    101.98425 -118.55952 
    101.37877 -118.29630 
    100.75452 -118.06152 
    100.11185 -117.85865 
    99.45172 -117.69179 
    98.77589 -117.56552 
    98.08702 -117.48469 
    97.38882 -117.45406 
    96.68595 -117.47803 
    95.98404 -117.56032 
    95.28941 -117.70358 
    94.60889 -117.90922 
    93.94945 -118.17714 
    93.31789 -118.50579 
    92.72047 -118.89204 
    92.16261 -119.33146 
    91.64809 -119.81783 
    91.01096 -120.16505 
    90.39330 -120.56208 
    89.80350 -121.01125 
    89.25054 -121.51328 
    88.74366 -122.06721 
    88.29175 -122.67015 
    87.90276 -123.31735 
    87.58318 -124.00235 
    87.33752 -124.71730 
    87.16804 -125.45346 
    87.07467 -126.20173 
    87.05504 -126.95316 
    87.10484 -127.69958 
Cell 24 100 -104.90115 -111.06780 
    -115.18923 -111.06780 
    -115.17537 -111.71420 
    -115.11987 -112.35873 
    -115.02287 -112.99863 
    -114.88475 -113.63116 
    -114.70610 -114.25362 
    -114.48766 -114.86337 
    -114.23042 -115.45782 
    -113.93547 -116.03446 
    -113.60415 -116.59090 
    -113.23792 -117.12482 
    -112.83842 -117.63409 
    -112.40741 -118.11665 
    -111.94680 -118.57066 
    -111.45860 -118.99441 
    -110.94493 -119.38636 
    -110.40798 -119.74519 
    -109.85000 -120.06973 
    -109.27327 -120.35903 
    -108.68009 -120.61234 
    -108.07277 -120.82904 
    -107.45355 -121.00876 
    -106.82466 -121.15123 
    -106.18826 -121.25637 
    -105.54642 -121.32421 
    -104.90115 -121.35486 
    -104.25434 -121.34852 
    -103.60783 -121.30544 
    -102.96339 -121.22588 
    -102.32273 -121.11008 
    -101.68754 -120.95827 
    -101.05952 -120.77065 
    -100.44041 -120.54734 
    -99.83206 -120.28844 
    -99.23640 -119.99403 
    -98.65553 -119.66415 
    -98.18990 -119.18031 
    -97.77993 -118.65113 
    -97.35843 -118.15088 
    -96.95571 -117.64083 
    -96.55794 -117.12949 
    -96.14739 -116.62310 
    -95.71748 -116.11657 
    -95.26183 -115.60372 
    -94.77457 -115.07720 
    -94.27006 -114.52206 
    -94.02391 -113.86060 
    -93.84212 -113.17742 
    -93.71194 -112.48133 
    -93.32507 -111.79610 
    -92.92070 -111.06780 
    -92.67039 -110.29831 
    -92.63338 -109.51802 
    -92.83202 -108.76550 
    -93.24336 -108.07459 
    -93.80749 -107.46326 
    -94.44833 -106.92924 
    -94.91185 -106.36720 
    -94.69222 -105.45540 
    -94.46977 -104.44785 
    -96.12867 -104.69423 
    -96.60663 -104.20598 
    -97.10677 -103.74840 
    -97.63087 -103.32574 
    -98.17589 -102.93836 
    -98.73903 -102.58637 
    -99.31773 -102.26974 
    -99.90965 -101.98830 
    -100.51271 -101.74191 
    -101.12501 -101.53036 
    -101.74478 -101.35351 
    -102.37042 -101.21127 
    -103.00038 -101.10363 
    -103.63187 -101.02045 
    -104.26070 -100.88817 
    -104.90115 -100.76423 
    -105.55676 -100.64722 
    -106.23086 -100.54208 
    -106.92439 -100.46159 
    -107.63354 -100.42586 
    -108.34814 -100.45902 
    -109.05208 -100.58375 
    -109.72572 -100.81508 
    -110.35028 -101.15587 
    -110.91240 -101.59559 
    -111.40720 -102.11299 
    -111.83883 -102.68159 
    -112.21819 -103.27595 
    -112.55906 -103.87654 
    -112.87404 -104.47205 
    -113.17169 -105.05891 
    -113.50415 -105.60817 
    -113.84212 -106.15246 
    -114.14521 -106.71788 
    -114.41196 -107.30221 
    -114.64110 -107.90311 
    -114.83148 -108.51813 
    -114.98217 -109.14474 
    -115.09238 -109.78035 
    -115.16154 -110.42227 
