5 25 
Cell 0 100 -114.92288 -153.78787 
    -124.94525 -153.78787 
    -124.93259 -154.41763 
    -124.88503 -155.04639 
    -124.80458 -155.67291 
    -124.68925 -156.29546 
    -124.53455 -156.91089 
    -124.34076 -157.51668 
    -124.10840 -158.11024 
    -123.83815 -158.68909 
    -123.53088 -159.25067 
    -123.18762 -159.79256 
    -122.80961 -160.31233 
    -122.39823 -160.80769 
    -121.95506 -161.27638 
    -121.48182 -161.71626 
    -120.98040 -162.12532 
    -120.45283 -162.50166 
    -119.90127 -162.84352 
    -119.32804 -163.14931 
    -118.73554 -163.41756 
    -118.12630 -163.64700 
    -117.50294 -163.83653 
    -116.86814 -163.98526 
    -116.22466 -164.09245 
    -115.57529 -164.15756 
    -114.92288 -164.18028 
    -114.27029 -164.16049 
    -113.62038 -164.09827 
    -112.97598 -163.99390 
    -112.33992 -163.84785 
    -111.71497 -163.66083 
    -111.10382 -163.43372 
    -110.50912 -163.16759 
    -109.93341 -162.86369 
    -109.37913 -162.52344 
    -108.84857 -162.14844 
    -108.34395 -161.74043 
    -107.86728 -161.30133 
    -107.42046 -160.83311 
    -107.00523 -160.33794 
    -106.62311 -159.81801 
    -106.27547 -159.27568 
    -105.96259 -158.71384 
    -105.68229 -158.13617 
    -105.70729 -157.43658 
    -105.88273 -156.72520 
    -105.97202 -156.08607 
    -106.04574 -155.48128 
    -106.13239 -154.89838 
    -106.25535 -154.33318 
    -106.35867 -153.78787 
    -106.45885 -153.25536 
    -106.53110 -152.72774 
    -106.61440 -152.20294 
    -106.64904 -151.66351 
    -106.61442 -151.08829 
    -106.42162 -150.42198 
    -106.13345 -149.65187 
    -105.91281 -148.83455 
    -105.27756 -147.66676 
    -105.19047 -146.71686 
    -105.56512 -146.04646 
    -106.01314 -145.42107 
    -106.53178 -144.85225 
    -107.11514 -144.34993 
    -107.75450 -143.92145 
    -108.43904 -143.57098 
    -109.15676 -143.29933 
    -109.98543 -143.29524 
    -110.75822 -143.26913 
    -111.50346 -143.26399 
    -112.26024 -143.41757 
    -112.97117 -143.55663 
    -113.64291 -143.65585 
    -114.29025 -143.73250 
    -114.92288 -143.76227 
    -115.55456 -143.74762 
    -116.19209 -143.74112 
    -116.83939 -143.74121 
    -117.50339 -143.73747 
    -118.19732 -143.71019 
    -118.92893 -143.66974 
    -119.56239 -143.92839 
    -120.10911 -144.35416 
    -120.61745 -144.81468 
    -121.11794 -145.26111 
    -121.71654 -145.57576 
    -122.51014 -145.70827 
    -122.50909 -146.66396 
    -122.82405 -147.25146 
    -123.17631 -147.79141 
    -123.49848 -148.34563 
    -123.79017 -148.91304 
    -124.05083 -149.49258 
    -124.27980 -150.08321 
    -124.47632 -150.68378 
    -124.63958 -151.29305 
    -124.76871 -151.90968 
    -124.86290 -152.53215 
    -124.92169 -153.15880 
Cell 1 100 -95.76314 -154.06613 
    -106.30595 -154.06613 
    -106.17099 -154.72093 
    -106.06268 -155.36726 
    -105.98066 -156.01523 
    -105.89093 -156.66650 
    -105.73912 -157.30753 
    -105.52377 -157.93063 
    -105.16235 -158.48906 
    -104.78500 -159.02594 
    -104.39171 -159.54199 
    -103.98174 -160.03729 
    -103.55402 -160.51131 
    -103.10742 -160.96288 
    -102.64113 -161.39044 
    -102.15472 -161.79224 
    -101.65245 -162.17207 
    -101.13439 -162.52986 
    -100.59457 -162.85448 
    -100.03514 -163.14459 
    -99.45828 -163.39900 
    -98.86629 -163.61664 
    -98.26149 -163.79657 
    -97.64631 -163.93806 
    -97.02319 -164.04050 
    -96.39463 -164.10341 
    -95.76314 -164.12651 
    -95.13125 -164.10968 
    -94.50151 -164.05293 
    -93.87645 -163.95648 
    -93.25860 -163.82068 
    -92.65043 -163.64606 
    -92.05442 -163.43327 
    -91.47297 -163.18320 
    -90.90844 -162.89680 
    -90.36310 -162.57524 
    -89.83916 -162.21979 
    -89.33874 -161.83189 
    -88.86386 -161.41312 
    -88.41644 -160.96515 
    -87.99828 -160.48979 
    -87.61105 -159.98897 
    -87.25600 -159.46492 
    -86.92084 -158.92723 
    -86.61467 -158.37108 
    -86.33723 -157.79811 
    -86.08806 -157.20975 
    -86.01014 -156.57027 
    -86.04742 -155.91949 
    -86.07671 -155.28981 
    -86.10217 -154.67395 
    -86.12742 -154.06613 
    -86.15656 -153.46173 
    -86.19300 -152.85715 
    -86.23988 -152.24948 
    -86.29593 -151.63538 
    -86.36449 -151.01231 
    -86.44760 -150.37785 
    -86.54384 -149.72786 
    -86.64840 -149.05525 
    -86.74904 -148.34561 
    -86.79783 -147.55244 
    -87.20322 -146.98476 
    -87.70562 -146.49962 
    -88.24767 -146.06296 
    -88.82167 -145.67534 
    -89.42011 -145.33571 
    -90.03613 -145.04179 
    -90.66388 -144.79062 
    -91.29876 -144.57886 
    -91.93739 -144.40340 
    -92.57747 -144.26166 
    -93.17329 -143.97934 
    -93.78889 -143.71680 
    -94.44070 -143.59795 
    -95.09885 -143.50746 
    -95.76314 -143.45567 
    -96.43118 -143.44798 
    -97.10030 -143.48138 
    -97.74284 -143.68814 
    -98.35514 -143.97095 
    -98.94083 -144.28621 
    -99.54223 -144.52124 
    -100.16664 -144.70821 
    -100.79041 -144.92157 
    -101.41387 -145.16200 
    -102.03666 -145.43138 
    -102.65722 -145.73262 
    -103.27238 -146.06961 
    -103.87699 -146.44672 
    -104.46387 -146.86826 
    -105.02389 -147.33780 
    -105.42368 -147.93536 
    -105.76698 -148.56648 
    -106.02192 -149.23872 
    -106.23395 -149.92044 
    -106.46950 -150.58743 
    -106.62578 -151.27708 
    -106.62785 -151.99358 
    -106.53465 -152.70538 
    -106.43261 -153.39487 
Cell 2 100 -75.84873 -153.90259 
    -86.13531 -153.90259 
    -86.10740 -154.54800 
    -86.08063 -155.19518 
    -86.05071 -155.84872 
    -86.01345 -156.51245 
    -85.87173 -157.15926 
    -85.54735 -157.74254 
    -85.20533 -158.30547 
    -84.84529 -158.84850 
    -84.46648 -159.37158 
    -84.06799 -159.87422 
    -83.64893 -160.35547 
    -83.20898 -160.81432 
    -82.77508 -161.27840 
    -82.31865 -161.72337 
    -81.83400 -162.14061 
    -81.32256 -162.52795 
    -80.78597 -162.88339 
    -80.22610 -163.20497 
    -79.64503 -163.49094 
    -79.04498 -163.73962 
    -78.42836 -163.94958 
    -77.79771 -164.11951 
    -77.15570 -164.24832 
    -76.50510 -164.33513 
    -75.84873 -164.37924 
    -75.18954 -164.38022 
    -74.53046 -164.33783 
    -73.87447 -164.25203 
    -73.22458 -164.12300 
    -72.58374 -163.95120 
    -71.95490 -163.73729 
    -71.34093 -163.48216 
    -70.74462 -163.18694 
    -70.16866 -162.85295 
    -69.61562 -162.48172 
    -69.08792 -162.07501 
    -68.58780 -161.63469 
    -68.11736 -161.16283 
    -67.67850 -160.66159 
    -67.27293 -160.13327 
    -66.90220 -159.58023 
    -66.56770 -159.00488 
    -66.27065 -158.40968 
    -66.00665 -157.79935 
    -65.74729 -157.18474 
    -65.52282 -156.55383 
    -65.36863 -155.90178 
    -65.39709 -155.22295 
    -65.40293 -154.55978 
    -65.38859 -153.90259 
    -65.35472 -153.24236 
    -65.29875 -152.56981 
    -65.21458 -151.87402 
    -65.28661 -151.19069 
    -65.48611 -150.53557 
    -65.73879 -149.89978 
    -66.04263 -149.28819 
    -66.39455 -148.70511 
    -66.79063 -148.15414 
    -67.22629 -147.63802 
    -67.69659 -147.15855 
    -68.19656 -146.71672 
    -68.72140 -146.31274 
    -69.26669 -145.94627 
    -69.82856 -145.61653 
    -70.40371 -145.32260 
    -70.98943 -145.06355 
    -71.56316 -144.79530 
    -72.18067 -144.63812 
    -72.79550 -144.50572 
    -73.40282 -144.37637 
    -74.00843 -144.25537 
    -74.61651 -144.14848 
    -75.22853 -144.04478 
    -75.84873 -143.92386 
    -76.48547 -143.78206 
    -77.14893 -143.61053 
    -77.84610 -143.43201 
    -78.57577 -143.28148 
    -79.34840 -143.13173 
    -80.14137 -143.06062 
    -80.89554 -143.17758 
    -81.62463 -143.39629 
    -82.37619 -143.61696 
    -83.11288 -143.90434 
    -83.82436 -144.26172 
    -84.49964 -144.69031 
    -85.12775 -145.18901 
    -85.69834 -145.75429 
    -86.20240 -146.38022 
    -86.63279 -147.05882 
    -86.77676 -147.89485 
    -86.68405 -148.80388 
    -86.55374 -149.66418 
    -86.43652 -150.46240 
    -86.34294 -151.20813 
    -86.27045 -151.91454 
    -86.21336 -152.59323 
    -86.16913 -153.25328 
Cell 3 100 -55.35127 -154.71942 
    -65.40153 -154.71942 
    -65.39172 -155.35112 
    -65.38084 -155.98645 
    -65.26049 -156.60971 
    -65.10574 -157.22394 
    -64.91563 -157.82707 
    -64.69068 -158.41716 
    -64.43146 -158.99223 
    -64.13860 -159.55029 
    -63.81443 -160.09030 
    -63.45914 -160.61012 
    -63.07190 -161.10648 
    -62.65425 -161.57738 
    -62.20788 -162.02097 
    -61.73459 -162.43552 
    -61.23626 -162.81941 
    -60.71489 -163.17113 
    -60.17255 -163.48929 
    -59.61141 -163.77266 
    -59.03370 -164.02017 
    -58.44171 -164.23080 
    -57.83817 -164.40526 
    -57.22509 -164.54230 
    -56.60461 -164.64056 
    -55.97918 -164.69969 
    -55.35127 -164.71942 
    -54.72337 -164.69969 
    -54.09794 -164.64056 
    -53.47746 -164.54230 
    -52.86438 -164.40526 
    -52.26110 -164.22998 
    -51.67003 -164.01718 
    -51.09348 -163.76768 
    -50.53238 -163.48495 
    -49.98710 -163.17200 
    -49.46009 -162.82794 
    -48.95236 -162.45438 
    -48.46468 -162.05290 
    -47.99757 -161.62502 
    -47.55141 -161.17203 
    -47.12651 -160.69505 
    -46.72329 -160.19490 
    -46.34243 -159.67207 
    -45.98539 -159.12668 
    -46.11496 -158.37634 
    -46.25978 -157.67343 
    -46.31828 -157.03870 
    -46.33952 -156.43851 
    -46.34245 -155.85750 
    -46.34989 -155.28574 
    -46.36460 -154.71942 
    -46.39531 -154.15596 
    -46.44856 -153.59474 
    -46.52332 -153.03540 
    -46.62498 -152.47890 
    -46.74921 -151.92444 
    -46.89845 -151.37271 
    -47.06126 -150.81844 
    -47.24145 -150.26100 
    -47.40794 -149.67844 
    -47.54185 -149.04555 
    -47.55520 -148.26994 
    -47.57071 -147.41298 
    -48.10794 -147.00604 
    -48.66291 -146.63458 
    -49.23214 -146.29715 
    -49.81296 -145.99243 
    -50.40348 -145.71942 
    -51.00237 -145.47754 
    -51.60865 -145.26665 
    -52.22152 -145.08704 
    -52.84019 -144.93938 
    -53.46373 -144.82454 
    -54.09103 -144.74355 
    -54.72074 -144.69733 
    -55.35127 -144.66441 
    -55.98362 -144.66856 
    -56.61579 -144.70972 
    -57.24582 -144.78787 
    -57.87169 -144.90306 
    -58.49443 -145.04578 
    -59.11254 -145.21956 
    -59.71208 -145.45224 
    -60.28893 -145.73785 
    -60.85875 -146.04103 
    -61.40877 -146.38199 
    -61.93564 -146.76028 
    -62.43594 -147.17502 
    -62.90628 -147.62480 
    -63.34348 -148.10770 
    -63.74465 -148.62128 
    -64.10740 -149.16261 
    -64.42982 -149.72845 
    -64.71063 -150.31525 
    -64.94912 -150.91937 
    -65.14510 -151.53722 
    -65.25130 -152.17754 
    -65.31940 -152.81790 
    -65.36559 -153.45432 
    -65.39263 -154.08768 
Cell 4 100 -36.31416 -153.77264 
    -46.43168 -153.77264 
    -46.38168 -154.40604 
    -46.35624 -155.04126 
    -46.34468 -155.68607 
    -46.33998 -156.34683 
    -46.31882 -157.02335 
    -46.25274 -157.70761 
    -46.11366 -158.38393 
    -45.89349 -159.03893 
    -45.44590 -159.56783 
    -44.97677 -160.06639 
    -44.48809 -160.53471 
    -43.98152 -160.97278 
    -43.45846 -161.38055 
    -42.92013 -161.75789 
    -42.36761 -162.10451 
    -41.80193 -162.41998 
    -41.25015 -162.75117 
    -40.69059 -163.07303 
    -40.11010 -163.36009 
    -39.51075 -163.61075 
    -38.89479 -163.82353 
    -38.26457 -163.99704 
    -37.62261 -164.13010 
    -36.97156 -164.22168 
    -36.31416 -164.27097 
    -35.65326 -164.27733 
    -34.99178 -164.24034 
    -34.33270 -164.15987 
    -33.67900 -164.03592 
    -33.03371 -163.86884 
    -32.39984 -163.65907 
    -31.78037 -163.40744 
    -31.17819 -163.11493 
    -30.59618 -162.78273 
    -30.03708 -162.41231 
    -29.50347 -162.00536 
    -28.99781 -161.56377 
    -28.52251 -161.08949 
    -28.07975 -160.58473 
    -27.67152 -160.05188 
    -27.29961 -159.49345 
    -26.96554 -158.91209 
    -26.67022 -158.31075 
    -26.41492 -157.69203 
    -26.20048 -157.05878 
    -26.02753 -156.41380 
    -25.89658 -155.75990 
    -25.80801 -155.09988 
    -25.76213 -154.43652 
    -25.75917 -153.77264 
    -25.79923 -153.11110 
    -25.88227 -152.45479 
    -26.00798 -151.80664 
    -26.17574 -151.16954 
    -26.38459 -150.54633 
    -26.63325 -149.93970 
    -26.92010 -149.35214 
    -27.23869 -148.78336 
    -27.58983 -148.23602 
    -27.97400 -147.71317 
    -28.38959 -147.21687 
    -28.83488 -146.74913 
    -29.30799 -146.31183 
    -29.76009 -145.85013 
    -30.23624 -145.40710 
    -30.73851 -144.98683 
    -31.26628 -144.59058 
    -31.81898 -144.21991 
    -32.40907 -143.90952 
    -33.02215 -143.64088 
    -33.66138 -143.44073 
    -34.32194 -143.32903 
    -34.98123 -143.22141 
    -35.64383 -143.11801 
    -36.31416 -143.02121 
    -36.99623 -142.93141 
    -37.69440 -142.84688 
    -38.41437 -142.76295 
    -39.15511 -142.70787 
    -39.90242 -142.72911 
    -40.65164 -142.81743 
    -41.43340 -142.89369 
    -42.16931 -143.12218 
    -42.89206 -143.40753 
    -43.59562 -143.75056 
    -44.27367 -144.15125 
    -44.91976 -144.60861 
    -45.52752 -145.12073 
    -46.09084 -145.68468 
    -46.60405 -146.29660 
    -47.06217 -146.95175 
    -47.45747 -147.64656 
    -47.55150 -148.48476 
    -47.47679 -149.35304 
    -47.25369 -150.21817 
    -46.99936 -151.02916 
    -46.78982 -151.77431 
    -46.62702 -152.46983 
    -46.51052 -153.13113 
Cell 5 100 -14.32586 -154.16605 
    -24.69070 -154.16605 
    -24.69746 -154.81857 
    -24.66161 -155.47176 
    -24.58299 -156.12270 
    -24.46166 -156.76848 
    -24.29792 -157.40616 
    -24.09227 -158.03284 
    -23.84544 -158.64561 
    -23.55836 -159.24165 
    -23.23221 -159.81819 
    -22.86834 -160.37253 
    -22.46830 -160.90205 
    -22.03386 -161.40434 
    -21.56694 -161.87701 
    -21.06965 -162.31789 
    -20.54427 -162.72495 
    -19.99318 -163.09631 
    -19.41895 -163.43033 
    -18.82420 -163.72551 
    -18.21171 -163.98058 
    -17.58430 -164.19450 
    -16.94487 -164.36641 
    -16.29634 -164.49570 
    -15.64169 -164.58194 
    -14.98388 -164.62505 
    -14.32586 -164.62498 
    -13.67054 -164.58208 
    -13.02078 -164.49678 
    -12.37939 -164.36980 
    -11.74905 -164.20206 
    -11.13237 -163.99458 
    -10.53183 -163.74867 
    -9.94977 -163.46571 
    -9.38841 -163.14723 
    -8.84981 -162.79492 
    -8.33589 -162.41054 
    -7.84839 -161.99596 
    -7.38896 -161.55310 
    -6.94655 -161.09569 
    -6.50579 -160.63538 
    -6.09157 -160.14861 
    -5.70577 -159.63652 
    -5.35012 -159.10049 
    -5.02636 -158.54205 
    -4.73631 -157.96281 
    -4.48565 -157.36331 
    -4.31501 -156.73639 
    -4.17864 -156.10173 
    -4.12410 -155.45483 
    -4.08807 -154.81015 
    -4.06457 -154.16605 
    -4.05566 -153.51990 
    -3.97067 -152.85788 
    -3.84963 -152.16760 
    -3.72161 -151.44334 
    -3.59053 -150.67792 
    -3.45505 -149.86198 
    -3.29245 -148.97411 
    -3.22876 -148.06537 
    -3.73218 -147.44310 
    -4.34754 -146.91637 
    -5.04333 -146.48686 
    -5.78558 -146.14619 
    -6.54328 -145.87845 
    -7.29239 -145.66405 
    -8.01779 -145.48373 
    -8.71312 -145.32179 
    -9.35623 -145.12633 
    -9.94589 -144.85814 
    -10.54949 -144.62802 
    -11.16481 -144.43733 
    -11.78878 -144.28476 
    -12.41580 -144.15314 
    -13.04217 -144.00464 
    -13.68055 -143.90912 
    -14.32586 -143.85664 
    -14.97773 -143.80492 
    -15.64118 -143.75420 
    -16.32028 -143.71094 
    -17.01865 -143.67831 
    -17.73776 -143.66530 
    -18.44031 -143.77412 
    -19.10401 -144.01196 
    -19.69097 -144.40695 
    -20.22692 -144.86746 
    -20.71222 -145.37598 
    -21.15137 -145.91542 
    -21.55132 -146.47171 
    -21.91951 -147.03513 
    -22.26216 -147.60057 
    -22.58322 -148.16673 
    -22.88412 -148.73482 
    -23.21038 -149.28174 
    -23.51932 -149.83994 
    -23.79712 -150.41611 
    -24.04128 -151.00932 
    -24.24957 -151.61807 
    -24.42008 -152.24046 
    -24.55122 -152.87428 
    -24.64174 -153.51703 
Cell 6 100 5.57233 -154.38521 
    -4.07256 -154.38521 
    -4.09833 -154.99364 
    -4.13734 -155.61183 
    -4.21081 -156.25143 
    -4.36987 -156.93793 
    -4.52848 -157.66716 
    -4.31978 -158.30177 
    -4.06932 -158.92223 
    -3.77829 -159.52576 
    -3.44736 -160.10928 
    -3.07794 -160.67000 
    -2.67172 -161.20528 
    -2.23056 -161.71262 
    -1.75651 -162.18962 
    -1.25179 -162.63416 
    -0.71879 -163.04419 
    -0.16002 -163.41795 
    0.42186 -163.75388 
    1.02413 -164.05061 
    1.64400 -164.30704 
    2.27859 -164.52231 
    2.92503 -164.69574 
    3.58045 -164.82700 
    4.24200 -164.91588 
    4.90687 -164.96243 
    5.57233 -164.96689 
    6.23573 -164.92972 
    6.89453 -164.85153 
    7.54628 -164.73302 
    8.18865 -164.57509 
    8.81941 -164.37869 
    9.43645 -164.14487 
    10.03775 -163.87471 
    10.62136 -163.56935 
    11.18537 -163.22995 
    11.72793 -162.85767 
    12.26118 -162.47064 
    12.79279 -162.07422 
    13.30342 -161.64519 
    13.78991 -161.18338 
    14.24957 -160.68959 
    14.67960 -160.16486 
    15.07708 -159.61049 
    15.43907 -159.02814 
    15.76262 -158.41983 
    16.01292 -157.77756 
    16.09492 -157.08694 
    16.13536 -156.40021 
    16.09011 -155.71391 
    16.04554 -155.04413 
    16.00511 -154.38521 
    15.96365 -153.73145 
    15.91844 -153.07820 
    15.86860 -152.42108 
    15.81483 -151.75539 
    15.75950 -151.07520 
    15.70712 -150.37256 
    15.59505 -149.66887 
    15.23981 -149.07047 
    14.84450 -148.50092 
    14.41234 -147.96257 
    13.94664 -147.45738 
    13.45076 -146.98686 
    12.92804 -146.55217 
    12.38170 -146.15410 
    11.81483 -145.79315 
    11.23034 -145.46960 
    10.63097 -145.18358 
    10.01925 -144.93501 
    9.39754 -144.72383 
    8.76804 -144.54984 
    8.13279 -144.41287 
    7.49374 -144.31284 
    6.86896 -144.12129 
    6.22546 -144.00392 
    5.57233 -143.85870 
    4.89922 -143.68649 
    4.19843 -143.50970 
    3.46798 -143.35382 
    2.70993 -143.23689 
    1.92401 -143.15685 
    1.11074 -143.11652 
    0.47490 -143.55263 
    0.00178 -144.25243 
    -0.44643 -144.90117 
    -1.00565 -145.33141 
    -1.51672 -145.81602 
    -1.97730 -146.34567 
    -2.38755 -146.91039 
    -2.74971 -147.50061 
    -3.06753 -148.10799 
    -3.27805 -148.76859 
    -3.38191 -149.46259 
    -3.49745 -150.11729 
    -3.60328 -150.75233 
    -3.70897 -151.36954 
    -3.81555 -151.97481 
    -3.92094 -152.57428 
    -4.01132 -153.17451 
    -4.05924 -153.77924 
Cell 7 100 25.51698 -153.51527 
    15.94869 -153.51527 
    15.98796 -154.11479 
    16.02530 -154.71434 
    16.06380 -155.31857 
    16.10449 -155.93199 
    16.12556 -156.56673 
    16.07514 -157.25357 
    16.01056 -157.98865 
    16.28380 -158.59126 
    16.59686 -159.17616 
    16.94868 -159.74051 
    17.33796 -160.28156 
    17.76311 -160.79665 
    18.22234 -161.28328 
    18.71373 -161.73900 
    19.23512 -162.16153 
    19.78414 -162.54880 
    20.35831 -162.89886 
    20.95497 -163.21004 
    21.57135 -163.48080 
    22.20456 -163.70988 
    22.85163 -163.89616 
    23.50950 -164.03885 
    24.17510 -164.13734 
    24.84531 -164.19130 
    25.51698 -164.20059 
    26.18703 -164.16533 
    26.85237 -164.08595 
    27.50999 -163.96300 
    28.15697 -163.79732 
    28.79045 -163.58997 
    29.40773 -163.34216 
    30.00620 -163.05533 
    30.58342 -162.73109 
    31.13712 -162.37119 
    31.66516 -161.97751 
    32.16558 -161.55205 
    32.63664 -161.09694 
    33.07673 -160.61435 
    33.48444 -160.10654 
    33.87265 -159.58601 
    34.27483 -159.07317 
    34.64933 -158.53583 
    34.99464 -157.97511 
    35.30918 -157.39227 
    35.42860 -156.73575 
    35.44939 -156.06549 
    35.48628 -155.41702 
    35.53783 -154.78120 
    35.59825 -154.14954 
    35.66494 -153.51527 
    35.73809 -152.87222 
    35.82102 -152.21358 
    35.92114 -151.53056 
    36.05510 -150.80954 
    36.22184 -150.03706 
    36.03108 -149.35245 
    35.78852 -148.68185 
    35.49618 -148.02916 
    35.15501 -147.39879 
    34.76654 -146.79507 
    34.33287 -146.22214 
    33.85661 -145.68384 
    33.34107 -145.18347 
    32.83704 -144.66685 
    32.33008 -144.13785 
    31.76414 -143.67133 
    31.14501 -143.27792 
    30.48138 -142.96539 
    29.75604 -142.80864 
    28.99325 -142.81642 
    28.24495 -142.89055 
    27.54200 -142.89978 
    26.85596 -142.91617 
    26.18522 -142.89394 
    25.51698 -142.80397 
    24.83850 -142.73103 
    24.14644 -142.66631 
    23.43729 -142.61311 
    22.70763 -142.57356 
    21.95344 -142.54781 
    21.18966 -142.58569 
    20.45705 -142.76237 
    19.78194 -143.08327 
    19.14792 -143.47925 
    18.56308 -143.94405 
    18.03324 -144.46898 
    17.56160 -145.04366 
    17.14869 -145.65692 
    16.79263 -146.29785 
    16.48962 -146.95651 
    16.23468 -147.62454 
    16.02231 -148.29553 
    15.84724 -148.96504 
    15.70491 -149.63040 
    15.69961 -150.32541 
    15.75455 -151.00871 
    15.80732 -151.66306 
    15.85843 -152.29512 
    15.90573 -152.91058 
Cell 8 100 45.12073 -154.65976 
    35.54944 -154.65976 
    35.49860 -155.26514 
    35.45993 -155.88020 
    35.43569 -156.50728 
    35.38721 -157.15891 
    35.53020 -157.77591 
    35.73918 -158.37418 
    35.98577 -158.95834 
    36.26906 -159.52600 
    36.58793 -160.07484 
    36.94115 -160.60257 
    37.32731 -161.10703 
    37.74489 -161.58614 
    38.19220 -162.03789 
    38.66744 -162.46045 
    39.16870 -162.85202 
    39.69393 -163.21101 
    40.24101 -163.53593 
    40.80769 -163.82542 
    41.39165 -164.07832 
    41.99051 -164.29358 
    42.60181 -164.47029 
    43.22304 -164.60779 
    43.85166 -164.70546 
    44.48508 -164.76300 
    45.12073 -164.78015 
    45.75599 -164.75688 
    46.38826 -164.69336 
    47.01499 -164.58983 
    47.63362 -164.44682 
    48.24164 -164.26494 
    48.83659 -164.04497 
    49.41610 -163.78787 
    49.97781 -163.49477 
    50.51952 -163.16690 
    51.03905 -162.80563 
    51.53437 -162.41252 
    52.00352 -161.98920 
    52.44469 -161.53741 
    52.85617 -161.05908 
    53.23637 -160.55612 
    53.58387 -160.03062 
    53.89734 -159.48474 
    54.17563 -158.92067 
    54.41895 -158.34119 
    54.63282 -157.75043 
    54.80969 -157.14746 
    54.94782 -156.53438 
    54.98919 -155.90643 
    54.97478 -155.27972 
    54.91532 -154.65976 
    54.84030 -154.04825 
    54.75199 -153.44305 
    54.65499 -152.84100 
    54.55369 -152.23778 
    54.45147 -151.62802 
    54.35871 -151.00218 
    54.18196 -150.39587 
    53.89700 -149.83496 
    53.57720 -149.29312 
    53.23038 -148.76775 
    52.85531 -148.26115 
    52.45407 -147.77328 
    52.02877 -147.30344 
    51.58091 -146.85074 
    51.11102 -146.41483 
    50.61852 -145.99663 
    50.10180 -145.59923 
    49.55883 -145.22832 
    49.08936 -144.63614 
    48.59500 -143.96706 
    47.89304 -143.86234 
    47.11722 -144.19377 
    46.45578 -144.09171 
    45.78760 -144.06013 
    45.12073 -143.92305 
    44.44339 -143.89377 
    43.78986 -144.12491 
    43.18089 -144.49077 
    42.57261 -144.73549 
    41.97523 -144.97891 
    41.39355 -145.24600 
    40.82741 -145.53601 
    40.27733 -145.84966 
    39.74457 -146.18829 
    39.23099 -146.55324 
    38.73880 -146.94534 
    38.27027 -147.36476 
    37.82644 -147.80997 
    37.41157 -148.28220 
    37.02735 -148.77957 
    36.67522 -149.30008 
    36.35637 -149.84151 
    36.13657 -150.43213 
    36.00995 -151.05255 
    35.90154 -151.66428 
    35.81389 -152.27017 
    35.73837 -152.86998 
    35.67055 -153.46593 
    35.60753 -154.06123 
Cell 9 100 65.16030 -154.23181 
    54.86282 -154.23181 
    54.93597 -154.87508 
    54.98026 -155.51785 
    54.97147 -156.17545 
    55.04798 -156.82822 
    55.24826 -157.45242 
    55.46964 -158.06862 
    55.71753 -158.67523 
    55.99641 -159.26970 
    56.30920 -159.84889 
    56.65741 -160.40953 
    57.04127 -160.94846 
    57.46020 -161.46268 
    57.91291 -161.94949 
    58.39767 -162.40643 
    58.91257 -162.83109 
    59.45540 -163.22130 
    60.02375 -163.57515 
    60.61506 -163.89093 
    61.22663 -164.16713 
    61.85565 -164.40250 
    62.49923 -164.59602 
    63.15443 -164.74695 
    63.81829 -164.85489 
    64.48788 -164.91974 
    65.16030 -164.94162 
    65.83281 -164.92107 
    66.50281 -164.85883 
    67.16789 -164.75598 
    67.82594 -164.61377 
    68.47509 -164.43369 
    69.11381 -164.21722 
    69.74084 -163.96594 
    70.35521 -163.68132 
    70.95618 -163.36465 
    71.54308 -163.01695 
    72.11523 -162.63889 
    72.67182 -162.23077 
    73.21166 -161.79254 
    73.73308 -161.32384 
    74.23374 -160.82405 
    74.71053 -160.29257 
    75.15951 -159.72893 
    75.44683 -159.07228 
    75.02802 -158.13872 
    74.75120 -157.34808 
    74.71623 -156.68536 
    74.70954 -156.05342 
    74.70520 -155.43762 
    74.69888 -154.83192 
    74.68665 -154.23181 
    74.67254 -153.63335 
    74.64948 -153.03305 
    74.61552 -152.42813 
    74.57609 -151.81424 
    74.52920 -151.18767 
    74.47559 -150.54364 
    74.42281 -149.87321 
    74.38512 -149.16042 
    74.39770 -148.36957 
    74.31354 -147.58159 
    73.94955 -146.96071 
    73.52975 -146.37238 
    73.06584 -145.81326 
    72.55749 -145.29015 
    72.00602 -144.80948 
    71.41494 -144.37607 
    70.78854 -143.99408 
    70.13178 -143.66687 
    69.44713 -143.40451 
    68.73431 -143.23213 
    67.99393 -143.19554 
    67.25532 -143.24931 
    66.54185 -143.29568 
    65.84532 -143.34378 
    65.16030 -143.39688 
    64.48225 -143.45462 
    63.80624 -143.51334 
    63.12860 -143.58127 
    62.47766 -143.78358 
    61.84929 -144.04158 
    61.23918 -144.32820 
    60.66124 -144.67082 
    60.10757 -145.04092 
    59.57870 -145.43663 
    59.07519 -145.85637 
    58.59761 -146.29889 
    58.14664 -146.76303 
    57.63853 -147.16840 
    57.09306 -147.55801 
    56.54344 -147.97130 
    55.99966 -148.41829 
    55.48003 -148.91003 
    55.00955 -149.45523 
    54.61555 -150.05685 
    54.32172 -150.71014 
    54.42901 -151.47649 
    54.54862 -152.20753 
    54.66547 -152.90601 
    54.77171 -153.57822 
Cell 10 100 85.17032 -153.53505 
    74.66876 -153.53505 
    74.68577 -154.19467 
    74.69914 -154.85786 
    74.70586 -155.53125 
    74.71131 -156.22047 
    74.72901 -156.92764 
    74.84719 -157.62225 
    75.26172 -158.19768 
    75.73385 -158.72279 
    76.20923 -159.22192 
    76.68465 -159.70026 
    77.16276 -160.15948 
    77.64709 -160.59982 
    78.14122 -161.02028 
    78.64823 -161.41890 
    79.17042 -161.79320 
    79.70914 -162.14049 
    80.26485 -162.45807 
    80.83717 -162.74347 
    81.42504 -162.99454 
    82.02692 -163.20944 
    82.64084 -163.38673 
    83.26459 -163.52524 
    83.89577 -163.62411 
    84.53188 -163.68280 
    85.17032 -163.70093 
    85.80849 -163.67844 
    86.44427 -163.61945 
    87.07532 -163.52141 
    87.69926 -163.38461 
    88.31384 -163.20982 
    88.91692 -162.99789 
    89.50648 -162.74986 
    90.08062 -162.46686 
    90.63759 -162.15009 
    91.17577 -161.80084 
    91.69369 -161.42046 
    92.19000 -161.01025 
    92.66348 -160.57159 
    93.11297 -160.10579 
    93.53741 -159.61411 
    93.93576 -159.09776 
    94.30697 -158.55797 
    94.64996 -157.99583 
    94.96358 -157.41248 
    95.24655 -156.80902 
    95.49748 -156.18661 
    95.70941 -155.54549 
    95.81286 -154.87952 
    95.88672 -154.20926 
    95.95105 -153.53505 
    96.02204 -152.85231 
    96.09969 -152.15436 
    96.16959 -151.43683 
    96.13303 -150.72031 
    96.01660 -150.01088 
    95.84577 -149.30833 
    95.62370 -148.61606 
    95.34995 -147.93875 
    95.02470 -147.28127 
    94.64875 -146.64856 
    94.22359 -146.04553 
    93.75140 -145.47688 
    93.23500 -144.94704 
    92.67784 -144.46001 
    92.08392 -144.01930 
    91.45766 -143.62779 
    90.80385 -143.28769 
    90.12749 -143.00053 
    89.43364 -142.76712 
    88.72621 -142.59113 
    88.01021 -142.47441 
    87.29012 -142.42268 
    86.57317 -142.43033 
    85.86459 -142.49983 
    85.17032 -142.57172 
    84.48537 -142.64804 
    83.81001 -142.76712 
    83.14916 -142.93979 
    82.50782 -143.16530 
    81.88719 -143.43062 
    81.28802 -143.72951 
    80.71095 -144.05843 
    80.15686 -144.41560 
    79.62656 -144.79948 
    79.07551 -145.14627 
    78.45354 -145.41586 
    77.81945 -145.70717 
    77.17310 -146.02516 
    76.51737 -146.37671 
    75.85897 -146.76996 
    75.20895 -147.21336 
    74.58741 -147.71706 
    74.39618 -148.46512 
    74.39075 -149.26712 
    74.43652 -150.04742 
    74.49647 -150.79446 
    74.55330 -151.50975 
    74.60086 -152.19981 
    74.64047 -152.87256 
Cell 11 100 105.81039 -154.35971 
    95.87014 -154.35971 
    95.79573 -154.98978 
    95.74728 -155.63098 
    95.79632 -156.26999 
    95.91969 -156.89922 
    96.09339 -157.51695 
    96.30643 -158.12259 
    96.55797 -158.71356 
    96.84700 -159.28737 
    97.17233 -159.84158 
    97.53262 -160.37386 
    97.92636 -160.88194 
    98.35189 -161.36371 
    98.80742 -161.81711 
    99.29102 -162.24026 
    99.80064 -162.63142 
    100.33409 -162.98897 
    100.88914 -163.31142 
    101.46342 -163.59749 
    102.05450 -163.84601 
    102.65985 -164.05606 
    103.27695 -164.22681 
    103.90318 -164.35765 
    104.53592 -164.44815 
    105.17254 -164.49803 
    105.81039 -164.50723 
    106.44684 -164.47586 
    107.07930 -164.40422 
    107.70523 -164.29282 
    108.32214 -164.14236 
    108.92769 -163.95378 
    109.51965 -163.72824 
    110.09602 -163.46713 
    110.65504 -163.17210 
    111.19534 -162.84503 
    111.71595 -162.48802 
    112.21642 -162.10327 
    112.69685 -161.69304 
    113.15784 -161.25943 
    113.60050 -160.80426 
    114.02613 -160.32880 
    114.43595 -159.83366 
    114.83070 -159.31866 
    115.21011 -158.78288 
    115.57242 -158.22478 
    115.91395 -157.64256 
    116.22893 -157.03474 
    116.50960 -156.40070 
    116.74663 -155.74127 
    116.92987 -155.05930 
    117.04945 -154.35971 
    117.09686 -153.64963 
    117.06609 -152.93779 
    116.95444 -152.23387 
    117.09969 -151.46111 
    117.28623 -150.63098 
    116.92778 -149.95802 
    116.13347 -149.50204 
    115.33361 -149.12427 
    114.86084 -148.61612 
    114.36266 -148.14612 
    113.84707 -147.71118 
    113.31998 -147.30774 
    112.78506 -146.93243 
    112.24410 -146.58269 
    111.72208 -146.22295 
    111.20514 -145.85895 
    110.66988 -145.52032 
    110.11762 -145.20638 
    109.54931 -144.91626 
    108.96509 -144.65053 
    108.36435 -144.41269 
    107.74655 -144.20996 
    107.11352 -144.04437 
    106.46255 -143.99379 
    105.81039 -143.96779 
    105.15791 -143.98898 
    104.49552 -143.95148 
    103.79430 -143.79105 
    103.05603 -143.63217 
    102.29303 -143.53439 
    101.52340 -143.53201 
    100.85625 -143.83163 
    100.33138 -144.39342 
    99.90833 -145.05957 
    99.54445 -145.73538 
    99.19526 -146.36339 
    98.83485 -146.93152 
    98.45988 -147.45712 
    98.06676 -147.95363 
    97.66937 -148.44492 
    97.30270 -148.96057 
    96.96871 -149.49896 
    96.66902 -150.05811 
    96.40506 -150.63588 
    96.20233 -151.23787 
    96.12706 -151.87344 
    96.06124 -152.49997 
    95.99425 -153.11964 
    95.93166 -153.73820 
Cell 12 100 -115.67046 -134.32410 
    -127.17764 -134.32410 
    -127.18954 -135.04881 
    -127.14501 -135.77367 
    -127.04441 -136.49379 
    -126.88876 -137.20447 
    -126.67970 -137.90121 
    -126.41932 -138.57986 
    -126.11020 -139.23666 
    -125.75527 -139.86827 
    -125.35767 -140.47179 
    -124.92072 -141.04480 
    -124.44778 -141.58533 
    -123.94224 -142.09181 
    -123.40733 -142.56302 
    -122.84621 -142.99809 
    -122.26182 -143.39632 
    -121.65694 -143.75728 
    -121.03416 -144.08063 
    -120.39587 -144.36610 
    -119.45584 -143.88489 
    -118.71096 -143.68179 
    -118.08157 -143.71474 
    -117.46620 -143.73769 
    -116.86011 -143.74109 
    -116.26293 -143.74113 
    -115.67046 -143.74644 
    -115.07689 -143.75870 
    -114.48077 -143.74147 
    -113.88487 -143.68449 
    -113.28794 -143.60342 
    -112.68859 -143.50136 
    -112.08424 -143.38185 
    -111.46353 -143.26427 
    -110.75278 -143.26932 
    -109.97717 -143.29529 
    -109.23536 -143.18126 
    -108.69366 -142.75760 
    -108.18102 -142.29955 
    -107.69992 -141.80893 
    -107.25264 -141.28792 
    -106.84135 -140.73882 
    -106.46799 -140.16417 
    -106.13434 -139.56662 
    -105.84191 -138.94907 
    -105.59199 -138.31445 
    -105.38562 -137.66585 
    -105.21604 -137.00833 
    -105.07455 -136.34538 
    -104.93950 -135.67973 
    -104.83930 -135.00554 
    -104.74590 -134.32410 
    -104.70014 -133.63390 
    -104.32364 -132.89066 
    -104.08821 -132.11467 
    -104.01562 -131.33165 
    -104.17648 -130.58948 
    -104.50391 -129.90294 
    -105.26807 -129.42911 
    -106.03906 -129.02919 
    -106.68208 -128.61989 
    -107.00339 -128.02710 
    -107.35458 -127.44460 
    -107.72533 -126.86311 
    -108.10404 -126.26668 
    -108.53648 -125.70060 
    -109.02332 -125.17509 
    -109.56509 -124.70357 
    -110.15865 -124.29814 
    -110.83611 -124.05058 
    -111.57088 -123.96972 
    -112.30128 -123.95480 
    -113.00445 -123.94065 
    -113.68822 -123.93279 
    -114.35741 -123.93014 
    -115.01637 -123.92762 
    -115.67046 -123.92886 
    -116.32148 -123.97646 
    -116.96885 -124.04636 
    -117.59844 -124.21728 
    -118.20983 -124.43392 
    -118.80721 -124.67020 
    -119.39050 -124.92835 
    -119.95985 -125.20869 
    -120.51017 -125.52071 
    -121.07481 -125.80821 
    -121.65028 -126.09359 
    -122.21495 -126.41318 
    -122.76638 -126.76772 
    -123.30171 -127.15788 
    -123.81781 -127.58403 
    -124.31121 -128.04622 
    -124.77819 -128.54416 
    -125.21490 -129.07700 
    -125.61740 -129.64343 
    -125.98175 -130.24158 
    -126.30417 -130.86900 
    -126.58113 -131.52272 
    -126.80942 -132.19923 
    -126.98629 -132.89458 
    -127.10957 -133.60442 
Cell 13 100 -94.26258 -133.59384 
    -104.38280 -133.59384 
    -104.38409 -134.23064 
    -104.34461 -134.86749 
    -104.25839 -135.50064 
    -104.13179 -136.12782 
    -103.96517 -136.74640 
    -103.75907 -137.35376 
    -103.51422 -137.94733 
    -103.23151 -138.52455 
    -102.91204 -139.08296 
    -102.55705 -139.62013 
    -102.16797 -140.13374 
    -101.74637 -140.62158 
    -101.29399 -141.08154 
    -100.81271 -141.51160 
    -100.30454 -141.90990 
    -99.77164 -142.27472 
    -99.21622 -142.60448 
    -98.64069 -142.89778 
    -98.04747 -143.15338 
    -97.43910 -143.37016 
    -96.79739 -143.46626 
    -96.14300 -143.45129 
    -95.51091 -143.47534 
    -94.88811 -143.53644 
    -94.26258 -143.63042 
    -93.62482 -143.73070 
    -92.98273 -143.72488 
    -92.34708 -143.63525 
    -91.72195 -143.48894 
    -91.10913 -143.29916 
    -90.51032 -143.07095 
    -89.92793 -142.80544 
    -89.36426 -142.50386 
    -88.82146 -142.16766 
    -88.30160 -141.79843 
    -87.78294 -141.42638 
    -87.27916 -141.03044 
    -86.79741 -140.60411 
    -86.33990 -140.14806 
    -85.90870 -139.66328 
    -85.50598 -139.15096 
    -85.13400 -138.61232 
    -84.79506 -138.04892 
    -84.49154 -137.46248 
    -84.22577 -136.85500 
    -84.00017 -136.22878 
    -83.83973 -135.58211 
    -83.74348 -134.92271 
    -83.69284 -134.25883 
    -83.67566 -133.59384 
    -83.66939 -132.92737 
    -83.67213 -132.25597 
    -83.71529 -131.58185 
    -83.83813 -130.91730 
    -84.03152 -130.26956 
    -84.27166 -129.63815 
    -84.55639 -129.02646 
    -84.81407 -128.39948 
    -85.07803 -127.76514 
    -85.38280 -127.14230 
    -85.72944 -126.53461 
    -86.11868 -125.94621 
    -86.55083 -125.38167 
    -87.02567 -124.84592 
    -87.54224 -124.34409 
    -88.09885 -123.88135 
    -88.69296 -123.46273 
    -89.32121 -123.09290 
    -89.97948 -122.77598 
    -90.66298 -122.51540 
    -91.36633 -122.31367 
    -92.08382 -122.17239 
    -92.80957 -122.09208 
    -93.53770 -122.07226 
    -94.26258 -122.11151 
    -94.97894 -122.20754 
    -95.68208 -122.35738 
    -96.36787 -122.55749 
    -97.03294 -122.80403 
    -97.67451 -123.09299 
    -98.29053 -123.42039 
    -98.87951 -123.78237 
    -99.44041 -124.17541 
    -99.97260 -124.59629 
    -100.47571 -125.04221 
    -100.94949 -125.51076 
    -101.39378 -125.99989 
    -101.80836 -126.50788 
    -102.19296 -127.03326 
    -102.54717 -127.57473 
    -102.93715 -128.08879 
    -103.29221 -128.62976 
    -103.58368 -129.20767 
    -103.80055 -129.81749 
    -103.94816 -130.44681 
    -104.07115 -131.07542 
    -104.05221 -131.72636 
    -104.15773 -132.34380 
    -104.33704 -132.96001 
Cell 14 100 -73.71673 -134.48216 
    -83.70988 -134.48216 
    -83.77151 -135.11475 
    -83.88554 -135.76677 
    -83.93069 -136.43057 
    -83.84990 -137.08392 
    -83.66611 -137.71492 
    -83.44295 -138.33304 
    -83.18094 -138.93568 
    -82.88120 -139.52037 
    -82.54425 -140.08427 
    -82.17147 -140.62489 
    -81.76450 -141.13986 
    -81.32519 -141.62698 
    -80.85548 -142.08417 
    -80.35754 -142.50952 
    -79.83361 -142.90134 
    -79.22153 -143.15633 
    -78.55640 -143.28548 
    -77.92094 -143.41656 
    -77.31416 -143.56822 
    -76.71884 -143.72173 
    -76.12514 -143.86230 
    -75.52969 -143.98607 
    -74.93114 -144.09517 
    -74.32807 -144.19919 
    -73.71673 -144.31366 
    -73.09004 -144.44299 
    -72.44081 -144.58211 
    -71.75890 -144.74548 
    -71.08499 -144.73210 
    -70.42454 -144.61447 
    -69.76585 -144.46095 
    -69.11045 -144.27101 
    -68.46006 -144.04401 
    -67.81662 -143.77925 
    -67.18236 -143.47595 
    -66.55980 -143.13341 
    -65.95186 -142.75092 
    -65.36178 -142.32799 
    -64.79319 -141.86435 
    -64.25003 -141.36012 
    -63.73655 -140.81578 
    -63.25721 -140.23233 
    -63.04887 -139.50208 
    -63.07978 -138.69363 
    -63.17707 -137.90669 
    -63.31692 -137.15237 
    -63.41305 -136.44769 
    -63.48356 -135.77490 
    -63.55242 -135.12166 
    -63.62611 -134.48216 
    -63.70724 -133.85242 
    -63.79908 -133.22928 
    -63.90349 -132.61020 
    -64.01961 -131.99237 
    -64.14735 -131.37288 
    -64.28599 -130.74828 
    -64.43246 -130.11331 
    -64.58226 -129.46045 
    -64.72824 -128.77789 
    -64.85773 -128.04573 
    -64.94743 -127.22758 
    -65.11691 -126.40639 
    -65.72526 -125.97211 
    -66.35499 -125.58334 
    -66.97589 -125.20419 
    -67.54634 -124.75919 
    -68.19257 -124.43375 
    -68.89120 -124.22739 
    -69.61623 -124.12547 
    -70.34449 -124.10348 
    -71.04330 -124.06987 
    -71.71938 -124.01167 
    -72.39118 -123.98936 
    -73.05737 -124.00198 
    -73.71673 -124.04879 
    -74.36809 -124.12914 
    -75.01029 -124.24256 
    -75.64217 -124.38866 
    -76.26248 -124.56711 
    -76.89464 -124.70156 
    -77.53053 -124.84959 
    -78.16376 -125.03173 
    -78.79111 -125.25189 
    -79.40770 -125.51463 
    -80.00714 -125.82416 
    -80.58163 -126.18391 
    -81.12271 -126.59560 
    -81.62203 -127.05859 
    -82.07246 -127.56971 
    -82.47041 -128.12225 
    -82.81261 -128.70973 
    -83.08679 -129.33093 
    -83.36003 -129.94437 
    -83.59455 -130.57126 
    -83.76700 -131.21663 
    -83.69361 -131.92053 
    -83.67079 -132.58331 
    -83.67218 -133.22450 
    -83.68241 -133.85518 
Cell 15 100 -54.96060 -132.92940 
    -63.84966 -132.92940 
    -63.76167 -133.48311 
    -63.68417 -134.03145 
    -63.61481 -134.58028 
    -63.55101 -135.13504 
    -63.49133 -135.70120 
    -63.43033 -136.28281 
    -63.35419 -136.87914 
    -63.25451 -137.48901 
    -63.14990 -138.12648 
    -63.07477 -138.82468 
    -63.06546 -139.63432 
    -62.63467 -140.13582 
    -62.17354 -140.61040 
    -61.68349 -141.05597 
    -61.16609 -141.47052 
    -60.62312 -141.85210 
    -60.05651 -142.19882 
    -59.46838 -142.50893 
    -58.86106 -142.78082 
    -58.23699 -143.01308 
    -57.59878 -143.20442 
    -56.94919 -143.35393 
    -56.29105 -143.46100 
    -55.62720 -143.52472 
    -54.96060 -143.54472 
    -54.29424 -143.52092 
    -53.63111 -143.45343 
    -52.97418 -143.34259 
    -52.32639 -143.18900 
    -51.69059 -142.99345 
    -51.06960 -142.75696 
    -50.46608 -142.48074 
    -49.88264 -142.16617 
    -49.32174 -141.81482 
    -48.78572 -141.42839 
    -48.27678 -141.00874 
    -47.79699 -140.55788 
    -47.34827 -140.07785 
    -46.92845 -139.57417 
    -46.47473 -139.09474 
    -46.04878 -138.58501 
    -45.65301 -138.04630 
    -45.29074 -137.47969 
    -45.04512 -136.85521 
    -45.05622 -136.14752 
    -45.04353 -135.47568 
    -45.01958 -134.82574 
    -44.99501 -134.18834 
    -44.97650 -133.55756 
    -44.96787 -132.92940 
    -44.96786 -132.30070 
    -44.97256 -131.66762 
    -44.98143 -131.02577 
    -44.98533 -130.36819 
    -44.96787 -129.68257 
    -44.89388 -128.94370 
    -45.19088 -128.33212 
    -45.54952 -127.75562 
    -45.94452 -127.20762 
    -45.92378 -126.36376 
    -45.45088 -125.06227 
    -46.88462 -125.34555 
    -47.81848 -125.32381 
    -48.34525 -124.93282 
    -48.84749 -124.51542 
    -49.33463 -124.06428 
    -49.84691 -123.62762 
    -50.38520 -123.20616 
    -50.95063 -122.80136 
    -51.54445 -122.41557 
    -52.16782 -122.05222 
    -52.82150 -121.71581 
    -53.50561 -121.41192 
    -54.21932 -121.14705 
    -54.96060 -120.92838 
    -55.72602 -120.76345 
    -56.51062 -120.65971 
    -57.30797 -120.62405 
    -58.11024 -120.66235 
    -58.90851 -120.77898 
    -59.69310 -120.97647 
    -60.45406 -121.25521 
    -61.18164 -121.61338 
    -61.86682 -122.04694 
    -62.50178 -122.54986 
    -63.08026 -123.11442 
    -63.59782 -123.73170 
    -64.05196 -124.39204 
    -64.44215 -125.08557 
    -64.76959 -125.80275 
    -65.03603 -126.53534 
    -64.92276 -127.45265 
    -64.81405 -128.29272 
    -64.66183 -129.08841 
    -64.49730 -129.83075 
    -64.33827 -130.52162 
    -64.19276 -131.16827 
    -64.06351 -131.77943 
    -63.94979 -132.36385 
Cell 16 100 -35.02699 -133.71431 
    -44.98110 -133.71431 
    -45.00093 -134.34183 
    -45.02517 -134.97737 
    -45.04636 -135.62561 
    -45.05400 -136.28880 
    -45.06110 -136.97459 
    -45.02800 -137.67400 
    -44.76261 -138.29555 
    -44.46192 -138.90121 
    -44.12717 -139.48946 
    -43.75922 -140.05864 
    -43.35871 -140.60690 
    -42.92621 -141.13217 
    -42.46235 -141.63217 
    -41.96793 -142.10446 
    -41.44394 -142.54649 
    -40.81405 -142.83327 
    -39.98849 -142.73926 
    -39.26044 -142.71086 
    -38.60402 -142.74886 
    -37.98339 -142.81319 
    -37.38156 -142.88475 
    -36.79041 -142.95851 
    -36.20472 -143.03702 
    -35.61886 -143.12190 
    -35.02699 -143.21426 
    -34.42311 -143.31252 
    -33.80124 -143.41708 
    -33.14046 -143.60384 
    -32.40933 -143.90941 
    -31.61402 -144.21832 
    -30.96931 -143.96284 
    -30.34485 -143.66437 
    -29.74368 -143.32462 
    -29.16864 -142.94559 
    -28.62239 -142.52946 
    -28.10742 -142.07863 
    -27.62596 -141.59560 
    -27.18004 -141.08308 
    -26.77143 -140.54390 
    -26.40166 -139.98097 
    -26.07202 -139.39731 
    -25.78352 -138.79594 
    -25.53691 -138.17999 
    -25.33269 -137.55255 
    -25.23202 -136.89690 
    -25.27162 -136.21907 
    -25.25998 -135.57747 
    -25.19137 -134.95683 
    -25.14497 -134.33603 
    -25.12368 -133.71431 
    -25.12482 -133.09132 
    -25.14881 -132.46640 
    -25.19546 -131.83885 
    -25.26134 -131.20692 
    -25.40129 -130.58673 
    -25.56816 -129.96930 
    -25.76019 -129.35368 
    -25.97633 -128.73866 
    -26.21662 -128.12308 
    -26.48245 -127.50634 
    -26.77664 -126.88903 
    -27.10338 -126.27355 
    -27.46782 -125.66462 
    -27.87542 -125.06956 
    -28.33111 -124.49824 
    -28.83836 -123.96259 
    -29.39830 -123.47577 
    -30.00914 -123.05085 
    -30.66593 -122.69955 
    -31.36077 -122.43085 
    -32.08345 -122.24998 
    -32.82248 -122.15788 
    -33.56621 -122.15111 
    -34.30398 -122.22251 
    -35.02699 -122.36214 
    -35.72884 -122.55860 
    -36.40575 -122.80030 
    -37.05622 -123.07671 
    -37.68060 -123.37917 
    -38.28039 -123.70135 
    -38.85756 -124.03938 
    -39.41396 -124.39152 
    -39.95885 -124.74329 
    -40.54348 -125.02171 
    -41.11743 -125.33154 
    -41.67900 -125.67341 
    -42.22589 -126.04826 
    -42.75504 -126.45718 
    -43.26257 -126.90125 
    -43.74374 -127.38122 
    -44.19316 -127.89728 
    -44.60498 -128.44876 
    -44.90609 -129.06557 
    -44.97029 -129.77748 
    -44.98468 -130.47887 
    -44.97959 -131.15892 
    -44.97145 -131.81731 
    -44.96786 -132.45850 
    -44.97006 -133.08875 
Cell 17 100 -15.03620 -134.18553 
    -25.13982 -134.18553 
    -25.18143 -134.82381 
    -25.24873 -135.47568 
    -25.27015 -136.13777 
    -25.23740 -136.80476 
    -25.17851 -137.48097 
    -24.94791 -138.10985 
    -24.67679 -138.72205 
    -24.36673 -139.31503 
    -24.01949 -139.88651 
    -23.63685 -140.43427 
    -23.22070 -140.95633 
    -22.77296 -141.45084 
    -22.29559 -141.91600 
    -21.79059 -142.35019 
    -21.26002 -142.75188 
    -20.70594 -143.11961 
    -20.13052 -143.45206 
    -19.53593 -143.74794 
    -18.89745 -143.93794 
    -18.13643 -143.72705 
    -17.47143 -143.67012 
    -16.84856 -143.68626 
    -16.24018 -143.71603 
    -15.63822 -143.75443 
    -15.03620 -143.80045 
    -14.42826 -143.84853 
    -13.80915 -143.89867 
    -13.16666 -143.98601 
    -12.48092 -144.13770 
    -11.79713 -144.15436 
    -11.18214 -143.91978 
    -10.58434 -143.64621 
    -10.00630 -143.33487 
    -9.45049 -142.98720 
    -8.91925 -142.60480 
    -8.41479 -142.18944 
    -7.93903 -141.74326 
    -7.49370 -141.26840 
    -7.08077 -140.76683 
    -6.70173 -140.24088 
    -6.35791 -139.69295 
    -6.05042 -139.12550 
    -5.78014 -138.54111 
    -5.54778 -137.94226 
    -5.35379 -137.33154 
    -5.19847 -136.71143 
    -5.08186 -136.08443 
    -5.00394 -135.45290 
    -4.94655 -134.82031 
    -4.90252 -134.18553 
    -4.89294 -133.54738 
    -4.91867 -132.90739 
    -4.97999 -132.26721 
    -5.07729 -131.62852 
    -5.21115 -130.99318 
    -5.38227 -130.36327 
    -5.59149 -129.74120 
    -5.83965 -129.12968 
    -6.12752 -128.53191 
    -6.45565 -127.95140 
    -6.82428 -127.39204 
    -7.23314 -126.85797 
    -7.68142 -126.35349 
    -8.16761 -125.88284 
    -8.68954 -125.45010 
    -9.24431 -125.05898 
    -9.82842 -124.71262 
    -10.43783 -124.41351 
    -10.93322 -123.82260 
    -11.23240 -122.47863 
    -12.04271 -122.52665 
    -12.92355 -123.11064 
    -13.62830 -123.04089 
    -14.33861 -123.09760 
    -15.03620 -123.25616 
    -15.70960 -123.48210 
    -16.35554 -123.74191 
    -16.97703 -124.01134 
    -17.59097 -124.23537 
    -18.19599 -124.46069 
    -18.78464 -124.71806 
    -19.35565 -125.00624 
    -19.90786 -125.32401 
    -20.44008 -125.67038 
    -20.95197 -126.04317 
    -21.47139 -126.40672 
    -21.98371 -126.78719 
    -22.47345 -127.20149 
    -22.93789 -127.64869 
    -23.37427 -128.12756 
    -23.77990 -128.63661 
    -24.15214 -129.17400 
    -24.48851 -129.73761 
    -24.78670 -130.32504 
    -25.04463 -130.93359 
    -25.22350 -131.56987 
    -25.16464 -132.25342 
    -25.13178 -132.91016 
    -25.12398 -133.55087 
Cell 18 100 5.60315 -134.20604 
    -4.50591 -134.20604 
    -4.47481 -134.84009 
    -4.41860 -135.47208 
    -4.32762 -136.10043 
    -4.19691 -136.72226 
    -4.02688 -137.33502 
    -3.81814 -137.93619 
    -3.57147 -138.52328 
    -3.28778 -139.09387 
    -2.96818 -139.64557 
    -2.61391 -140.17609 
    -2.22639 -140.68320 
    -1.80714 -141.16476 
    -1.35789 -141.61879 
    -0.88045 -142.04337 
    -0.37677 -142.43669 
    0.15105 -142.79716 
    0.70086 -143.12326 
    1.40336 -143.13103 
    2.05403 -143.17009 
    2.67016 -143.23285 
    3.26253 -143.32213 
    3.84285 -143.43382 
    4.42073 -143.56578 
    5.00498 -143.71355 
    5.60315 -143.86555 
    6.21949 -144.00259 
    6.85542 -144.11882 
    7.50522 -144.17705 
    8.12863 -144.04216 
    8.74175 -143.86566 
    9.34365 -143.65346 
    9.93300 -143.40744 
    10.50862 -143.12907 
    11.06938 -142.81944 
    11.61463 -142.48013 
    12.14394 -142.11250 
    12.65712 -141.71776 
    13.15450 -141.29724 
    13.63731 -140.85248 
    14.10441 -140.38257 
    14.55519 -139.88718 
    14.98837 -139.36562 
    15.40182 -138.81694 
    15.61684 -138.17075 
    15.44136 -137.40268 
    15.35170 -136.70905 
    15.33469 -136.06242 
    15.33267 -135.43517 
    15.32668 -134.81779 
    15.31199 -134.20604 
    15.28568 -133.59686 
    15.24693 -132.98775 
    15.19844 -132.37564 
    15.15158 -131.75443 
    15.11784 -131.11453 
    15.09027 -130.44981 
    15.08266 -129.74532 
    15.12245 -128.97276 
    15.26799 -128.07254 
    14.92252 -127.43512 
    14.36639 -126.95645 
    13.78193 -126.52565 
    13.17661 -126.14112 
    12.55690 -125.80039 
    11.92809 -125.50050 
    11.29424 -125.23831 
    10.67795 -124.97501 
    10.07052 -124.71238 
    9.45023 -124.48940 
    8.81983 -124.30611 
    8.18192 -124.16238 
    7.53899 -124.05798 
    6.89340 -123.99260 
    6.24740 -123.96590 
    5.60315 -123.91682 
    4.95515 -123.90643 
    4.30607 -123.93863 
    3.65898 -124.01435 
    3.01715 -124.13426 
    2.38404 -124.29865 
    1.76317 -124.50736 
    1.15809 -124.75981 
    0.57227 -125.05491 
    0.00901 -125.39109 
    -0.52865 -125.76635 
    -1.03797 -126.17831 
    -1.51662 -126.62426 
    -1.96263 -127.10130 
    -2.37445 -127.60640 
    -2.75090 -128.13647 
    -3.09115 -128.68848 
    -3.39462 -129.25948 
    -3.66100 -129.84666 
    -3.89009 -130.44740 
    -4.08847 -131.05705 
    -4.24938 -131.67635 
    -4.37153 -132.30327 
    -4.45490 -132.93541 
    -4.49964 -133.57042 
Cell 19 100 25.10041 -133.10489 
    15.25439 -133.10489 
    15.29109 -133.72205 
    15.31523 -134.34103 
    15.32815 -134.96904 
    15.33324 -135.61267 
    15.34031 -136.27614 
    15.38313 -136.95222 
    15.49240 -137.62607 
    15.65393 -138.29813 
    16.05278 -138.84669 
    16.48204 -139.36650 
    16.93909 -139.85652 
    17.41715 -140.31995 
    17.87767 -140.79633 
    18.36686 -141.24435 
    18.88282 -141.66266 
    19.42557 -142.04700 
    19.99283 -142.39552 
    20.61906 -142.62823 
    21.34983 -142.57774 
    22.03135 -142.55046 
    22.66960 -142.57227 
    23.28816 -142.60503 
    23.89490 -142.64745 
    24.49679 -142.69907 
    25.10041 -142.75919 
    25.71227 -142.83026 
    26.33769 -142.89899 
    26.97148 -142.91341 
    27.61506 -142.89882 
    28.27887 -142.88719 
    28.94478 -142.81468 
    29.57037 -142.60405 
    30.16975 -142.32599 
    30.72680 -141.97067 
    31.25821 -141.58038 
    31.76175 -141.15707 
    32.23540 -140.70288 
    32.67732 -140.22008 
    33.08597 -139.71112 
    33.45995 -139.17845 
    33.79814 -138.62463 
    34.09975 -138.05232 
    34.36432 -137.46416 
    34.59173 -136.86278 
    34.78223 -136.25070 
    34.93642 -135.63036 
    35.05526 -135.00388 
    35.13992 -134.37317 
    35.19180 -133.73979 
    35.21225 -133.10489 
    35.20250 -132.46931 
    35.16338 -131.83363 
    35.09517 -131.19829 
    34.99742 -130.56377 
    34.86883 -129.93094 
    34.70733 -129.30124 
    34.51014 -128.67700 
    34.27407 -128.06163 
    34.02608 -127.44048 
    33.79443 -126.78831 
    33.53954 -126.12343 
    33.25031 -125.45162 
    32.91787 -124.78013 
    32.53410 -124.11910 
    32.09193 -123.48188 
    31.58657 -122.88433 
    31.01650 -122.34356 
    30.38414 -121.87637 
    29.69607 -121.49758 
    28.96259 -121.21832 
    28.19689 -121.04486 
    27.41374 -120.97797 
    26.62799 -121.01285 
    25.85318 -121.13988 
    25.10041 -121.34584 
    24.37755 -121.61547 
    23.68909 -121.93318 
    23.03631 -122.28450 
    22.41792 -122.65730 
    21.83092 -123.04243 
    21.26058 -123.40659 
    20.63193 -123.60890 
    20.01215 -123.84939 
    19.40384 -124.12853 
    18.80983 -124.44666 
    18.23323 -124.80390 
    17.67737 -125.20016 
    17.14578 -125.63500 
    16.64216 -126.10762 
    16.17028 -126.61677 
    15.73389 -127.16072 
    15.33690 -127.73736 
    15.20706 -128.44943 
    15.11328 -129.15071 
    15.08380 -129.85030 
    15.09383 -130.53563 
    15.12243 -131.20149 
    15.15871 -131.84897 
    15.20690 -132.48244 
Cell 20 100 46.01661 -133.57861 
    35.95448 -133.57861 
    35.96967 -134.21071 
    36.02462 -134.84090 
    36.11921 -135.46664 
    36.25313 -136.08545 
    36.42593 -136.69481 
    36.63697 -137.29227 
    36.88547 -137.87540 
    37.17047 -138.44182 
    37.49085 -138.98923 
    37.84536 -139.51538 
    38.23259 -140.01811 
    38.65099 -140.49539 
    39.09883 -140.94530 
    39.57437 -141.36595 
    40.07566 -141.75565 
    40.60067 -142.11278 
    41.14726 -142.43593 
    41.71322 -142.72379 
    42.29625 -142.97519 
    42.89396 -143.18916 
    43.50393 -143.36487 
    44.12370 -143.50162 
    44.75124 -143.59508 
    45.38289 -143.65131 
    46.01661 -143.67084 
    46.65022 -143.64958 
    47.28120 -143.58890 
    47.90684 -143.48752 
    48.52473 -143.34708 
    49.13294 -143.16968 
    49.72860 -142.95403 
    50.30965 -142.70178 
    50.87401 -142.41418 
    51.41966 -142.09245 
    51.94467 -141.73788 
    52.44722 -141.35188 
    52.92559 -140.93593 
    53.37818 -140.49159 
    53.80347 -140.02046 
    54.20002 -139.52422 
    54.56651 -139.00455 
    54.90166 -138.46321 
    55.20426 -137.90199 
    55.40001 -137.29376 
    55.47676 -136.65240 
    55.53413 -136.02231 
    55.60414 -135.40753 
    55.70335 -134.80234 
    55.82127 -134.19547 
    55.94467 -133.57861 
    56.05693 -132.94693 
    56.14096 -132.29961 
    56.18466 -131.63895 
    56.18798 -130.96706 
    56.16903 -130.27989 
    56.16349 -129.56119 
    56.08984 -128.83852 
    55.65614 -128.27924 
    55.51097 -127.55331 
    55.32120 -126.81844 
    55.07293 -126.08658 
    54.75311 -125.37450 
    54.35187 -124.70247 
    53.86457 -124.09206 
    53.29315 -123.56332 
    52.64631 -123.13188 
    51.93851 -122.80672 
    51.18797 -122.58894 
    50.41410 -122.47182 
    49.63500 -122.44238 
    48.86533 -122.48360 
    48.11523 -122.57729 
    47.39269 -122.68584 
    46.70103 -122.70016 
    46.01661 -122.76072 
    45.34255 -122.86467 
    44.68138 -123.00915 
    44.03515 -123.19141 
    43.40548 -123.40894 
    42.79369 -123.65948 
    42.20086 -123.94113 
    41.62796 -124.25226 
    41.07592 -124.59152 
    40.54568 -124.95779 
    40.03827 -125.35013 
    39.55481 -125.76763 
    39.09652 -126.20946 
    38.66470 -126.67471 
    38.26075 -127.16241 
    37.88608 -127.67144 
    37.54211 -128.20053 
    37.22559 -128.74571 
    36.93758 -129.30635 
    36.68461 -129.88382 
    36.46777 -130.47601 
    36.28804 -131.08073 
    36.14624 -131.69574 
    36.04305 -132.31866 
    35.97901 -132.94710 
Cell 21 100 64.94984 -133.84610 
    55.89116 -133.84610 
    55.77702 -134.42320 
    55.66788 -135.01868 
    55.57838 -135.63380 
    55.51163 -136.26942 
    55.44293 -136.93507 
    55.34142 -137.65034 
    55.55559 -138.26669 
    55.80928 -138.87117 
    56.10235 -139.46089 
    56.43441 -140.03291 
    56.80466 -140.58437 
    57.21202 -141.11240 
    57.65514 -141.61417 
    58.13237 -142.08701 
    58.64180 -142.52837 
    59.18133 -142.93581 
    59.74862 -143.30708 
    60.34113 -143.64011 
    60.95613 -143.93303 
    61.59890 -144.15921 
    62.38898 -143.81999 
    63.09050 -143.59311 
    63.72758 -143.52122 
    64.34457 -143.46658 
    64.94984 -143.41481 
    65.54883 -143.36676 
    66.14704 -143.32295 
    66.74986 -143.28217 
    67.36217 -143.24153 
    67.98780 -143.19598 
    68.66467 -143.22868 
    69.44780 -143.40477 
    70.17083 -143.34305 
    70.74370 -142.97575 
    71.28967 -142.57213 
    71.80649 -142.13437 
    72.29214 -141.66486 
    72.74477 -141.16603 
    73.16281 -140.64046 
    73.54489 -140.09077 
    73.88986 -139.51961 
    74.19678 -138.92966 
    74.27006 -138.23186 
    74.10423 -137.47058 
    74.10654 -136.82130 
    74.13731 -136.20505 
    74.16038 -135.60310 
    74.17101 -135.01100 
    74.16703 -134.42599 
    74.14931 -133.84610 
    74.11744 -133.26932 
    74.06849 -132.69415 
    74.00300 -132.11913 
    73.92561 -131.54152 
    73.84991 -130.95430 
    73.78925 -130.34633 
    73.73246 -129.71330 
    73.68701 -129.04280 
    73.66914 -128.31265 
    73.46025 -127.66293 
    73.05290 -127.14266 
    72.60979 -126.65292 
    72.13356 -126.19621 
    71.62711 -125.77466 
    71.09354 -125.39002 
    70.59556 -124.94987 
    70.11452 -124.45157 
    69.60442 -123.95461 
    69.05750 -123.47134 
    68.46715 -123.02092 
    67.83030 -122.62743 
    67.14924 -122.31641 
    66.43243 -122.11021 
    65.69365 -122.02353 
    64.94984 -122.06029 
    64.21793 -122.21284 
    63.51190 -122.46366 
    62.84061 -122.78913 
    62.20719 -123.16419 
    61.61001 -123.56716 
    61.04351 -123.97984 
    60.50286 -124.39581 
    59.97779 -124.80199 
    59.44847 -125.17735 
    58.89678 -125.51479 
    58.37590 -125.89958 
    57.88973 -126.32785 
    57.44098 -126.79482 
    57.03120 -127.29523 
    56.66071 -127.82370 
    56.32893 -128.37511 
    56.10461 -128.98340 
    56.16466 -129.71211 
    56.17153 -130.37053 
    56.18782 -130.99915 
    56.18488 -131.59563 
    56.14970 -132.16739 
    56.08557 -132.72629 
    55.99723 -133.28285 
Cell 22 100 84.29169 -132.33545 
    74.02763 -132.33545 
    74.09258 -132.97713 
    74.13673 -133.61832 
    74.16219 -134.26775 
    74.17049 -134.93413 
    74.15944 -135.62761 
    74.12963 -136.35889 
    74.10545 -137.12872 
    74.19478 -137.88626 
    74.63239 -138.46542 
    75.13755 -138.98631 
    75.66667 -139.47069 
    76.21538 -139.91960 
    76.78020 -140.33437 
    77.35854 -140.71619 
    77.94851 -141.06609 
    78.54884 -141.38472 
    79.15868 -141.67235 
    79.77738 -141.92883 
    80.40440 -142.15359 
    81.03912 -142.34584 
    81.68181 -142.50026 
    82.33083 -142.61464 
    82.98479 -142.68062 
    83.63982 -142.69667 
    84.29169 -142.67056 
    84.93732 -142.59769 
    85.57948 -142.52936 
    86.22392 -142.46458 
    86.87170 -142.38393 
    87.51288 -142.24925 
    88.13819 -142.05061 
    88.74146 -141.79170 
    89.32335 -141.48802 
    89.88380 -141.14720 
    90.42035 -140.77083 
    90.93072 -140.36066 
    91.41273 -139.91859 
    91.86441 -139.44672 
    92.28395 -138.94722 
    92.66980 -138.42250 
    93.02078 -137.87511 
    93.33630 -137.30777 
    93.61664 -136.72343 
    93.59032 -136.01704 
    93.57811 -135.35278 
    93.63777 -134.73512 
    93.69498 -134.12923 
    93.74709 -133.52994 
    93.79305 -132.93323 
    93.83209 -132.33545 
    93.86478 -131.73315 
    93.90742 -131.12070 
    94.05513 -130.47296 
    94.21796 -129.78682 
    94.38670 -129.05537 
    94.56144 -128.26936 
    94.76408 -127.40752 
    95.07914 -126.40499 
    94.74015 -125.70465 
    94.07125 -125.23019 
    93.31629 -124.86964 
    92.80656 -124.33945 
    92.39468 -123.70663 
    91.93539 -123.09580 
    91.42835 -122.51266 
    90.87402 -121.96336 
    90.27370 -121.45419 
    89.62972 -120.99155 
    88.94537 -120.58158 
    88.22498 -120.23002 
    87.47380 -119.94193 
    86.69792 -119.72151 
    85.90409 -119.57193 
    85.09953 -119.49515 
    84.29169 -119.49188 
    83.48802 -119.56155 
    82.69576 -119.70234 
    81.92165 -119.91128 
    81.17182 -120.18438 
    80.45159 -120.51685 
    79.76537 -120.90328 
    79.11662 -121.33788 
    78.50784 -121.81467 
    77.94063 -122.32778 
    77.41575 -122.87153 
    76.93327 -123.44065 
    76.49270 -124.03037 
    76.09312 -124.63649 
    75.73337 -125.25539 
    75.41214 -125.88409 
    74.93109 -126.39503 
    74.42901 -126.91340 
    73.95907 -127.47329 
    73.60307 -128.10353 
    73.68324 -128.88857 
    73.72632 -129.62273 
    73.78794 -130.33176 
    73.85805 -131.01736 
    73.94476 -131.68448 
Cell 23 100 104.16534 -133.90256 
    93.71469 -133.90256 
    93.65394 -134.56387 
    93.58913 -135.23865 
    93.58855 -135.92018 
    93.61249 -136.61208 
    93.87243 -137.24693 
    94.22382 -137.83868 
    94.59652 -138.40530 
    94.98819 -138.94774 
    95.39746 -139.46683 
    95.82377 -139.96307 
    96.26712 -140.43654 
    96.72783 -140.88686 
    97.19674 -141.32336 
    97.66469 -141.76050 
    98.15440 -142.17592 
    98.66978 -142.56218 
    99.20959 -142.91702 
    99.77219 -143.23849 
    100.36356 -143.50478 
    101.01842 -143.58780 
    101.69278 -143.53253 
    102.32714 -143.53877 
    102.93812 -143.61707 
    103.54657 -143.73773 
    104.16534 -143.87593 
    104.79865 -143.96864 
    105.43840 -143.97987 
    106.08750 -143.97884 
    106.76231 -144.01707 
    107.44092 -143.98373 
    108.07144 -143.76822 
    108.68681 -143.51117 
    109.28416 -143.21364 
    109.86068 -142.87697 
    110.41370 -142.50269 
    110.94065 -142.09250 
    111.43910 -141.64832 
    111.90677 -141.17224 
    112.34154 -140.66649 
    112.74148 -140.13348 
    113.10484 -139.57573 
    113.43008 -138.99590 
    113.71585 -138.39668 
    113.96105 -137.78096 
    114.16476 -137.15157 
    114.32633 -136.51146 
    114.44531 -135.86357 
    114.52148 -135.21085 
    114.55491 -134.55621 
    114.54585 -133.90256 
    114.49480 -133.25269 
    114.40253 -132.60930 
    114.26998 -131.97499 
    114.09839 -131.35219 
    113.88912 -130.74310 
    113.64381 -130.14977 
    113.36417 -129.57391 
    113.05211 -129.01701 
    112.70956 -128.48022 
    112.33852 -127.96440 
    111.94094 -127.47002 
    111.51862 -126.99737 
    111.07323 -126.54639 
    110.60617 -126.11694 
    110.11853 -125.70870 
    109.61105 -125.32150 
    109.08415 -124.95528 
    108.53791 -124.61039 
    107.97218 -124.28759 
    107.38668 -123.98830 
    106.78115 -123.71468 
    106.15554 -123.46957 
    105.51024 -123.25661 
    104.84624 -123.08007 
    104.16534 -122.94469 
    103.47031 -122.85542 
    102.76494 -122.81720 
    102.05401 -122.83454 
    101.34325 -122.91125 
    100.63916 -123.05008 
    99.94868 -123.25249 
    99.27897 -123.51848 
    98.63696 -123.84647 
    98.02911 -124.23339 
    97.46096 -124.67477 
    96.93701 -125.16501 
    96.39064 -125.62334 
    95.77464 -126.02316 
    95.18520 -126.47354 
    94.84989 -127.13448 
    94.65589 -127.86767 
    94.49143 -128.58429 
    94.33557 -129.27702 
    94.17950 -129.94888 
    94.02443 -130.60757 
    93.89729 -131.26616 
    93.85380 -131.93552 
    93.81514 -132.59502 
    93.76877 -133.24846 
Cell 24 100 -113.67034 -114.36211 
    -123.97107 -114.36211 
    -123.95966 -115.00945 
    -123.90650 -115.65524 
    -123.81165 -116.29666 
    -123.67549 -116.93099 
    -123.49855 -117.55548 
    -123.28157 -118.16746 
    -123.02549 -118.76431 
    -122.73141 -119.34348 
    -122.40065 -119.90253 
    -122.03465 -120.43913 
    -121.63503 -120.95107 
    -121.20359 -121.43629 
    -120.74222 -121.89289 
    -120.25295 -122.31911 
    -119.73792 -122.71340 
    -119.19932 -123.07438 
    -118.63944 -123.40086 
    -118.06059 -123.69186 
    -117.46510 -123.94656 
    -116.81142 -124.02937 
    -116.13539 -123.96285 
    -115.49523 -123.92853 
    -114.87881 -123.92815 
    -114.27234 -123.93047 
    -113.67034 -123.93300 
    -113.06776 -123.93993 
    -112.45891 -123.95163 
    -111.83864 -123.96425 
    -111.19285 -124.01132 
    -110.49428 -124.13702 
    -109.82214 -124.08156 
    -109.19552 -123.87160 
    -108.58618 -123.61015 
    -107.98987 -123.31310 
    -107.40869 -122.98052 
    -106.84495 -122.61259 
    -106.30112 -122.20953 
    -105.77991 -121.77171 
    -105.28419 -121.29973 
    -104.81705 -120.79440 
    -104.38167 -120.25688 
    -103.98131 -119.68870 
    -103.61926 -119.09179 
    -103.29870 -118.46853 
    -103.02266 -117.82175 
    -102.79391 -117.15470 
    -102.61485 -116.47105 
    -102.48744 -115.77483 
    -102.10584 -115.08968 
    -101.70336 -114.36211 
    -101.45484 -113.59357 
    -101.41948 -112.81446 
    -101.61959 -112.06330 
    -102.03222 -111.37395 
    -102.59743 -110.76430 
    -103.23914 -110.23210 
    -103.70693 -109.67368 
    -103.44938 -108.74308 
    -103.22717 -107.73467 
    -104.88828 -107.98156 
    -105.40343 -107.52312 
    -105.90314 -107.06822 
    -106.42646 -106.64816 
    -106.97038 -106.26324 
    -107.53211 -105.91356 
    -108.10912 -105.59903 
    -108.69911 -105.31947 
    -109.30001 -105.07468 
    -109.90994 -104.86443 
    -110.52722 -104.68858 
    -111.15025 -104.54702 
    -111.77754 -104.43970 
    -112.40059 -104.31097 
    -113.02966 -104.17882 
    -113.67034 -104.05502 
    -114.32616 -103.93819 
    -115.00045 -103.83324 
    -115.69415 -103.75297 
    -116.40342 -103.71747 
    -117.11813 -103.75089 
    -117.82214 -103.87588 
    -118.49580 -104.10748 
    -119.12038 -104.44853 
    -119.68246 -104.88853 
    -120.17720 -105.40619 
    -120.60873 -105.97504 
    -120.98796 -106.56963 
    -121.32867 -107.17046 
    -121.64347 -107.76617 
    -121.94089 -108.35320 
    -122.27138 -108.90372 
    -122.60844 -109.44834 
    -122.91177 -110.01342 
    -123.17967 -110.59710 
    -123.41059 -111.19731 
    -123.60317 -111.81179 
    -123.75630 -112.43810 
    -123.86908 -113.07371 
    -123.94083 -113.71594 
