120 25 
Cell 0 100 -123.67272 -141.76950 
    -133.67284 -141.76950 
    -133.65308 -142.39742 
    -133.59395 -143.02284 
    -133.49565 -143.64333 
    -133.35860 -144.25641 
    -133.18332 -144.85968 
    -132.97050 -145.45076 
    -132.72212 -146.02783 
    -132.44835 -146.59393 
    -132.14700 -147.14743 
    -131.81055 -147.68198 
    -131.44017 -148.19530 
    -131.03716 -148.68517 
    -130.60291 -149.14940 
    -130.13907 -149.58597 
    -129.64735 -149.99287 
    -129.12967 -150.36827 
    -128.58803 -150.71040 
    -128.02458 -151.01767 
    -127.44160 -151.28859 
    -126.84145 -151.52184 
    -126.22662 -151.71626 
    -125.59966 -151.87086 
    -124.96322 -151.98483 
    -124.31999 -152.05754 
    -123.67272 -152.08853 
    -123.02419 -152.07756 
    -122.37720 -152.02455 
    -121.73457 -151.92966 
    -121.09907 -151.79323 
    -120.47348 -151.61577 
    -119.86053 -151.39799 
    -119.26289 -151.14085 
    -118.68317 -150.84544 
    -118.12390 -150.51303 
    -117.58749 -150.14510 
    -117.07625 -149.74327 
    -116.59238 -149.30930 
    -116.13793 -148.84514 
    -115.71482 -148.35284 
    -115.32481 -147.83461 
    -114.96949 -147.29274 
    -114.65029 -146.72963 
    -114.36847 -146.14775 
    -114.12509 -145.54967 
    -113.90150 -144.94437 
    -113.70205 -144.32953 
    -113.53674 -143.70305 
    -113.40568 -143.06653 
    -113.30898 -142.42154 
    -113.44928 -141.76950 
    -113.86931 -141.15273 
    -114.20456 -140.57339 
    -114.48765 -140.01735 
    -114.73885 -139.47568 
    -114.97230 -138.94257 
    -115.19862 -138.41437 
    -115.42320 -137.88757 
    -115.65339 -137.36084 
    -115.89666 -136.83467 
    -116.15569 -136.30806 
    -116.42875 -135.77676 
    -116.72138 -135.24176 
    -117.03976 -134.70612 
    -117.40754 -134.19620 
    -117.79483 -133.67928 
    -118.16724 -133.09422 
    -118.43230 -132.23720 
    -118.78545 -131.38351 
    -119.54154 -131.33533 
    -120.26219 -131.27298 
    -120.95125 -131.17006 
    -121.62762 -131.04872 
    -122.30074 -130.90912 
    -122.97726 -130.71550 
    -123.67272 -130.42636 
    -124.40668 -130.10361 
    -125.18068 -129.83282 
    -125.93585 -129.90576 
    -126.64353 -130.19897 
    -127.30125 -130.60202 
    -127.90508 -131.07980 
    -128.41608 -131.68936 
    -128.85675 -132.33978 
    -129.37086 -132.79066 
    -129.86852 -133.24173 
    -130.46637 -133.55739 
    -131.25999 -133.68988 
    -131.25893 -134.64557 
    -131.55827 -135.24602 
    -131.90552 -135.78802 
    -132.22249 -136.34366 
    -132.50883 -136.91180 
    -132.76410 -137.49142 
    -132.98773 -138.08142 
    -133.18344 -138.67928 
    -133.35870 -139.28256 
    -133.49574 -139.89566 
    -133.59399 -140.51616 
    -133.65311 -141.14159 
Cell 1 100 -106.71552 -134.41222 
    -117.25173 -134.41222 
    -116.83598 -135.04895 
    -116.49909 -135.64816 
    -116.20016 -136.22151 
    -115.92511 -136.77684 
    -115.67130 -137.32211 
    -115.43354 -137.86392 
    -115.20229 -138.40579 
    -114.96918 -138.94969 
    -114.72871 -139.49754 
    -114.47217 -140.04776 
    -114.19114 -140.59659 
    -113.87780 -141.13805 
    -113.52292 -141.66136 
    -113.10670 -142.13782 
    -112.60484 -142.51816 
    -112.08560 -142.87410 
    -111.54486 -143.19675 
    -110.98474 -143.48477 
    -110.40748 -143.73703 
    -109.81534 -143.95247 
    -109.21069 -144.13023 
    -108.59592 -144.26958 
    -107.97347 -144.36992 
    -107.34584 -144.43086 
    -106.71552 -144.45212 
    -106.08503 -144.43359 
    -105.45689 -144.37535 
    -104.83360 -144.27762 
    -104.21766 -144.14075 
    -103.61153 -143.96530 
    -103.01765 -143.75197 
    -102.43839 -143.50160 
    -101.87605 -143.21519 
    -101.33290 -142.89388 
    -100.81110 -142.53896 
    -100.31274 -142.15184 
    -99.83982 -141.73410 
    -99.39421 -141.28738 
    -98.97769 -140.81351 
    -98.58829 -140.31700 
    -98.22459 -139.80072 
    -97.88990 -139.26414 
    -97.58536 -138.70854 
    -97.63177 -138.00873 
    -97.60486 -137.37245 
    -97.57961 -136.75792 
    -97.56438 -136.15790 
    -97.56207 -135.56856 
    -97.57489 -134.98729 
    -97.60221 -134.41222 
    -97.64568 -133.84158 
    -97.67667 -133.27034 
    -97.70473 -132.69331 
    -97.74272 -132.10838 
    -97.79645 -131.51422 
    -97.86448 -130.90785 
    -97.94199 -130.28371 
    -98.02836 -129.63641 
    -98.11253 -128.95259 
    -98.16868 -128.20256 
    -98.15963 -127.33417 
    -98.66096 -126.84848 
    -99.20202 -126.41115 
    -99.77513 -126.02272 
    -100.37278 -125.68217 
    -100.98812 -125.38727 
    -101.61533 -125.13500 
    -102.24981 -124.92210 
    -102.88819 -124.74547 
    -103.52816 -124.60252 
    -104.12272 -124.31390 
    -104.73563 -124.03325 
    -105.37521 -123.80251 
    -106.03825 -123.64724 
    -106.71552 -123.58835 
    -107.39295 -123.64487 
    -108.05194 -123.83337 
    -108.68612 -124.08200 
    -109.29299 -124.37365 
    -109.86810 -124.70956 
    -110.40157 -125.10234 
    -110.86859 -125.58649 
    -111.33742 -126.00501 
    -111.80912 -126.38599 
    -112.28381 -126.74814 
    -112.76115 -127.10430 
    -113.24048 -127.46384 
    -113.72259 -127.83215 
    -114.20735 -128.21443 
    -114.69122 -128.61754 
    -115.17432 -129.04411 
    -115.66003 -129.49493 
    -116.15881 -129.96854 
    -116.69617 -130.46060 
    -117.34493 -130.95851 
    -118.13943 -131.47905 
    -118.45928 -132.17197 
    -118.20866 -132.96030 
    -117.76661 -133.71695 
Cell 2 100 -87.80656 -134.97746 
    -97.57536 -134.97746 
    -97.56216 -135.59123 
    -97.56571 -136.21033 
    -97.58308 -136.84242 
    -97.61002 -137.49457 
    -97.62131 -138.16647 
    -97.52553 -138.82547 
    -97.18252 -139.38945 
    -96.82137 -139.93340 
    -96.44133 -140.45726 
    -96.04153 -140.96051 
    -95.64632 -141.46307 
    -95.24963 -141.96698 
    -94.81992 -142.44594 
    -94.35872 -142.89767 
    -93.86773 -143.31996 
    -93.34885 -143.71071 
    -92.80408 -144.06792 
    -92.23564 -144.38976 
    -91.64589 -144.67450 
    -91.03729 -144.92064 
    -90.41247 -145.12682 
    -89.77412 -145.29182 
    -89.12509 -145.41472 
    -88.46825 -145.49469 
    -87.80656 -145.53122 
    -87.14303 -145.52394 
    -86.48069 -145.47275 
    -85.82259 -145.37775 
    -85.17177 -145.23929 
    -84.53122 -145.05792 
    -83.90392 -144.83441 
    -83.29274 -144.56981 
    -82.70052 -144.26530 
    -82.12997 -143.92233 
    -81.58368 -143.54251 
    -81.06413 -143.12766 
    -80.57362 -142.67976 
    -80.11432 -142.20096 
    -79.68822 -141.69354 
    -79.29713 -141.15993 
    -78.94266 -140.60266 
    -78.62621 -140.02440 
    -78.34251 -139.43091 
    -78.05509 -138.83833 
    -77.80056 -138.22861 
    -77.58053 -137.60306 
    -77.39700 -136.96320 
    -77.25235 -136.31078 
    -77.14928 -135.64796 
    -77.09067 -134.97746 
    -77.07932 -134.30257 
    -77.11781 -133.62717 
    -77.20811 -132.95570 
    -77.35143 -132.29305 
    -77.54803 -131.64427 
    -77.79704 -131.01442 
    -78.09649 -130.40825 
    -78.44339 -129.83002 
    -78.83386 -129.28322 
    -79.26344 -128.77052 
    -79.72727 -128.29370 
    -80.22050 -127.85368 
    -80.73840 -127.45063 
    -81.27668 -127.08420 
    -81.83159 -126.75362 
    -82.39993 -126.45799 
    -82.97466 -126.18827 
    -83.52608 -125.88097 
    -84.09402 -125.60067 
    -84.67725 -125.34647 
    -85.27490 -125.11732 
    -85.88649 -124.91213 
    -86.51200 -124.73000 
    -87.15179 -124.57037 
    -87.80656 -124.43325 
    -88.47923 -124.28561 
    -89.17692 -124.12997 
    -89.88854 -124.06332 
    -90.59673 -124.11044 
    -91.33739 -124.11066 
    -92.10124 -124.13033 
    -92.85625 -124.24631 
    -93.58698 -124.46291 
    -94.33978 -124.68276 
    -95.07777 -124.96950 
    -95.79062 -125.32639 
    -96.46733 -125.75468 
    -97.09689 -126.25326 
    -97.66895 -126.81859 
    -98.16088 -127.45461 
    -98.15305 -128.41138 
    -98.06512 -129.33778 
    -97.95276 -130.20302 
    -97.85422 -130.99931 
    -97.77620 -131.73813 
    -97.72173 -132.43169 
    -97.68530 -133.09299 
    -97.65154 -133.73376 
    -97.60612 -134.36092 
Cell 3 100 -52.71413 -153.64482 
    -62.84519 -153.64482 
    -62.79985 -154.27936 
    -62.71753 -154.90854 
    -62.59892 -155.53044 
    -62.44461 -156.14319 
    -62.25511 -156.74487 
    -62.03094 -157.33360 
    -61.77266 -157.90744 
    -61.48091 -158.46440 
    -61.15741 -159.00308 
    -60.80430 -159.52267 
    -60.41926 -160.01906 
    -60.00381 -160.49030 
    -59.55960 -160.93451 
    -59.08837 -161.34996 
    -58.59198 -161.73499 
    -58.07240 -162.08810 
    -57.53167 -162.40788 
    -56.97192 -162.69308 
    -56.39538 -162.94258 
    -55.80430 -163.15538 
    -55.20103 -163.33066 
    -54.58794 -163.46770 
    -53.96746 -163.56596 
    -53.34204 -163.62509 
    -52.71413 -163.64482 
    -52.08622 -163.62509 
    -51.46080 -163.56596 
    -50.84032 -163.46770 
    -50.22723 -163.33066 
    -49.62396 -163.15538 
    -49.03139 -162.94635 
    -48.45184 -162.70267 
    -47.88740 -162.42462 
    -47.33966 -162.11363 
    -46.80997 -161.77121 
    -46.29937 -161.39893 
    -45.80869 -160.99837 
    -45.33848 -160.57101 
    -44.88918 -160.11818 
    -44.46114 -159.64096 
    -44.05484 -159.14017 
    -43.67100 -158.61633 
    -43.31079 -158.06969 
    -42.97604 -157.50041 
    -42.66927 -156.90860 
    -42.39385 -156.29462 
    -42.15394 -155.65929 
    -41.95431 -155.00410 
    -41.80012 -154.33147 
    -41.69656 -153.64482 
    -41.64846 -152.94862 
    -41.65980 -152.24834 
    -41.73338 -151.55013 
    -41.87047 -150.86064 
    -42.07064 -150.18654 
    -42.33176 -149.53415 
    -42.65010 -148.90904 
    -43.02067 -148.31580 
    -43.43756 -147.75774 
    -43.89443 -147.23694 
    -44.38490 -146.75427 
    -44.90295 -146.30963 
    -45.44329 -145.90216 
    -46.00143 -145.53055 
    -46.57380 -145.19337 
    -47.15771 -144.88931 
    -47.75123 -144.61734 
    -48.35295 -144.37685 
    -48.96188 -144.16771 
    -49.57714 -143.99017 
    -50.19793 -143.84486 
    -50.82328 -143.73264 
    -51.45205 -143.65445 
    -52.08287 -143.61130 
    -52.71413 -143.58566 
    -53.34664 -143.59137 
    -53.97878 -143.63409 
    -54.60857 -143.71379 
    -55.23402 -143.83051 
    -55.85499 -143.97824 
    -56.47150 -144.15479 
    -57.06911 -144.39001 
    -57.64782 -144.67047 
    -58.21641 -144.97462 
    -58.76509 -145.31639 
    -59.29052 -145.69533 
    -59.78932 -146.11052 
    -60.25811 -146.56055 
    -60.69374 -147.04352 
    -61.09336 -147.55695 
    -61.45458 -148.09796 
    -61.77553 -148.66328 
    -62.05494 -149.24937 
    -62.29213 -149.85263 
    -62.48694 -150.46945 
    -62.63967 -151.09637 
    -62.75097 -151.73019 
    -62.82168 -152.36794 
    -62.85277 -153.00696 
Cell 4 100 -61.34150 -131.98740 
    -73.39594 -131.98740 
    -73.23456 -132.73564 
    -73.02337 -133.46317 
    -72.76661 -134.16685 
    -72.46853 -134.84433 
    -72.13322 -135.49384 
    -71.76452 -136.11417 
    -71.36597 -136.70456 
    -70.94070 -137.26460 
    -70.49148 -137.79416 
    -70.02066 -138.29318 
    -69.53024 -138.76172 
    -69.02193 -139.19980 
    -68.49713 -139.60738 
    -67.95711 -139.98430 
    -67.40295 -140.33028 
    -66.83574 -140.64493 
    -66.25649 -140.92775 
    -65.68707 -141.22220 
    -65.12020 -141.53133 
    -64.53149 -141.80519 
    -63.92287 -142.04118 
    -63.29682 -142.23758 
    -62.65600 -142.39276 
    -62.00323 -142.50545 
    -61.34150 -142.57478 
    -60.67379 -142.60020 
    -60.00320 -142.58113 
    -59.33274 -142.51768 
    -58.66535 -142.41028 
    -58.00408 -142.25891 
    -57.35230 -142.06296 
    -56.71448 -141.82031 
    -56.09311 -141.53416 
    -55.49127 -141.20589 
    -54.91200 -140.83684 
    -54.35825 -140.42868 
    -53.83283 -139.98331 
    -53.33838 -139.50282 
    -52.87737 -138.98953 
    -52.45207 -138.44594 
    -52.06453 -137.87474 
    -51.71659 -137.27873 
    -51.40981 -136.66089 
    -51.14553 -136.02426 
    -50.92483 -135.37198 
    -50.74854 -134.70720 
    -50.61720 -134.03317 
    -50.53111 -133.35307 
    -50.49035 -132.67009 
    -50.49472 -131.98740 
    -50.54384 -131.30806 
    -50.63709 -130.63512 
    -50.77368 -129.97148 
    -50.95261 -129.31998 
    -51.17274 -128.68336 
    -51.43281 -128.06427 
    -51.73134 -127.46520 
    -52.06681 -126.88860 
    -52.43752 -126.33676 
    -52.84166 -125.81190 
    -53.27732 -125.31613 
    -53.74245 -124.85142 
    -54.23488 -124.41962 
    -54.75233 -124.02247 
    -55.27110 -123.63221 
    -55.77198 -123.21124 
    -56.29847 -122.81416 
    -56.84999 -122.44247 
    -57.42606 -122.09812 
    -58.02590 -121.78304 
    -58.64870 -121.49967 
    -59.29342 -121.25101 
    -59.95853 -121.04013 
    -60.64206 -120.87015 
    -61.34150 -120.74461 
    -62.05373 -120.66684 
    -62.77500 -120.64008 
    -63.50094 -120.66718 
    -64.22984 -120.73804 
    -64.97467 -120.80563 
    -65.72175 -120.92414 
    -66.46655 -121.09612 
    -67.20395 -121.32364 
    -67.92831 -121.60825 
    -68.63356 -121.95074 
    -69.31335 -122.35109 
    -69.96120 -122.80834 
    -70.57071 -123.32059 
    -71.13575 -123.88488 
    -71.65063 -124.49737 
    -72.11033 -125.15329 
    -72.51060 -125.84713 
    -72.84818 -126.57276 
    -73.12079 -127.32365 
    -73.32722 -128.09300 
    -73.46735 -128.87401 
    -73.54209 -129.66000 
    -73.55324 -130.44470 
    -73.50343 -131.22223 
Cell 5 100 -5.28351 -141.28748 
    -15.71414 -141.28748 
    -15.73185 -141.94482 
    -15.70620 -142.60417 
    -15.63688 -143.26248 
    -15.52384 -143.91675 
    -15.36725 -144.56387 
    -15.16749 -145.20082 
    -14.92521 -145.82452 
    -14.64128 -146.43196 
    -14.31682 -147.02019 
    -13.95312 -147.58632 
    -13.55179 -148.12759 
    -13.11457 -148.64134 
    -12.64345 -149.12502 
    -12.14062 -149.57629 
    -11.60840 -149.99295 
    -11.04935 -150.37299 
    -10.46609 -150.71455 
    -9.86144 -151.01608 
    -9.23831 -151.27617 
    -8.59971 -151.49370 
    -7.94870 -151.66772 
    -7.28842 -151.79759 
    -6.62202 -151.88287 
    -5.95266 -151.92337 
    -5.28351 -151.91916 
    -4.61768 -151.87053 
    -3.95825 -151.77797 
    -3.30822 -151.64232 
    -2.67050 -151.46448 
    -2.04789 -151.24568 
    -1.44309 -150.98726 
    -0.85865 -150.69078 
    -0.29696 -150.35799 
    0.23974 -149.99072 
    0.74937 -149.59102 
    1.23004 -149.16100 
    1.68002 -148.70288 
    2.05503 -148.17882 
    2.38793 -147.63383 
    2.68807 -147.07916 
    2.97737 -146.52998 
    3.25412 -145.98108 
    3.51724 -145.42879 
    3.76631 -144.87054 
    4.00129 -144.30428 
    4.22404 -143.72859 
    4.43777 -143.14191 
    4.64512 -142.54175 
    4.85362 -141.92525 
    5.07820 -141.28748 
    5.59938 -140.60278 
    6.07923 -139.85202 
    6.29810 -139.07817 
    6.44475 -138.27617 
    6.49148 -137.46155 
    6.41192 -136.65692 
    6.18935 -135.88876 
    5.82040 -135.18304 
    5.31608 -134.56078 
    4.69982 -134.03416 
    4.00315 -133.60489 
    3.26005 -133.26454 
    2.50155 -132.99722 
    1.75170 -132.78337 
    1.02563 -132.60370 
    0.32971 -132.44246 
    -0.31104 -132.24258 
    -0.90255 -131.97746 
    -1.50714 -131.74945 
    -2.12247 -131.55881 
    -2.74629 -131.40567 
    -3.36333 -131.22154 
    -3.98637 -131.01959 
    -4.62580 -130.83356 
    -5.28351 -130.53043 
    -6.01495 -129.66154 
    -6.67975 -130.23506 
    -7.35745 -130.41551 
    -8.04594 -130.52850 
    -8.70463 -130.75833 
    -9.32971 -131.06793 
    -9.93929 -131.39343 
    -10.53456 -131.73586 
    -11.11347 -132.10092 
    -11.64805 -132.52744 
    -12.10934 -133.03645 
    -12.50930 -133.59279 
    -12.87748 -134.15627 
    -13.22011 -134.72174 
    -13.54115 -135.28795 
    -13.84200 -135.85609 
    -14.12182 -136.42857 
    -14.44359 -136.97707 
    -14.73970 -137.54350 
    -14.99998 -138.13040 
    -15.22287 -138.73547 
    -15.40692 -139.35632 
    -15.55086 -139.99040 
    -15.65357 -140.63504 
Cell 6 100 12.02796 -149.72461 
    1.30425 -149.72461 
    1.17434 -150.40746 
    1.13645 -151.10052 
    1.17747 -151.79445 
    1.28375 -152.48325 
    1.44651 -153.16273 
    1.66241 -153.82861 
    1.92500 -154.47870 
    2.23239 -155.10977 
    2.58312 -155.71849 
    2.97543 -156.30165 
    3.40729 -156.85625 
    3.87648 -157.37936 
    4.38049 -157.86833 
    4.91664 -158.32071 
    5.48206 -158.73427 
    6.07367 -159.10706 
    6.68834 -159.43733 
    7.32273 -159.72372 
    7.97347 -159.96507 
    8.63714 -160.16048 
    9.31024 -160.30943 
    9.98930 -160.41161 
    10.67087 -160.46707 
    11.35154 -160.47603 
    12.02796 -160.43915 
    12.69690 -160.35713 
    13.35524 -160.23109 
    13.99998 -160.06230 
    14.62830 -159.85228 
    15.23755 -159.60272 
    15.82523 -159.31543 
    16.41245 -159.04213 
    17.00949 -158.78598 
    17.59363 -158.49471 
    18.16290 -158.16862 
    18.71519 -157.80807 
    19.24828 -157.41347 
    19.75979 -156.98528 
    20.24719 -156.52415 
    20.70781 -156.03090 
    21.13883 -155.50655 
    21.53735 -154.95244 
    21.90040 -154.37022 
    22.22503 -153.76192 
    22.50836 -153.12990 
    22.74767 -152.47696 
    22.94045 -151.80627 
    23.08456 -151.12138 
    23.17819 -150.42612 
    23.22004 -149.72461 
    23.20930 -149.02113 
    23.14572 -148.32011 
    23.02961 -147.62593 
    22.86185 -146.94293 
    22.64387 -146.27528 
    22.37758 -145.62691 
    22.06535 -145.00137 
    21.70991 -144.40192 
    21.31426 -143.83134 
    20.88163 -143.29204 
    20.41535 -142.78595 
    19.91879 -142.31462 
    19.39528 -141.87921 
    18.84807 -141.48051 
    18.28025 -141.11906 
    17.69477 -140.79515 
    17.09436 -140.50887 
    16.48158 -140.26019 
    15.85880 -140.04901 
    15.22823 -139.87518 
    14.59195 -139.73851 
    13.95192 -139.63882 
    13.33978 -139.34044 
    12.70344 -138.98819 
    12.02796 -138.59592 
    11.30276 -138.19798 
    10.52851 -137.85524 
    9.72319 -137.64258 
    8.92172 -137.62660 
    8.16713 -137.84219 
    7.49637 -138.27913 
    6.92751 -138.88559 
    6.45469 -139.58688 
    6.00900 -140.24025 
    5.49766 -140.73642 
    5.06923 -141.31296 
    4.81397 -142.04248 
    4.57993 -142.73045 
    4.35279 -143.37517 
    4.12553 -143.98317 
    3.89406 -144.56268 
    3.65446 -145.12125 
    3.40400 -145.66649 
    3.14076 -146.20592 
    2.86316 -146.74680 
    2.57054 -147.29636 
    2.25015 -147.85939 
    1.88598 -148.44337 
    1.53811 -149.06465 
Cell 7 100 35.09613 -129.04637 
    24.67883 -129.04637 
    24.65866 -129.70303 
    24.68178 -130.36201 
    24.74852 -131.02028 
    24.85900 -131.67482 
    25.01308 -132.32256 
    25.21041 -132.96040 
    25.45039 -133.58531 
    25.73218 -134.19424 
    26.05471 -134.78423 
    26.41667 -135.35237 
    26.81653 -135.89584 
    27.25255 -136.41197 
    27.72277 -136.89821 
    28.22502 -137.35211 
    28.75698 -137.77147 
    29.31610 -138.15424 
    29.89975 -138.49855 
    30.50513 -138.80275 
    31.12930 -139.06543 
    31.76927 -139.28540 
    32.42192 -139.46172 
    33.08413 -139.59367 
    33.75269 -139.68077 
    34.42442 -139.72287 
    35.09613 -139.71992 
    35.76466 -139.67226 
    36.42688 -139.58035 
    37.07977 -139.44499 
    37.72037 -139.26711 
    38.34583 -139.04790 
    38.95340 -138.78873 
    39.54052 -138.49118 
    40.10473 -138.15698 
    40.64375 -137.78802 
    41.15548 -137.38635 
    41.63800 -136.95413 
    42.08957 -136.49364 
    42.56086 -136.05621 
    43.01385 -135.59648 
    43.44197 -135.10999 
    43.84385 -134.59784 
    44.21808 -134.06120 
    44.56319 -133.50124 
    44.87762 -132.91914 
    45.15973 -132.31624 
    45.40777 -131.69395 
    45.61987 -131.05388 
    45.79414 -130.39784 
    45.92859 -129.72789 
    46.02125 -129.04637 
    46.07022 -128.35594 
    46.07369 -127.65958 
    46.03005 -126.96062 
    45.93796 -126.26266 
    45.79641 -125.56964 
    45.60480 -124.88570 
    45.36301 -124.21514 
    45.07143 -123.56240 
    44.73102 -122.93188 
    44.34328 -122.32792 
    43.91029 -121.75466 
    43.43466 -121.21597 
    42.91948 -120.71535 
    42.36826 -120.25587 
    41.85079 -119.74938 
    41.29529 -119.27805 
    40.68592 -118.87858 
    40.03120 -118.55882 
    39.34184 -118.32294 
    38.62970 -118.17117 
    37.90674 -118.09978 
    37.18393 -118.10175 
    36.47044 -118.16763 
    35.77674 -118.22837 
    35.09613 -118.05859 
    34.39604 -117.91879 
    33.67838 -117.82374 
    32.94734 -117.78201 
    32.20910 -117.80211 
    31.47172 -117.89157 
    30.74477 -118.05609 
    30.03870 -118.29878 
    29.36401 -118.61967 
    28.81934 -119.15573 
    28.38811 -119.81358 
    28.00000 -120.46863 
    27.65672 -121.12420 
    27.37151 -121.79247 
    27.12836 -122.45486 
    26.89828 -123.09029 
    26.68171 -123.70641 
    26.47687 -124.30789 
    26.27988 -124.89776 
    26.08512 -125.47866 
    25.89073 -126.05536 
    25.69128 -126.63161 
    25.47969 -127.21194 
    25.24598 -127.80200 
    24.95851 -128.40857 
Cell 8 100 46.43446 -147.89801 
    36.40269 -147.89801 
    36.42477 -148.52777 
    36.47791 -149.15582 
    36.56867 -149.78001 
    36.69849 -150.39778 
    36.86716 -151.00661 
    37.07412 -151.60403 
    37.31861 -152.18759 
    37.59974 -152.75494 
    37.91643 -153.30371 
    38.26746 -153.83168 
    38.65150 -154.33662 
    39.06703 -154.81648 
    39.51241 -155.26924 
    39.98586 -155.69302 
    40.48549 -156.08606 
    41.00930 -156.44669 
    41.55516 -156.77342 
    42.12086 -157.06487 
    42.70410 -157.31981 
    43.30250 -157.53719 
    43.91361 -157.71608 
    44.53492 -157.85573 
    45.16389 -157.95557 
    45.79794 -158.01518 
    46.43446 -158.03432 
    47.07084 -158.01292 
    47.70446 -157.95111 
    48.33274 -157.84914 
    48.95309 -157.70743 
    49.56299 -157.52664 
    50.15995 -157.30753 
    50.74155 -157.05104 
    51.30543 -156.75827 
    51.84931 -156.43045 
    52.37101 -156.06897 
    52.86846 -155.67538 
    53.33966 -155.25131 
    53.78277 -154.79854 
    54.19605 -154.31895 
    54.57789 -153.81456 
    54.92683 -153.28743 
    55.24152 -152.73973 
    55.52081 -152.17372 
    55.76363 -151.59169 
    55.96914 -150.99602 
    56.13659 -150.38910 
    56.26540 -149.77336 
    56.35566 -149.15135 
    56.41590 -148.52599 
    56.43675 -147.89801 
    56.41812 -147.26990 
    56.36007 -146.64412 
    56.26280 -146.02315 
    56.12671 -145.40947 
    55.95230 -144.80548 
    55.74027 -144.21358 
    55.49143 -143.63612 
    55.20676 -143.07539 
    54.88960 -142.53221 
    54.54316 -142.00670 
    54.16819 -141.50011 
    53.76705 -141.01225 
    53.34184 -140.54239 
    52.89408 -140.08968 
    52.42428 -139.65372 
    51.93186 -139.23549 
    51.41523 -138.83803 
    50.87233 -138.46706 
    50.40239 -137.87616 
    49.90845 -137.20618 
    49.20603 -137.10344 
    48.43092 -137.43217 
    47.76950 -137.33006 
    47.10133 -137.29842 
    46.43446 -137.15642 
    45.75687 -137.12808 
    45.10365 -137.36359 
    44.49488 -137.73036 
    43.88621 -137.97324 
    43.28877 -138.21658 
    42.70703 -138.48360 
    42.14081 -138.77354 
    41.59065 -139.08716 
    41.05780 -139.42575 
    40.54412 -139.79066 
    40.05185 -140.18275 
    39.58128 -140.60011 
    39.13722 -141.04544 
    38.72206 -141.51776 
    38.33744 -142.01518 
    37.98489 -142.53575 
    37.66577 -143.07738 
    37.38134 -143.63794 
    37.13271 -144.21519 
    36.90973 -144.80324 
    36.68297 -145.39426 
    36.51126 -146.00507 
    36.42466 -146.63348 
    36.40079 -147.26674 
Cell 9 100 68.47367 -150.33888 
    57.64198 -150.33888 
    57.62174 -151.02162 
    57.63079 -151.70865 
    57.68119 -152.39766 
    57.77768 -153.08514 
    57.93166 -153.76419 
    58.13244 -154.43326 
    58.37952 -155.08882 
    58.67204 -155.72737 
    59.00883 -156.34546 
    59.38842 -156.93970 
    59.80907 -157.50687 
    60.26867 -158.04390 
    60.76488 -158.54791 
    61.29516 -159.01620 
    61.85670 -159.44637 
    62.44652 -159.83615 
    63.06145 -160.18367 
    63.69820 -160.48727 
    64.35333 -160.74567 
    65.02334 -160.95792 
    65.70470 -161.12331 
    66.39387 -161.24158 
    67.08734 -161.31282 
    67.78169 -161.33755 
    68.47367 -161.31647 
    69.16019 -161.25082 
    69.83843 -161.14209 
    70.50587 -160.99202 
    71.16032 -160.80270 
    71.80000 -160.57626 
    72.42350 -160.31502 
    73.02984 -160.02122 
    73.61835 -159.69702 
    74.18867 -159.34427 
    74.74067 -158.96466 
    75.27417 -158.55928 
    75.78905 -158.12898 
    76.28471 -157.67393 
    76.76019 -157.19409 
    77.21387 -156.68901 
    77.64341 -156.15817 
    78.04557 -155.60107 
    78.41379 -155.01634 
    78.73250 -154.40063 
    79.01378 -153.76357 
    79.25488 -153.10703 
    79.44572 -152.43192 
    79.57922 -151.74184 
    79.65210 -151.04218 
    79.66173 -150.33888 
    79.60631 -149.63847 
    79.48663 -148.94762 
    79.30480 -148.27274 
    79.06416 -147.61971 
    78.77094 -146.99310 
    78.63015 -146.31764 
    78.44845 -145.64511 
    78.22188 -144.97977 
    77.94888 -144.32573 
    77.62830 -143.68765 
    77.25953 -143.07059 
    76.84264 -142.47990 
    76.37850 -141.92110 
    75.86886 -141.39964 
    75.31635 -140.92075 
    74.72447 -140.48920 
    74.09754 -140.10910 
    73.44051 -139.78381 
    72.75887 -139.51572 
    72.05840 -139.30623 
    71.34501 -139.15575 
    70.62453 -139.06369 
    69.90250 -139.02859 
    69.18402 -139.04823 
    68.47367 -139.11978 
    67.77539 -139.24004 
    67.09246 -139.40550 
    66.42754 -139.61267 
    65.78266 -139.85811 
    65.15939 -140.13858 
    64.55885 -140.45117 
    63.98187 -140.79332 
    63.42908 -141.16281 
    62.90102 -141.55780 
    62.39822 -141.97675 
    61.92125 -142.41837 
    61.47076 -142.88155 
    60.93845 -143.26285 
    60.39250 -143.65355 
    59.84253 -144.06799 
    59.29853 -144.51616 
    58.77885 -145.00911 
    58.30847 -145.55550 
    57.91472 -146.15829 
    57.62128 -146.81273 
    57.44231 -147.50652 
    57.37884 -148.22243 
    57.41870 -148.94232 
    57.54007 -149.65100 
Cell 10 100 83.10171 -131.53870 
    71.90816 -131.53870 
    71.62233 -132.26093 
    71.24233 -133.03690 
    71.40788 -133.76941 
    71.83610 -134.43121 
    72.29287 -135.05070 
    72.76472 -135.63139 
    73.24220 -136.17822 
    73.71995 -136.69637 
    74.19614 -137.19034 
    74.67171 -137.66344 
    75.14934 -138.11746 
    75.63253 -138.55272 
    76.12489 -138.96825 
    76.62954 -139.36221 
    77.14880 -139.73216 
    77.68408 -140.07550 
    78.23589 -140.38959 
    78.80390 -140.67200 
    79.38714 -140.92062 
    79.98410 -141.13370 
    80.59293 -141.30972 
    81.21148 -141.44763 
    81.83743 -141.54654 
    82.46832 -141.60617 
    83.10171 -141.62839 
    83.73541 -141.61119 
    84.36703 -141.55479 
    84.99421 -141.45955 
    85.61466 -141.32600 
    86.22619 -141.15486 
    86.82669 -140.94695 
    87.41419 -140.70320 
    87.98682 -140.42470 
    88.54286 -140.11258 
    89.08070 -139.76807 
    89.59888 -139.39243 
    90.09603 -138.98689 
    90.57093 -138.55276 
    91.02241 -138.09126 
    91.44936 -137.60362 
    91.85070 -137.09097 
    92.22536 -136.55446 
    92.57218 -135.99516 
    92.88997 -135.41414 
    93.17738 -134.81248 
    93.43293 -134.19130 
    93.65501 -133.55185 
    93.84184 -132.89549 
    93.99145 -132.22382 
    94.10180 -131.53870 
    94.17073 -130.84229 
    94.19609 -130.13715 
    94.17576 -129.42621 
    94.10776 -128.71281 
    93.99036 -128.00076 
    93.82216 -127.29417 
    93.60217 -126.59755 
    93.32996 -125.91567 
    93.00565 -125.25347 
    92.63004 -124.61596 
    92.20191 -124.01035 
    91.58104 -123.57607 
    90.94124 -123.19044 
    90.18453 -122.97704 
    89.42747 -122.83202 
    88.73195 -122.66685 
    88.07374 -122.49460 
    87.43879 -122.32192 
    86.81811 -122.15214 
    86.20551 -121.98616 
    85.59633 -121.82280 
    84.98638 -121.65888 
    84.37125 -121.48928 
    83.74553 -121.30549 
    83.10171 -121.09391 
    82.42865 -120.84078 
    81.72873 -120.67047 
    81.06648 -120.86967 
    80.42300 -121.10580 
    79.79981 -121.37650 
    79.19819 -121.67954 
    78.61920 -122.01289 
    78.06377 -122.37473 
    77.53272 -122.76339 
    76.97915 -123.11172 
    76.35768 -123.38657 
    75.72475 -123.68303 
    75.08018 -124.00598 
    74.53539 -124.45202 
    74.25716 -125.11276 
    73.97238 -125.74505 
    73.72475 -126.38367 
    73.48233 -127.01216 
    73.23408 -127.63183 
    72.99117 -128.25359 
    72.76083 -128.88362 
    72.54539 -129.52498 
    72.34102 -130.17931 
    72.13589 -130.84879 
Cell 11 100 120.41174 -140.36165 
    110.24671 -140.36165 
    110.25728 -141.00052 
    110.30868 -141.63797 
    110.40079 -142.27135 
    110.53332 -142.89799 
    110.70580 -143.51530 
    110.91759 -144.12065 
    111.16786 -144.71149 
    111.45561 -145.28532 
    111.77969 -145.83972 
    112.13874 -146.37233 
    112.53130 -146.88092 
    112.95573 -147.36331 
    113.41025 -147.81749 
    113.89294 -148.24153 
    114.40176 -148.63368 
    114.93457 -148.99229 
    115.48910 -149.31590 
    116.06301 -149.60318 
    116.65386 -149.85297 
    117.25917 -150.06427 
    117.87637 -150.23630 
    118.50286 -150.36838 
    119.13602 -150.46007 
    119.77319 -150.51109 
    120.41174 -150.52135 
    121.04903 -150.49095 
    121.68243 -150.42018 
    122.30939 -150.30951 
    122.92744 -150.15965 
    123.53418 -149.97153 
    124.12739 -149.74629 
    124.70502 -149.48532 
    125.26533 -149.19029 
    125.80690 -148.86305 
    126.32876 -148.50572 
    126.83042 -148.12050 
    127.31197 -147.70964 
    127.77400 -147.27527 
    128.21759 -146.81921 
    128.64403 -146.34276 
    129.05455 -145.84654 
    129.44984 -145.33038 
    129.82965 -144.79338 
    130.19218 -144.23399 
    130.53378 -143.65050 
    130.84868 -143.04140 
    131.12910 -142.40610 
    131.36571 -141.74545 
    131.54839 -141.06230 
    131.66727 -140.36165 
    131.71384 -139.65059 
    131.68210 -138.93787 
    131.56940 -138.23322 
    131.69826 -137.46376 
    131.88496 -136.63377 
    131.52669 -135.96094 
    130.73257 -135.50504 
    129.94234 -135.12216 
    129.46826 -134.61421 
    128.96881 -134.14458 
    128.45203 -133.71014 
    127.92380 -133.30736 
    127.38783 -132.93288 
    126.84594 -132.58405 
    126.32313 -132.22533 
    125.80666 -131.86061 
    125.27132 -131.52209 
    124.71902 -131.20824 
    124.15075 -130.91798 
    123.56657 -130.65207 
    122.96585 -130.41403 
    122.34809 -130.21094 
    121.71407 -130.05263 
    121.06680 -129.94978 
    120.41174 -129.91119 
    119.75613 -129.94107 
    119.08523 -129.86121 
    118.36488 -129.63161 
    117.60439 -129.42772 
    116.83199 -129.34431 
    116.09892 -129.46872 
    115.45737 -129.83307 
    114.93245 -130.39485 
    114.50937 -131.06100 
    114.14544 -131.73683 
    113.79621 -132.36484 
    113.43576 -132.93298 
    113.06075 -133.45860 
    112.68197 -133.96703 
    112.28801 -134.45941 
    111.92164 -134.97366 
    111.58803 -135.51077 
    111.28865 -136.06865 
    111.02487 -136.64513 
    110.79790 -137.23792 
    110.60879 -137.84468 
    110.45844 -138.46295 
    110.34763 -139.09026 
    110.27691 -139.72401 
Cell 12 100 -119.58109 -121.53345 
    -129.59253 -121.53345 
    -129.57066 -122.16194 
    -129.97369 -122.84634 
    -130.33234 -123.58436 
    -130.62996 -124.37032 
    -130.86111 -125.19855 
    -131.02086 -126.06277 
    -131.10527 -126.95632 
    -131.11098 -127.87206 
    -131.03566 -128.80273 
    -130.87733 -129.74065 
    -130.63513 -130.67815 
    -130.30879 -131.60744 
    -129.89873 -132.52063 
    -126.85913 -130.33109 
    -125.64341 -129.87752 
    -124.90847 -129.92805 
    -124.31478 -130.14401 
    -123.74982 -130.39246 
    -123.18270 -130.63010 
    -122.59963 -130.82358 
    -122.00414 -130.97063 
    -121.40388 -131.08887 
    -120.80130 -131.19246 
    -120.19421 -131.27885 
    -119.58109 -131.33191 
    -118.96207 -131.37225 
    -118.29411 -131.72090 
    -117.73447 -131.21373 
    -117.19139 -130.84068 
    -116.68407 -130.44952 
    -116.21942 -130.02405 
    -115.78075 -129.60956 
    -115.35822 -129.21481 
    -114.94382 -128.84059 
    -114.53111 -128.48415 
    -114.11460 -128.14130 
    -113.68977 -127.80707 
    -113.25448 -127.47454 
    -112.80622 -127.13811 
    -112.34294 -126.79227 
    -111.86615 -126.42950 
    -111.38194 -126.04097 
    -110.90288 -125.61710 
    -110.44731 -125.14977 
    -109.84591 -124.69659 
    -109.02355 -124.24416 
    -107.84090 -123.77300 
    -106.01082 -123.24777 
    -106.37379 -122.36438 
    -106.79519 -121.53345 
    -107.16195 -120.75210 
    -107.48013 -120.00474 
    -107.81657 -119.28925 
    -107.82504 -118.51501 
    -108.08629 -117.79856 
    -108.65578 -117.20781 
    -109.38976 -116.73777 
    -110.12967 -116.33749 
    -110.73645 -115.92047 
    -110.99941 -115.29850 
    -111.29568 -114.67916 
    -111.63124 -114.06805 
    -112.01241 -113.47363 
    -112.44466 -112.90698 
    -112.93145 -112.38101 
    -113.47324 -111.90901 
    -114.06688 -111.50314 
    -114.70570 -111.17273 
    -115.38014 -110.92307 
    -116.07887 -110.75475 
    -116.79022 -110.66375 
    -117.50349 -110.64230 
    -118.21000 -110.68019 
    -118.90369 -110.76645 
    -119.58109 -110.89075 
    -120.24099 -111.04459 
    -120.88372 -111.22201 
    -121.51041 -111.41960 
    -122.12225 -111.63629 
    -122.72003 -111.87276 
    -123.30389 -112.13070 
    -123.87319 -112.41227 
    -124.42661 -112.71948 
    -124.96234 -113.05395 
    -125.47919 -113.41541 
    -125.97681 -113.80234 
    -126.44904 -114.21983 
    -126.89397 -114.66619 
    -127.30986 -115.13965 
    -127.69506 -115.63830 
    -128.04805 -116.16015 
    -128.36743 -116.70312 
    -128.65195 -117.26502 
    -128.90048 -117.84364 
    -129.11209 -118.43664 
    -129.28592 -119.04167 
    -129.42131 -119.65633 
    -129.51776 -120.27815 
    -129.57491 -120.90469 
Cell 13 100 -75.22522 -106.70805 
    -84.97932 -106.70805 
    -85.09201 -107.32882 
    -85.28146 -107.97845 
    -85.26427 -108.62311 
    -85.13451 -109.25233 
    -84.96449 -109.87254 
    -84.75481 -110.48109 
    -84.50626 -111.07538 
    -84.21980 -111.65286 
    -83.89657 -112.21106 
    -83.53788 -112.74755 
    -83.14520 -113.26003 
    -82.72019 -113.74631 
    -82.26463 -114.20426 
    -81.78043 -114.63194 
    -81.26966 -115.02752 
    -80.73451 -115.38931 
    -80.17726 -115.71578 
    -79.60030 -116.00558 
    -79.00612 -116.25751 
    -78.39724 -116.47053 
    -77.77629 -116.64381 
    -77.14592 -116.77670 
    -76.50881 -116.86871 
    -75.86768 -116.91957 
    -75.22522 -116.92916 
    -74.58415 -116.89757 
    -73.94714 -116.82508 
    -73.31684 -116.71214 
    -72.69583 -116.55937 
    -72.08665 -116.36759 
    -71.49173 -116.13778 
    -70.91344 -115.87106 
    -70.35400 -115.56876 
    -69.80341 -115.25146 
    -69.25937 -114.91934 
    -68.73386 -114.55476 
    -68.22874 -114.15855 
    -67.74594 -113.73156 
    -67.28748 -113.27473 
    -66.85542 -112.78907 
    -66.45197 -112.27573 
    -66.07938 -111.73602 
    -65.73998 -111.17147 
    -65.43614 -110.58382 
    -65.17022 -109.97512 
    -64.94449 -109.34769 
    -64.76112 -108.70419 
    -64.62206 -108.04755 
    -64.52900 -107.38100 
    -64.48328 -106.70805 
    -64.48586 -106.03239 
    -64.53721 -105.35784 
    -64.63737 -104.68832 
    -64.78587 -104.02769 
    -64.98175 -103.37975 
    -65.22359 -102.74813 
    -65.50957 -102.13622 
    -65.77235 -101.51129 
    -66.03694 -100.87699 
    -66.34235 -100.25427 
    -66.68960 -99.64677 
    -67.07942 -99.05864 
    -67.51213 -98.49445 
    -67.98746 -97.95911 
    -68.50448 -97.45775 
    -69.06147 -96.99553 
    -69.65588 -96.57747 
    -70.28438 -96.20824 
    -70.94282 -95.89195 
    -71.62640 -95.63200 
    -72.32975 -95.43093 
    -73.04716 -95.29028 
    -73.77275 -95.21059 
    -74.50065 -95.19138 
    -75.22522 -95.23119 
    -75.94121 -95.32774 
    -76.64391 -95.47803 
    -77.32921 -95.67855 
    -77.99373 -95.92543 
    -78.63473 -96.21466 
    -79.25015 -96.54224 
    -79.83850 -96.90434 
    -80.39877 -97.29741 
    -80.93033 -97.71824 
    -81.43282 -98.16403 
    -81.90601 -98.63236 
    -82.24863 -99.22887 
    -82.49825 -99.87823 
    -82.78897 -100.45078 
    -83.12248 -100.97035 
    -83.46864 -101.47662 
    -83.79388 -101.99740 
    -84.08804 -102.53753 
    -84.32037 -103.10703 
    -84.48959 -103.69788 
    -84.61407 -104.29741 
    -84.72008 -104.89681 
    -84.81513 -105.49657 
    -84.90211 -106.09924 
Cell 14 100 -50.12411 -113.64156 
    -60.70224 -113.64156 
    -60.68972 -114.30630 
    -60.63735 -114.96970 
    -60.54433 -115.62933 
    -60.41009 -116.28255 
    -60.23439 -116.92659 
    -60.01731 -117.55856 
    -59.75930 -118.17554 
    -59.46113 -118.77463 
    -59.12391 -119.35300 
    -58.74901 -119.90791 
    -58.33808 -120.43674 
    -57.89298 -120.93701 
    -57.39424 -121.38346 
    -56.86322 -121.78773 
    -56.31317 -122.16007 
    -55.75063 -122.50752 
    -55.17553 -122.83004 
    -54.58612 -123.12380 
    -53.98132 -123.38376 
    -53.36133 -123.60468 
    -52.72848 -123.78488 
    -52.08459 -123.91875 
    -51.43348 -124.00623 
    -50.77880 -124.04758 
    -50.12411 -124.07328 
    -49.46647 -124.09447 
    -48.80540 -124.08022 
    -48.14232 -124.03050 
    -47.47860 -123.94518 
    -46.81564 -123.82400 
    -46.15490 -123.66665 
    -45.49796 -123.47264 
    -45.00932 -122.94535 
    -44.67883 -122.22196 
    -44.31923 -121.63130 
    -43.94466 -121.11124 
    -43.56137 -120.63018 
    -43.17320 -120.16891 
    -42.78136 -119.71602 
    -42.38463 -119.26463 
    -41.97953 -118.81028 
    -41.56314 -118.34800 
    -41.13239 -117.87274 
    -40.67852 -117.38133 
    -40.18772 -116.87009 
    -39.63754 -116.33406 
    -38.98047 -115.76733 
    -38.27483 -115.13847 
    -37.65866 -114.42582 
    -37.60670 -113.64156 
    -37.61977 -112.85486 
    -37.69816 -112.07180 
    -37.84127 -111.29848 
    -38.04763 -110.54085 
    -38.31495 -109.80453 
    -38.64018 -109.09475 
    -39.01963 -108.41619 
    -39.44907 -107.77290 
    -39.92385 -107.16828 
    -40.43910 -106.60499 
    -40.98977 -106.08498 
    -41.57086 -105.60953 
    -42.17748 -105.17926 
    -42.80499 -104.79426 
    -43.36528 -104.33883 
    -43.93866 -103.89484 
    -44.58617 -103.56808 
    -45.28624 -103.36056 
    -46.01284 -103.25768 
    -46.74224 -103.23324 
    -47.45799 -103.25768 
    -48.13942 -103.23744 
    -48.80688 -103.21462 
    -49.46884 -103.22620 
    -50.12411 -103.27142 
    -50.77163 -103.34969 
    -51.41027 -103.46056 
    -52.03894 -103.60368 
    -52.66904 -103.72975 
    -53.30632 -103.84775 
    -53.94263 -103.99709 
    -54.57613 -104.18056 
    -55.20359 -104.40204 
    -55.82020 -104.66597 
    -56.41952 -104.97668 
    -56.99376 -105.33759 
    -57.53446 -105.75035 
    -58.03334 -106.21430 
    -58.48328 -106.72626 
    -58.87914 -107.28067 
    -59.21833 -107.87020 
    -59.50097 -108.48660 
    -59.72756 -109.12253 
    -59.97869 -109.73986 
    -60.19347 -110.36983 
    -60.37010 -111.01084 
    -60.50929 -111.66048 
    -60.61129 -112.31673 
    -60.67581 -112.97771 
Cell 15 100 -60.66302 -87.54007 
    -71.13909 -87.54007 
    -71.02681 -88.19210 
    -70.92809 -88.83685 
    -70.82101 -89.47781 
    -70.67628 -90.11104 
    -70.49468 -90.73457 
    -70.27695 -91.34650 
    -70.02378 -91.94491 
    -69.73588 -92.52792 
    -69.41395 -93.09358 
    -69.05872 -93.63991 
    -68.67104 -94.16489 
    -68.25184 -94.66645 
    -67.80219 -95.14251 
    -67.32331 -95.59098 
    -66.81661 -96.00977 
    -66.28371 -96.39686 
    -65.72638 -96.75028 
    -65.14661 -97.06819 
    -64.54659 -97.34884 
    -63.92865 -97.59066 
    -63.29533 -97.79224 
    -62.64927 -97.95236 
    -61.99326 -98.07003 
    -61.33019 -98.14445 
    -60.66302 -98.17506 
    -59.99477 -98.16154 
    -59.32851 -98.10382 
    -58.66729 -98.00206 
    -58.01418 -97.85664 
    -57.37218 -97.66821 
    -56.74429 -97.43764 
    -56.13339 -97.16602 
    -55.54228 -96.85465 
    -54.97366 -96.50507 
    -54.43007 -96.11899 
    -53.91396 -95.69828 
    -53.42757 -95.24504 
    -52.97301 -94.76147 
    -52.55219 -94.24993 
    -52.16682 -93.71292 
    -51.75793 -93.19141 
    -51.36278 -92.65292 
    -51.00109 -92.08662 
    -50.67637 -91.49406 
    -50.39215 -90.87727 
    -50.15189 -90.23887 
    -49.95881 -89.58201 
    -49.81572 -88.91040 
    -49.72490 -88.22824 
    -49.68790 -87.54007 
    -49.70554 -86.85069 
    -49.77777 -86.16495 
    -49.90375 -85.48763 
    -50.08182 -84.82328 
    -50.30964 -84.17606 
    -50.58432 -83.54963 
    -50.90252 -82.94713 
    -51.26069 -82.37110 
    -51.65516 -81.82351 
    -51.63201 -80.97866 
    -51.15863 -79.67735 
    -52.59189 -79.96078 
    -53.52663 -79.94058 
    -54.05272 -79.54960 
    -54.54565 -79.12024 
    -55.03342 -78.66925 
    -55.54632 -78.23283 
    -56.08519 -77.81169 
    -56.65116 -77.40727 
    -57.24547 -77.02193 
    -57.86926 -76.65910 
    -58.52330 -76.32324 
    -59.20769 -76.01995 
    -59.92161 -75.75571 
    -60.66302 -75.53770 
    -61.42848 -75.37343 
    -62.21304 -75.27035 
    -63.01027 -75.23534 
    -63.81234 -75.27428 
    -64.61033 -75.39150 
    -65.39456 -75.58955 
    -66.15510 -75.86880 
    -66.88219 -76.22743 
    -67.56685 -76.66138 
    -68.20123 -77.16460 
    -68.77910 -77.72942 
    -69.29602 -78.34686 
    -69.74952 -79.00727 
    -70.13906 -79.70081 
    -70.46584 -80.41790 
    -70.73258 -81.14973 
    -70.94311 -81.88854 
    -71.10200 -82.62786 
    -71.21413 -83.36259 
    -71.28434 -84.08900 
    -71.31710 -84.80457 
    -71.31626 -85.50786 
    -71.28493 -86.19821 
    -71.22538 -86.87554 
Cell 16 100 -34.20852 -124.45842 
    -45.15963 -124.45842 
    -45.06767 -125.14162 
    -44.92427 -125.81213 
    -44.73425 -126.46631 
    -44.50252 -127.10147 
    -44.23381 -127.71584 
    -43.97688 -128.32599 
    -43.70169 -128.92557 
    -43.39713 -129.50990 
    -43.06344 -130.07791 
    -42.71392 -130.63795 
    -42.32842 -131.17578 
    -41.90986 -131.69046 
    -41.45950 -132.17993 
    -40.97897 -132.64249 
    -40.47012 -133.07677 
    -39.93330 -133.47922 
    -39.37010 -133.84729 
    -38.78246 -134.17851 
    -38.17212 -134.46933 
    -37.54208 -134.71806 
    -36.89550 -134.92352 
    -36.23556 -135.08453 
    -35.56549 -135.19995 
    -34.88869 -135.26944 
    -34.20852 -135.29240 
    -33.52842 -135.26826 
    -32.85190 -135.19722 
    -32.18240 -135.07971 
    -31.52331 -134.91666 
    -30.87794 -134.70889 
    -30.24975 -134.45715 
    -29.64122 -134.16443 
    -29.05519 -133.83231 
    -28.49425 -133.46268 
    -27.96086 -133.05759 
    -27.45727 -132.61928 
    -26.98557 -132.15009 
    -26.54764 -131.65247 
    -26.14511 -131.12906 
    -25.77943 -130.58252 
    -25.45181 -130.01559 
    -25.16323 -129.43111 
    -24.92262 -128.82803 
    -24.72752 -128.21222 
    -24.58182 -127.58633 
    -24.50289 -126.95040 
    -24.40728 -126.32811 
    -24.36091 -125.70246 
    -24.32996 -125.07993 
    -24.32508 -124.45842 
    -24.34341 -123.83775 
    -24.38509 -123.21743 
    -24.44901 -122.59669 
    -24.53405 -121.97444 
    -24.63826 -121.34885 
    -24.74639 -120.71210 
    -24.93783 -120.09596 
    -25.15362 -119.48044 
    -25.39361 -118.86431 
    -25.65921 -118.24699 
    -25.95326 -117.62907 
    -26.27993 -117.01298 
    -26.64438 -116.40342 
    -27.05206 -115.80775 
    -27.50791 -115.23582 
    -28.01539 -114.69961 
    -28.57564 -114.21224 
    -29.18686 -113.78683 
    -29.84408 -113.43509 
    -30.53939 -113.16600 
    -31.26260 -112.98481 
    -32.00220 -112.89245 
    -32.74652 -112.88551 
    -33.48490 -112.95681 
    -34.20852 -113.09642 
    -34.91100 -113.29292 
    -35.58850 -113.53476 
    -36.23956 -113.81138 
    -36.87053 -114.09060 
    -37.47768 -114.39700 
    -38.01674 -114.83997 
    -38.49981 -115.33897 
    -38.98456 -115.77085 
    -39.46102 -116.18182 
    -39.91489 -116.60429 
    -40.34801 -117.03706 
    -40.76571 -117.47572 
    -41.17339 -117.91798 
    -41.57664 -118.36298 
    -41.98071 -118.81160 
    -42.38750 -119.26789 
    -42.79863 -119.73597 
    -43.21603 -120.21981 
    -43.63719 -120.72534 
    -44.05189 -121.26012 
    -44.44093 -121.83118 
    -44.77933 -122.44193 
    -45.13260 -123.07838 
    -45.19586 -123.76716 
Cell 17 100 -14.49519 -122.80696 
    -24.42736 -122.80696 
    -24.37092 -123.42829 
    -24.33713 -124.05029 
    -24.32684 -124.68244 
    -24.34266 -125.33536 
    -24.38446 -126.02018 
    -24.41284 -126.73363 
    -24.14226 -127.34653 
    -23.83266 -127.94028 
    -23.48577 -128.51256 
    -23.10339 -129.06119 
    -22.68739 -129.58414 
    -22.23968 -130.07951 
    -21.76223 -130.54558 
    -21.25705 -130.98064 
    -20.72617 -131.38316 
    -20.17171 -131.75171 
    -19.59577 -132.08487 
    -19.00059 -132.38141 
    -18.38843 -132.64015 
    -17.76162 -132.86000 
    -17.12260 -133.04004 
    -16.47385 -133.17943 
    -15.81793 -133.27753 
    -15.15748 -133.33371 
    -14.49519 -133.34734 
    -13.83395 -133.31703 
    -13.17738 -133.23849 
    -12.53378 -133.08904 
    -11.92985 -132.79831 
    -11.40089 -132.33025 
    -10.87500 -131.95053 
    -10.34491 -131.62675 
    -9.81208 -131.32550 
    -9.27106 -131.03888 
    -8.71460 -130.76326 
    -8.09362 -130.54514 
    -7.39380 -130.36917 
    -6.94873 -129.89355 
    -6.53695 -129.39059 
    -6.15945 -128.86324 
    -5.81762 -128.31392 
    -5.51272 -127.74512 
    -5.24575 -127.15942 
    -5.01758 -126.55941 
    -4.82885 -125.94775 
    -4.68004 -125.32706 
    -4.57135 -124.70004 
    -4.48599 -124.07142 
    -4.40505 -123.44178 
    -4.35934 -122.80696 
    -4.34888 -122.16861 
    -4.37380 -121.52834 
    -4.43435 -120.88776 
    -4.53095 -120.24858 
    -4.66416 -119.61266 
    -4.83472 -118.98211 
    -5.04346 -118.35931 
    -5.29123 -117.74704 
    -5.57881 -117.14845 
    -5.90676 -116.56710 
    -6.27531 -116.00688 
    -6.68420 -115.47195 
    -7.13262 -114.96661 
    -7.61906 -114.49515 
    -8.14133 -114.06162 
    -8.69655 -113.66976 
    -9.28119 -113.32273 
    -9.89122 -113.02301 
    -10.39246 -112.44464 
    -10.69160 -111.10069 
    -11.50187 -111.14873 
    -12.38340 -111.73656 
    -13.08787 -111.66684 
    -13.79788 -111.72354 
    -14.49519 -111.88205 
    -15.16832 -112.10792 
    -15.81399 -112.36761 
    -16.43524 -112.63689 
    -17.05305 -112.84476 
    -17.65870 -113.07067 
    -18.24788 -113.32875 
    -18.81932 -113.61771 
    -19.37179 -113.93645 
    -19.90401 -114.28403 
    -20.41461 -114.65958 
    -20.92445 -115.03532 
    -21.43675 -115.41496 
    -21.92658 -115.82842 
    -22.39120 -116.27481 
    -22.82788 -116.75291 
    -23.23389 -117.26122 
    -23.60660 -117.79792 
    -23.94353 -118.36092 
    -24.24234 -118.94779 
    -24.50091 -119.55591 
    -24.71722 -120.18239 
    -24.72194 -120.85610 
    -24.60818 -121.52940 
    -24.50635 -122.17711 
Cell 18 100 17.41500 -121.48775 
    7.29724 -121.48775 
    7.31723 -122.12305 
    7.36777 -122.75701 
    7.45860 -123.38703 
    7.58944 -124.01052 
    7.75986 -124.62489 
    7.96924 -125.22759 
    8.21679 -125.81610 
    8.50155 -126.38795 
    8.82242 -126.94077 
    9.17810 -127.47221 
    9.56717 -127.98004 
    9.98804 -128.46213 
    10.43899 -128.91646 
    10.91815 -129.34109 
    11.42356 -129.73427 
    11.95309 -130.09435 
    12.50455 -130.41983 
    13.07564 -130.70937 
    13.66397 -130.96179 
    14.26707 -131.17610 
    14.88243 -131.35147 
    15.50750 -131.48724 
    16.13968 -131.58302 
    16.77637 -131.63855 
    17.41500 -131.65384 
    18.05304 -131.62907 
    18.68802 -131.56471 
    19.31759 -131.46144 
    19.93953 -131.32014 
    20.55185 -131.14197 
    21.15277 -130.92825 
    21.74078 -130.68050 
    22.31472 -130.40030 
    22.87372 -130.08931 
    23.41726 -129.74915 
    23.94511 -129.38130 
    24.45727 -128.98700 
    24.90788 -128.52403 
    25.19011 -127.91988 
    25.43813 -127.31688 
    25.65918 -126.71966 
    25.86399 -126.13261 
    26.05924 -125.55541 
    26.25033 -124.98590 
    26.43945 -124.41997 
    26.63141 -123.85412 
    26.83025 -123.28381 
    27.03834 -122.70345 
    27.25608 -122.10690 
    27.50156 -121.48775 
    27.80877 -120.83383 
    28.20370 -120.12482 
    28.70207 -119.33463 
    28.99881 -118.51353 
    28.77775 -117.79577 
    28.48511 -117.10478 
    28.12555 -116.44775 
    27.70538 -115.83057 
    27.23212 -115.25761 
    26.71403 -114.73161 
    26.15953 -114.25365 
    25.57678 -113.82333 
    24.97322 -113.43906 
    24.35529 -113.09838 
    23.72825 -112.79831 
    23.09613 -112.53572 
    22.49060 -112.25528 
    21.88302 -111.99273 
    21.26259 -111.76986 
    20.63206 -111.58669 
    19.99404 -111.44308 
    19.35101 -111.33884 
    18.70535 -111.27362 
    18.05929 -111.24708 
    17.41500 -111.19906 
    16.76702 -111.18829 
    16.11790 -111.22013 
    15.47073 -111.29550 
    14.82878 -111.41507 
    14.19550 -111.57913 
    13.57442 -111.78755 
    12.96910 -112.03973 
    12.38301 -112.33459 
    11.81945 -112.67057 
    11.28147 -113.04567 
    10.77181 -113.45750 
    10.29281 -113.90338 
    9.84644 -114.38039 
    9.43426 -114.88551 
    9.05745 -115.41563 
    8.71687 -115.96774 
    8.41306 -116.53889 
    8.14638 -117.12627 
    7.91539 -117.72659 
    7.71541 -118.33616 
    7.55418 -118.95592 
    7.43178 -119.58334 
    7.34822 -120.21602 
    7.30342 -120.85158 
Cell 19 100 22.89433 -99.63721 
    11.70763 -99.63721 
    11.76449 -100.33743 
    11.87253 -101.02959 
    12.02988 -101.70971 
    12.23426 -102.37425 
    12.48309 -103.02002 
    12.77361 -103.64428 
    13.10293 -104.24469 
    13.46812 -104.81931 
    13.86633 -105.36655 
    14.29481 -105.88512 
    14.75092 -106.37402 
    15.23222 -106.83241 
    15.73645 -107.25957 
    16.26150 -107.65492 
    16.79529 -108.03182 
    17.32142 -108.41871 
    17.87288 -108.77119 
    18.44734 -109.08753 
    19.04239 -109.36608 
    19.65546 -109.60543 
    20.28386 -109.80433 
    20.92483 -109.96169 
    21.57552 -110.07668 
    22.23301 -110.14864 
    22.89433 -110.17715 
    23.55649 -110.16199 
    24.21649 -110.10317 
    24.87131 -110.00092 
    25.51799 -109.85567 
    26.15357 -109.66812 
    26.77518 -109.43913 
    27.38003 -109.16980 
    27.96539 -108.86143 
    28.52867 -108.51551 
    29.06741 -108.13372 
    29.57928 -107.71792 
    30.06213 -107.27013 
    30.51398 -106.79253 
    30.93308 -106.28744 
    31.31790 -105.75729 
    31.66718 -105.20463 
    31.97997 -104.63208 
    32.25562 -104.04230 
    32.49385 -103.43793 
    32.69473 -102.82155 
    32.85872 -102.19563 
    32.98660 -101.56241 
    33.07943 -100.92388 
    33.13844 -100.28172 
    33.16491 -99.63721 
    33.15993 -98.99135 
    33.12428 -98.34486 
    33.05817 -97.69835 
    32.96111 -97.05250 
    32.83179 -96.40833 
    32.66813 -95.76749 
    32.46740 -95.13246 
    32.22644 -94.50684 
    31.94214 -93.89529 
    31.67521 -93.25752 
    31.41710 -92.58656 
    31.12318 -91.90981 
    30.78544 -91.23402 
    30.39586 -90.56942 
    29.94747 -89.92940 
    29.43557 -89.32986 
    28.85875 -88.78797 
    28.21955 -88.32054 
    27.52464 -87.94237 
    26.78447 -87.66459 
    26.01231 -87.49348 
    25.22303 -87.42973 
    24.43159 -87.46852 
    23.65164 -87.60016 
    22.89433 -87.81136 
    22.16764 -88.08678 
    21.47610 -88.41074 
    20.82104 -88.76866 
    20.20124 -89.14831 
    19.61369 -89.54044 
    19.05233 -89.93343 
    18.42395 -90.13715 
    17.80462 -90.37907 
    17.19695 -90.65957 
    16.60374 -90.97896 
    16.02810 -91.33736 
    15.47332 -91.73463 
    14.94293 -92.17035 
    14.44062 -92.64368 
    13.97011 -93.15338 
    13.53516 -93.69770 
    13.13940 -94.27439 
    12.78624 -94.88071 
    12.47882 -95.51341 
    12.21982 -96.16885 
    12.01144 -96.84296 
    11.85533 -97.53140 
    11.75250 -98.22967 
    11.70335 -98.93313 
Cell 20 100 68.56612 -98.79076 
    58.47736 -98.79076 
    58.49260 -99.42454 
    58.54780 -100.05637 
    58.64284 -100.68373 
    58.77741 -101.30408 
    58.95103 -101.91489 
    59.16307 -102.51369 
    59.41272 -103.09802 
    59.69901 -103.66550 
    60.02079 -104.21379 
    60.37680 -104.74065 
    60.76560 -105.24391 
    61.18562 -105.72151 
    61.63511 -106.17153 
    62.11229 -106.59210 
    62.61519 -106.98151 
    63.14177 -107.33817 
    63.68986 -107.66064 
    64.25721 -107.94765 
    64.84151 -108.19804 
    65.44036 -108.41085 
    66.05132 -108.58526 
    66.67190 -108.72062 
    67.29958 -108.81644 
    67.93183 -108.87244 
    68.56612 -108.88847 
    69.19991 -108.86458 
    69.83070 -108.80096 
    70.45602 -108.69801 
    71.07346 -108.55624 
    71.68066 -108.37634 
    72.27533 -108.15917 
    72.85528 -107.90570 
    73.41840 -107.61702 
    73.96266 -107.29436 
    74.48619 -106.93905 
    74.98718 -106.55250 
    75.46393 -106.13619 
    75.91486 -105.69169 
    76.33848 -105.22062 
    76.73338 -104.72462 
    77.09826 -104.20543 
    77.43187 -103.66475 
    77.73302 -103.10439 
    78.00060 -102.52614 
    78.23766 -101.93324 
    78.51197 -101.34443 
    78.78893 -100.74087 
    79.06951 -100.11765 
    79.34558 -99.46895 
    79.59790 -98.79076 
    79.79742 -98.08415 
    79.91061 -97.35762 
    79.90781 -96.62722 
    79.77171 -95.91366 
    79.50278 -95.23722 
    79.11939 -94.61243 
    78.65234 -94.04455 
    78.20538 -93.49154 
    78.06023 -92.76562 
    77.87048 -92.03075 
    77.62222 -91.29890 
    77.30243 -90.58682 
    76.90121 -89.91479 
    76.41393 -89.30439 
    75.84253 -88.77564 
    75.19571 -88.34419 
    74.48792 -88.01904 
    73.73740 -87.80123 
    72.96355 -87.68410 
    72.18446 -87.65464 
    71.41481 -87.69584 
    70.66472 -87.78951 
    69.94229 -87.89720 
    69.25056 -87.91180 
    68.56612 -87.97265 
    67.89206 -88.07689 
    67.23093 -88.22166 
    66.58477 -88.40420 
    65.95522 -88.62199 
    65.34357 -88.87280 
    64.75092 -89.15467 
    64.17822 -89.46600 
    63.62640 -89.80544 
    63.09640 -90.17187 
    62.58925 -90.56432 
    62.10606 -90.98190 
    61.64805 -91.42377 
    61.21653 -91.88904 
    60.81286 -92.37671 
    60.43420 -92.88258 
    60.07828 -93.40422 
    59.75496 -93.94679 
    59.46557 -94.50838 
    59.21135 -95.08695 
    58.99342 -95.68041 
    58.81276 -96.28653 
    58.67020 -96.90302 
    58.56646 -97.52751 
    58.50205 -98.15759 
Cell 21 100 64.31374 -125.87378 
    54.30686 -125.87378 
    54.32769 -126.50204 
    54.38794 -127.12770 
    54.48737 -127.74826 
    54.62556 -128.36128 
    54.80196 -128.96434 
    55.01196 -129.55661 
    55.21434 -130.15562 
    55.44277 -130.75064 
    55.70962 -131.33412 
    56.01485 -131.90327 
    56.35815 -132.45522 
    56.73888 -132.98706 
    57.15602 -133.49599 
    57.60839 -133.97916 
    58.09452 -134.43381 
    58.61258 -134.85738 
    59.16062 -135.24727 
    59.73639 -135.60115 
    60.33743 -135.91681 
    60.96109 -136.19217 
    61.60468 -136.42490 
    62.26512 -136.61305 
    62.93898 -136.75615 
    63.62298 -136.85310 
    64.31374 -136.90324 
    65.00787 -136.90663 
    65.70203 -136.86314 
    66.39285 -136.77284 
    67.07690 -136.63557 
    67.75002 -136.44957 
    68.40892 -136.21701 
    69.05026 -135.93939 
    69.66260 -135.60332 
    70.22052 -135.18137 
    70.68697 -134.64578 
    71.02843 -133.99045 
    71.21009 -133.21765 
    71.46263 -132.58704 
    71.72398 -132.00406 
    71.94736 -131.41992 
    72.13869 -130.83965 
    72.31283 -130.27132 
    72.48485 -129.71881 
    72.66163 -129.17894 
    72.84750 -128.64656 
    73.04508 -128.11560 
    73.25507 -127.57943 
    73.47475 -127.03108 
    73.69379 -126.46392 
    73.92246 -125.87378 
    74.19439 -125.25214 
    74.47736 -124.58981 
    74.54524 -123.92201 
    74.43079 -123.27616 
    74.27291 -122.63785 
    74.07147 -122.01042 
    73.82669 -121.39732 
    73.53920 -120.80204 
    73.21005 -120.22800 
    72.84074 -119.67855 
    72.43319 -119.15679 
    71.98969 -118.66559 
    71.51288 -118.20748 
    71.00568 -117.78461 
    70.47120 -117.39877 
    69.94703 -116.99714 
    69.46724 -116.49960 
    68.95847 -116.00325 
    68.41293 -115.52042 
    67.82403 -115.07024 
    67.18864 -114.67682 
    66.50903 -114.36568 
    65.79364 -114.15917 
    65.05625 -114.07201 
    64.31374 -114.10812 
    63.58306 -114.25986 
    62.87813 -114.50972 
    62.20781 -114.83410 
    61.57523 -115.20796 
    60.97855 -115.60909 
    60.41280 -116.02111 
    59.87197 -116.43453 
    59.35085 -116.84631 
    58.84610 -117.25816 
    58.35667 -117.67457 
    57.88345 -118.10089 
    57.42874 -118.54199 
    56.99554 -119.00153 
    56.58701 -119.48167 
    56.20609 -119.98323 
    55.85538 -120.50594 
    55.53701 -121.04873 
    55.25272 -121.60999 
    55.00395 -122.18777 
    54.79184 -122.77993 
    54.61731 -123.38416 
    54.48108 -123.99810 
    54.38370 -124.61932 
    54.32555 -125.24538 
Cell 22 100 72.14727 -74.45220 
    60.01394 -74.45220 
    60.03347 -75.21434 
    60.12722 -75.97069 
    60.29253 -76.71362 
    60.52522 -77.43624 
    60.81982 -78.13271 
    61.17002 -78.79840 
    61.56899 -79.42996 
    62.00986 -80.02529 
    62.48600 -80.58343 
    62.99138 -81.10435 
    63.52072 -81.58871 
    64.06964 -82.03760 
    64.63467 -82.45231 
    65.21320 -82.83405 
    65.80337 -83.18384 
    66.40388 -83.50234 
    67.01386 -83.78983 
    67.63271 -84.04614 
    68.25983 -84.27074 
    68.89463 -84.46279 
    69.53632 -84.62120 
    70.18386 -84.74477 
    70.83596 -84.83228 
    71.49105 -84.88253 
    72.14727 -84.90094 
    72.80369 -84.88565 
    73.45797 -84.82744 
    74.10720 -84.72653 
    74.74850 -84.58335 
    75.37904 -84.39854 
    75.99598 -84.17294 
    76.59663 -83.90757 
    77.17833 -83.60367 
    77.73854 -83.26263 
    78.27483 -82.88607 
    78.78490 -82.47572 
    79.26659 -82.03352 
    79.71790 -81.56150 
    80.13703 -81.06191 
    80.52244 -80.53712 
    80.87295 -79.98969 
    81.18795 -79.42236 
    81.46778 -78.83810 
    81.71419 -78.24001 
    81.93098 -77.63113 
    82.12464 -77.01395 
    82.30459 -76.38982 
    82.48259 -75.75786 
    82.67090 -75.11430 
    82.87886 -74.45220 
    83.10835 -73.76259 
    83.34938 -73.03705 
    83.57751 -72.27177 
    83.75516 -71.47180 
    83.83738 -70.65385 
    83.78165 -69.84583 
    83.55859 -69.08244 
    83.16031 -68.39774 
    82.60305 -67.81676 
    81.92330 -67.34950 
    81.16860 -66.98911 
    80.66182 -66.45650 
    80.24998 -65.82369 
    79.79073 -65.21285 
    79.28372 -64.62971 
    78.72942 -64.08038 
    78.12914 -63.57121 
    77.48519 -63.10854 
    76.80087 -62.69855 
    76.08051 -62.34695 
    75.32935 -62.05883 
    74.55348 -61.83838 
    73.75967 -61.68876 
    72.95511 -61.61194 
    72.14727 -61.60863 
    71.34361 -61.67827 
    70.55133 -61.81902 
    69.77721 -62.02792 
    69.02737 -62.30099 
    68.30711 -62.63343 
    67.62087 -63.01982 
    66.97209 -63.45439 
    66.36328 -63.93117 
    65.79603 -64.44425 
    65.27112 -64.98799 
    64.78860 -65.55710 
    64.34799 -66.14682 
    63.94838 -66.75293 
    63.58859 -67.37185 
    63.26733 -68.00055 
    62.78380 -68.50996 
    62.28156 -69.02848 
    61.81148 -69.58855 
    61.38090 -70.18949 
    60.99735 -70.82938 
    60.66821 -71.50488 
    60.40023 -72.21133 
    60.19920 -72.94281 
    60.06951 -73.69234 
Cell 23 100 88.85548 -113.38563 
    77.31165 -113.38563 
    77.47993 -114.10132 
    77.69740 -114.79522 
    77.95683 -115.46465 
    78.25153 -116.10826 
    78.57570 -116.72572 
    78.92470 -117.31750 
    79.29504 -117.88442 
    79.68440 -118.42747 
    80.09146 -118.94744 
    80.51569 -119.44483 
    80.95713 -119.91971 
    81.41668 -120.37112 
    81.96139 -120.72708 
    82.62649 -120.91518 
    83.22552 -121.13460 
    83.81620 -121.32625 
    84.39661 -121.49628 
    84.96513 -121.65302 
    85.52279 -121.80304 
    86.07258 -121.95051 
    86.61850 -122.09805 
    87.16508 -122.24705 
    87.71700 -122.39758 
    88.27901 -122.54832 
    88.85548 -122.69619 
    89.45007 -122.83635 
    90.06425 -122.95399 
    90.71359 -123.12624 
    91.45197 -123.49828 
    92.22147 -123.74508 
    92.87132 -123.52847 
    93.50573 -123.26792 
    94.12154 -122.96456 
    94.71566 -122.61980 
    95.28514 -122.23530 
    95.82715 -121.81293 
    96.33901 -121.35479 
    96.81826 -120.86317 
    97.26259 -120.34059 
    97.66991 -119.78969 
    98.03835 -119.21326 
    98.36632 -118.61426 
    98.65240 -117.99571 
    98.89550 -117.36076 
    99.09473 -116.71256 
    99.24950 -116.05436 
    99.35945 -115.38937 
    99.42456 -114.72082 
    99.44502 -114.05186 
    99.42130 -113.38563 
    99.35414 -112.72511 
    99.24454 -112.07318 
    99.09375 -111.43257 
    98.90324 -110.80580 
    98.67473 -110.19516 
    98.41009 -109.60269 
    98.11140 -109.03012 
    97.78082 -108.47887 
    97.42062 -107.95002 
    97.03305 -107.44427 
    96.62031 -106.96200 
    96.18446 -106.50325 
    95.72739 -106.06778 
    95.25066 -105.65518 
    94.75553 -105.26490 
    94.24287 -104.89646 
    93.71317 -104.54952 
    93.16657 -104.22409 
    92.60292 -103.92067 
    92.02190 -103.64036 
    91.42321 -103.38496 
    90.80667 -103.15711 
    90.17252 -102.96012 
    89.52159 -102.79803 
    88.85548 -102.67530 
    88.17670 -102.59673 
    87.48877 -102.56706 
    86.79623 -102.59068 
    86.10450 -102.67130 
    85.41976 -102.81158 
    84.74866 -103.01301 
    84.09804 -103.27556 
    83.47453 -103.59774 
    82.88428 -103.97653 
    82.33258 -104.40764 
    81.74610 -104.79187 
    81.10991 -105.13744 
    80.49313 -105.53286 
    79.90400 -105.98032 
    79.35149 -106.48058 
    78.84483 -107.03268 
    78.39291 -107.63379 
    78.00369 -108.27917 
    77.68364 -108.96239 
    77.43728 -109.67564 
    77.26691 -110.41019 
    77.17243 -111.15697 
    77.15153 -111.90707 
    77.19988 -112.65232 
Cell 24 100 -94.12579 -101.65684 
    -104.30713 -101.65684 
    -104.29485 -102.29662 
    -104.24174 -102.93478 
    -104.14789 -103.56866 
    -104.01363 -104.19560 
    -103.83950 -104.81301 
    -103.62617 -105.41830 
    -103.37452 -106.00896 
    -103.08561 -106.58253 
    -102.76064 -107.13668 
    -102.40100 -107.66913 
    -102.00820 -108.17773 
    -101.58392 -108.66048 
    -101.12996 -109.11552 
    -100.64822 -109.54110 
    -100.14073 -109.93569 
    -99.60958 -110.29790 
    -99.05692 -110.62653 
    -98.48497 -110.92056 
    -97.89594 -111.17913 
    -97.29206 -111.40160 
    -96.67554 -111.58746 
    -96.04857 -111.73638 
    -95.41326 -111.84816 
    -94.77167 -111.92272 
    -94.12579 -111.96009 
    -93.47755 -111.96035 
    -92.82880 -111.92365 
    -92.18132 -111.85013 
    -91.53689 -111.73997 
    -90.89725 -111.59329 
    -90.26416 -111.41020 
    -89.63947 -111.19077 
    -89.02507 -110.93501 
    -88.42302 -110.64297 
    -87.83551 -110.31467 
    -87.26495 -109.95018 
    -86.71391 -109.54969 
    -86.18523 -109.11353 
    -85.68259 -108.64166 
    -85.28345 -108.08118 
    -85.10703 -107.38032 
    -84.97660 -106.68665 
    -84.88831 -106.00366 
    -84.79226 -105.35224 
    -84.68933 -104.72293 
    -84.57497 -104.10907 
    -84.43451 -103.50555 
    -84.23832 -102.90591 
    -83.95683 -102.29662 
    -83.58119 -101.65684 
    -83.11861 -100.96432 
    -82.66629 -100.20916 
    -82.31595 -99.40399 
    -82.40791 -98.64819 
    -82.97482 -98.03367 
    -83.61882 -97.49683 
    -84.05588 -96.91830 
    -83.93372 -96.05370 
    -83.70994 -95.04673 
    -85.29709 -95.24241 
    -85.77692 -94.75005 
    -86.28394 -94.29285 
    -86.81481 -93.87143 
    -87.36641 -93.48615 
    -87.93581 -93.13705 
    -88.52036 -92.82409 
    -89.11764 -92.54704 
    -89.72546 -92.30566 
    -90.34184 -92.09968 
    -90.96498 -91.92886 
    -91.59320 -91.79304 
    -92.22491 -91.69206 
    -92.85654 -91.60962 
    -93.48532 -91.47677 
    -94.12579 -91.35226 
    -94.78150 -91.23469 
    -95.45577 -91.12901 
    -96.14954 -91.04799 
    -96.85898 -91.01177 
    -97.57395 -91.04449 
    -98.27829 -91.16883 
    -98.95238 -91.39982 
    -99.57745 -91.74033 
    -100.14009 -92.17983 
    -100.63544 -92.69708 
    -101.06763 -93.26560 
    -101.44756 -93.85995 
    -101.78900 -94.46061 
    -102.10452 -95.05626 
    -102.40271 -95.64331 
    -102.68710 -96.22367 
    -102.97658 -96.79108 
    -103.27500 -97.35155 
    -103.53773 -97.93039 
    -103.76355 -98.52534 
    -103.95139 -99.13406 
    -104.10033 -99.75410 
    -104.20963 -100.38296 
    -104.27869 -101.01807 
