122 25 
Cell 0 100 -123.80827 -141.50690 
    -133.80838 -141.50690 
    -133.78862 -142.13481 
    -133.72949 -142.76024 
    -133.63121 -143.38072 
    -133.49414 -143.99380 
    -133.31886 -144.59708 
    -133.10605 -145.18816 
    -132.85704 -145.76492 
    -132.58286 -146.33076 
    -132.28160 -146.88423 
    -131.94525 -147.41876 
    -131.57497 -147.93207 
    -131.17204 -148.42194 
    -130.73788 -148.88620 
    -130.27414 -149.32278 
    -129.78250 -149.72974 
    -129.26491 -150.10518 
    -128.72333 -150.44737 
    -128.15996 -150.75470 
    -127.57703 -151.02570 
    -126.97692 -151.25902 
    -126.36213 -151.45354 
    -125.73520 -151.60823 
    -125.09877 -151.72229 
    -124.45554 -151.79509 
    -123.80827 -151.82617 
    -123.15971 -151.81528 
    -122.51270 -151.76236 
    -121.87002 -151.66756 
    -121.23447 -151.53119 
    -120.60881 -151.35381 
    -119.99580 -151.13611 
    -119.39808 -150.87901 
    -118.81828 -150.58365 
    -118.25892 -150.25127 
    -117.72241 -149.88335 
    -117.21107 -149.48152 
    -116.72712 -149.04756 
    -116.27258 -148.58337 
    -115.84937 -148.09106 
    -115.45927 -147.57280 
    -115.10387 -147.03087 
    -114.78460 -146.46770 
    -114.50272 -145.88576 
    -114.25928 -145.28761 
    -114.03624 -144.68202 
    -113.83675 -144.06714 
    -113.67143 -143.44060 
    -113.54037 -142.80403 
    -113.44366 -142.15898 
    -113.60375 -141.50690 
    -114.01987 -140.89107 
    -114.35297 -140.31241 
    -114.63423 -139.75685 
    -114.88396 -139.21552 
    -115.11617 -138.68266 
    -115.34142 -138.15463 
    -115.56573 -137.62825 
    -115.79501 -137.10158 
    -116.03741 -136.57536 
    -116.29633 -136.04916 
    -116.56850 -135.51764 
    -116.86023 -134.98225 
    -117.17960 -134.44809 
    -117.54762 -133.93907 
    -117.93449 -133.42233 
    -118.30482 -132.83485 
    -118.55863 -131.95784 
    -118.91392 -131.10588 
    -119.67615 -131.07036 
    -120.39633 -131.00604 
    -121.08508 -130.90079 
    -121.76147 -130.77724 
    -122.43487 -130.63535 
    -123.11185 -130.43782 
    -123.80827 -130.14578 
    -124.54359 -129.81926 
    -125.31572 -129.57422 
    -126.06930 -129.65413 
    -126.77938 -129.93520 
    -127.43273 -130.35194 
    -128.03473 -130.83205 
    -128.55127 -131.42751 
    -128.99185 -132.07799 
    -129.50610 -132.52855 
    -130.00369 -132.97963 
    -130.60193 -133.29478 
    -131.39554 -133.42728 
    -131.39447 -134.38297 
    -131.69324 -134.98389 
    -132.04044 -135.52588 
    -132.35735 -136.08148 
    -132.64366 -136.64960 
    -132.89890 -137.22917 
    -133.12250 -137.81914 
    -133.31898 -138.41667 
    -133.49425 -139.01996 
    -133.63129 -139.63306 
    -133.72955 -140.25356 
    -133.78865 -140.87898 
Cell 1 100 -106.84667 -134.17715 
    -117.37549 -134.17715 
    -116.96113 -134.81349 
    -116.62577 -135.41254 
    -116.32870 -135.98595 
    -116.05420 -136.54124 
    -115.80180 -137.08685 
    -115.56536 -137.62914 
    -115.33437 -138.17116 
    -115.10186 -138.71548 
    -114.86175 -139.26367 
    -114.60525 -139.81410 
    -114.32393 -140.36287 
    -114.01070 -140.90463 
    -113.65648 -141.42886 
    -113.23798 -141.90291 
    -112.73576 -142.28279 
    -112.21653 -142.63870 
    -111.67580 -142.96130 
    -111.11570 -143.24930 
    -110.53845 -143.50153 
    -109.94633 -143.71693 
    -109.34171 -143.89467 
    -108.72697 -144.03400 
    -108.10455 -144.13432 
    -107.47696 -144.19524 
    -106.84667 -144.21649 
    -106.21622 -144.19795 
    -105.58811 -144.13971 
    -104.96486 -144.04198 
    -104.34895 -143.90512 
    -103.74287 -143.72969 
    -103.14902 -143.51637 
    -102.56978 -143.26601 
    -102.00748 -142.97963 
    -101.46435 -142.65834 
    -100.94257 -142.30345 
    -100.44424 -141.91637 
    -99.97133 -141.49866 
    -99.52573 -141.05199 
    -99.10921 -140.57814 
    -98.71964 -140.08179 
    -98.35594 -139.56554 
    -98.02125 -139.02898 
    -97.71549 -138.47397 
    -97.74216 -137.78189 
    -97.72186 -137.14198 
    -97.69881 -136.52592 
    -97.68575 -135.92470 
    -97.68565 -135.33446 
    -97.69997 -134.75261 
    -97.72855 -134.17715 
    -97.77406 -133.60635 
    -97.80758 -133.03526 
    -97.83580 -132.45824 
    -97.87727 -131.87421 
    -97.93471 -131.28149 
    -98.00352 -130.67590 
    -98.08541 -130.05443 
    -98.17725 -129.41110 
    -98.26863 -128.73337 
    -98.33569 -127.99356 
    -98.30393 -127.10999 
    -98.79200 -126.61331 
    -99.33305 -126.17596 
    -99.90616 -125.78751 
    -100.50381 -125.44695 
    -101.11915 -125.15202 
    -101.74637 -124.89973 
    -102.38086 -124.68682 
    -103.01924 -124.51017 
    -103.65923 -124.36720 
    -104.25374 -124.07835 
    -104.86668 -123.79767 
    -105.50629 -123.56691 
    -106.16936 -123.41162 
    -106.84667 -123.35272 
    -107.52402 -123.41103 
    -108.18243 -123.60354 
    -108.81731 -123.84672 
    -109.42340 -124.14146 
    -109.99496 -124.48770 
    -110.52496 -124.88686 
    -110.99265 -125.36651 
    -111.46214 -125.78165 
    -111.93456 -126.15993 
    -112.41001 -126.51987 
    -112.88821 -126.87420 
    -113.36848 -127.23214 
    -113.85038 -127.60023 
    -114.33625 -127.98123 
    -114.82136 -128.38321 
    -115.30592 -128.80876 
    -115.79342 -129.25864 
    -116.29452 -129.73134 
    -116.83514 -130.22244 
    -117.49116 -130.71855 
    -118.27340 -131.24327 
    -118.56537 -131.94170 
    -118.33643 -132.72566 
    -117.88952 -133.48241 
Cell 2 100 -87.94911 -134.63780 
    -97.70567 -134.63780 
    -97.68772 -135.25050 
    -97.68575 -135.86783 
    -97.69819 -136.49753 
    -97.72202 -137.14706 
    -97.74072 -137.81929 
    -97.66827 -138.48589 
    -97.32526 -139.04988 
    -96.96410 -139.59383 
    -96.58406 -140.11771 
    -96.18425 -140.62097 
    -95.79037 -141.12465 
    -95.39358 -141.62862 
    -94.96376 -142.10765 
    -94.50245 -142.55942 
    -94.01134 -142.98175 
    -93.49233 -143.37251 
    -92.94744 -143.72972 
    -92.37888 -144.05154 
    -91.78901 -144.33626 
    -91.18030 -144.58237 
    -90.55537 -144.78848 
    -89.91692 -144.95341 
    -89.26779 -145.07623 
    -88.61087 -145.15611 
    -87.94911 -145.19254 
    -87.28553 -145.18517 
    -86.62315 -145.13385 
    -85.96503 -145.03873 
    -85.31419 -144.90015 
    -84.67365 -144.71864 
    -84.04636 -144.49504 
    -83.43522 -144.23032 
    -82.84305 -143.92569 
    -82.27257 -143.58261 
    -81.72635 -143.20270 
    -81.20688 -142.78777 
    -80.71647 -142.33978 
    -80.25727 -141.86092 
    -79.83128 -141.35345 
    -79.44032 -140.81981 
    -79.08596 -140.26253 
    -78.76965 -139.68427 
    -78.48566 -139.09096 
    -78.19832 -138.49841 
    -77.94386 -137.88870 
    -77.72388 -137.26320 
    -77.54041 -136.62337 
    -77.39581 -135.97099 
    -77.29279 -135.30824 
    -77.23422 -134.63780 
    -77.22291 -133.96297 
    -77.26142 -133.28763 
    -77.35174 -132.61624 
    -77.49506 -131.95366 
    -77.69166 -131.30495 
    -77.94066 -130.67517 
    -78.24010 -130.06909 
    -78.58697 -129.49092 
    -78.97740 -128.94418 
    -79.40693 -128.43155 
    -79.87071 -127.95477 
    -80.36388 -127.51479 
    -80.88171 -127.11179 
    -81.41994 -126.74538 
    -81.97477 -126.41483 
    -82.54305 -126.11920 
    -83.11730 -125.84877 
    -83.66870 -125.54147 
    -84.23664 -125.26117 
    -84.81986 -125.00696 
    -85.41750 -124.77780 
    -86.02908 -124.57261 
    -86.65457 -124.39047 
    -87.29436 -124.23083 
    -87.94911 -124.09370 
    -88.62173 -123.94685 
    -89.31937 -123.79108 
    -90.03097 -123.72431 
    -90.73916 -123.77130 
    -91.47994 -123.77103 
    -92.24379 -123.79069 
    -92.99880 -123.90666 
    -93.72954 -124.12325 
    -94.48233 -124.34310 
    -95.22034 -124.62982 
    -95.93320 -124.98670 
    -96.60992 -125.41498 
    -97.23949 -125.91356 
    -97.81155 -126.47888 
    -98.30409 -127.11447 
    -98.33062 -128.04950 
    -98.23495 -128.98312 
    -98.11394 -129.85460 
    -98.00615 -130.65594 
    -97.92352 -131.39693 
    -97.86176 -132.09268 
    -97.82130 -132.75458 
    -97.78646 -133.39505 
    -97.74094 -134.02174 
Cell 3 100 -52.41661 -153.46312 
    -62.54768 -153.46312 
    -62.50233 -154.09766 
    -62.42002 -154.72684 
    -62.30141 -155.34874 
    -62.14709 -155.96149 
    -61.95759 -156.56317 
    -61.73343 -157.15190 
    -61.47515 -157.72574 
    -61.18340 -158.28270 
    -60.85989 -158.82138 
    -60.50679 -159.34097 
    -60.12175 -159.83736 
    -59.70630 -160.30859 
    -59.26208 -160.75281 
    -58.79086 -161.16826 
    -58.29447 -161.55328 
    -57.77488 -161.90640 
    -57.23415 -162.22618 
    -56.67441 -162.51138 
    -56.09786 -162.76088 
    -55.50679 -162.97368 
    -54.90351 -163.14896 
    -54.29043 -163.28600 
    -53.66995 -163.38426 
    -53.04452 -163.44339 
    -52.41661 -163.46312 
    -51.78871 -163.44339 
    -51.16328 -163.38426 
    -50.54280 -163.28600 
    -49.92972 -163.14896 
    -49.32645 -162.97368 
    -48.73388 -162.76465 
    -48.15432 -162.52097 
    -47.58988 -162.24292 
    -47.04215 -161.93193 
    -46.51245 -161.58951 
    -46.00186 -161.21722 
    -45.51117 -160.81667 
    -45.04097 -160.38931 
    -44.59166 -159.93648 
    -44.16363 -159.45926 
    -43.75732 -158.95847 
    -43.37348 -158.43463 
    -43.01328 -157.88799 
    -42.67852 -157.31871 
    -42.37175 -156.72690 
    -42.09634 -156.11292 
    -41.85643 -155.47758 
    -41.65679 -154.82240 
    -41.50260 -154.14977 
    -41.39904 -153.46312 
    -41.35094 -152.76692 
    -41.36228 -152.06664 
    -41.43586 -151.36842 
    -41.57295 -150.67894 
    -41.77312 -150.00484 
    -42.03424 -149.35245 
    -42.35258 -148.72734 
    -42.72316 -148.13409 
    -43.14005 -147.57603 
    -43.59692 -147.05524 
    -44.08738 -146.57257 
    -44.60544 -146.12793 
    -45.14577 -145.72046 
    -45.70391 -145.34885 
    -46.27628 -145.01167 
    -46.86020 -144.70761 
    -47.45371 -144.43564 
    -48.05544 -144.19514 
    -48.66436 -143.98601 
    -49.27963 -143.80847 
    -49.90041 -143.66316 
    -50.52576 -143.55093 
    -51.15454 -143.47275 
    -51.78536 -143.42960 
    -52.41661 -143.40396 
    -53.04913 -143.40967 
    -53.68126 -143.45239 
    -54.31106 -143.53209 
    -54.93650 -143.64880 
    -55.55748 -143.79654 
    -56.17399 -143.97308 
    -56.77160 -144.20831 
    -57.35030 -144.48877 
    -57.91889 -144.79292 
    -58.46757 -145.13469 
    -58.99301 -145.51363 
    -59.49180 -145.92882 
    -59.96060 -146.37885 
    -60.39623 -146.86182 
    -60.79585 -147.37524 
    -61.15706 -147.91626 
    -61.47801 -148.48158 
    -61.75742 -149.06767 
    -61.99461 -149.67093 
    -62.18942 -150.28775 
    -62.34216 -150.91467 
    -62.45345 -151.54849 
    -62.52417 -152.18623 
    -62.55525 -152.82526 
Cell 4 100 -61.94133 -131.54723 
    -73.99580 -131.54723 
    -73.83443 -132.29547 
    -73.62324 -133.02299 
    -73.36649 -133.72668 
    -73.06841 -134.40417 
    -72.73310 -135.05368 
    -72.36441 -135.67401 
    -71.96586 -136.26440 
    -71.54060 -136.82446 
    -71.09138 -137.35402 
    -70.62055 -137.85306 
    -70.13014 -138.32159 
    -69.62182 -138.75969 
    -69.09702 -139.16727 
    -68.55699 -139.54419 
    -68.00284 -139.89018 
    -67.43562 -140.20485 
    -66.85637 -140.48766 
    -66.28681 -140.78186 
    -65.72012 -141.09138 
    -65.13142 -141.36531 
    -64.52281 -141.60144 
    -63.89678 -141.79807 
    -63.25596 -141.95364 
    -62.60317 -142.06688 
    -61.94133 -142.13683 
    -61.27345 -142.16277 
    -60.60263 -142.14409 
    -59.93196 -142.08067 
    -59.26453 -141.97266 
    -58.60346 -141.82011 
    -57.95210 -141.62286 
    -57.31432 -141.38011 
    -56.69297 -141.09395 
    -56.09114 -140.76564 
    -55.51189 -140.39659 
    -54.95816 -139.98842 
    -54.43277 -139.54303 
    -53.93834 -139.06253 
    -53.47735 -138.54924 
    -53.05207 -138.00565 
    -52.66456 -137.43445 
    -52.31664 -136.83844 
    -52.00988 -136.22061 
    -51.74563 -135.58398 
    -51.52496 -134.93170 
    -51.34869 -134.26695 
    -51.21736 -133.59293 
    -51.13129 -132.91286 
    -51.09054 -132.22990 
    -51.09493 -131.54723 
    -51.14406 -130.86792 
    -51.23731 -130.19499 
    -51.37390 -129.53139 
    -51.55283 -128.87991 
    -51.77296 -128.24332 
    -52.03301 -127.62424 
    -52.33154 -127.02520 
    -52.66699 -126.44862 
    -53.03769 -125.89680 
    -53.44181 -125.37196 
    -53.87745 -124.87621 
    -54.34256 -124.41151 
    -54.83496 -123.97972 
    -55.35239 -123.58257 
    -55.87098 -123.19211 
    -56.37185 -122.77114 
    -56.89833 -122.37406 
    -57.44987 -122.00240 
    -58.02589 -121.65796 
    -58.62573 -121.34288 
    -59.24857 -121.05961 
    -59.89328 -120.81096 
    -60.55837 -120.60002 
    -61.24189 -120.43006 
    -61.94133 -120.30451 
    -62.65355 -120.22675 
    -63.37482 -120.19999 
    -64.10076 -120.22708 
    -64.82965 -120.29795 
    -65.57448 -120.36552 
    -66.32156 -120.48403 
    -67.06635 -120.65601 
    -67.80375 -120.88352 
    -68.52811 -121.16812 
    -69.23336 -121.51061 
    -69.91315 -121.91095 
    -70.56100 -122.36821 
    -71.17052 -122.88044 
    -71.73556 -123.44473 
    -72.25044 -124.05721 
    -72.71014 -124.71313 
    -73.11042 -125.40697 
    -73.44801 -126.13260 
    -73.72061 -126.88348 
    -73.92706 -127.65283 
    -74.06719 -128.43384 
    -74.14194 -129.21983 
    -74.15308 -130.00452 
    -74.10328 -130.78206 
Cell 5 100 -5.11029 -141.03212 
    -15.54250 -141.03212 
    -15.56034 -141.68958 
    -15.53479 -142.34904 
    -15.46556 -143.00749 
    -15.35259 -143.66190 
    -15.19605 -144.30917 
    -14.99633 -144.94627 
    -14.75407 -145.57014 
    -14.47013 -146.17773 
    -14.14564 -146.76613 
    -13.78191 -147.33241 
    -13.38051 -147.87384 
    -12.94321 -148.38773 
    -12.47199 -148.87154 
    -11.96904 -149.32292 
    -11.43670 -149.73967 
    -10.87751 -150.11980 
    -10.29410 -150.46144 
    -9.68930 -150.76300 
    -9.06601 -151.02313 
    -8.42725 -151.24066 
    -7.77608 -151.41467 
    -7.11564 -151.54451 
    -6.44908 -151.62975 
    -5.77958 -151.67018 
    -5.11029 -151.66588 
    -4.44434 -151.61713 
    -3.78480 -151.52446 
    -3.13467 -151.38869 
    -2.49688 -151.21069 
    -1.87421 -150.99174 
    -1.26937 -150.73317 
    -0.68491 -150.43654 
    -0.12321 -150.10358 
    0.41346 -149.73616 
    0.92305 -149.33629 
    1.40365 -148.90613 
    1.85355 -148.44786 
    2.22120 -147.91685 
    2.54234 -147.36293 
    2.84543 -146.81230 
    3.13754 -146.26636 
    3.41703 -145.72006 
    3.68304 -145.16994 
    3.93529 -144.61353 
    4.17410 -144.04881 
    4.40066 -143.47411 
    4.61711 -142.88773 
    4.82857 -142.28769 
    5.04490 -141.67102 
    5.28543 -141.03212 
    5.88614 -140.34029 
    6.25402 -139.59647 
    6.47080 -138.82291 
    6.61742 -138.02095 
    6.66414 -137.20638 
    6.58457 -136.40179 
    6.36199 -135.63367 
    5.99305 -134.92801 
    5.48873 -134.30577 
    4.87249 -133.77921 
    4.17584 -133.34996 
    3.43277 -133.00966 
    2.67430 -132.74237 
    1.92448 -132.52855 
    1.19844 -132.34889 
    0.50256 -132.18768 
    -0.13774 -131.98708 
    -0.72926 -131.72195 
    -1.33386 -131.49394 
    -1.94920 -131.30330 
    -2.57304 -131.15018 
    -3.19011 -130.96616 
    -3.81315 -130.76422 
    -4.45258 -130.57819 
    -5.11029 -130.27711 
    -5.84184 -129.40456 
    -6.50650 -129.98000 
    -7.18423 -130.16014 
    -7.87426 -130.26717 
    -8.53499 -130.49197 
    -9.16107 -130.80103 
    -9.76795 -131.13409 
    -10.36015 -131.48267 
    -10.93940 -131.84691 
    -11.47430 -132.27281 
    -11.93613 -132.78110 
    -12.33608 -133.33743 
    -12.70426 -133.90091 
    -13.04689 -134.46640 
    -13.36793 -135.03259 
    -13.66877 -135.60074 
    -13.94859 -136.17322 
    -14.27089 -136.72147 
    -14.56715 -137.28789 
    -14.82760 -137.87477 
    -15.05065 -138.47987 
    -15.23486 -139.10075 
    -15.37895 -139.73489 
    -15.48180 -140.37959 
Cell 6 100 12.11851 -149.65007 
    1.38108 -149.65007 
    1.26173 -150.33311 
    1.23001 -151.02560 
    1.27411 -151.71875 
    1.38172 -152.40681 
    1.54486 -153.08566 
    1.76049 -153.75110 
    2.02268 -154.40080 
    2.32964 -155.03154 
    2.67990 -155.64000 
    3.07170 -156.22296 
    3.50304 -156.77740 
    3.97169 -157.30045 
    4.47517 -157.78941 
    5.01078 -158.24185 
    5.57566 -158.65553 
    6.16678 -159.02850 
    6.78096 -159.35904 
    7.41491 -159.64574 
    8.06525 -159.88745 
    8.72856 -160.08327 
    9.40136 -160.23268 
    10.08019 -160.33533 
    10.76158 -160.39131 
    11.44214 -160.40079 
    12.11851 -160.36444 
    12.78748 -160.28297 
    13.44591 -160.15746 
    14.09080 -159.98918 
    14.71935 -159.77965 
    15.32887 -159.53055 
    15.91689 -159.24367 
    16.50304 -158.96767 
    17.10009 -158.71153 
    17.68425 -158.42026 
    18.25352 -158.09418 
    18.80582 -157.73364 
    19.33892 -157.33904 
    19.85045 -156.91084 
    20.33787 -156.44971 
    20.79850 -155.95645 
    21.22953 -155.43210 
    21.62805 -154.87799 
    21.99112 -154.29576 
    22.31575 -153.68744 
    22.59909 -153.05542 
    22.83840 -152.40247 
    23.03119 -151.73178 
    23.17530 -151.04686 
    23.26893 -150.35159 
    23.31079 -149.65007 
    23.30005 -148.94659 
    23.23646 -148.24554 
    23.12034 -147.55136 
    22.95258 -146.86835 
    22.73459 -146.20070 
    22.46830 -145.55231 
    22.15606 -144.92676 
    21.80060 -144.32730 
    21.40494 -143.75673 
    20.97230 -143.21742 
    20.50601 -142.71133 
    20.00944 -142.24001 
    19.48592 -141.80458 
    18.93869 -141.40588 
    18.37087 -141.04445 
    17.78537 -140.72054 
    17.18495 -140.43425 
    16.57216 -140.18559 
    15.94937 -139.97443 
    15.31880 -139.80060 
    14.68252 -139.66393 
    14.04248 -139.56425 
    13.43034 -139.26588 
    12.79399 -138.91365 
    12.11851 -138.52139 
    11.39332 -138.12349 
    10.61907 -137.78076 
    9.81376 -137.56810 
    9.01229 -137.55214 
    8.25771 -137.76775 
    7.58697 -138.20471 
    7.01812 -138.81117 
    6.54532 -139.51247 
    6.09956 -140.16573 
    5.59672 -140.67360 
    5.19276 -141.27827 
    4.93088 -141.99602 
    4.69176 -142.67589 
    4.45970 -143.31415 
    4.22641 -143.91612 
    3.98753 -144.48999 
    3.74013 -145.04401 
    3.48187 -145.58597 
    3.21076 -146.12325 
    2.92531 -146.66301 
    2.62510 -147.21257 
    2.30201 -147.77747 
    1.92382 -148.36218 
    1.59878 -148.98822 
Cell 7 100 35.33221 -128.66046 
    24.91447 -128.66046 
    24.89424 -129.31717 
    24.91730 -129.97617 
    24.98400 -130.63449 
    25.09443 -131.28908 
    25.24848 -131.93686 
    25.44578 -132.57477 
    25.68573 -133.19975 
    25.96751 -133.80875 
    26.29004 -134.39880 
    26.65199 -134.96701 
    27.05187 -135.51054 
    27.48792 -136.02675 
    27.95815 -136.51303 
    28.46044 -136.96701 
    28.99243 -137.38641 
    29.55161 -137.76923 
    30.13531 -138.11359 
    30.74075 -138.41782 
    31.36499 -138.68053 
    32.00501 -138.90053 
    32.65774 -139.07684 
    33.32001 -139.20880 
    33.98864 -139.29590 
    34.66044 -139.33798 
    35.33221 -139.33501 
    36.00079 -139.28732 
    36.66308 -139.19539 
    37.31602 -139.05998 
    37.95667 -138.88205 
    38.58216 -138.66278 
    39.18977 -138.40355 
    39.77691 -138.10594 
    40.34114 -137.77167 
    40.88017 -137.40265 
    41.39190 -137.00092 
    41.87441 -136.56862 
    42.32597 -136.10806 
    42.79696 -135.67033 
    43.24995 -135.21059 
    43.67807 -134.72409 
    44.07995 -134.21194 
    44.45417 -133.67531 
    44.79928 -133.11533 
    45.11371 -132.53323 
    45.39582 -131.93033 
    45.64384 -131.30804 
    45.85595 -130.66797 
    46.03020 -130.01193 
    46.16465 -129.34198 
    46.25731 -128.66046 
    46.30627 -127.97003 
    46.30974 -127.27367 
    46.26610 -126.57471 
    46.17400 -125.87676 
    46.03245 -125.18375 
    45.84084 -124.49980 
    45.59905 -123.82925 
    45.30747 -123.17651 
    44.96706 -122.54601 
    44.57932 -121.94205 
    44.14633 -121.36879 
    43.67069 -120.83010 
    43.15551 -120.32949 
    42.60430 -119.87002 
    42.08625 -119.36433 
    41.53080 -118.89304 
    40.92148 -118.49361 
    40.26682 -118.17388 
    39.57751 -117.93804 
    38.86544 -117.78628 
    38.14255 -117.71490 
    37.41981 -117.71687 
    36.70639 -117.78275 
    36.01282 -117.84253 
    35.33221 -117.67265 
    34.63212 -117.53284 
    33.91446 -117.43779 
    33.18341 -117.39606 
    32.44517 -117.41617 
    31.70778 -117.50563 
    30.98084 -117.67015 
    30.27477 -117.91284 
    29.60007 -118.23374 
    29.03500 -118.73765 
    28.61412 -119.41380 
    28.22742 -120.07224 
    27.88390 -120.72882 
    27.59621 -121.39587 
    27.35611 -122.06206 
    27.12884 -122.70036 
    26.91498 -123.31873 
    26.71260 -123.92179 
    26.51581 -124.51178 
    26.32397 -125.09385 
    26.13268 -125.67136 
    25.93664 -126.24809 
    25.72896 -126.82854 
    25.49979 -127.41833 
    25.23641 -128.02530 
Cell 8 100 46.45069 -147.77554 
    36.41892 -147.77554 
    36.44099 -148.40530 
    36.49413 -149.03336 
    36.58490 -149.65755 
    36.71472 -150.27531 
    36.88339 -150.88414 
    37.09035 -151.48157 
    37.33484 -152.06512 
    37.61596 -152.63248 
    37.93266 -153.18124 
    38.28369 -153.70921 
    38.66773 -154.21416 
    39.08326 -154.69402 
    39.52863 -155.14677 
    40.00209 -155.57056 
    40.50172 -155.96359 
    41.02553 -156.32422 
    41.57138 -156.65096 
    42.13709 -156.94240 
    42.72033 -157.19734 
    43.31873 -157.41472 
    43.92984 -157.59361 
    44.55115 -157.73326 
    45.18012 -157.83310 
    45.81417 -157.89272 
    46.45069 -157.91185 
    47.08706 -157.89046 
    47.72069 -157.82864 
    48.34896 -157.72667 
    48.96932 -157.58496 
    49.57922 -157.40417 
    50.17618 -157.18506 
    50.75777 -156.92857 
    51.32166 -156.63580 
    51.86554 -156.30798 
    52.38724 -155.94650 
    52.88469 -155.55292 
    53.35589 -155.12885 
    53.79900 -154.67607 
    54.21228 -154.19649 
    54.59412 -153.69209 
    54.94305 -153.16496 
    55.25775 -152.61726 
    55.53703 -152.05125 
    55.77986 -151.46922 
    55.98536 -150.87355 
    56.15281 -150.26663 
    56.28163 -149.65089 
    56.37189 -149.02888 
    56.43213 -148.40352 
    56.45298 -147.77554 
    56.43435 -147.14743 
    56.37629 -146.52165 
    56.27903 -145.90068 
    56.14294 -145.28700 
    55.96853 -144.68301 
    55.75650 -144.09111 
    55.50766 -143.51366 
    55.22299 -142.95293 
    54.90583 -142.40974 
    54.55939 -141.88423 
    54.18442 -141.37764 
    53.78328 -140.88979 
    53.35807 -140.41992 
    52.91031 -139.96721 
    52.44051 -139.53125 
    51.94809 -139.11302 
    51.43145 -138.71556 
    50.88855 -138.34459 
    50.41862 -137.75369 
    49.92467 -137.08371 
    49.22226 -136.98097 
    48.44715 -137.30971 
    47.78573 -137.20760 
    47.11756 -137.17595 
    46.45069 -137.03395 
    45.77310 -137.00562 
    45.11988 -137.24112 
    44.51110 -137.60789 
    43.90244 -137.85077 
    43.30500 -138.09412 
    42.72326 -138.36113 
    42.15704 -138.65108 
    41.60688 -138.96469 
    41.07402 -139.30328 
    40.56035 -139.66820 
    40.06807 -140.06029 
    39.59751 -140.47765 
    39.15345 -140.92297 
    38.73829 -141.39529 
    38.35367 -141.89272 
    38.00111 -142.41328 
    37.68200 -142.95491 
    37.39756 -143.51547 
    37.14894 -144.09273 
    36.92596 -144.68077 
    36.69920 -145.27179 
    36.52748 -145.88260 
    36.44088 -146.51102 
    36.41702 -147.14427 
Cell 9 100 68.53183 -150.27315 
    57.69942 -150.27315 
    57.67813 -150.95601 
    57.68728 -151.64313 
    57.73817 -152.33215 
    57.83527 -153.01956 
    57.98920 -153.69865 
    58.18997 -154.36778 
    58.43707 -155.02338 
    58.72961 -155.66196 
    59.06644 -156.28006 
    59.44608 -156.87433 
    59.86678 -157.44150 
    60.32642 -157.97853 
    60.82269 -158.48254 
    61.35302 -158.95084 
    61.91461 -159.38097 
    62.50447 -159.77074 
    63.11945 -160.11823 
    63.75623 -160.42180 
    64.41141 -160.68015 
    65.08144 -160.89236 
    65.76283 -161.05769 
    66.45201 -161.17593 
    67.14549 -161.24712 
    67.83985 -161.27179 
    68.53183 -161.25067 
    69.21835 -161.18497 
    69.89657 -161.07617 
    70.56398 -160.92607 
    71.21841 -160.73669 
    71.85806 -160.51022 
    72.48153 -160.24895 
    73.08782 -159.95512 
    73.67629 -159.63089 
    74.24655 -159.27811 
    74.79851 -158.89848 
    75.33196 -158.49309 
    75.84679 -158.06279 
    76.34239 -157.60776 
    76.81783 -157.12791 
    77.27145 -156.62285 
    77.70094 -156.09204 
    78.10306 -155.53497 
    78.47141 -154.95036 
    78.79114 -154.33510 
    79.07318 -153.69824 
    79.31461 -153.04170 
    79.50562 -152.36652 
    79.63931 -151.67635 
    79.71232 -150.97656 
    79.72197 -150.27315 
    79.66649 -149.57262 
    79.54660 -148.88165 
    79.36440 -148.20673 
    79.12321 -147.55374 
    78.82915 -146.92734 
    78.68831 -146.25191 
    78.50661 -145.57938 
    78.28004 -144.91402 
    78.00704 -144.25999 
    77.68646 -143.62192 
    77.31769 -143.00485 
    76.90079 -142.41417 
    76.43666 -141.85536 
    75.92702 -141.33391 
    75.37450 -140.85501 
    74.78263 -140.42346 
    74.15569 -140.04337 
    73.49867 -139.71808 
    72.81702 -139.44998 
    72.11655 -139.24049 
    71.40317 -139.09001 
    70.68269 -138.99796 
    69.96066 -138.96286 
    69.24218 -138.98250 
    68.53183 -139.05405 
    67.83355 -139.17430 
    67.15062 -139.33977 
    66.48569 -139.54694 
    65.84082 -139.79237 
    65.21755 -140.07285 
    64.61701 -140.38544 
    64.04002 -140.72758 
    63.48724 -141.09708 
    62.95918 -141.49207 
    62.45638 -141.91101 
    61.97940 -142.35263 
    61.52893 -142.81581 
    60.99661 -143.19711 
    60.45066 -143.58781 
    59.90068 -144.00226 
    59.35669 -144.45042 
    58.83701 -144.94337 
    58.36663 -145.48976 
    57.97288 -146.09256 
    57.67944 -146.74699 
    57.50047 -147.44078 
    57.43700 -148.15669 
    57.47686 -148.87659 
    57.59823 -149.58527 
Cell 10 100 83.13071 -131.24266 
    71.95867 -131.24266 
    71.68578 -131.96271 
    71.33237 -132.73314 
    71.43559 -133.47363 
    71.86372 -134.13553 
    72.32042 -134.75514 
    72.79221 -135.33595 
    73.26966 -135.88292 
    73.74738 -136.40118 
    74.22358 -136.89529 
    74.69917 -137.36855 
    75.17682 -137.82269 
    75.66006 -138.25807 
    76.15247 -138.67372 
    76.65720 -139.06779 
    77.17655 -139.43787 
    77.71194 -139.78128 
    78.26385 -140.09544 
    78.83199 -140.37793 
    79.41535 -140.62660 
    80.01245 -140.83969 
    80.62141 -141.01575 
    81.24010 -141.15364 
    81.86617 -141.25253 
    82.49721 -141.31195 
    83.13071 -141.33414 
    83.76453 -141.31688 
    84.39625 -141.26039 
    85.02351 -141.16507 
    85.64404 -141.03143 
    86.25564 -140.86018 
    86.85619 -140.65215 
    87.44373 -140.40829 
    88.01639 -140.12967 
    88.57243 -139.81743 
    89.11026 -139.47279 
    89.62841 -139.09703 
    90.12553 -138.69138 
    90.60037 -138.25714 
    91.05179 -137.79555 
    91.47866 -137.30780 
    91.87991 -136.79507 
    92.25446 -136.25848 
    92.60118 -135.69913 
    92.91885 -135.11806 
    93.20613 -134.51636 
    93.46157 -133.89517 
    93.68353 -133.25572 
    93.87022 -132.59938 
    94.01971 -131.92773 
    94.12995 -131.24266 
    94.19878 -130.54631 
    94.22404 -129.84125 
    94.20361 -129.13039 
    94.13554 -128.41710 
    94.01807 -127.70515 
    93.84982 -126.99867 
    93.62979 -126.30217 
    93.35754 -125.62041 
    93.03323 -124.95834 
    92.65763 -124.32095 
    92.23190 -123.71351 
    91.68204 -123.21243 
    91.00634 -122.85596 
    90.28612 -122.59326 
    89.51403 -122.45677 
    88.80064 -122.30829 
    88.12917 -122.15051 
    87.48421 -121.99101 
    86.85596 -121.83377 
    86.23775 -121.68019 
    85.62459 -121.52966 
    85.01220 -121.37957 
    84.39627 -121.22477 
    83.77145 -121.05835 
    83.13071 -120.86735 
    82.46334 -120.63508 
    81.76367 -120.42145 
    81.09579 -120.57519 
    80.45238 -120.81123 
    79.82925 -121.08182 
    79.22768 -121.38474 
    78.64874 -121.71797 
    78.09332 -122.07968 
    77.56228 -122.46822 
    77.00874 -122.81649 
    76.38724 -123.09120 
    75.75426 -123.38754 
    75.10963 -123.71037 
    74.49747 -124.10063 
    74.24020 -124.78333 
    73.95132 -125.41724 
    73.71079 -126.06402 
    73.47618 -126.69958 
    73.23549 -127.32487 
    72.99986 -127.95095 
    72.77595 -128.58400 
    72.56528 -129.22719 
    72.36726 -129.88292 
    72.17213 -130.55321 
Cell 11 100 120.66505 -140.11687 
    110.50002 -140.11687 
    110.51059 -140.75574 
    110.56199 -141.39319 
    110.65410 -142.02657 
    110.78663 -142.65321 
    110.95911 -143.27052 
    111.17090 -143.87587 
    111.42117 -144.46671 
    111.70892 -145.04054 
    112.03300 -145.59494 
    112.39205 -146.12755 
    112.78461 -146.63614 
    113.20905 -147.11853 
    113.66356 -147.57271 
    114.14625 -147.99675 
    114.65508 -148.38890 
    115.18788 -148.74751 
    115.74241 -149.07112 
    116.31632 -149.35840 
    116.90717 -149.60818 
    117.51248 -149.81949 
    118.12968 -149.99152 
    118.75617 -150.12360 
    119.38933 -150.21529 
    120.02650 -150.26631 
    120.66505 -150.27657 
    121.30234 -150.24617 
    121.93575 -150.17540 
    122.56271 -150.06473 
    123.18076 -149.91487 
    123.78749 -149.72675 
    124.38070 -149.50151 
    124.95833 -149.24054 
    125.51864 -148.94551 
    126.06021 -148.61827 
    126.58207 -148.26094 
    127.08373 -147.87572 
    127.56528 -147.46486 
    128.02731 -147.03049 
    128.47090 -146.57443 
    128.89734 -146.09798 
    129.30786 -145.60176 
    129.70316 -145.08560 
    130.08296 -144.54860 
    130.44550 -143.98921 
    130.78709 -143.40572 
    131.10199 -142.79662 
    131.38242 -142.16132 
    131.61902 -141.50067 
    131.80170 -140.81752 
    131.92058 -140.11687 
    131.96715 -139.40581 
    131.93541 -138.69308 
    131.82271 -137.98843 
    131.95157 -137.21898 
    132.13828 -136.38899 
    131.78000 -135.71616 
    130.98589 -135.26025 
    130.19565 -134.87738 
    129.72157 -134.36943 
    129.22212 -133.89980 
    128.70534 -133.46536 
    128.17711 -133.06258 
    127.64114 -132.68810 
    127.09925 -132.33926 
    126.57644 -131.98055 
    126.05997 -131.61583 
    125.52464 -131.27731 
    124.97233 -130.96346 
    124.40406 -130.67320 
    123.81989 -130.40729 
    123.21916 -130.16925 
    122.60140 -129.96616 
    121.96738 -129.80785 
    121.32011 -129.70500 
    120.66505 -129.66641 
    120.00945 -129.69629 
    119.33854 -129.61642 
    118.61819 -129.38683 
    117.85770 -129.18294 
    117.08530 -129.09953 
    116.35223 -129.22394 
    115.71068 -129.58829 
    115.18576 -130.15007 
    114.76268 -130.81622 
    114.39875 -131.49205 
    114.04952 -132.12006 
    113.68907 -132.68820 
    113.31406 -133.21382 
    112.93528 -133.72224 
    112.54132 -134.21463 
    112.17495 -134.72888 
    111.84134 -135.26599 
    111.54196 -135.82387 
    111.27818 -136.40034 
    111.05121 -136.99313 
    110.86210 -137.59990 
    110.71175 -138.21817 
    110.60094 -138.84547 
    110.53022 -139.47923 
Cell 12 100 -119.67057 -121.26889 
    -129.68176 -121.26889 
    -129.65985 -121.89736 
    -130.04933 -122.58003 
    -130.41301 -123.31812 
    -130.71561 -124.10477 
    -130.95161 -124.93433 
    -131.11603 -125.80047 
    -131.20482 -126.69650 
    -131.21455 -127.61525 
    -131.14287 -128.54942 
    -130.98770 -129.49126 
    -130.74815 -130.43306 
    -130.42389 -131.36693 
    -130.01534 -132.28494 
    -126.90765 -130.01701 
    -125.73722 -129.61891 
    -125.00406 -129.67313 
    -124.40501 -129.88080 
    -123.84090 -130.13129 
    -123.27390 -130.36987 
    -122.68975 -130.56097 
    -122.09392 -130.70718 
    -121.49371 -130.82614 
    -120.89111 -130.93044 
    -120.28381 -131.01610 
    -119.67057 -131.07062 
    -119.05209 -131.09944 
    -118.38823 -131.41962 
    -117.82521 -130.94263 
    -117.28445 -130.56223 
    -116.77820 -130.17072 
    -116.31329 -129.74840 
    -115.87477 -129.33537 
    -115.45159 -128.94319 
    -115.03604 -128.57175 
    -114.62183 -128.21788 
    -114.20366 -127.87726 
    -113.77740 -127.54449 
    -113.34164 -127.21214 
    -112.89174 -126.87683 
    -112.42645 -126.53205 
    -111.94778 -126.16993 
    -111.46204 -125.78156 
    -110.98322 -125.35685 
    -110.52710 -124.88905 
    -109.91436 -124.43887 
    -109.09834 -123.98338 
    -107.88611 -123.51690 
    -106.06701 -122.98742 
    -106.43484 -122.10161 
    -106.86160 -121.26889 
    -107.23666 -120.48662 
    -107.56567 -119.73969 
    -107.91362 -119.02613 
    -107.91431 -118.25040 
    -108.17558 -117.53394 
    -108.74509 -116.94318 
    -109.47909 -116.47314 
    -110.21902 -116.07285 
    -110.82587 -115.65587 
    -111.08884 -115.03390 
    -111.38512 -114.41457 
    -111.72069 -113.80345 
    -112.10186 -113.20904 
    -112.53412 -112.64240 
    -113.02092 -112.11643 
    -113.56271 -111.64445 
    -114.15636 -111.23858 
    -114.79519 -110.90817 
    -115.46963 -110.65853 
    -116.16837 -110.49022 
    -116.87971 -110.39923 
    -117.59298 -110.37778 
    -118.29949 -110.41569 
    -118.99317 -110.50195 
    -119.67057 -110.62625 
    -120.33047 -110.78011 
    -120.97320 -110.95753 
    -121.59988 -111.15514 
    -122.21170 -111.37183 
    -122.80949 -111.60830 
    -123.39334 -111.86625 
    -123.96262 -112.14782 
    -124.51603 -112.45503 
    -125.05176 -112.78950 
    -125.56853 -113.15105 
    -126.06613 -113.53798 
    -126.53834 -113.95546 
    -126.98325 -114.40182 
    -127.39913 -114.87527 
    -127.78432 -115.37391 
    -128.13730 -115.89574 
    -128.45667 -116.43870 
    -128.74118 -117.00059 
    -128.98972 -117.57919 
    -129.20131 -118.17217 
    -129.37514 -118.77718 
    -129.51053 -119.39182 
    -129.60698 -120.01363 
    -129.66412 -120.64015 
Cell 13 100 -74.84481 -106.24339 
    -84.58575 -106.24339 
    -84.67734 -106.86200 
    -84.84123 -107.50623 
    -84.88427 -108.15852 
    -84.75456 -108.78779 
    -84.58459 -109.40804 
    -84.37496 -110.01665 
    -84.12644 -110.61100 
    -83.84000 -111.18855 
    -83.51679 -111.74680 
    -83.15811 -112.28336 
    -82.76544 -112.79591 
    -82.34043 -113.28225 
    -81.88484 -113.74026 
    -81.40063 -114.16801 
    -80.88983 -114.56365 
    -80.35464 -114.92550 
    -79.79735 -115.25202 
    -79.22034 -115.54187 
    -78.62610 -115.79383 
    -78.01717 -116.00689 
    -77.39615 -116.18020 
    -76.76571 -116.31310 
    -76.12854 -116.40513 
    -75.48734 -116.45598 
    -74.84481 -116.46556 
    -74.20367 -116.43396 
    -73.56660 -116.36144 
    -72.93624 -116.24847 
    -72.31518 -116.09566 
    -71.70594 -115.90384 
    -71.11098 -115.67397 
    -70.53265 -115.40721 
    -69.97319 -115.10484 
    -69.42330 -114.78633 
    -68.87929 -114.45423 
    -68.35379 -114.08968 
    -67.84869 -113.69350 
    -67.36591 -113.26655 
    -66.90745 -112.80975 
    -66.47540 -112.32413 
    -66.07194 -111.81083 
    -65.69934 -111.27116 
    -65.35993 -110.70663 
    -65.05608 -110.11903 
    -64.79013 -109.51035 
    -64.56438 -108.88296 
    -64.38098 -108.23948 
    -64.24189 -107.58286 
    -64.14880 -106.91633 
    -64.10305 -106.24339 
    -64.10558 -105.56774 
    -64.15691 -104.89320 
    -64.25703 -104.22366 
    -64.40549 -103.56303 
    -64.60134 -102.91508 
    -64.84314 -102.28345 
    -65.12908 -101.67152 
    -65.39187 -101.04659 
    -65.65645 -100.41228 
    -65.96185 -99.78954 
    -66.30909 -99.18203 
    -66.69891 -98.59388 
    -67.13161 -98.02967 
    -67.60695 -97.49432 
    -68.12396 -96.99294 
    -68.68095 -96.53071 
    -69.27538 -96.11263 
    -69.90388 -95.74339 
    -70.56233 -95.42709 
    -71.24591 -95.16712 
    -71.94928 -94.96604 
    -72.66671 -94.82538 
    -73.39231 -94.74568 
    -74.12022 -94.72646 
    -74.84481 -94.76627 
    -75.56081 -94.86282 
    -76.26353 -95.01311 
    -76.94885 -95.21363 
    -77.61338 -95.46052 
    -78.25440 -95.74976 
    -78.86983 -96.07735 
    -79.45819 -96.43945 
    -80.01848 -96.83253 
    -80.55005 -97.25338 
    -81.05254 -97.69918 
    -81.52574 -98.16754 
    -81.97005 -98.65578 
    -82.17172 -99.36296 
    -82.43026 -99.96816 
    -82.74415 -100.50420 
    -83.08171 -101.01610 
    -83.40180 -101.53915 
    -83.68935 -102.08147 
    -83.93646 -102.64375 
    -84.11681 -103.23074 
    -84.23711 -103.83186 
    -84.33931 -104.43222 
    -84.43046 -105.03244 
    -84.51268 -105.63515 
Cell 14 100 -49.72598 -113.29774 
    -60.28212 -113.29774 
    -60.27024 -113.96113 
    -60.21868 -114.62328 
    -60.12662 -115.28176 
    -59.99347 -115.93398 
    -59.81897 -116.57715 
    -59.60319 -117.20840 
    -59.34655 -117.82483 
    -59.04980 -118.42355 
    -58.71405 -119.00174 
    -58.34062 -119.55664 
    -57.93115 -120.08565 
    -57.48748 -120.58627 
    -57.00085 -121.04469 
    -56.48307 -121.46565 
    -55.94197 -121.85331 
    -55.38206 -122.21029 
    -54.80463 -122.53577 
    -54.21017 -122.82713 
    -53.59955 -123.08126 
    -52.97430 -123.29504 
    -52.33707 -123.46729 
    -51.69027 -123.59489 
    -51.03727 -123.67770 
    -50.38143 -123.71580 
    -49.72598 -123.73466 
    -49.06799 -123.75616 
    -48.40654 -123.74218 
    -47.74304 -123.69269 
    -47.07887 -123.60754 
    -46.41545 -123.48649 
    -45.75424 -123.32920 
    -45.12017 -123.08558 
    -44.77400 -122.30535 
    -44.41027 -121.67396 
    -44.02928 -121.13857 
    -43.63955 -120.65498 
    -43.24519 -120.19908 
    -42.84760 -119.75697 
    -42.44651 -119.31984 
    -42.03654 -118.88445 
    -41.62010 -118.44189 
    -41.19331 -117.98862 
    -40.74912 -117.52193 
    -40.27824 -117.03837 
    -39.76470 -116.53436 
    -39.18119 -116.00518 
    -38.49299 -115.44054 
    -37.83622 -114.79977 
    -37.25463 -114.08237 
    -37.20297 -113.29774 
    -37.21640 -112.51070 
    -37.29518 -111.72736 
    -37.43872 -110.95382 
    -37.64553 -110.19601 
    -37.91331 -109.45957 
    -38.23903 -108.74973 
    -38.61897 -108.07117 
    -39.04889 -107.42796 
    -39.52415 -106.82346 
    -40.03985 -106.26035 
    -40.59095 -105.74059 
    -41.17244 -105.26543 
    -41.77941 -104.83550 
    -42.40722 -104.45087 
    -42.96664 -103.99430 
    -43.53997 -103.55014 
    -44.18745 -103.22320 
    -44.88753 -103.01551 
    -45.61415 -102.91245 
    -46.34360 -102.88784 
    -47.05941 -102.91212 
    -47.74208 -102.89779 
    -48.40933 -102.87540 
    -49.07101 -102.88739 
    -49.72598 -102.93298 
    -50.37313 -103.01157 
    -51.01138 -103.12271 
    -51.63963 -103.26605 
    -52.27133 -103.38424 
    -52.90873 -103.50224 
    -53.54517 -103.65158 
    -54.17877 -103.83508 
    -54.80634 -104.05659 
    -55.42307 -104.32057 
    -56.02248 -104.63136 
    -56.59680 -104.99234 
    -57.13758 -105.40518 
    -57.63653 -105.86923 
    -58.08652 -106.38129 
    -58.48242 -106.93581 
    -58.82164 -107.52546 
    -59.10430 -108.14196 
    -59.33280 -108.77711 
    -59.55839 -109.40481 
    -59.77275 -110.03335 
    -59.94913 -110.67287 
    -60.08826 -111.32103 
    -60.19038 -111.97578 
    -60.25520 -112.63529 
Cell 15 100 -60.84390 -86.80545 
    -71.31998 -86.80545 
    -71.20770 -87.45748 
    -71.10898 -88.10223 
    -71.00189 -88.74319 
    -70.85717 -89.37642 
    -70.67557 -89.99995 
    -70.45784 -90.61188 
    -70.20467 -91.21029 
    -69.91676 -91.79330 
    -69.59483 -92.35896 
    -69.23961 -92.90529 
    -68.85193 -93.43027 
    -68.43272 -93.93183 
    -67.98307 -94.40789 
    -67.50420 -94.85636 
    -66.99750 -95.27515 
    -66.46459 -95.66224 
    -65.90726 -96.01566 
    -65.32750 -96.33357 
    -64.72747 -96.61422 
    -64.10954 -96.85604 
    -63.47621 -97.05762 
    -62.83015 -97.21774 
    -62.17415 -97.33541 
    -61.51107 -97.40983 
    -60.84390 -97.44044 
    -60.17566 -97.42693 
    -59.50939 -97.36920 
    -58.84817 -97.26744 
    -58.19506 -97.12202 
    -57.55307 -96.93359 
    -56.92518 -96.70302 
    -56.31428 -96.43140 
    -55.72317 -96.12003 
    -55.15454 -95.77045 
    -54.61095 -95.38437 
    -54.09484 -94.96366 
    -53.60846 -94.51042 
    -53.15390 -94.02685 
    -52.73307 -93.51531 
    -52.34771 -92.97830 
    -51.93882 -92.45679 
    -51.54367 -91.91830 
    -51.18198 -91.35201 
    -50.85725 -90.75945 
    -50.57303 -90.14265 
    -50.33277 -89.50425 
    -50.13969 -88.84739 
    -49.99661 -88.17578 
    -49.90578 -87.49362 
    -49.86879 -86.80545 
    -49.88643 -86.11607 
    -49.95866 -85.43033 
    -50.08464 -84.75301 
    -50.26271 -84.08866 
    -50.49053 -83.44144 
    -50.76520 -82.81501 
    -51.08341 -82.21251 
    -51.44158 -81.63648 
    -51.83604 -81.08889 
    -51.81289 -80.24404 
    -51.33952 -78.94273 
    -52.77278 -79.22616 
    -53.70751 -79.20596 
    -54.23361 -78.81498 
    -54.72654 -78.38562 
    -55.21431 -77.93463 
    -55.72721 -77.49821 
    -56.26608 -77.07707 
    -56.83204 -76.67265 
    -57.42635 -76.28732 
    -58.05014 -75.92448 
    -58.70418 -75.58862 
    -59.38857 -75.28533 
    -60.10249 -75.02109 
    -60.84390 -74.80308 
    -61.60936 -74.63881 
    -62.39393 -74.53573 
    -63.19115 -74.50072 
    -63.99323 -74.53966 
    -64.79121 -74.65688 
    -65.57545 -74.85493 
    -66.33598 -75.13419 
    -67.06308 -75.49281 
    -67.74773 -75.92676 
    -68.38212 -76.42999 
    -68.95998 -76.99480 
    -69.47691 -77.61224 
    -69.93040 -78.27265 
    -70.31995 -78.96619 
    -70.64673 -79.68328 
    -70.91347 -80.41512 
    -71.12399 -81.15392 
    -71.28288 -81.89324 
    -71.39501 -82.62798 
    -71.46523 -83.35438 
    -71.49799 -84.06995 
    -71.49715 -84.77324 
    -71.46581 -85.46359 
    -71.40627 -86.14092 
Cell 16 100 -34.17751 -124.39481 
    -45.12871 -124.39481 
    -45.03675 -125.07802 
    -44.89335 -125.74854 
    -44.70332 -126.40272 
    -44.47160 -127.03789 
    -44.20289 -127.65225 
    -43.94450 -128.26184 
    -43.67305 -128.86307 
    -43.37110 -129.44904 
    -43.03897 -130.01846 
    -42.68878 -130.57861 
    -42.30249 -131.11638 
    -41.88292 -131.63068 
    -41.43135 -132.11937 
    -40.94949 -132.58073 
    -40.43920 -133.01329 
    -39.90104 -133.41365 
    -39.33670 -133.77934 
    -38.74817 -134.10796 
    -38.13733 -134.39616 
    -37.50713 -134.64232 
    -36.86073 -134.84528 
    -36.20129 -135.00386 
    -35.53204 -135.11702 
    -34.85633 -135.18442 
    -34.17751 -135.20552 
    -33.49898 -135.17979 
    -32.82419 -135.10745 
    -32.15656 -134.98900 
    -31.49942 -134.82530 
    -30.85604 -134.61725 
    -30.22980 -134.36560 
    -29.62320 -134.07321 
    -29.03903 -133.74167 
    -28.47987 -133.37285 
    -27.94815 -132.96880 
    -27.44609 -132.53171 
    -26.97575 -132.06390 
    -26.53900 -131.56786 
    -26.13743 -131.04614 
    -25.77250 -130.50140 
    -25.44540 -129.93637 
    -25.15711 -129.35382 
    -24.91572 -128.75308 
    -24.71910 -128.13966 
    -24.57079 -127.51623 
    -24.48645 -126.88306 
    -24.38138 -126.26352 
    -24.32823 -125.63907 
    -24.29725 -125.01643 
    -24.29327 -124.39481 
    -24.31339 -123.77422 
    -24.35929 -123.15448 
    -24.42048 -122.53356 
    -24.50645 -121.91171 
    -24.61194 -121.28677 
    -24.73178 -120.65498 
    -24.90671 -120.03231 
    -25.12250 -119.41678 
    -25.36250 -118.80064 
    -25.62811 -118.18331 
    -25.92216 -117.56539 
    -26.24884 -116.94930 
    -26.61329 -116.33974 
    -27.02098 -115.74406 
    -27.47684 -115.17214 
    -27.98433 -114.63593 
    -28.54459 -114.14856 
    -29.15581 -113.72315 
    -29.81304 -113.37141 
    -30.50836 -113.10233 
    -31.23157 -112.92115 
    -31.97117 -112.82879 
    -32.71550 -112.82185 
    -33.45389 -112.89317 
    -34.17751 -113.03278 
    -34.87999 -113.22929 
    -35.55749 -113.47114 
    -36.20854 -113.74776 
    -36.83958 -114.02673 
    -37.44671 -114.33324 
    -37.93738 -114.89846 
    -38.42314 -115.37239 
    -38.91143 -115.78385 
    -39.38464 -116.18969 
    -39.83695 -116.60526 
    -40.26999 -117.03027 
    -40.68928 -117.46048 
    -41.10180 -117.89247 
    -41.51207 -118.32715 
    -41.92501 -118.76593 
    -42.34472 -119.21174 
    -42.76918 -119.67150 
    -43.20020 -120.14906 
    -43.63540 -120.65018 
    -44.06119 -121.18341 
    -44.45721 -121.75544 
    -44.80185 -122.36811 
    -45.08944 -123.01632 
    -45.16494 -123.70354 
Cell 17 100 -14.49101 -122.62930 
    -24.41105 -122.62930 
    -24.35224 -123.24972 
    -24.31029 -123.86977 
    -24.29394 -124.49931 
    -24.30383 -125.14880 
    -24.34456 -125.83092 
    -24.41225 -126.55740 
    -24.14135 -127.17040 
    -23.83142 -127.76423 
    -23.48419 -128.33655 
    -23.10147 -128.88516 
    -22.68513 -129.40807 
    -22.23709 -129.90335 
    -21.75934 -130.36929 
    -21.25386 -130.80418 
    -20.72271 -131.20650 
    -20.16800 -131.57480 
    -19.59186 -131.90770 
    -18.99650 -132.20395 
    -18.38420 -132.46239 
    -17.75730 -132.68192 
    -17.11822 -132.86162 
    -16.46946 -133.00067 
    -15.81357 -133.09843 
    -15.15319 -133.15431 
    -14.49101 -133.16774 
    -13.82988 -133.13773 
    -13.17316 -133.06116 
    -12.52762 -132.92178 
    -11.91323 -132.66910 
    -11.38162 -132.19902 
    -10.86102 -131.79762 
    -10.33257 -131.46643 
    -9.80384 -131.15523 
    -9.26788 -130.85965 
    -8.71418 -130.58043 
    -8.10693 -130.34633 
    -7.39284 -130.18810 
    -6.94825 -129.71243 
    -6.53676 -129.20963 
    -6.15953 -128.68248 
    -5.81795 -128.13339 
    -5.51326 -127.56487 
    -5.24648 -126.97945 
    -5.01845 -126.37975 
    -4.82982 -125.76841 
    -4.68107 -125.14807 
    -4.57240 -124.52138 
    -4.48205 -123.89373 
    -4.40110 -123.26411 
    -4.35538 -122.62930 
    -4.34491 -121.99097 
    -4.36982 -121.35070 
    -4.43036 -120.71013 
    -4.52694 -120.07097 
    -4.66014 -119.43506 
    -4.83069 -118.80451 
    -5.03941 -118.18172 
    -5.28717 -117.56945 
    -5.57473 -116.97086 
    -5.90266 -116.38950 
    -6.27119 -115.82928 
    -6.68007 -115.29434 
    -7.12848 -114.78900 
    -7.61490 -114.31752 
    -8.13717 -113.88399 
    -8.69237 -113.49211 
    -9.27701 -113.14507 
    -9.88702 -112.84534 
    -10.38828 -112.26698 
    -10.68742 -110.92304 
    -11.49769 -110.97108 
    -12.37922 -111.55893 
    -13.08369 -111.48922 
    -13.79370 -111.54593 
    -14.49101 -111.70444 
    -15.16413 -111.93031 
    -15.80980 -112.19001 
    -16.43104 -112.45930 
    -17.04891 -112.66692 
    -17.65458 -112.89283 
    -18.24377 -113.15090 
    -18.81523 -113.43986 
    -19.36772 -113.75861 
    -19.89995 -114.10619 
    -20.41057 -114.48174 
    -20.92334 -114.85395 
    -21.43596 -115.23367 
    -21.92611 -115.64728 
    -22.39103 -116.09384 
    -22.82798 -116.57214 
    -23.23423 -117.08069 
    -23.60716 -117.61766 
    -23.94425 -118.18095 
    -24.24320 -118.76814 
    -24.50188 -119.37658 
    -24.71834 -120.00337 
    -24.72769 -120.67655 
    -24.60091 -121.35213 
    -24.49425 -121.99995 
Cell 18 100 17.61109 -121.19337 
    7.49333 -121.19337 
    7.51337 -121.82867 
    7.56396 -122.46262 
    7.65483 -123.09264 
    7.78572 -123.71610 
    7.95618 -124.33044 
    8.16559 -124.93311 
    8.41318 -125.52158 
    8.69797 -126.09341 
    9.01885 -126.64617 
    9.37455 -127.17757 
    9.76363 -127.68536 
    10.18451 -128.16740 
    10.63546 -128.62167 
    11.11462 -129.04626 
    11.62001 -129.43939 
    12.14952 -129.79942 
    12.70096 -130.12486 
    13.27202 -130.41437 
    13.86031 -130.66675 
    14.46338 -130.88103 
    15.07870 -131.05637 
    15.70373 -131.19214 
    16.33586 -131.28790 
    16.97250 -131.34341 
    17.61109 -131.35870 
    18.24908 -131.33394 
    18.88401 -131.26959 
    19.51353 -131.16632 
    20.13544 -131.02505 
    20.74771 -130.84691 
    21.34859 -130.63322 
    21.93657 -130.38548 
    22.51048 -130.10533 
    23.06946 -129.79439 
    23.61298 -129.45427 
    24.14082 -129.08646 
    24.65297 -128.69221 
    25.12352 -128.24802 
    25.40364 -127.63993 
    25.64933 -127.03349 
    25.86992 -126.43459 
    26.07345 -125.84560 
    26.26680 -125.26644 
    26.45540 -124.69508 
    26.64373 -124.12826 
    26.83357 -123.56130 
    27.02871 -122.98988 
    27.23263 -122.40886 
    27.44618 -121.81214 
    27.68355 -121.19337 
    27.98223 -120.54088 
    28.36699 -119.83459 
    28.83970 -119.05141 
    29.19508 -118.21911 
    28.97405 -117.50133 
    28.68145 -116.81031 
    28.32192 -116.15324 
    27.90178 -115.53602 
    27.42855 -114.96303 
    26.91048 -114.43697 
    26.35599 -113.95896 
    25.77325 -113.52860 
    25.16969 -113.14429 
    24.55176 -112.80355 
    23.92470 -112.50343 
    23.29257 -112.24080 
    22.68666 -111.96095 
    22.07909 -111.69840 
    21.45866 -111.47553 
    20.82813 -111.29237 
    20.19011 -111.14877 
    19.54709 -111.04452 
    18.90143 -110.97930 
    18.25538 -110.95277 
    17.61109 -110.90456 
    16.96310 -110.89381 
    16.31397 -110.92564 
    15.66680 -111.00101 
    15.02484 -111.12059 
    14.39155 -111.28465 
    13.77047 -111.49307 
    13.16514 -111.74525 
    12.57905 -112.04012 
    12.01548 -112.37611 
    11.47750 -112.75122 
    10.96784 -113.16306 
    10.48884 -113.60895 
    10.04247 -114.08597 
    9.63029 -114.59108 
    9.25349 -115.12122 
    8.91290 -115.67333 
    8.60910 -116.24449 
    8.34243 -116.83187 
    8.11141 -117.43219 
    7.91144 -118.04177 
    7.75022 -118.66153 
    7.62783 -119.28896 
    7.54429 -119.92164 
    7.49950 -120.55721 
Cell 19 100 22.78370 -99.09079 
    11.59700 -99.09079 
    11.65386 -99.79102 
    11.76190 -100.48317 
    11.91925 -101.16329 
    12.12362 -101.82784 
    12.37246 -102.47360 
    12.66298 -103.09786 
    12.99229 -103.69827 
    13.35749 -104.27289 
    13.75570 -104.82013 
    14.18417 -105.33871 
    14.64028 -105.82761 
    15.12159 -106.28599 
    15.62582 -106.71316 
    16.15086 -107.10851 
    16.68465 -107.48540 
    17.21078 -107.87229 
    17.76224 -108.22478 
    18.33671 -108.54111 
    18.93176 -108.81966 
    19.54482 -109.05901 
    20.17322 -109.25791 
    20.81420 -109.41528 
    21.46488 -109.53026 
    22.12237 -109.60223 
    22.78370 -109.63074 
    23.44586 -109.61558 
    24.10586 -109.55676 
    24.76068 -109.45450 
    25.40735 -109.30926 
    26.04294 -109.12170 
    26.66455 -108.89271 
    27.26940 -108.62338 
    27.85476 -108.31502 
    28.41804 -107.96909 
    28.95678 -107.58730 
    29.46865 -107.17150 
    29.95149 -106.72372 
    30.40334 -106.24612 
    30.82244 -105.74102 
    31.20726 -105.21087 
    31.55655 -104.65821 
    31.86934 -104.08566 
    32.14499 -103.49588 
    32.38321 -102.89151 
    32.58410 -102.27513 
    32.74809 -101.64921 
    32.87597 -101.01599 
    32.96879 -100.37746 
    33.02781 -99.73530 
    33.05427 -99.09079 
    33.04930 -98.44493 
    33.01365 -97.79845 
    32.94754 -97.15193 
    32.85048 -96.50608 
    32.72116 -95.86192 
    32.55750 -95.22107 
    32.35677 -94.58604 
    32.11581 -93.96042 
    31.83150 -93.34888 
    31.56458 -92.71111 
    31.30647 -92.04014 
    31.01254 -91.36339 
    30.67481 -90.68761 
    30.28522 -90.02300 
    29.83683 -89.38298 
    29.32493 -88.78345 
    28.74811 -88.24155 
    28.10892 -87.77412 
    27.41401 -87.39595 
    26.67384 -87.11817 
    25.90168 -86.94706 
    25.11240 -86.88332 
    24.32096 -86.92210 
    23.54100 -87.05374 
    22.78370 -87.26494 
    22.05700 -87.54037 
    21.36546 -87.86432 
    20.71041 -88.22224 
    20.09061 -88.60189 
    19.50306 -88.99403 
    18.94170 -89.38702 
    18.31331 -89.59074 
    17.69399 -89.83265 
    17.08631 -90.11315 
    16.49311 -90.43254 
    15.91746 -90.79094 
    15.36268 -91.18821 
    14.83230 -91.62393 
    14.32998 -92.09727 
    13.85948 -92.60696 
    13.42453 -93.15128 
    13.02876 -93.72797 
    12.67561 -94.33429 
    12.36818 -94.96700 
    12.10918 -95.62243 
    11.90081 -96.29654 
    11.74470 -96.98499 
    11.64187 -97.68325 
    11.59272 -98.38671 
Cell 20 100 69.07523 -98.23363 
    58.98647 -98.23363 
    59.00171 -98.86741 
    59.05691 -99.49924 
    59.15195 -100.12660 
    59.28652 -100.74695 
    59.46014 -101.35777 
    59.67218 -101.95656 
    59.92183 -102.54089 
    60.20811 -103.10837 
    60.52990 -103.65666 
    60.88591 -104.18352 
    61.27471 -104.68678 
    61.69473 -105.16438 
    62.14422 -105.61440 
    62.62140 -106.03497 
    63.12430 -106.42438 
    63.65088 -106.78104 
    64.19897 -107.10352 
    64.76632 -107.39053 
    65.35062 -107.64091 
    65.94947 -107.85372 
    66.56042 -108.02813 
    67.18101 -108.16349 
    67.80869 -108.25932 
    68.44094 -108.31532 
    69.07523 -108.33134 
    69.70901 -108.30745 
    70.33981 -108.24384 
    70.96513 -108.14088 
    71.58257 -107.99911 
    72.18977 -107.81921 
    72.78444 -107.60204 
    73.36439 -107.34857 
    73.92751 -107.05989 
    74.47177 -106.73724 
    74.99530 -106.38192 
    75.49629 -105.99537 
    75.97304 -105.57906 
    76.42397 -105.13456 
    76.84759 -104.66349 
    77.24249 -104.16750 
    77.60737 -103.64830 
    77.94098 -103.10762 
    78.24213 -102.54726 
    78.50970 -101.96901 
    78.74677 -101.37611 
    79.02108 -100.78730 
    79.29804 -100.18374 
    79.57862 -99.56052 
    79.85469 -98.91182 
    80.10701 -98.23363 
    80.30653 -97.52702 
    80.41972 -96.80049 
    80.41692 -96.07009 
    80.28082 -95.35653 
    80.01189 -94.68009 
    79.62850 -94.05530 
    79.16145 -93.48742 
    78.71449 -92.93441 
    78.56934 -92.20849 
    78.37959 -91.47363 
    78.13133 -90.74177 
    77.81154 -90.02969 
    77.41032 -89.35767 
    76.92303 -88.74726 
    76.35164 -88.21851 
    75.70482 -87.78706 
    74.99703 -87.46191 
    74.24651 -87.24410 
    73.47266 -87.12698 
    72.69357 -87.09751 
    71.92392 -87.13871 
    71.17383 -87.23238 
    70.45140 -87.34007 
    69.75967 -87.35468 
    69.07523 -87.41552 
    68.40117 -87.51976 
    67.74004 -87.66453 
    67.09388 -87.84707 
    66.46433 -88.06487 
    65.85268 -88.31567 
    65.26003 -88.59754 
    64.68732 -88.90887 
    64.13551 -89.24831 
    63.60551 -89.61474 
    63.09836 -90.00719 
    62.61517 -90.42477 
    62.15716 -90.86665 
    61.72564 -91.33191 
    61.32197 -91.81958 
    60.94331 -92.32545 
    60.58739 -92.84709 
    60.26407 -93.38966 
    59.97468 -93.95125 
    59.72046 -94.52982 
    59.50253 -95.12328 
    59.32187 -95.72940 
    59.17931 -96.34589 
    59.07557 -96.97038 
    59.01116 -97.60046 
Cell 21 100 64.26109 -125.74227 
    54.25453 -125.74227 
    54.27533 -126.37052 
    54.33556 -126.99615 
    54.43496 -127.61671 
    54.57313 -128.22972 
    54.74950 -128.83276 
    54.95787 -129.42567 
    55.15959 -130.02512 
    55.38883 -130.61983 
    55.65646 -131.20293 
    55.96241 -131.77161 
    56.30638 -132.32298 
    56.68768 -132.85417 
    57.10531 -133.36240 
    57.55810 -133.84479 
    58.04453 -134.29863 
    58.56278 -134.72136 
    59.11092 -135.11040 
    59.68666 -135.46341 
    60.28757 -135.77821 
    60.91101 -136.05273 
    61.55424 -136.28473 
    62.21422 -136.47231 
    62.88755 -136.61488 
    63.57096 -136.71141 
    64.26109 -136.76114 
    64.95452 -136.76413 
    65.64792 -136.72020 
    66.33792 -136.62941 
    67.02106 -136.49168 
    67.69331 -136.30556 
    68.35132 -136.07303 
    68.99180 -135.79555 
    69.60432 -135.46159 
    70.16631 -135.04741 
    70.64498 -134.52896 
    71.01070 -133.90117 
    71.23273 -133.16632 
    71.44475 -132.48817 
    71.70834 -131.90318 
    71.93126 -131.31499 
    72.11790 -130.72836 
    72.28802 -130.15512 
    72.45351 -129.59732 
    72.62241 -129.05276 
    72.79977 -128.51666 
    72.98849 -127.98309 
    73.19006 -127.44556 
    73.40026 -126.89682 
    73.61238 -126.33060 
    73.83045 -125.74227 
    74.08486 -125.12421 
    74.35958 -124.46653 
    74.49241 -123.79054 
    74.37798 -123.14469 
    74.22012 -122.50639 
    74.01871 -121.87895 
    73.77396 -121.26585 
    73.48649 -120.67056 
    73.15736 -120.09652 
    72.78808 -119.54705 
    72.38054 -119.02528 
    71.93706 -118.53406 
    71.46027 -118.07592 
    70.95308 -117.65305 
    70.41861 -117.26717 
    69.89432 -116.86572 
    69.41452 -116.36821 
    68.90574 -115.87188 
    68.36021 -115.38908 
    67.77131 -114.93893 
    67.13592 -114.54553 
    66.45632 -114.23442 
    65.74095 -114.02795 
    65.00357 -113.94080 
    64.26109 -113.97694 
    63.53042 -114.12869 
    62.82552 -114.37857 
    62.15522 -114.70296 
    61.52267 -115.07684 
    60.92601 -115.47798 
    60.36029 -115.89000 
    59.81950 -116.30342 
    59.29840 -116.71519 
    58.79369 -117.12703 
    58.30428 -117.54343 
    57.83109 -117.96973 
    57.37587 -118.41026 
    56.94308 -118.87021 
    56.53470 -119.35045 
    56.15380 -119.85199 
    55.80310 -120.37467 
    55.48474 -120.91743 
    55.20046 -121.47867 
    54.95169 -122.05642 
    54.73957 -122.64854 
    54.56503 -123.25275 
    54.42879 -123.86666 
    54.33140 -124.48786 
    54.27324 -125.11389 
Cell 22 100 71.92007 -73.46424 
    59.78674 -73.46424 
    59.80627 -74.22638 
    59.90001 -74.98273 
    60.06533 -75.72565 
    60.29801 -76.44828 
    60.59262 -77.14475 
    60.94281 -77.81044 
    61.34179 -78.44200 
    61.78265 -79.03733 
    62.25880 -79.59547 
    62.76418 -80.11639 
    63.29351 -80.60075 
    63.84244 -81.04964 
    64.40747 -81.46435 
    64.98600 -81.84609 
    65.57616 -82.19588 
    66.17667 -82.51438 
    66.78666 -82.80186 
    67.40550 -83.05818 
    68.03263 -83.28278 
    68.66743 -83.47483 
    69.30911 -83.63324 
    69.95666 -83.75681 
    70.60876 -83.84431 
    71.26385 -83.89457 
    71.92007 -83.91298 
    72.57648 -83.89769 
    73.23077 -83.83948 
    73.88000 -83.73857 
    74.52130 -83.59539 
    75.15183 -83.41058 
    75.76878 -83.18497 
    76.36942 -82.91961 
    76.95113 -82.61571 
    77.51134 -82.27467 
    78.04763 -81.89811 
    78.55770 -81.48776 
    79.03939 -81.04556 
    79.49070 -80.57354 
    79.90983 -80.07395 
    80.29523 -79.54916 
    80.64574 -79.00172 
    80.96075 -78.43439 
    81.24058 -77.85014 
    81.48698 -77.25205 
    81.70378 -76.64317 
    81.89744 -76.02599 
    82.07738 -75.40186 
    82.25539 -74.76990 
    82.44370 -74.12634 
    82.65166 -73.46424 
    82.88115 -72.77463 
    83.12218 -72.04909 
    83.35031 -71.28381 
    83.52795 -70.48384 
    83.61018 -69.66589 
    83.55444 -68.85786 
    83.33139 -68.09448 
    82.93311 -67.40977 
    82.37585 -66.82880 
    81.69610 -66.36154 
    80.94140 -66.00114 
    80.43462 -65.46854 
    80.02277 -64.83573 
    79.56352 -64.22489 
    79.05652 -63.64175 
    78.50222 -63.09243 
    77.90194 -62.58325 
    77.25799 -62.12058 
    76.57367 -61.71059 
    75.85330 -61.35899 
    75.10214 -61.07087 
    74.32628 -60.85042 
    73.53246 -60.70080 
    72.72791 -60.62398 
    71.92007 -60.62067 
    71.11640 -60.69031 
    70.32413 -60.83106 
    69.55001 -61.03996 
    68.80016 -61.31303 
    68.07991 -61.64547 
    67.39367 -62.03186 
    66.74489 -62.46643 
    66.13608 -62.94321 
    65.56882 -63.45630 
    65.04391 -64.00003 
    64.56140 -64.56914 
    64.12079 -65.15886 
    63.72118 -65.76497 
    63.36139 -66.38389 
    63.04012 -67.01259 
    62.55659 -67.52200 
    62.05435 -68.04052 
    61.58427 -68.60059 
    61.15369 -69.20153 
    60.77015 -69.84142 
    60.44101 -70.51692 
    60.17303 -71.22337 
    59.97199 -71.95485 
    59.84230 -72.70438 
Cell 23 100 88.54424 -112.97147 
    77.00137 -112.97147 
    77.16964 -113.68710 
    77.38710 -114.38094 
    77.64650 -115.05032 
    77.94116 -115.69387 
    78.26530 -116.31129 
    78.61426 -116.90302 
    78.98455 -117.46991 
    79.37386 -118.01292 
    79.78086 -118.53288 
    80.20503 -119.03025 
    80.64641 -119.50511 
    81.10542 -119.95698 
    81.59942 -120.36694 
    82.25658 -120.57195 
    82.87276 -120.77757 
    83.46930 -120.96828 
    84.05667 -121.13432 
    84.63258 -121.28416 
    85.19727 -121.42493 
    85.75324 -121.56125 
    86.30399 -121.69665 
    86.85377 -121.83323 
    87.40723 -121.97175 
    87.96922 -122.11095 
    88.54424 -122.24804 
    89.13605 -122.37810 
    89.74773 -122.49809 
    90.38669 -122.62994 
    91.09402 -122.90222 
    91.91106 -123.33351 
    92.56120 -123.11715 
    93.19592 -122.85680 
    93.81206 -122.55360 
    94.40653 -122.20897 
    94.97637 -121.82454 
    95.51875 -121.40221 
    96.03098 -120.94405 
    96.51060 -120.45238 
    96.95528 -119.92969 
    97.36295 -119.37863 
    97.73171 -118.80202 
    98.05997 -118.20279 
    98.34633 -117.58398 
    98.58965 -116.94873 
    98.78907 -116.30022 
    98.94399 -115.64167 
    99.05406 -114.97633 
    99.11924 -114.30740 
    99.13972 -113.63808 
    99.11596 -112.97147 
    99.04874 -112.31058 
    98.93902 -111.65830 
    98.78806 -111.01735 
    98.59736 -110.39026 
    98.36861 -109.77934 
    98.10369 -109.18661 
    97.80470 -108.61382 
    97.47380 -108.06239 
    97.11325 -107.53340 
    96.72532 -107.02757 
    96.31220 -106.54525 
    95.87598 -106.08649 
    95.41854 -105.65108 
    94.94144 -105.23857 
    94.44597 -104.84843 
    93.93298 -104.48017 
    93.40297 -104.13346 
    92.85610 -103.80829 
    92.29221 -103.50516 
    91.71100 -103.22517 
    91.11214 -102.97013 
    90.49548 -102.74265 
    89.86127 -102.54603 
    89.21032 -102.38431 
    88.54424 -102.26197 
    87.86553 -102.18377 
    87.17773 -102.15446 
    86.48535 -102.17844 
    85.79383 -102.25936 
    85.10934 -102.39995 
    84.43852 -102.60162 
    83.78821 -102.86440 
    83.16505 -103.18675 
    82.57514 -103.56568 
    82.02381 -103.99688 
    81.43529 -104.37823 
    80.79916 -104.72379 
    80.18244 -105.11922 
    79.59338 -105.56667 
    79.04092 -106.06691 
    78.53432 -106.61898 
    78.08245 -107.22005 
    77.69328 -107.86539 
    77.37326 -108.54857 
    77.12694 -109.26176 
    76.95659 -109.99626 
    76.86214 -110.74299 
    76.84124 -111.49303 
    76.88961 -112.23822 
Cell 24 100 -93.84788 -101.46297 
    -104.03088 -101.46297 
    -104.01843 -102.10285 
    -103.96514 -102.74108 
    -103.87110 -103.37501 
    -103.73666 -104.00198 
    -103.56232 -104.61938 
    -103.34881 -105.22466 
    -103.09697 -105.81527 
    -102.80788 -106.38878 
    -102.48274 -106.94283 
    -102.12295 -107.47516 
    -101.73000 -107.98363 
    -101.30560 -108.46625 
    -100.85153 -108.92111 
    -100.36971 -109.34652 
    -99.86217 -109.74093 
    -99.33098 -110.10295 
    -98.77831 -110.43139 
    -98.20636 -110.72522 
    -97.61736 -110.98360 
    -97.01354 -111.20589 
    -96.39711 -111.39158 
    -95.77023 -111.54033 
    -95.13505 -111.65195 
    -94.49360 -111.72639 
    -93.84788 -111.76363 
    -93.19981 -111.76379 
    -92.55122 -111.72702 
    -91.90394 -111.65345 
    -91.25970 -111.54326 
    -90.62025 -111.39658 
    -89.98737 -111.21351 
    -89.36286 -110.99412 
    -88.74865 -110.73843 
    -88.14677 -110.44648 
    -87.55943 -110.11829 
    -86.98901 -109.75393 
    -86.43810 -109.35358 
    -85.90952 -108.91759 
    -85.40649 -108.44630 
    -84.95619 -107.92316 
    -84.76950 -107.22429 
    -84.62840 -106.53143 
    -84.53777 -105.84398 
    -84.45106 -105.18343 
    -84.35671 -104.54684 
    -84.25321 -103.92647 
    -84.13387 -103.31602 
    -83.95756 -102.71241 
    -83.69817 -102.10154 
    -83.35519 -101.46297 
    -82.92315 -100.77565 
    -82.46342 -100.02478 
    -82.13332 -99.22830 
    -82.13062 -98.45449 
    -82.69740 -97.83997 
    -83.34128 -97.30312 
    -83.77834 -96.72461 
    -83.65592 -95.85990 
    -83.43217 -94.85297 
    -85.01904 -95.04845 
    -85.49872 -94.55595 
    -86.00561 -94.09859 
    -86.53638 -93.67701 
    -87.08788 -93.29155 
    -87.65723 -92.94228 
    -88.24174 -92.62911 
    -88.83900 -92.35187 
    -89.44684 -92.11029 
    -90.06326 -91.90411 
    -90.68645 -91.73311 
    -91.31475 -91.59710 
    -91.94657 -91.49596 
    -92.57865 -91.41600 
    -93.20742 -91.28316 
    -93.84788 -91.15865 
    -94.50357 -91.04109 
    -95.17782 -90.93541 
    -95.87157 -90.85440 
    -96.58099 -90.81818 
    -97.29595 -90.85090 
    -98.00027 -90.97523 
    -98.67435 -91.20621 
    -99.29939 -91.54671 
    -99.86202 -91.98621 
    -100.35736 -92.50344 
    -100.78954 -93.07195 
    -101.16946 -93.66628 
    -101.51089 -94.26692 
    -101.82642 -94.86256 
    -102.12460 -95.44958 
    -102.40898 -96.02994 
    -102.70105 -96.59591 
    -102.99945 -97.15657 
    -103.26215 -97.73560 
    -103.48791 -98.33074 
    -103.67566 -98.93963 
    -103.82449 -99.55983 
    -103.93367 -100.18884 
    -104.00259 -100.82410 
