88 25 
Cell 0 100 -121.67256 -145.96124 
    -131.67265 -145.96124 
    -131.65291 -146.58916 
    -131.59378 -147.21458 
    -131.49548 -147.83507 
    -131.35843 -148.44815 
    -131.18315 -149.05142 
    -130.97202 -149.64316 
    -130.73181 -150.22420 
    -130.46391 -150.79433 
    -130.16122 -151.34831 
    -129.82343 -151.88319 
    -129.45164 -152.39665 
    -129.04721 -152.88649 
    -128.61157 -153.35054 
    -128.14638 -153.78674 
    -127.65337 -154.19312 
    -127.13446 -154.56781 
    -126.59169 -154.90910 
    -126.02724 -155.21541 
    -125.44337 -155.48523 
    -124.84250 -155.71730 
    -124.22708 -155.91045 
    -123.59971 -156.06372 
    -122.96303 -156.17632 
    -122.31973 -156.24762 
    -121.67256 -156.27724 
    -121.02431 -156.26489 
    -120.37777 -156.21057 
    -119.73574 -156.11443 
    -119.10101 -155.97681 
    -118.47631 -155.79828 
    -117.86440 -155.57957 
    -117.26790 -155.32162 
    -116.68942 -155.02554 
    -116.13145 -154.69264 
    -115.59640 -154.32437 
    -115.08655 -153.92236 
    -114.60408 -153.48842 
    -114.15102 -153.02443 
    -113.72928 -152.53250 
    -113.34057 -152.01479 
    -112.98647 -151.47360 
    -112.66841 -150.91132 
    -112.38762 -150.33040 
    -112.14512 -149.73343 
    -111.91352 -149.13214 
    -111.71442 -148.51807 
    -111.54936 -147.89235 
    -111.41846 -147.25664 
    -111.32182 -146.61246 
    -111.35025 -145.96124 
    -111.77372 -145.33846 
    -112.11127 -144.75337 
    -112.39624 -144.19168 
    -112.64902 -143.64439 
    -112.88367 -143.10556 
    -113.11071 -142.57138 
    -113.33863 -142.03958 
    -113.56920 -141.50638 
    -113.81190 -140.97272 
    -114.07124 -140.43855 
    -114.34628 -139.90042 
    -114.63605 -139.35353 
    -114.96544 -138.81888 
    -115.33450 -138.29984 
    -115.72426 -137.77411 
    -116.07816 -137.14587 
    -116.24209 -136.08325 
    -116.80869 -135.62500 
    -117.58120 -135.62764 
    -118.30408 -135.59410 
    -118.98892 -135.50916 
    -119.65926 -135.40712 
    -120.32419 -135.28775 
    -120.99136 -135.13379 
    -121.67256 -134.87936 
    -122.38779 -134.59288 
    -123.15170 -134.25267 
    -123.95240 -134.00993 
    -124.65953 -134.32774 
    -125.33406 -134.69231 
    -125.92704 -135.21567 
    -126.42108 -135.87013 
    -126.86301 -136.51987 
    -127.37519 -136.97534 
    -127.87364 -137.42619 
    -128.46622 -137.74913 
    -129.25983 -137.88164 
    -129.25876 -138.83733 
    -129.56665 -139.43068 
    -129.91467 -139.97301 
    -130.23235 -140.52904 
    -130.51935 -141.09769 
    -130.77522 -141.67786 
    -130.99937 -142.26849 
    -131.19112 -142.86848 
    -131.35854 -143.47430 
    -131.49556 -144.08740 
    -131.59383 -144.70790 
    -131.65294 -145.33333 
Cell 1 100 -104.52869 -138.64426 
    -115.08960 -138.64426 
    -114.67957 -139.28290 
    -114.35418 -139.88551 
    -114.05967 -140.46239 
    -113.78948 -141.02203 
    -113.54064 -141.57242 
    -113.30463 -142.11890 
    -113.07130 -142.66411 
    -112.83733 -143.21196 
    -112.59431 -143.76285 
    -112.33371 -144.31494 
    -112.04733 -144.86421 
    -111.72835 -145.40518 
    -111.37106 -145.93063 
    -110.91769 -146.36723 
    -110.42196 -146.75563 
    -109.90260 -147.11217 
    -109.36166 -147.43538 
    -108.80127 -147.72394 
    -108.22367 -147.97670 
    -107.63114 -148.19261 
    -107.02604 -148.37077 
    -106.41077 -148.51047 
    -105.78780 -148.61110 
    -105.15960 -148.67224 
    -104.52869 -148.69363 
    -103.89760 -148.67519 
    -103.26885 -148.61694 
    -102.64497 -148.51912 
    -102.02844 -148.38210 
    -101.42176 -148.20642 
    -100.82735 -147.99280 
    -100.24759 -147.74207 
    -99.68481 -147.45525 
    -99.14127 -147.13347 
    -98.61916 -146.77805 
    -98.12054 -146.39038 
    -97.64742 -145.97206 
    -97.20170 -145.52477 
    -96.78514 -145.05028 
    -96.39835 -144.55130 
    -96.03472 -144.03470 
    -95.70013 -143.49780 
    -95.57990 -142.85524 
    -95.54800 -142.19997 
    -95.49264 -141.58025 
    -95.44591 -140.97632 
    -95.41132 -140.38348 
    -95.39080 -139.79865 
    -95.38331 -139.21964 
    -95.39252 -138.64426 
    -95.41502 -138.07088 
    -95.40616 -137.49181 
    -95.40587 -136.90398 
    -95.41676 -136.30470 
    -95.43379 -135.68915 
    -95.45734 -135.05266 
    -95.48270 -134.38753 
    -95.49426 -133.67754 
    -95.45162 -132.88377 
    -95.52020 -132.09920 
    -95.97472 -131.56779 
    -96.47616 -131.08243 
    -97.01728 -130.64542 
    -97.59042 -130.25732 
    -98.18804 -129.91710 
    -98.80333 -129.62253 
    -99.43044 -129.37057 
    -100.06479 -129.15797 
    -100.70299 -128.98161 
    -101.34275 -128.83893 
    -101.93805 -128.55437 
    -102.55048 -128.27406 
    -103.18952 -128.04362 
    -103.85201 -127.88858 
    -104.52869 -127.82985 
    -105.20614 -127.87659 
    -105.87048 -128.02293 
    -106.49738 -128.32407 
    -107.10329 -128.61687 
    -107.68764 -128.92203 
    -108.27077 -129.19284 
    -108.83259 -129.49802 
    -109.29430 -129.97565 
    -109.76078 -130.39981 
    -110.23205 -130.79427 
    -110.70751 -131.17535 
    -111.18616 -131.55476 
    -111.66665 -131.94127 
    -112.14841 -132.34070 
    -112.63213 -132.75677 
    -113.11461 -133.19547 
    -113.59829 -133.65820 
    -114.09147 -134.14436 
    -114.61459 -134.65097 
    -115.22954 -135.16734 
    -115.95866 -135.70953 
    -116.19019 -136.41971 
    -116.05430 -137.18823 
    -115.59534 -137.94800 
Cell 2 100 -85.35077 -140.33502 
    -95.40962 -140.33502 
    -95.44555 -140.97012 
    -95.49589 -141.61665 
    -95.55195 -142.28099 
    -95.60076 -142.96678 
    -95.39005 -143.59698 
    -95.06497 -144.18114 
    -94.72215 -144.74486 
    -94.36121 -145.28856 
    -93.98143 -145.81221 
    -93.58189 -146.31528 
    -93.16183 -146.79689 
    -92.76422 -147.29672 
    -92.33758 -147.77522 
    -91.87947 -148.22687 
    -91.39156 -148.64946 
    -90.87568 -149.04089 
    -90.33382 -149.39915 
    -89.76813 -149.72240 
    -89.18092 -150.00888 
    -88.57463 -150.25706 
    -87.95184 -150.46552 
    -87.31523 -150.63309 
    -86.66759 -150.75870 
    -86.01179 -150.84155 
    -85.35077 -150.88109 
    -84.68753 -150.87685 
    -84.02511 -150.82872 
    -83.36654 -150.73674 
    -82.71487 -150.60120 
    -82.07310 -150.42264 
    -81.44424 -150.20177 
    -80.83120 -149.93959 
    -80.23682 -149.63725 
    -79.66385 -149.29617 
    -79.11494 -148.91791 
    -78.59256 -148.50429 
    -78.09911 -148.05727 
    -77.63678 -147.57893 
    -77.20761 -147.07162 
    -76.81345 -146.53775 
    -76.45596 -145.97984 
    -76.13660 -145.40056 
    -75.85664 -144.80263 
    -75.57691 -144.20477 
    -75.32098 -143.59390 
    -75.09970 -142.96706 
    -74.91509 -142.32573 
    -74.76955 -141.67174 
    -74.66579 -141.00726 
    -74.60670 -140.33502 
    -74.59510 -139.65833 
    -74.63354 -138.98112 
    -74.72404 -138.30786 
    -74.86778 -137.64345 
    -75.06502 -136.99298 
    -75.31486 -136.36153 
    -75.61534 -135.75388 
    -75.96345 -135.17430 
    -76.35529 -134.62633 
    -76.78637 -134.11263 
    -77.25183 -133.63499 
    -77.74676 -133.19438 
    -78.26643 -132.79097 
    -78.80653 -132.42439 
    -79.36324 -132.09389 
    -79.93337 -131.79857 
    -80.51429 -131.53751 
    -81.06889 -131.23558 
    -81.63713 -130.95544 
    -82.22063 -130.70143 
    -82.81850 -130.47250 
    -83.43031 -130.26759 
    -84.05598 -130.08575 
    -84.69592 -129.92641 
    -85.35077 -129.78961 
    -86.02378 -129.63788 
    -86.72140 -129.48540 
    -87.43256 -129.42189 
    -88.13991 -129.47203 
    -88.88148 -129.46860 
    -89.64521 -129.48851 
    -90.40005 -129.60474 
    -91.13051 -129.82173 
    -91.88305 -130.04181 
    -92.62077 -130.32874 
    -93.33333 -130.68576 
    -94.00973 -131.11417 
    -94.63897 -131.61282 
    -95.21069 -132.17819 
    -95.45744 -132.99210 
    -95.49063 -133.90007 
    -95.46800 -134.77303 
    -95.43752 -135.58856 
    -95.41593 -136.34995 
    -95.40595 -137.06789 
    -95.41014 -137.75221 
    -95.40141 -138.41776 
    -95.38575 -139.06731 
    -95.38956 -139.70345 
Cell 3 100 -57.33733 -155.71512 
    -67.47065 -155.71512 
    -67.42572 -156.34982 
    -67.34380 -156.97923 
    -67.22555 -157.60139 
    -67.07156 -158.21445 
    -66.88235 -158.81648 
    -66.65842 -159.40559 
    -66.40033 -159.97984 
    -66.10871 -160.53723 
    -65.78432 -161.07574 
    -65.42806 -161.59338 
    -65.04247 -162.08936 
    -64.62701 -162.56059 
    -64.18280 -163.00481 
    -63.71157 -163.42026 
    -63.21518 -163.80528 
    -62.69560 -164.15840 
    -62.15487 -164.47818 
    -61.59512 -164.76338 
    -61.01858 -165.01288 
    -60.42750 -165.22568 
    -59.82423 -165.40096 
    -59.21114 -165.53799 
    -58.59066 -165.63626 
    -57.96524 -165.69539 
    -57.33733 -165.71512 
    -56.70939 -165.69588 
    -56.08369 -165.63867 
    -55.46264 -165.54259 
    -54.84858 -165.40816 
    -54.24379 -165.23607 
    -53.65041 -165.02722 
    -53.07044 -164.78271 
    -52.50571 -164.50381 
    -51.95779 -164.19193 
    -51.42802 -163.84859 
    -50.91747 -163.47540 
    -50.42694 -163.07393 
    -49.95700 -162.64571 
    -49.50808 -162.19203 
    -49.08053 -161.71404 
    -48.67480 -161.21252 
    -48.29163 -160.68803 
    -47.93216 -160.14085 
    -47.59821 -159.57111 
    -47.29229 -158.97894 
    -47.01777 -158.36473 
    -46.77877 -157.72926 
    -46.58007 -157.07408 
    -46.42679 -156.40155 
    -46.32413 -155.71512 
    -46.27689 -155.01926 
    -46.28905 -154.31940 
    -46.36339 -153.62172 
    -46.50116 -152.93286 
    -46.70192 -152.25946 
    -46.96354 -151.60785 
    -47.28228 -150.98357 
    -47.65314 -150.39119 
    -48.07022 -149.83403 
    -48.52715 -149.31415 
    -49.01756 -148.83241 
    -49.53493 -148.38818 
    -50.11449 -148.02357 
    -50.74372 -147.74483 
    -51.41515 -147.56393 
    -52.08181 -147.43373 
    -52.70623 -147.29118 
    -53.30446 -147.14484 
    -53.88662 -146.99960 
    -54.45965 -146.85854 
    -55.02851 -146.72287 
    -55.59667 -146.59026 
    -56.16696 -146.45067 
    -56.74597 -146.31569 
    -57.33733 -146.17880 
    -57.94705 -146.02393 
    -58.58786 -145.81621 
    -59.23059 -145.79028 
    -59.85571 -145.90668 
    -60.47456 -146.05972 
    -61.09058 -146.23549 
    -61.68781 -146.46988 
    -62.26866 -146.74506 
    -62.83717 -147.04877 
    -63.38582 -147.39009 
    -63.91129 -147.76857 
    -64.41017 -148.18330 
    -64.87911 -148.63290 
    -65.31494 -149.11546 
    -65.71481 -149.62852 
    -66.07631 -150.16919 
    -66.39759 -150.73421 
    -66.67737 -151.32004 
    -66.91495 -151.92307 
    -67.11018 -152.53973 
    -67.26335 -153.16655 
    -67.37509 -153.80031 
    -67.44626 -154.43806 
    -67.47779 -155.07713 
Cell 4 100 -51.99448 -137.84129 
    -64.03130 -137.84129 
    -63.87146 -138.58853 
    -63.66195 -139.31523 
    -63.40695 -140.01834 
    -63.11069 -140.69545 
    -62.77724 -141.34482 
    -62.41040 -141.96524 
    -62.01367 -142.55597 
    -61.59018 -143.11658 
    -61.14264 -143.64690 
    -60.67340 -144.14690 
    -60.18442 -144.61661 
    -59.67731 -145.05595 
    -59.15461 -145.46606 
    -58.59177 -145.81606 
    -57.94069 -146.02554 
    -57.29224 -146.18924 
    -56.66385 -146.33484 
    -56.05826 -146.47728 
    -55.47013 -146.61980 
    -54.89094 -146.75568 
    -54.31862 -146.89325 
    -53.74811 -147.03415 
    -53.17383 -147.17679 
    -52.59067 -147.31757 
    -51.99448 -147.45079 
    -51.38222 -147.57280 
    -50.74335 -147.74500 
    -50.04360 -148.06818 
    -49.38593 -148.00093 
    -48.74453 -147.84360 
    -48.11336 -147.64388 
    -47.49537 -147.40237 
    -46.89346 -147.12000 
    -46.31049 -146.79784 
    -45.74921 -146.43716 
    -45.21230 -146.03954 
    -44.70230 -145.60667 
    -44.22163 -145.14047 
    -43.77256 -144.64305 
    -43.35717 -144.11667 
    -42.97736 -143.56374 
    -42.63484 -142.98680 
    -42.33112 -142.38852 
    -42.06749 -141.77167 
    -41.84500 -141.13905 
    -41.66451 -140.49358 
    -41.52664 -139.83813 
    -41.43179 -139.17567 
    -41.38017 -138.50909 
    -41.37175 -137.84129 
    -41.40634 -137.17514 
    -41.48355 -136.51346 
    -41.60283 -135.85898 
    -41.76346 -135.21442 
    -41.96457 -134.58238 
    -42.20519 -133.96544 
    -42.48417 -133.36609 
    -42.80027 -132.78673 
    -43.15310 -132.23038 
    -43.54117 -131.69960 
    -43.96078 -131.19525 
    -44.40930 -130.71834 
    -44.88579 -130.27132 
    -45.38934 -129.85706 
    -45.91516 -129.47383 
    -46.42891 -129.07135 
    -46.95569 -128.67578 
    -47.50734 -128.30563 
    -48.08328 -127.96274 
    -48.68285 -127.64916 
    -49.30523 -127.36738 
    -49.98929 -127.32973 
    -50.67014 -127.35805 
    -51.33844 -127.41393 
    -51.99448 -127.51643 
    -52.63240 -127.70182 
    -53.25181 -127.88849 
    -53.86286 -128.04691 
    -54.47403 -128.18408 
    -55.08577 -128.32727 
    -55.70018 -128.48177 
    -56.31643 -128.65668 
    -56.93549 -128.85364 
    -57.56282 -129.06700 
    -58.19789 -129.30302 
    -58.84780 -129.55704 
    -59.52750 -129.81943 
    -60.27028 -130.06979 
    -61.18544 -130.23787 
    -62.02998 -130.55008 
    -62.66202 -131.07147 
    -63.14494 -131.71127 
    -63.47866 -132.43724 
    -63.75046 -133.18677 
    -63.95735 -133.95433 
    -64.09813 -134.73360 
    -64.17372 -135.51797 
    -64.18593 -136.30115 
    -64.13737 -137.07733 
Cell 5 100 -7.96166 -145.22296 
    -18.36408 -145.22296 
    -18.37851 -145.87833 
    -18.34984 -146.53529 
    -18.27783 -147.19087 
    -18.16247 -147.84209 
    -18.00394 -148.48589 
    -17.80269 -149.11929 
    -17.55936 -149.73929 
    -17.27485 -150.34293 
    -16.95027 -150.92731 
    -16.58697 -151.48961 
    -16.18648 -152.02711 
    -15.75057 -152.53723 
    -15.28121 -153.01749 
    -14.78054 -153.46556 
    -14.25087 -153.87932 
    -13.69469 -154.25676 
    -13.11462 -154.59615 
    -12.51340 -154.89589 
    -11.89390 -155.15466 
    -11.25906 -155.37129 
    -10.61189 -155.54492 
    -9.95547 -155.67485 
    -9.29288 -155.76067 
    -8.62725 -155.80219 
    -7.96166 -155.79944 
    -7.29919 -155.75269 
    -6.64285 -155.66248 
    -5.99559 -155.52948 
    -5.36030 -155.35461 
    -4.73972 -155.13907 
    -4.13652 -154.88416 
    -3.55323 -154.59135 
    -2.99223 -154.26233 
    -2.45573 -153.89893 
    -1.94582 -153.50305 
    -1.46440 -153.07680 
    -1.01320 -152.62231 
    -0.58405 -152.15100 
    -0.14341 -151.69078 
    0.25113 -151.18990 
    0.55324 -150.62668 
    0.78700 -150.03258 
    1.00735 -149.44345 
    1.21661 -148.85690 
    1.41233 -148.26877 
    1.59293 -147.67616 
    1.75753 -147.07700 
    1.90603 -146.46954 
    2.03936 -145.85217 
    2.15951 -145.22296 
    2.27175 -144.57913 
    2.53675 -143.89670 
    2.93686 -143.14397 
    3.48709 -142.28342 
    3.82515 -141.39319 
    3.74644 -140.58740 
    3.52418 -139.81813 
    3.15541 -139.11130 
    2.65112 -138.48788 
    2.03476 -137.96013 
    1.33784 -137.52974 
    0.59435 -137.18832 
    -0.16467 -136.92001 
    -0.91517 -136.70522 
    -1.64200 -136.52469 
    -2.33878 -136.36272 
    -2.99108 -136.18150 
    -3.58237 -135.91649 
    -4.18673 -135.68857 
    -4.80182 -135.49796 
    -5.42539 -135.34483 
    -6.04159 -135.15758 
    -6.66460 -134.95563 
    -7.30399 -134.76958 
    -7.96166 -134.41989 
    -8.65546 -134.19543 
    -9.32458 -134.43440 
    -9.99735 -134.55153 
    -10.66023 -134.71274 
    -11.31717 -134.89578 
    -11.96890 -135.10185 
    -12.61656 -135.33081 
    -13.25879 -135.58752 
    -13.84980 -135.94475 
    -14.34820 -136.43266 
    -14.78736 -136.97211 
    -15.18733 -137.52841 
    -15.55553 -138.09184 
    -15.89818 -138.65730 
    -16.21925 -139.22348 
    -16.52012 -139.79160 
    -16.79997 -140.36406 
    -17.11956 -140.91359 
    -17.41203 -141.48129 
    -17.66856 -142.06900 
    -17.88762 -142.67441 
    -18.06783 -143.29510 
    -18.20798 -143.92854 
    -18.30702 -144.57208 
Cell 6 100 10.44267 -150.91179 
    0.40030 -150.91179 
    -0.01925 -151.56999 
    -0.32339 -152.27187 
    -0.41941 -152.98384 
    -0.37711 -153.68983 
    -0.24040 -154.38292 
    -0.02408 -155.05586 
    0.24266 -155.71155 
    0.55486 -156.34766 
    0.91098 -156.96078 
    1.30918 -157.54765 
    1.74735 -158.10518 
    2.22317 -158.63042 
    2.73400 -159.12068 
    3.27708 -159.57350 
    3.84943 -159.98662 
    4.44785 -160.35811 
    5.06911 -160.68626 
    5.70977 -160.96971 
    6.36636 -161.20737 
    7.03536 -161.39842 
    7.71320 -161.54237 
    8.39634 -161.63904 
    9.08125 -161.68851 
    9.76449 -161.69116 
    10.44267 -161.64769 
    11.11253 -161.55894 
    11.77094 -161.42616 
    12.41492 -161.25070 
    13.04166 -161.03418 
    13.64853 -160.77841 
    14.23309 -160.48531 
    14.82673 -160.22838 
    15.42364 -159.97214 
    16.00764 -159.68079 
    16.57677 -159.35464 
    17.12891 -158.99406 
    17.66184 -158.59943 
    18.17319 -158.17123 
    18.66045 -157.71013 
    19.12091 -157.21690 
    19.55179 -156.69261 
    19.95016 -156.13858 
    20.31309 -155.55646 
    20.63760 -154.94824 
    20.92083 -154.31635 
    21.16005 -153.66354 
    21.35277 -152.99300 
    21.49682 -152.30826 
    21.59042 -151.61314 
    21.63226 -150.91179 
    21.62153 -150.20848 
    21.55797 -149.50760 
    21.44191 -148.81357 
    21.27422 -148.13072 
    21.05632 -147.46321 
    20.79013 -146.81494 
    20.47801 -146.18951 
    20.12269 -145.59015 
    19.72718 -145.01965 
    19.29470 -144.48042 
    18.82857 -143.97437 
    18.33216 -143.50307 
    17.80881 -143.06764 
    17.26175 -142.66893 
    16.69409 -142.30745 
    16.10875 -141.98347 
    15.50848 -141.69711 
    14.89583 -141.44835 
    14.27316 -141.23706 
    13.64270 -141.06311 
    13.00651 -140.92630 
    12.36655 -140.82648 
    11.75444 -140.52808 
    11.11813 -140.17561 
    10.44267 -139.78313 
    9.71747 -139.38499 
    8.94317 -139.04204 
    8.13779 -138.82916 
    7.33623 -138.81300 
    6.58153 -139.02841 
    5.91064 -139.46519 
    5.34162 -140.07150 
    4.86864 -140.77266 
    4.42361 -141.42728 
    3.86443 -141.85762 
    3.40756 -142.40779 
    3.02247 -143.01009 
    2.68179 -143.62384 
    2.39722 -144.25601 
    2.21045 -144.93073 
    2.08590 -145.60843 
    1.95445 -146.24535 
    1.81280 -146.85089 
    1.65938 -147.43425 
    1.49305 -148.00388 
    1.31286 -148.56766 
    1.11810 -149.13303 
    0.90864 -149.70737 
    0.68266 -150.29774 
Cell 7 100 31.36584 -135.16440 
    20.97317 -135.16440 
    20.95293 -135.81952 
    20.97579 -136.47696 
    21.04210 -137.13376 
    21.15195 -137.78688 
    21.30524 -138.43327 
    21.50163 -139.06992 
    21.74051 -139.69373 
    22.02109 -140.30171 
    22.34229 -140.89091 
    22.70284 -141.45844 
    23.10123 -142.00146 
    23.53574 -142.51735 
    24.00443 -143.00351 
    24.50515 -143.45755 
    25.03560 -143.87721 
    25.59329 -144.26047 
    26.17557 -144.60545 
    26.77967 -144.91049 
    27.40269 -145.17416 
    28.04162 -145.39526 
    28.69341 -145.57281 
    29.35490 -145.70610 
    30.02292 -145.79465 
    30.69430 -145.83820 
    31.36584 -145.83678 
    32.03438 -145.79062 
    32.69682 -145.70024 
    33.35011 -145.56633 
    33.99129 -145.38986 
    34.61749 -145.17198 
    35.22599 -144.91403 
    35.81417 -144.61758 
    36.37956 -144.28433 
    36.91989 -143.91620 
    37.43302 -143.51517 
    37.91700 -143.08340 
    38.37008 -142.62317 
    38.83089 -142.17456 
    39.28395 -141.71483 
    39.71214 -141.22835 
    40.11408 -140.71620 
    40.48837 -140.17955 
    40.83355 -139.61957 
    41.14805 -139.03745 
    41.43021 -138.43451 
    41.67830 -137.81219 
    41.89046 -137.17207 
    42.06476 -136.51599 
    42.19925 -135.84598 
    42.29194 -135.16440 
    42.34093 -134.47391 
    42.34441 -133.77748 
    42.30078 -133.07845 
    42.20869 -132.38043 
    42.06712 -131.68735 
    41.87549 -131.00333 
    41.63367 -130.33272 
    41.34206 -129.67992 
    41.00161 -129.04935 
    40.61382 -128.44534 
    40.18077 -127.87205 
    39.70508 -127.33333 
    39.18983 -126.83269 
    38.63855 -126.37319 
    38.12946 -125.85506 
    37.57249 -125.38426 
    36.96173 -124.98550 
    36.30571 -124.66663 
    35.61517 -124.43181 
    34.90199 -124.28122 
    34.17815 -124.21114 
    33.45464 -124.21451 
    32.74062 -124.28187 
    32.04647 -124.34597 
    31.36584 -124.17683 
    30.66576 -124.03699 
    29.94810 -123.94190 
    29.21706 -123.90014 
    28.47882 -123.92020 
    27.74143 -124.00963 
    27.01447 -124.17411 
    26.30838 -124.41677 
    25.70617 -124.86950 
    25.20147 -125.45092 
    24.74933 -126.05757 
    24.35328 -126.68768 
    24.02307 -127.34515 
    23.72489 -127.98907 
    23.44399 -128.61087 
    23.18050 -129.21741 
    22.93227 -129.81230 
    22.69560 -130.39790 
    22.46574 -130.97633 
    22.23513 -131.54930 
    21.99881 -132.12086 
    21.74902 -132.69522 
    21.47419 -133.27747 
    21.14048 -133.87263 
    21.03596 -134.51450 
Cell 8 100 46.17482 -149.85748 
    36.14305 -149.85748 
    36.16512 -150.48724 
    36.21826 -151.11530 
    36.30903 -151.73949 
    36.43885 -152.35725 
    36.60752 -152.96608 
    36.81448 -153.56351 
    37.05897 -154.14706 
    37.34009 -154.71442 
    37.65678 -155.26318 
    38.00782 -155.79115 
    38.39186 -156.29610 
    38.80739 -156.77596 
    39.25276 -157.22871 
    39.72622 -157.65250 
    40.22585 -158.04553 
    40.74966 -158.40616 
    41.29551 -158.73289 
    41.86122 -159.02434 
    42.44446 -159.27928 
    43.04286 -159.49666 
    43.65396 -159.67555 
    44.27528 -159.81520 
    44.90425 -159.91504 
    45.53830 -159.97466 
    46.17482 -159.99379 
    46.81119 -159.97240 
    47.44482 -159.91058 
    48.07309 -159.80861 
    48.69345 -159.66690 
    49.30335 -159.48611 
    49.90031 -159.26700 
    50.48190 -159.01051 
    51.04578 -158.71774 
    51.58966 -158.38992 
    52.11137 -158.02844 
    52.60881 -157.63486 
    53.08002 -157.21078 
    53.52313 -156.75801 
    53.93641 -156.27843 
    54.31825 -155.77403 
    54.66718 -155.24690 
    54.98188 -154.69920 
    55.26116 -154.13319 
    55.50399 -153.55116 
    55.70949 -152.95549 
    55.87694 -152.34857 
    56.00576 -151.73283 
    56.09602 -151.11082 
    56.15626 -150.48546 
    56.17711 -149.85748 
    56.15847 -149.22937 
    56.10042 -148.60359 
    56.00316 -147.98262 
    55.86707 -147.36894 
    55.69266 -146.76495 
    55.48063 -146.17305 
    55.23179 -145.59560 
    54.94712 -145.03487 
    54.62996 -144.49168 
    54.28352 -143.96617 
    53.90855 -143.45958 
    53.50740 -142.97173 
    53.08220 -142.50186 
    52.63443 -142.04915 
    52.16464 -141.61319 
    51.67222 -141.19496 
    51.15558 -140.79750 
    50.61268 -140.42653 
    50.14275 -139.83563 
    49.64880 -139.16565 
    48.94639 -139.06291 
    48.17128 -139.39165 
    47.50986 -139.28954 
    46.84169 -139.25789 
    46.17482 -139.11589 
    45.49723 -139.08755 
    44.84401 -139.32306 
    44.23523 -139.68983 
    43.62657 -139.93271 
    43.02913 -140.17606 
    42.44739 -140.44307 
    41.88117 -140.73302 
    41.33101 -141.04663 
    40.79815 -141.38522 
    40.28448 -141.75014 
    39.79220 -142.14223 
    39.32164 -142.55959 
    38.87757 -143.00491 
    38.46241 -143.47723 
    38.07780 -143.97466 
    37.72524 -144.49522 
    37.40612 -145.03685 
    37.12169 -145.59741 
    36.87307 -146.17467 
    36.65009 -146.76271 
    36.42333 -147.35373 
    36.25161 -147.96454 
    36.16501 -148.59296 
    36.14115 -149.22621 
Cell 9 100 67.54315 -151.39055 
    56.73273 -151.39055 
    56.74423 -152.06996 
    56.75029 -152.75400 
    56.78570 -153.44264 
    56.86415 -154.13245 
    57.01942 -154.80992 
    57.22054 -155.47755 
    57.46725 -156.13191 
    57.75893 -156.76947 
    58.09454 -157.38683 
    58.47280 -157.98055 
    58.89198 -158.54742 
    59.35004 -159.08440 
    59.84473 -159.58853 
    60.37350 -160.05716 
    60.93360 -160.48781 
    61.52203 -160.87831 
    62.13568 -161.22670 
    62.77126 -161.53133 
    63.42536 -161.79091 
    64.09451 -162.00438 
    64.77515 -162.17120 
    65.46379 -162.29094 
    66.15691 -162.36374 
    66.85112 -162.39001 
    67.54315 -162.37047 
    68.22992 -162.30635 
    68.90859 -162.19913 
    69.57664 -162.05049 
    70.23190 -161.86252 
    70.87254 -161.63736 
    71.49715 -161.37720 
    72.10472 -161.08437 
    72.69457 -160.76096 
    73.26633 -160.40883 
    73.81983 -160.02966 
    74.35489 -159.62453 
    74.87133 -159.19427 
    75.36855 -158.73909 
    75.84556 -158.25890 
    76.30071 -157.75330 
    76.73163 -157.22173 
    77.13510 -156.66377 
    77.49941 -156.07561 
    77.78769 -155.44664 
    78.04615 -154.80318 
    78.27758 -154.14668 
    78.46275 -153.47357 
    78.59065 -152.78618 
    78.65993 -152.08995 
    78.66875 -151.39055 
    78.61521 -150.69395 
    78.50159 -150.00618 
    78.33107 -149.33264 
    78.10694 -148.67822 
    77.83857 -148.04536 
    77.69964 -147.36931 
    77.51794 -146.69678 
    77.29136 -146.03142 
    77.01836 -145.37740 
    76.69778 -144.73932 
    76.32902 -144.12225 
    75.91212 -143.53156 
    75.44798 -142.97276 
    74.93834 -142.45129 
    74.38583 -141.97241 
    73.79396 -141.54085 
    73.16702 -141.16077 
    72.50999 -140.83548 
    71.82835 -140.56738 
    71.12788 -140.35789 
    70.41450 -140.20741 
    69.69401 -140.11534 
    68.97198 -140.08025 
    68.25350 -140.09988 
    67.54315 -140.17145 
    66.84487 -140.29170 
    66.16194 -140.45717 
    65.49702 -140.66434 
    64.85214 -140.90976 
    64.22887 -141.19025 
    63.62833 -141.50284 
    63.05135 -141.84499 
    62.49856 -142.21446 
    61.97050 -142.60945 
    61.46770 -143.02841 
    60.99073 -143.47003 
    60.54025 -143.93321 
    60.00794 -144.31451 
    59.46198 -144.70523 
    58.91201 -145.11966 
    58.36802 -145.56784 
    57.84834 -146.06078 
    57.37795 -146.60718 
    56.98420 -147.20996 
    56.69076 -147.86440 
    56.51180 -148.55818 
    56.44832 -149.27409 
    56.48818 -149.99399 
    56.60955 -150.70267 
Cell 10 100 83.07007 -135.71971 
    71.50594 -135.71971 
    70.99467 -136.47943 
    71.01062 -137.24318 
    71.39396 -137.94705 
    71.82258 -138.60757 
    72.27959 -139.22575 
    72.75150 -139.80511 
    73.22888 -140.35062 
    73.70636 -140.86745 
    74.18213 -141.36017 
    74.65712 -141.83208 
    75.13402 -142.28499 
    75.61636 -142.71921 
    76.10773 -143.13385 
    76.61130 -143.52702 
    77.12939 -143.89636 
    77.66343 -144.23921 
    78.21394 -144.55296 
    78.78063 -144.83522 
    79.36254 -145.08385 
    79.95819 -145.29707 
    80.56573 -145.47345 
    81.18304 -145.61183 
    81.80782 -145.71138 
    82.43756 -145.77313 
    83.07007 -145.79617 
    83.70300 -145.77991 
    84.33397 -145.72450 
    84.96062 -145.63034 
    85.58069 -145.49794 
    86.19199 -145.32799 
    86.79240 -145.12126 
    87.37997 -144.87871 
    87.95281 -144.60139 
    88.50921 -144.29044 
    89.04755 -143.94701 
    89.56636 -143.57237 
    90.06428 -143.16779 
    90.54005 -142.73448 
    90.99249 -142.27371 
    91.42049 -141.78665 
    91.82295 -141.27446 
    92.19878 -140.73827 
    92.54680 -140.17912 
    92.86578 -139.59811 
    93.15440 -138.99631 
    93.41113 -138.37485 
    93.63435 -137.73495 
    93.82224 -137.07802 
    93.97284 -136.40565 
    94.08408 -135.71971 
    94.15381 -135.02238 
    94.17983 -134.31622 
    94.16003 -133.60419 
    94.09242 -132.88965 
    93.97527 -132.17639 
    93.80715 -131.46860 
    93.58601 -130.77129 
    93.10600 -130.20241 
    92.53928 -129.71036 
    91.83892 -129.34877 
    91.20441 -128.99040 
    90.61868 -128.63109 
    90.06078 -128.27534 
    89.51797 -127.92554 
    88.98215 -127.58244 
    88.44803 -127.24540 
    87.91199 -126.91229 
    87.37135 -126.57905 
    86.82374 -126.23901 
    86.26665 -125.88166 
    85.69655 -125.49026 
    85.09512 -125.10397 
    84.45469 -124.75929 
    83.77679 -124.48675 
    83.07007 -124.56075 
    82.37547 -124.67944 
    81.69567 -124.84024 
    81.03291 -125.04055 
    80.38905 -125.27785 
    79.76565 -125.54976 
    79.16396 -125.85402 
    78.58507 -126.18860 
    78.02988 -126.55164 
    77.49921 -126.94146 
    76.94605 -127.29073 
    76.32532 -127.56670 
    75.71479 -127.88715 
    75.37277 -128.49147 
    75.03173 -129.06981 
    74.74211 -129.66910 
    74.44042 -130.24318 
    74.12345 -130.80127 
    73.80048 -131.35777 
    73.47984 -131.92268 
    73.16724 -132.50209 
    72.86442 -133.09933 
    72.56756 -133.71625 
    72.26447 -134.35464 
    71.92964 -135.01881 
Cell 11 100 116.35876 -144.27815 
    106.19373 -144.27815 
    106.20430 -144.91702 
    106.25570 -145.55447 
    106.34781 -146.18785 
    106.48034 -146.81450 
    106.65282 -147.43181 
    106.86461 -148.03716 
    107.11488 -148.62799 
    107.40263 -149.20183 
    107.72671 -149.75623 
    108.08576 -150.28883 
    108.47832 -150.79742 
    108.90276 -151.27982 
    109.35727 -151.73399 
    109.83996 -152.15804 
    110.34879 -152.55019 
    110.88159 -152.90880 
    111.43612 -153.23241 
    112.01003 -153.51968 
    112.60088 -153.76947 
    113.20619 -153.98077 
    113.82339 -154.15280 
    114.44988 -154.28488 
    115.08304 -154.37657 
    115.72021 -154.42760 
    116.35876 -154.43785 
    116.99605 -154.40746 
    117.62946 -154.33669 
    118.25642 -154.22601 
    118.87447 -154.07616 
    119.48120 -153.88803 
    120.07441 -153.66280 
    120.65204 -153.40182 
    121.21235 -153.10680 
    121.75392 -152.77956 
    122.27578 -152.42223 
    122.77744 -152.03700 
    123.25899 -151.62614 
    123.72102 -151.19177 
    124.16462 -150.73572 
    124.59106 -150.25926 
    125.00157 -149.76305 
    125.39687 -149.24689 
    125.77667 -148.70988 
    126.13921 -148.15050 
    126.48081 -147.56700 
    126.79571 -146.95790 
    127.07613 -146.32260 
    127.31274 -145.66196 
    127.49542 -144.97881 
    127.61429 -144.27815 
    127.66086 -143.56708 
    127.62914 -142.85437 
    127.51642 -142.14972 
    127.64528 -141.38026 
    127.83198 -140.55028 
    127.47372 -139.87743 
    126.67960 -139.42154 
    125.88936 -139.03867 
    125.41528 -138.53072 
    124.91583 -138.06108 
    124.39905 -137.62665 
    123.87082 -137.22386 
    123.33485 -136.84938 
    122.79296 -136.50055 
    122.27015 -136.14183 
    121.75368 -135.77711 
    121.21835 -135.43860 
    120.66604 -135.12474 
    120.09777 -134.83449 
    119.51360 -134.56857 
    118.91287 -134.33054 
    118.29511 -134.12744 
    117.66109 -133.96913 
    117.01382 -133.86629 
    116.35876 -133.82770 
    115.70316 -133.85757 
    115.03225 -133.77771 
    114.31190 -133.54811 
    113.55141 -133.34422 
    112.77901 -133.26082 
    112.04594 -133.38522 
    111.40439 -133.74957 
    110.87947 -134.31136 
    110.45639 -134.97751 
    110.09246 -135.65334 
    109.74323 -136.28134 
    109.38278 -136.84949 
    109.00777 -137.37511 
    108.62899 -137.88353 
    108.23503 -138.37592 
    107.86866 -138.89017 
    107.53505 -139.42728 
    107.23567 -139.98515 
    106.97189 -140.56163 
    106.74492 -141.15442 
    106.55581 -141.76118 
    106.40546 -142.37946 
    106.29465 -143.00676 
    106.22393 -143.64052 
Cell 12 100 -117.97993 -125.87251 
    -128.16191 -125.87251 
    -128.51828 -126.53552 
    -128.82312 -127.24232 
    -129.07129 -127.98830 
    -129.25833 -128.76831 
    -129.38052 -129.57678 
    -129.43466 -130.40776 
    -129.41841 -131.25505 
    -129.33011 -132.11232 
    -129.16878 -132.97316 
    -128.93391 -133.83104 
    -128.62578 -134.67952 
    -128.24510 -135.51215 
    -127.79327 -136.32266 
    -125.22958 -134.63583 
    -123.90299 -134.02492 
    -123.27451 -134.21544 
    -122.69804 -134.45471 
    -122.13169 -134.69547 
    -121.56230 -134.92055 
    -120.98925 -135.13428 
    -120.39326 -135.27180 
    -119.79414 -135.38290 
    -119.19339 -135.47803 
    -118.58933 -135.55872 
    -117.97993 -135.60915 
    -117.36623 -135.62691 
    -116.74098 -135.67976 
    -116.07264 -135.87086 
    -115.53509 -135.39455 
    -115.01766 -134.98943 
    -114.53486 -134.57376 
    -114.08875 -134.14168 
    -113.66406 -133.72304 
    -113.25027 -133.32526 
    -112.84054 -132.94627 
    -112.42918 -132.58220 
    -112.01205 -132.22765 
    -111.58624 -131.87659 
    -111.14791 -131.52444 
    -110.69499 -131.16533 
    -110.22878 -130.79153 
    -109.75475 -130.39433 
    -109.28367 -129.96465 
    -108.82851 -129.49580 
    -108.06092 -129.09538 
    -107.16528 -128.64923 
    -106.10826 -128.13715 
    -105.27652 -127.47732 
    -105.53861 -126.65524 
    -105.84774 -125.87251 
    -106.04265 -125.12148 
    -106.13726 -124.37643 
    -106.23548 -123.63213 
    -106.22543 -122.85446 
    -106.48652 -122.13807 
    -107.05582 -121.54735 
    -107.78963 -121.07732 
    -108.52937 -120.67702 
    -109.13565 -120.25976 
    -109.39853 -119.63775 
    -109.69471 -119.01837 
    -110.03019 -118.40720 
    -110.41129 -117.81271 
    -110.84347 -117.24600 
    -111.33021 -116.71995 
    -111.87195 -116.24786 
    -112.46555 -115.84190 
    -113.10436 -115.51140 
    -113.77879 -115.26164 
    -114.47752 -115.09322 
    -115.18889 -115.00214 
    -115.90218 -114.98058 
    -116.60873 -115.01839 
    -117.30247 -115.10457 
    -117.97993 -115.22878 
    -118.63990 -115.38257 
    -119.28271 -115.55992 
    -119.90948 -115.75746 
    -120.52140 -115.97412 
    -121.11929 -116.21056 
    -121.70324 -116.46849 
    -122.27263 -116.75005 
    -122.82614 -117.05727 
    -123.36198 -117.39175 
    -123.87968 -117.75220 
    -124.37746 -118.13922 
    -124.84982 -118.55681 
    -125.29489 -119.00330 
    -125.71090 -119.47689 
    -126.09620 -119.97569 
    -126.44926 -120.49770 
    -126.76870 -121.04084 
    -127.05325 -121.60293 
    -127.30180 -122.18172 
    -127.51340 -122.77489 
    -127.68719 -123.38010 
    -127.82253 -123.99493 
    -127.91891 -124.61692 
    -127.97594 -125.24361 
Cell 13 100 -81.22734 -113.94833 
    -91.40651 -113.94833 
    -91.39867 -114.58825 
    -91.34996 -115.22711 
    -91.26041 -115.86224 
    -91.13025 -116.49096 
    -90.95989 -117.11063 
    -90.74995 -117.71860 
    -90.50121 -118.31228 
    -90.21464 -118.88913 
    -89.89137 -119.44669 
    -89.53272 -119.98254 
    -89.14017 -120.49439 
    -88.71536 -120.98004 
    -88.26006 -121.43742 
    -87.77621 -121.86455 
    -87.26585 -122.25963 
    -86.73117 -122.62097 
    -86.17444 -122.94706 
    -85.59804 -123.23653 
    -85.00445 -123.48820 
    -84.39619 -123.70105 
    -83.77588 -123.87424 
    -83.14616 -124.00711 
    -82.50969 -124.09918 
    -81.86919 -124.15017 
    -81.22734 -124.15997 
    -80.58685 -124.12867 
    -79.95038 -124.05654 
    -79.32056 -123.94401 
    -78.69999 -123.79173 
    -78.09117 -123.60047 
    -77.49655 -123.37122 
    -76.91848 -123.10512 
    -76.35921 -122.80344 
    -75.80459 -122.49323 
    -75.26056 -122.16090 
    -74.73508 -121.79613 
    -74.23001 -121.39973 
    -73.74729 -120.97256 
    -73.28893 -120.51556 
    -72.85699 -120.02974 
    -72.45367 -119.51627 
    -72.08125 -118.97643 
    -71.74202 -118.41178 
    -71.43836 -117.82406 
    -71.17262 -117.21530 
    -70.94709 -116.58784 
    -70.76392 -115.94433 
    -70.62506 -115.28770 
    -70.53220 -114.62121 
    -70.48666 -113.94833 
    -70.48942 -113.27275 
    -70.54094 -112.59832 
    -70.64125 -111.92892 
    -70.78989 -111.26844 
    -70.98588 -110.62067 
    -71.22781 -109.98923 
    -71.51385 -109.37750 
    -71.77560 -108.75219 
    -72.04021 -108.11800 
    -72.34561 -107.49537 
    -72.69284 -106.88798 
    -73.08263 -106.29994 
    -73.51530 -105.73584 
    -73.99059 -105.20058 
    -74.50754 -104.69931 
    -75.06445 -104.23716 
    -75.65879 -103.81917 
    -76.28719 -103.44998 
    -76.94554 -103.13373 
    -77.62901 -102.87381 
    -78.33227 -102.67274 
    -79.04958 -102.53210 
    -79.77507 -102.45239 
    -80.50287 -102.43315 
    -81.22734 -102.47292 
    -81.94324 -102.56942 
    -82.64585 -102.71966 
    -83.33109 -102.92010 
    -83.99554 -103.16690 
    -84.63649 -103.45605 
    -85.25187 -103.78353 
    -85.84019 -104.14554 
    -86.33740 -104.65315 
    -86.80180 -105.16440 
    -87.25130 -105.65707 
    -87.68250 -106.14539 
    -88.06616 -106.66572 
    -88.41174 -107.20173 
    -88.73968 -107.73358 
    -89.09399 -108.23287 
    -89.44513 -108.73316 
    -89.75229 -109.26170 
    -90.02961 -109.80630 
    -90.28677 -110.36145 
    -90.51302 -110.93123 
    -90.70539 -111.51478 
    -90.87498 -112.10794 
    -91.03738 -112.70903 
    -91.31185 -113.31386 
Cell 14 100 -58.98429 -120.89702 
    -69.54401 -120.89702 
    -69.55816 -121.56227 
    -69.53216 -122.22952 
    -69.46480 -122.89628 
    -69.35512 -123.55980 
    -69.20249 -124.21711 
    -69.00664 -124.86514 
    -68.76769 -125.50074 
    -68.48612 -126.12070 
    -68.16278 -126.72186 
    -67.79882 -127.30116 
    -67.39574 -127.85558 
    -66.95525 -128.38225 
    -66.47935 -128.87845 
    -65.97027 -129.34161 
    -65.43043 -129.76936 
    -64.86246 -130.15953 
    -64.26914 -130.51013 
    -63.65343 -130.81944 
    -63.01838 -131.08597 
    -62.15400 -130.65239 
    -61.40329 -130.31841 
    -60.75093 -130.15807 
    -60.13742 -130.02501 
    -59.54603 -129.82567 
    -58.98429 -129.60973 
    -58.44925 -129.40126 
    -57.93472 -129.20522 
    -57.43413 -129.02324 
    -56.94090 -128.85548 
    -56.44929 -128.69894 
    -55.95288 -128.55350 
    -55.44533 -128.41768 
    -54.92071 -128.28864 
    -54.37402 -128.16164 
    -53.80120 -128.03091 
    -53.21069 -127.87610 
    -52.60235 -127.69308 
    -51.94376 -127.50851 
    -51.12797 -127.39632 
    -50.12278 -127.33528 
    -49.08564 -127.17889 
    -48.49472 -126.66370 
    -48.03856 -126.04768 
    -47.64707 -125.38574 
    -47.30827 -124.69079 
    -47.02302 -123.96815 
    -46.79433 -123.22237 
    -46.62532 -122.45832 
    -46.51849 -121.68130 
    -46.47564 -120.89702 
    -46.49777 -120.11143 
    -46.58501 -119.33063 
    -46.73663 -118.56065 
    -46.95101 -117.80740 
    -47.22573 -117.07643 
    -47.55764 -116.37289 
    -47.94294 -115.70135 
    -48.37729 -115.06577 
    -48.85598 -114.46940 
    -49.37405 -113.91477 
    -49.92643 -113.40370 
    -50.50808 -112.93733 
    -51.11411 -112.51613 
    -51.70697 -112.10025 
    -52.19656 -111.55450 
    -52.77174 -111.10760 
    -53.42141 -110.77818 
    -54.12397 -110.56831 
    -54.85333 -110.46342 
    -55.58573 -110.43734 
    -56.30466 -110.46055 
    -57.00245 -110.50787 
    -57.67884 -110.56339 
    -58.33778 -110.62112 
    -58.98429 -110.66897 
    -59.62296 -110.74558 
    -60.25926 -110.80460 
    -60.89809 -110.86451 
    -61.53720 -110.95408 
    -62.17609 -111.07365 
    -62.81381 -111.22474 
    -63.44847 -111.41014 
    -64.07686 -111.63367 
    -64.69413 -111.89975 
    -65.29383 -112.21268 
    -65.86817 -112.57584 
    -66.40869 -112.99083 
    -66.90712 -113.45698 
    -67.35633 -113.97106 
    -67.75121 -114.52748 
    -68.08916 -115.11889 
    -68.37036 -115.73698 
    -68.59735 -116.37345 
    -68.77447 -117.02081 
    -68.93734 -117.66308 
    -69.11574 -118.29571 
    -69.27415 -118.93412 
    -69.40049 -119.58115 
    -69.49100 -120.23599 
Cell 15 100 -57.76885 -99.29398 
    -68.24493 -99.29398 
    -68.13264 -99.94601 
    -68.03393 -100.59076 
    -67.92684 -101.23172 
    -67.78212 -101.86494 
    -67.60052 -102.48847 
    -67.38279 -103.10040 
    -67.12962 -103.69881 
    -66.84171 -104.28182 
    -66.51978 -104.84749 
    -66.16456 -105.39381 
    -65.77688 -105.91879 
    -65.35767 -106.42036 
    -64.90802 -106.89642 
    -64.42915 -107.34489 
    -63.92245 -107.76368 
    -63.38954 -108.15076 
    -62.83221 -108.50419 
    -62.25245 -108.82210 
    -61.65242 -109.10275 
    -61.03449 -109.34457 
    -60.40116 -109.54614 
    -59.75510 -109.70627 
    -59.09910 -109.82394 
    -58.43602 -109.89835 
    -57.76885 -109.92897 
    -57.10061 -109.91545 
    -56.43434 -109.85773 
    -55.77312 -109.75597 
    -55.12001 -109.61054 
    -54.47802 -109.42212 
    -53.85013 -109.19154 
    -53.23923 -108.91992 
    -52.64812 -108.60856 
    -52.07949 -108.25898 
    -51.53590 -107.87289 
    -51.01979 -107.45219 
    -50.53341 -106.99895 
    -50.07885 -106.51537 
    -49.65802 -106.00384 
    -49.27266 -105.46683 
    -48.86377 -104.94531 
    -48.46862 -104.40682 
    -48.10693 -103.84053 
    -47.78220 -103.24797 
    -47.49798 -102.63118 
    -47.25772 -101.99277 
    -47.06464 -101.33591 
    -46.92156 -100.66431 
    -46.83073 -99.98215 
    -46.79374 -99.29398 
    -46.81137 -98.60459 
    -46.88361 -97.91885 
    -47.00959 -97.24154 
    -47.18766 -96.57719 
    -47.41548 -95.92996 
    -47.69015 -95.30354 
    -48.00836 -94.70103 
    -48.36653 -94.12501 
    -48.76099 -93.57742 
    -48.73784 -92.73257 
    -48.26447 -91.43126 
    -49.69773 -91.71468 
    -50.63246 -91.69449 
    -51.15856 -91.30350 
    -51.65149 -90.87415 
    -52.13926 -90.42316 
    -52.65216 -89.98674 
    -53.19102 -89.56560 
    -53.75699 -89.16118 
    -54.35130 -88.77584 
    -54.97509 -88.41300 
    -55.62913 -88.07715 
    -56.31352 -87.77386 
    -57.02744 -87.50961 
    -57.76885 -87.29160 
    -58.53431 -87.12733 
    -59.31888 -87.02425 
    -60.11610 -86.98925 
    -60.91817 -87.02818 
    -61.71616 -87.14541 
    -62.50040 -87.34346 
    -63.26093 -87.62271 
    -63.98803 -87.98134 
    -64.67268 -88.41528 
    -65.30707 -88.91851 
    -65.88493 -89.48332 
    -66.40186 -90.10076 
    -66.85535 -90.76118 
    -67.24490 -91.45471 
    -67.57168 -92.17181 
    -67.83842 -92.90364 
    -68.04894 -93.64245 
    -68.20783 -94.38177 
    -68.31996 -95.11650 
    -68.39017 -95.84290 
    -68.42294 -96.55847 
    -68.42210 -97.26176 
    -68.39076 -97.95212 
    -68.33121 -98.62945 
Cell 16 100 -34.26778 -125.87363 
    -45.22047 -125.87363 
    -45.12844 -126.55692 
    -44.98497 -127.22752 
    -44.79485 -127.88177 
    -44.56303 -128.51700 
    -44.29422 -129.13141 
    -43.99261 -129.72395 
    -43.66171 -130.29407 
    -43.30430 -130.84149 
    -42.92458 -131.36739 
    -42.55462 -131.89436 
    -42.15738 -132.40047 
    -41.74200 -132.89238 
    -41.30767 -133.37035 
    -40.85509 -133.83632 
    -40.38488 -134.29309 
    -39.88904 -134.73131 
    -39.36549 -135.14632 
    -38.81317 -135.53307 
    -38.22951 -135.87979 
    -37.61773 -136.18369 
    -36.98172 -136.44370 
    -36.32499 -136.65787 
    -35.65102 -136.82306 
    -34.96399 -136.93945 
    -34.26778 -137.00504 
    -33.56673 -137.01660 
    -32.86548 -136.97400 
    -32.16868 -136.87750 
    -31.48078 -136.72829 
    -30.80637 -136.52676 
    -30.15095 -136.27156 
    -29.51589 -135.97192 
    -28.90436 -135.62965 
    -28.31939 -135.24680 
    -27.76379 -134.82561 
    -27.24020 -134.36852 
    -26.75098 -133.87820 
    -26.29834 -133.35744 
    -25.88407 -132.80923 
    -25.50985 -132.23663 
    -25.17704 -131.64279 
    -24.88667 -131.03094 
    -24.68241 -130.38417 
    -24.54887 -129.72162 
    -24.50515 -129.04570 
    -24.53034 -128.37378 
    -24.48443 -127.73990 
    -24.41246 -127.11864 
    -24.36574 -126.49660 
    -24.34465 -125.87363 
    -24.34822 -125.24953 
    -24.37566 -124.62396 
    -24.42635 -123.99627 
    -24.49807 -123.36519 
    -24.63764 -122.74461 
    -24.80417 -122.12672 
    -24.99592 -121.51062 
    -25.21184 -120.89508 
    -25.45199 -120.27895 
    -25.71773 -119.66165 
    -26.01192 -119.04378 
    -26.33872 -118.42774 
    -26.70329 -117.81826 
    -27.11110 -117.22268 
    -27.56705 -116.65086 
    -28.07462 -116.11476 
    -28.63494 -115.62753 
    -29.24621 -115.20225 
    -29.90347 -114.85064 
    -30.59881 -114.58170 
    -31.32203 -114.40066 
    -32.06161 -114.30844 
    -32.80590 -114.30164 
    -33.54423 -114.37309 
    -34.26778 -114.51283 
    -34.97018 -114.70945 
    -35.64758 -114.95139 
    -36.29853 -115.22810 
    -36.92334 -115.53092 
    -37.52788 -115.84008 
    -38.10607 -116.17923 
    -38.65940 -116.54097 
    -39.19723 -116.90701 
    -39.78176 -117.18500 
    -40.35566 -117.49439 
    -40.91723 -117.83582 
    -41.46419 -118.21024 
    -41.99346 -118.61874 
    -42.50115 -119.06240 
    -42.98254 -119.54199 
    -43.43222 -120.05769 
    -43.84435 -120.60886 
    -44.21292 -121.19380 
    -44.53222 -121.80965 
    -44.79722 -122.45241 
    -45.00395 -123.11705 
    -45.14985 -123.79776 
    -45.23392 -124.48828 
    -45.25675 -125.18226 
Cell 17 100 -14.34647 -125.75444 
    -24.34533 -125.75444 
    -24.36194 -126.38456 
    -24.40544 -127.02518 
    -24.47833 -127.68719 
    -24.53001 -128.36914 
    -24.50492 -129.05511 
    -24.27861 -129.68684 
    -24.00970 -130.30161 
    -23.70152 -130.89742 
    -23.35579 -131.47192 
    -22.97426 -132.02290 
    -22.55883 -132.54829 
    -22.11137 -133.04616 
    -21.63387 -133.51472 
    -21.12831 -133.95227 
    -20.59675 -134.35721 
    -20.04130 -134.72804 
    -19.46410 -135.06337 
    -18.86741 -135.36192 
    -18.25349 -135.62244 
    -17.62472 -135.84386 
    -16.98355 -136.02518 
    -16.33246 -136.16537 
    -15.67392 -136.26227 
    -15.01021 -136.30420 
    -14.34647 -136.22192 
    -13.71064 -135.86064 
    -13.11169 -135.52873 
    -12.52580 -135.29872 
    -11.94815 -135.09529 
    -11.37076 -134.91273 
    -10.78578 -134.74773 
    -10.18536 -134.59726 
    -9.55279 -134.47414 
    -8.92791 -134.29274 
    -8.20541 -134.20688 
    -7.70041 -133.78815 
    -7.22471 -133.33835 
    -6.78025 -132.85959 
    -6.36879 -132.35416 
    -5.99192 -131.82437 
    -5.65104 -131.27274 
    -5.34735 -130.70175 
    -5.08187 -130.11403 
    -4.85542 -129.51221 
    -4.66862 -128.89896 
    -4.52193 -128.27695 
    -4.41477 -127.64902 
    -4.33508 -127.01917 
    -4.25446 -126.38937 
    -4.20888 -125.75444 
    -4.19857 -125.11599 
    -4.22364 -124.47563 
    -4.28436 -123.83499 
    -4.38113 -123.19578 
    -4.51452 -122.55984 
    -4.68526 -121.92929 
    -4.89417 -121.30653 
    -5.14211 -120.69430 
    -5.42985 -120.09578 
    -5.75796 -119.51452 
    -6.12664 -118.95441 
    -6.53566 -118.41960 
    -6.98419 -117.91441 
    -7.47072 -117.44308 
    -7.99307 -117.00973 
    -8.54834 -116.61804 
    -9.13301 -116.27118 
    -9.74304 -115.97164 
    -10.24371 -115.39205 
    -10.54285 -114.04810 
    -11.35312 -114.09612 
    -12.23455 -114.68336 
    -12.93906 -114.61359 
    -13.64911 -114.67023 
    -14.34647 -114.82870 
    -15.01965 -115.05453 
    -15.66538 -115.31418 
    -16.28669 -115.58344 
    -16.90369 -115.79474 
    -17.50917 -116.02067 
    -18.09817 -116.27874 
    -18.66944 -116.56767 
    -19.22174 -116.88637 
    -19.75379 -117.23388 
    -20.26424 -117.60934 
    -20.75644 -118.00611 
    -21.26849 -118.38323 
    -21.75838 -118.79419 
    -22.22338 -119.23809 
    -22.66075 -119.71376 
    -23.06774 -120.21976 
    -23.44172 -120.75429 
    -23.78018 -121.31528 
    -24.08068 -121.90040 
    -24.33190 -122.50998 
    -24.49291 -123.14928 
    -24.44548 -123.82795 
    -24.38680 -124.48605 
    -24.35369 -125.12484 
Cell 18 100 14.17393 -126.32284 
    4.05354 -126.32284 
    4.06489 -126.95885 
    4.11551 -127.59351 
    4.20651 -128.22423 
    4.33761 -128.84837 
    4.50836 -129.46336 
    4.71815 -130.06665 
    4.96617 -130.65567 
    5.25148 -131.22800 
    5.57293 -131.78120 
    5.92924 -132.31296 
    6.31898 -132.82101 
    6.74053 -133.30327 
    7.19218 -133.75764 
    7.67205 -134.18227 
    8.17815 -134.57532 
    8.70835 -134.93521 
    9.26046 -135.26041 
    9.83215 -135.54959 
    10.42103 -135.80159 
    11.02463 -136.01540 
    11.64042 -136.19022 
    12.26584 -136.32539 
    12.89829 -136.42055 
    13.53518 -136.47540 
    14.17393 -136.48999 
    14.81199 -136.46454 
    15.44690 -136.39948 
    16.07632 -136.29552 
    16.69803 -136.15356 
    17.31003 -135.97478 
    17.91055 -135.76047 
    18.49811 -135.51219 
    19.07151 -135.23152 
    19.62993 -134.92012 
    20.17285 -134.57965 
    20.70004 -134.21155 
    21.18653 -133.79051 
    21.50664 -133.20872 
    21.78283 -132.61748 
    22.03471 -132.03403 
    22.27061 -131.46115 
    22.49673 -130.89833 
    22.71770 -130.34323 
    22.94007 -129.79359 
    23.16880 -129.24545 
    23.40799 -128.69374 
    23.66013 -128.13242 
    23.92599 -127.55481 
    24.21911 -126.95483 
    24.58260 -126.32284 
    25.06218 -125.63781 
    25.71180 -124.86526 
    25.89349 -124.08721 
    25.74694 -123.35139 
    25.52620 -122.63426 
    25.23396 -121.94386 
    24.87487 -121.28735 
    24.45523 -120.67064 
    23.98252 -120.09811 
    23.46466 -119.57272 
    22.90819 -119.09723 
    22.31103 -118.68159 
    21.66464 -118.34605 
    21.02964 -118.03570 
    20.41163 -117.73737 
    19.81952 -117.42680 
    19.23579 -117.11534 
    18.64228 -116.82711 
    18.02168 -116.60452 
    17.39111 -116.42137 
    16.75305 -116.27781 
    16.11000 -116.17359 
    15.46431 -116.10842 
    14.81823 -116.08192 
    14.17393 -116.03450 
    13.52596 -116.02364 
    12.87684 -116.05537 
    12.22966 -116.13063 
    11.58769 -116.25010 
    10.95437 -116.41405 
    10.33325 -116.62238 
    9.72787 -116.87447 
    9.14170 -117.16926 
    8.57806 -117.50517 
    8.04000 -117.88021 
    7.53024 -118.29200 
    7.05114 -118.73785 
    6.60467 -119.21484 
    6.19239 -119.71993 
    5.81548 -120.25007 
    5.47479 -120.80219 
    5.17088 -121.37337 
    4.90411 -121.96079 
    4.67221 -122.56084 
    4.47210 -123.17052 
    4.31075 -123.79041 
    4.18826 -124.41797 
    4.10462 -125.05079 
    4.05976 -125.68651 
Cell 19 100 24.65707 -108.39389 
    13.46977 -108.39389 
    13.52656 -109.09416 
    13.63454 -109.78636 
    13.79183 -110.46655 
    13.99616 -111.13115 
    14.24496 -111.77699 
    14.53545 -112.40132 
    14.86475 -113.00181 
    15.22993 -113.57651 
    15.62814 -114.12383 
    16.05663 -114.64248 
    16.51276 -115.13145 
    16.99409 -115.58990 
    17.49836 -116.01714 
    18.02348 -116.41252 
    18.57015 -116.77182 
    19.14901 -117.07320 
    19.72029 -117.37386 
    20.29031 -117.67374 
    20.87010 -117.95869 
    21.45648 -118.24431 
    22.05115 -118.54329 
    22.68481 -118.73288 
    23.33645 -118.84769 
    23.99487 -118.91936 
    24.65707 -118.94747 
    25.32006 -118.93181 
    25.98082 -118.87238 
    26.63631 -118.76943 
    27.28357 -118.62342 
    27.91964 -118.43504 
    28.54163 -118.20515 
    29.14674 -117.93491 
    29.73224 -117.62559 
    30.29556 -117.27872 
    30.83420 -116.89597 
    31.34586 -116.47924 
    31.82838 -116.03056 
    32.27979 -115.55209 
    32.69835 -115.04621 
    33.08254 -114.51535 
    33.43110 -113.96206 
    33.74310 -113.38898 
    34.01790 -112.79876 
    34.25522 -112.19407 
    34.45517 -111.57748 
    34.61820 -110.95147 
    34.74511 -110.31828 
    34.83699 -109.67992 
    34.89508 -109.03801 
    34.92065 -108.39389 
    34.91484 -107.74853 
    34.87842 -107.10263 
    34.81162 -106.45681 
    34.71395 -105.81172 
    34.58414 -105.16840 
    34.42009 -104.52844 
    34.21907 -103.89436 
    33.97795 -103.26969 
    33.69361 -102.65913 
    33.43321 -102.01765 
    33.17519 -101.34709 
    32.88140 -100.67074 
    32.54384 -99.99533 
    32.15449 -99.33107 
    31.70637 -98.69137 
    31.19478 -98.09211 
    30.61830 -97.55045 
    29.97948 -97.08321 
    29.28496 -96.70518 
    28.54519 -96.42749 
    27.77345 -96.25642 
    26.98458 -96.19265 
    26.19356 -96.23138 
    25.41400 -96.36289 
    24.65707 -96.57392 
    23.93074 -96.84913 
    23.23952 -97.17282 
    22.58476 -97.53044 
    21.96520 -97.90974 
    21.37786 -98.30151 
    20.81538 -98.69088 
    20.18701 -98.89453 
    19.56770 -99.13636 
    18.96003 -99.41678 
    18.36681 -99.73609 
    17.79114 -100.09441 
    17.23634 -100.49161 
    16.70592 -100.92725 
    16.20355 -101.40053 
    15.73299 -101.91016 
    15.29798 -102.45443 
    14.90215 -103.03107 
    14.54892 -103.63736 
    14.24142 -104.27004 
    13.98234 -104.92546 
    13.77388 -105.59956 
    13.61769 -106.28802 
    13.51479 -106.98629 
    13.46556 -107.68978 
Cell 20 100 60.44070 -107.68948 
    50.35313 -107.68948 
    50.36822 -108.32318 
    50.42326 -108.95497 
    50.51813 -109.58231 
    50.65253 -110.20265 
    50.82599 -110.81348 
    51.03786 -111.41232 
    51.28736 -111.99671 
    51.57349 -112.56426 
    51.89514 -113.11266 
    52.25103 -113.63963 
    52.63972 -114.14301 
    53.05964 -114.62075 
    53.50906 -115.07092 
    53.98618 -115.49165 
    54.48906 -115.88122 
    55.01561 -116.23804 
    55.56371 -116.56069 
    56.13109 -116.84786 
    56.71544 -117.09842 
    57.31436 -117.31139 
    57.92540 -117.48594 
    58.54608 -117.62143 
    59.17389 -117.71738 
    59.80627 -117.77348 
    60.44070 -117.78960 
    61.07465 -117.76578 
    61.70561 -117.70222 
    62.33110 -117.59928 
    62.93260 -117.39476 
    63.50930 -117.13365 
    64.08368 -116.89058 
    64.66496 -116.66647 
    65.27327 -116.47988 
    65.83548 -116.19028 
    66.36208 -115.83955 
    66.86346 -115.45326 
    67.34034 -115.03684 
    67.79136 -114.59220 
    68.21503 -114.12096 
    68.60999 -113.62481 
    68.97489 -113.10543 
    69.30850 -112.56459 
    69.60963 -112.00404 
    69.87717 -111.42564 
    70.11141 -110.83168 
    70.38574 -110.24293 
    70.66274 -109.63943 
    70.94337 -109.01627 
    71.21950 -108.36762 
    71.47188 -107.68948 
    71.67146 -106.98289 
    71.78473 -106.25639 
    71.78200 -105.52601 
    71.64597 -104.81245 
    71.37713 -104.13602 
    70.99381 -103.51121 
    70.52682 -102.94331 
    70.07996 -102.39025 
    69.93481 -101.66433 
    69.74506 -100.92947 
    69.49680 -100.19762 
    69.17701 -99.48554 
    68.77579 -98.81351 
    68.25487 -98.24377 
    67.66811 -97.74181 
    67.04747 -97.27888 
    66.36250 -96.91776 
    65.61198 -96.69996 
    64.83813 -96.58283 
    64.05904 -96.55337 
    63.28939 -96.59457 
    62.53930 -96.68825 
    61.81692 -96.79560 
    61.12517 -96.81019 
    60.44070 -96.87102 
    59.76662 -96.97525 
    59.10547 -97.12001 
    58.45929 -97.30255 
    57.82972 -97.52035 
    57.21804 -97.77115 
    56.62537 -98.05303 
    56.05264 -98.36437 
    55.50080 -98.70382 
    54.97078 -99.07026 
    54.46361 -99.46272 
    53.98041 -99.88033 
    53.52239 -100.32222 
    53.09085 -100.78751 
    52.68718 -101.27520 
    52.31072 -101.78270 
    51.95482 -102.30418 
    51.63149 -102.84657 
    51.34207 -103.40799 
    51.08780 -103.98640 
    50.86980 -104.57970 
    50.68904 -105.18568 
    50.54638 -105.80203 
    50.44251 -106.42641 
    50.37797 -107.05638 
Cell 21 100 65.35353 -128.22833 
    55.34369 -128.22833 
    55.36479 -128.85677 
    55.42533 -129.48256 
    55.52505 -130.10321 
    55.66356 -130.71629 
    55.84027 -131.31938 
    56.05140 -131.91130 
    56.23476 -132.51930 
    56.45795 -133.11871 
    56.72015 -133.70724 
    57.02142 -134.28197 
    57.36146 -134.83995 
    57.73972 -135.37817 
    58.15523 -135.89374 
    58.60681 -136.38371 
    59.09299 -136.84523 
    59.61198 -137.27556 
    60.16179 -137.67207 
    60.74013 -138.03230 
    61.34453 -138.35391 
    61.97230 -138.63469 
    62.62167 -138.86821 
    63.28923 -139.04976 
    63.96931 -139.18552 
    64.65854 -139.27490 
    65.35353 -139.31841 
    66.05139 -139.32050 
    66.75001 -139.28259 
    67.44753 -139.20549 
    68.14114 -139.08533 
    68.82182 -138.90265 
    69.48746 -138.66945 
    70.13531 -138.39012 
    70.69161 -137.93826 
    70.96169 -137.06537 
    71.16473 -136.22675 
    71.52494 -135.68829 
    71.85154 -135.14801 
    72.14010 -134.60135 
    72.40392 -134.06091 
    72.65549 -133.53352 
    72.90449 -133.02031 
    73.15857 -132.51918 
    73.42408 -132.02605 
    73.70087 -131.53328 
    73.98840 -131.03397 
    74.28267 -130.52094 
    74.57484 -129.98740 
    74.85812 -129.42905 
    75.16398 -128.84555 
    75.52170 -128.22833 
    75.80043 -127.57107 
    75.68525 -126.92313 
    75.58713 -126.27617 
    75.47238 -125.63025 
    75.31421 -124.99191 
    75.11246 -124.36449 
    74.86739 -123.75145 
    74.57961 -123.15625 
    74.25019 -122.58234 
    73.88063 -122.03304 
    73.47283 -121.51146 
    73.02912 -121.02047 
    72.55213 -120.56260 
    72.04478 -120.14000 
    71.51019 -119.75443 
    70.98777 -119.35019 
    70.50803 -118.85234 
    69.99926 -118.35566 
    69.45369 -117.87251 
    68.86472 -117.42203 
    68.22921 -117.02831 
    67.54945 -116.71689 
    66.83389 -116.51012 
    66.09628 -116.42273 
    65.35353 -116.45807 
    64.62704 -116.68109 
    63.92948 -116.95583 
    63.25875 -117.24709 
    62.61131 -117.54810 
    62.01643 -117.95779 
    61.45073 -118.37098 
    60.90965 -118.78461 
    60.38823 -119.19649 
    59.88320 -119.60847 
    59.39350 -120.02505 
    58.92004 -120.45158 
    58.46511 -120.89291 
    58.03172 -121.35270 
    57.62304 -121.83311 
    57.24201 -122.33497 
    56.89122 -122.85799 
    56.57280 -123.40108 
    56.28852 -123.96266 
    56.03979 -124.54076 
    55.82776 -125.13322 
    55.65334 -125.73775 
    55.51727 -126.35197 
    55.42007 -126.97344 
    55.36214 -127.59973 
Cell 22 100 75.75456 -90.29979 
    63.62083 -90.29979 
    63.64034 -91.06195 
    63.73407 -91.81833 
    63.89937 -92.56129 
    64.13205 -93.28394 
    64.42665 -93.98045 
    64.77685 -94.64617 
    65.17583 -95.27776 
    65.61670 -95.87312 
    66.09286 -96.43130 
    66.59825 -96.95224 
    67.18989 -97.38510 
    67.75262 -97.81411 
    68.27450 -98.26524 
    68.82017 -98.68203 
    69.41036 -99.03184 
    70.01089 -99.35036 
    70.62092 -99.63785 
    71.23979 -99.89416 
    71.86696 -100.11876 
    72.50179 -100.31080 
    73.14350 -100.46920 
    73.79108 -100.59276 
    74.44321 -100.68024 
    75.09832 -100.73048 
    75.75456 -100.74889 
    76.41100 -100.73357 
    77.06530 -100.67533 
    77.71455 -100.57439 
    78.35587 -100.43119 
    78.98640 -100.24635 
    79.60335 -100.02071 
    80.20399 -99.75530 
    80.78568 -99.45136 
    81.34589 -99.11031 
    81.88216 -98.73371 
    82.39222 -98.32333 
    82.87389 -97.88110 
    83.32517 -97.40907 
    83.74427 -96.90945 
    84.12965 -96.38464 
    84.48012 -95.83720 
    84.79509 -95.26986 
    85.07489 -94.68560 
    85.32127 -94.08752 
    85.53802 -93.47863 
    85.73165 -92.86147 
    85.91157 -92.23734 
    86.08954 -91.60540 
    86.27782 -90.96185 
    86.48575 -90.29979 
    86.71523 -89.61021 
    86.95624 -88.88469 
    87.18436 -88.11944 
    87.36198 -87.31951 
    87.44420 -86.50159 
    87.38847 -85.69360 
    87.16541 -84.93025 
    86.76713 -84.24558 
    86.20988 -83.66464 
    85.53014 -83.19741 
    84.77547 -82.83705 
    84.26920 -82.30402 
    83.85735 -81.67120 
    83.39809 -81.06036 
    82.89108 -80.47721 
    82.33678 -79.92788 
    81.73650 -79.41870 
    81.09253 -78.95603 
    80.40820 -78.54604 
    79.68783 -78.19444 
    78.93666 -77.90633 
    78.16080 -77.68587 
    77.36697 -77.53626 
    76.56241 -77.45945 
    75.75456 -77.45615 
    74.95089 -77.52578 
    74.15861 -77.66654 
    73.38449 -77.87544 
    72.63464 -78.14852 
    71.91440 -78.48097 
    71.22815 -78.86738 
    70.57937 -79.30195 
    69.97056 -79.77873 
    69.40331 -80.29182 
    68.87840 -80.83557 
    68.39590 -81.40469 
    67.95529 -81.99441 
    67.55568 -82.60053 
    67.19590 -83.21944 
    66.87464 -83.84815 
    66.39095 -84.35746 
    65.88868 -84.87598 
    65.41856 -85.43604 
    64.98795 -86.03699 
    64.60438 -86.67688 
    64.27521 -87.35239 
    64.00720 -88.05886 
    63.80613 -88.79035 
    63.67642 -89.53989 
Cell 23 100 93.38860 -119.91879 
    81.82773 -119.91879 
    81.99641 -120.63552 
    82.21441 -121.33041 
    82.47448 -122.00076 
    82.76994 -122.64520 
    83.09496 -123.26339 
    83.44492 -123.85577 
    83.82244 -124.42028 
    84.51991 -124.79440 
    85.15622 -125.14321 
    85.70866 -125.49859 
    86.21969 -125.84943 
    86.72541 -126.17594 
    87.22155 -126.48603 
    87.70740 -126.78619 
    88.18449 -127.08163 
    88.65579 -127.37650 
    89.12514 -127.67400 
    89.59695 -127.97645 
    90.07613 -128.28513 
    90.56825 -128.59894 
    91.07914 -128.91356 
    91.61398 -129.22173 
    92.17538 -129.52248 
    92.76048 -129.90242 
    93.38860 -130.53734 
    94.06416 -130.65642 
    94.74006 -130.61667 
    95.41306 -130.53136 
    96.07989 -130.40065 
    96.73730 -130.22501 
    97.38206 -130.00510 
    98.01101 -129.74190 
    98.62106 -129.43658 
    99.20921 -129.09059 
    99.77261 -128.70561 
    100.30851 -128.28351 
    100.81435 -127.82640 
    101.28773 -127.33656 
    101.72646 -126.81645 
    102.12851 -126.26870 
    102.49212 -125.69605 
    102.81574 -125.10139 
    103.09806 -124.48771 
    103.33800 -123.85802 
    103.53474 -123.21547 
    103.68774 -122.56316 
    103.79668 -121.90423 
    103.86151 -121.24182 
    103.88246 -120.57900 
    103.85998 -119.91879 
    103.79480 -119.26408 
    103.68788 -118.61768 
    103.54044 -117.98222 
    103.35389 -117.36014 
    103.12988 -116.75365 
    102.87025 -116.16473 
    102.57696 -115.59508 
    102.25211 -115.04603 
    101.89787 -114.51864 
    101.51640 -114.01360 
    101.10980 -113.53126 
    100.68092 -113.07085 
    100.23408 -112.62910 
    99.76284 -112.21365 
    99.26833 -111.82604 
    98.76045 -111.45411 
    98.23521 -111.10285 
    97.69249 -110.77256 
    97.13209 -110.46381 
    96.55364 -110.17780 
    95.95677 -109.91644 
    95.34129 -109.68241 
    94.70744 -109.47916 
    94.05600 -109.31079 
    93.38860 -109.18192 
    92.70778 -109.09742 
    92.01709 -109.06213 
    91.32110 -109.08053 
    90.62529 -109.15639 
    89.93591 -109.29249 
    89.25969 -109.49034 
    88.60354 -109.75000 
    87.97419 -110.07001 
    87.37788 -110.44741 
    86.82000 -110.87788 
    86.26988 -111.31373 
    85.63258 -111.65945 
    85.01471 -112.05518 
    84.42455 -112.50307 
    83.87108 -113.00390 
    83.36353 -113.55668 
    82.91081 -114.15857 
    82.52090 -114.80483 
    82.20028 -115.48902 
    81.95348 -116.20329 
    81.78280 -116.93892 
    81.68816 -117.68681 
    81.66723 -118.43803 
    81.71571 -119.18439 
Cell 24 100 -98.33720 -105.25701 
    -108.50809 -105.25701 
    -108.49810 -105.89628 
    -108.44733 -106.53422 
    -108.35582 -107.16817 
    -108.22388 -107.79548 
    -108.05199 -108.41354 
    -107.84082 -109.01976 
    -107.59119 -109.61161 
    -107.30414 -110.18662 
    -106.98083 -110.74242 
    -106.62263 -111.27672 
    -106.23103 -111.78735 
    -105.80768 -112.27225 
    -105.35438 -112.72954 
    -104.87302 -113.15745 
    -104.36561 -113.55440 
    -103.83424 -113.91895 
    -103.28108 -114.24989 
    -102.70834 -114.54614 
    -102.11825 -114.80683 
    -101.51305 -115.03127 
    -100.89499 -115.21893 
    -100.26625 -115.36944 
    -99.62900 -115.48258 
    -98.98531 -115.55826 
    -98.33720 -115.59647 
    -97.68665 -115.59729 
    -97.03553 -115.56085 
    -96.38567 -115.48731 
    -95.73888 -115.37683 
    -95.09693 -115.22954 
    -94.46165 -115.04555 
    -93.83487 -114.82495 
    -93.21856 -114.56779 
    -92.61478 -114.27410 
    -92.02579 -113.94393 
    -91.46350 -113.56589 
    -91.13575 -112.92579 
    -90.90872 -112.23282 
    -90.71830 -111.55992 
    -90.51579 -110.93960 
    -90.28820 -110.36507 
    -90.03620 -109.82053 
    -89.76669 -109.28999 
    -89.46614 -108.76932 
    -89.10968 -108.25522 
    -88.73311 -107.72292 
    -88.38227 -107.15602 
    -87.99117 -106.56402 
    -87.50010 -105.93883 
    -86.88629 -105.25701 
    -86.17967 -104.49212 
    -86.00073 -103.69855 
    -86.20280 -102.94225 
    -86.61803 -102.24804 
    -87.18643 -101.63390 
    -87.83187 -101.09766 
    -88.27225 -100.52081 
    -88.14375 -99.65311 
    -87.91951 -98.64574 
    -89.51864 -98.84995 
    -89.99973 -98.35965 
    -90.50773 -97.90465 
    -91.03931 -97.48554 
    -91.59132 -97.10263 
    -92.16082 -96.75595 
    -92.74518 -96.44538 
    -93.34195 -96.17068 
    -93.94898 -95.93156 
    -94.56429 -95.72773 
    -95.18610 -95.55891 
    -95.81274 -95.42488 
    -96.44267 -95.32549 
    -97.06753 -95.20651 
    -97.69652 -95.07355 
    -98.33720 -94.94895 
    -98.99313 -94.83133 
    -99.66763 -94.72562 
    -100.36163 -94.64460 
    -101.07130 -94.60841 
    -101.78649 -94.64120 
    -102.49104 -94.76562 
    -103.16534 -94.99671 
    -103.79058 -95.33736 
    -104.35339 -95.77702 
    -104.84889 -96.29445 
    -105.28120 -96.86316 
    -105.66122 -97.45772 
    -106.00274 -98.05859 
    -106.31831 -98.65447 
    -106.61650 -99.24175 
    -106.90087 -99.82234 
    -107.17056 -100.40083 
    -107.46392 -100.96230 
    -107.72774 -101.53904 
    -107.95490 -102.13203 
    -108.14430 -102.73898 
    -108.29501 -103.35746 
    -108.40627 -103.98499 
    -108.47742 -104.61904 
