1 25 
Cell 0 100 -114.82125 -154.46388 
    -124.98959 -154.46388 
    -124.98548 -155.10336 
    -124.94191 -155.74242 
    -124.85859 -156.37860 
    -124.73540 -157.00940 
    -124.57246 -157.63225 
    -124.37006 -158.24452 
    -124.12871 -158.84364 
    -123.84914 -159.42700 
    -123.53226 -159.99207 
    -123.17923 -160.53632 
    -122.79135 -161.05733 
    -122.37014 -161.55276 
    -121.91728 -162.02039 
    -121.43462 -162.45808 
    -120.92419 -162.86386 
    -120.38813 -163.23589 
    -119.82874 -163.57246 
    -119.24841 -163.87209 
    -118.64968 -164.13339 
    -118.03514 -164.35522 
    -117.40749 -164.53661 
    -116.76946 -164.67676 
    -116.12386 -164.77510 
    -115.47351 -164.83124 
    -114.82125 -164.84497 
    -114.16993 -164.81636 
    -113.52237 -164.74559 
    -112.88136 -164.63313 
    -112.24966 -164.47957 
    -111.62994 -164.28574 
    -111.02479 -164.05266 
    -110.43671 -163.78149 
    -109.86811 -163.47362 
    -109.32122 -163.13054 
    -108.79816 -162.75395 
    -108.30090 -162.34563 
    -107.83121 -161.90752 
    -107.39069 -161.44164 
    -106.98077 -160.95009 
    -106.60265 -160.43504 
    -106.25732 -159.89871 
    -105.94183 -159.34538 
    -105.65587 -158.77678 
    -105.40311 -158.19279 
    -105.35811 -157.53865 
    -105.43716 -156.87331 
    -105.49139 -156.24365 
    -105.52315 -155.63850 
    -105.57713 -155.04547 
    -105.62708 -154.46388 
    -105.67044 -153.88817 
    -105.68153 -153.30927 
    -105.67336 -152.71883 
    -105.64668 -152.10826 
    -105.56260 -151.45557 
    -105.42262 -150.74271 
    -105.32806 -149.99672 
    -105.12543 -149.13356 
    -104.90857 -148.17310 
    -105.20710 -147.47879 
    -105.57737 -146.81668 
    -106.01996 -146.19891 
    -106.53224 -145.63698 
    -107.10841 -145.14066 
    -107.73986 -144.71718 
    -108.41591 -144.37067 
    -109.12469 -144.10187 
    -109.85413 -143.90823 
    -110.65230 -143.93431 
    -111.42327 -144.00597 
    -112.14441 -144.03828 
    -112.83718 -144.06302 
    -113.50773 -144.06625 
    -114.15665 -143.90039 
    -114.82125 -143.75372 
    -115.50036 -143.66972 
    -116.18530 -143.66632 
    -116.86565 -143.74680 
    -117.53305 -143.90211 
    -118.18548 -144.10988 
    -118.83020 -144.33842 
    -119.48747 -144.54767 
    -120.04908 -144.95450 
    -120.52098 -145.48256 
    -121.02785 -145.92123 
    -121.61505 -146.25159 
    -122.40865 -146.38412 
    -122.40746 -147.33997 
    -122.76735 -147.89030 
    -123.12923 -148.42778 
    -123.46125 -148.98077 
    -123.76283 -149.54822 
    -124.03326 -150.12904 
    -124.27174 -150.72217 
    -124.47734 -151.32643 
    -124.64910 -151.94052 
    -124.78606 -152.56299 
    -124.88723 -153.19226 
    -124.95474 -153.82634 
Cell 1 100 -95.13029 -154.76120 
    -105.60155 -154.76120 
    -105.54337 -155.41634 
    -105.50044 -156.07126 
    -105.44953 -156.72971 
    -105.37556 -157.39174 
    -105.23058 -158.04298 
    -104.88523 -158.62346 
    -104.52286 -159.18102 
    -104.14468 -159.71690 
    -103.75069 -160.23187 
    -103.34016 -160.72603 
    -102.91203 -161.19881 
    -102.46518 -161.64912 
    -102.00006 -162.07677 
    -101.52687 -162.49335 
    -101.02921 -162.88037 
    -100.50865 -163.23615 
    -99.96696 -163.55908 
    -99.40609 -163.84773 
    -98.82811 -164.10083 
    -98.23524 -164.31725 
    -97.62976 -164.49600 
    -97.01407 -164.63634 
    -96.39060 -164.73759 
    -95.76183 -164.79935 
    -95.13029 -164.82129 
    -94.49849 -164.80330 
    -93.86899 -164.74544 
    -93.24429 -164.64792 
    -92.62694 -164.51111 
    -92.01939 -164.33556 
    -91.42410 -164.12195 
    -90.84347 -163.87115 
    -90.27981 -163.58418 
    -89.73538 -163.26221 
    -89.21234 -162.90656 
    -88.71275 -162.51868 
    -88.23854 -162.10016 
    -87.79151 -161.65277 
    -87.37332 -161.17833 
    -86.98544 -160.67879 
    -86.62667 -160.15776 
    -86.29197 -159.62010 
    -85.98632 -159.06403 
    -85.70939 -158.49120 
    -85.46071 -157.90303 
    -85.44448 -157.24809 
    -85.49989 -156.59830 
    -85.54075 -155.97264 
    -85.57491 -155.36238 
    -85.60422 -154.76120 
    -85.63634 -154.16389 
    -85.67593 -153.56683 
    -85.72549 -152.96713 
    -85.78271 -152.36115 
    -85.85525 -151.74756 
    -85.94324 -151.12379 
    -86.03803 -150.48271 
    -86.13423 -149.81557 
    -86.21544 -149.10367 
    -86.22596 -148.29182 
    -86.57677 -147.68512 
    -87.07874 -147.20030 
    -87.62033 -146.76392 
    -88.19385 -146.37648 
    -88.79178 -146.03699 
    -89.40726 -145.74315 
    -90.03448 -145.49197 
    -90.66885 -145.28015 
    -91.30696 -145.10457 
    -91.94654 -144.96263 
    -92.54158 -144.67885 
    -93.18427 -144.55981 
    -93.83250 -144.48819 
    -94.48045 -144.43231 
    -95.13029 -144.40488 
    -95.78148 -144.41087 
    -96.43342 -144.44589 
    -97.08829 -144.49698 
    -97.72343 -144.66159 
    -98.30973 -144.97588 
    -98.91553 -145.20078 
    -99.54202 -145.38579 
    -100.16663 -145.60013 
    -100.79081 -145.84164 
    -101.41418 -146.11217 
    -102.03516 -146.41464 
    -102.65058 -146.75290 
    -103.25530 -147.13130 
    -103.84212 -147.55415 
    -104.40191 -148.02498 
    -104.92407 -148.54588 
    -105.15304 -149.25116 
    -105.32082 -149.96590 
    -105.41580 -150.68887 
    -105.54709 -151.37659 
    -105.64079 -152.06256 
    -105.67378 -152.74992 
    -105.67924 -153.42856 
    -105.65456 -154.09908 
Cell 2 100 -75.31173 -154.61147 
    -85.61227 -154.61147 
    -85.58002 -155.25749 
    -85.54458 -155.90417 
    -85.50268 -156.55548 
    -85.44740 -157.21385 
    -85.31781 -157.86264 
    -84.99705 -158.44615 
    -84.65858 -159.00977 
    -84.30197 -159.55389 
    -83.92641 -160.07851 
    -83.53094 -160.58307 
    -83.11464 -161.06659 
    -82.67978 -161.53052 
    -82.23415 -161.98309 
    -81.76353 -162.41035 
    -81.26848 -162.81023 
    -80.74992 -163.18068 
    -80.20908 -163.51971 
    -79.64752 -163.82549 
    -79.06703 -164.09628 
    -78.46964 -164.33054 
    -77.85757 -164.52689 
    -77.23320 -164.68417 
    -76.59902 -164.80142 
    -75.95763 -164.87787 
    -75.31173 -164.91293 
    -74.66403 -164.90634 
    -74.01728 -164.85806 
    -73.37426 -164.76804 
    -72.73772 -164.63655 
    -72.11040 -164.46413 
    -71.49496 -164.25151 
    -70.89398 -163.99965 
    -70.30994 -163.70970 
    -69.74514 -163.38301 
    -69.20178 -163.02109 
    -68.68183 -162.62563 
    -68.18707 -162.19846 
    -67.71906 -161.74147 
    -67.27916 -161.25659 
    -66.86858 -160.74577 
    -66.48838 -160.21094 
    -66.13954 -159.65392 
    -65.82307 -159.07649 
    -65.53100 -158.48393 
    -65.26993 -157.87424 
    -65.04338 -157.24792 
    -64.85345 -156.60649 
    -64.79915 -155.93951 
    -64.77974 -155.27408 
    -64.76201 -154.61147 
    -64.74826 -153.94687 
    -64.73879 -153.27580 
    -64.73146 -152.59317 
    -64.77467 -151.90601 
    -64.96910 -151.25095 
    -65.21675 -150.61458 
    -65.51568 -150.00180 
    -65.86288 -149.41692 
    -66.25452 -148.86359 
    -66.68606 -148.34454 
    -67.15266 -147.86169 
    -67.64938 -147.41603 
    -68.17147 -147.00786 
    -68.71458 -146.63687 
    -69.27485 -146.30241 
    -69.84902 -146.00362 
    -70.43438 -145.73961 
    -71.02451 -145.50066 
    -71.60258 -145.24323 
    -72.21222 -145.07214 
    -72.84135 -144.98997 
    -73.45840 -144.89597 
    -74.07152 -144.79417 
    -74.68610 -144.66737 
    -75.31173 -144.51488 
    -75.95641 -144.36455 
    -76.62307 -144.23112 
    -77.31258 -144.12263 
    -78.02575 -144.04106 
    -78.76595 -143.98047 
    -79.58687 -143.81371 
    -80.33627 -143.93378 
    -81.06075 -144.15405 
    -81.80901 -144.37340 
    -82.54259 -144.65903 
    -83.25122 -145.01427 
    -83.92397 -145.44037 
    -84.54987 -145.93626 
    -85.11865 -146.49847 
    -85.62130 -147.12112 
    -86.05072 -147.79630 
    -86.22179 -148.61360 
    -86.17001 -149.50194 
    -86.05609 -150.35747 
    -85.93832 -151.15868 
    -85.83613 -151.90926 
    -85.75839 -152.61865 
    -85.69804 -153.29936 
    -85.64979 -153.96106 
Cell 3 100 -54.86000 -154.91312 
    -64.77008 -154.91312 
    -64.78743 -155.53770 
    -64.81800 -156.17110 
    -64.74439 -156.79866 
    -64.59007 -157.41138 
    -64.40056 -158.01303 
    -64.17639 -158.60173 
    -63.91812 -159.17554 
    -63.62637 -159.73247 
    -63.30328 -160.27138 
    -62.95018 -160.79097 
    -62.56514 -161.28735 
    -62.14969 -161.75859 
    -61.70547 -162.20280 
    -61.23425 -162.61826 
    -60.73786 -163.00328 
    -60.21827 -163.35640 
    -59.67754 -163.67618 
    -59.11780 -163.96138 
    -58.54125 -164.21088 
    -57.95018 -164.42368 
    -57.34690 -164.59895 
    -56.73382 -164.73599 
    -56.11334 -164.83426 
    -55.48791 -164.89339 
    -54.86000 -164.91312 
    -54.23210 -164.89339 
    -53.60667 -164.83426 
    -52.98619 -164.73599 
    -52.37311 -164.59895 
    -51.76984 -164.42368 
    -51.17762 -164.21375 
    -50.59801 -163.97032 
    -50.03349 -163.69252 
    -49.48564 -163.38176 
    -48.95580 -163.03955 
    -48.44504 -162.66748 
    -47.95416 -162.26709 
    -47.48374 -161.83989 
    -47.03421 -161.38718 
    -46.60593 -160.91005 
    -46.19937 -160.40932 
    -45.81527 -159.88550 
    -45.55200 -159.29314 
    -45.68132 -158.54721 
    -45.72810 -157.88025 
    -45.73401 -157.25627 
    -45.72246 -156.65619 
    -45.70831 -156.06924 
    -45.70192 -155.48930 
    -45.70135 -154.91312 
    -45.71972 -154.33806 
    -45.75779 -153.76324 
    -45.81462 -153.18762 
    -45.89849 -152.61220 
    -45.99587 -152.03299 
    -46.11504 -151.45074 
    -46.24862 -150.86090 
    -46.37967 -150.25102 
    -46.49958 -149.60742 
    -46.57579 -148.89429 
    -46.52758 -148.01994 
    -47.04584 -147.57512 
    -47.58639 -147.16750 
    -48.14476 -146.79578 
    -48.71737 -146.45851 
    -49.30154 -146.15439 
    -49.89532 -145.88239 
    -50.49730 -145.64191 
    -51.10648 -145.43280 
    -51.72200 -145.25534 
    -52.34303 -145.11012 
    -52.96860 -144.99803 
    -53.59758 -144.92000 
    -54.22862 -144.87761 
    -54.86000 -144.85361 
    -55.49253 -144.85934 
    -56.12469 -144.90210 
    -56.75450 -144.98183 
    -57.37996 -145.09856 
    -58.00124 -145.24539 
    -58.61773 -145.42221 
    -59.21527 -145.65770 
    -59.79376 -145.93866 
    -60.36234 -146.24283 
    -60.91100 -146.58464 
    -61.43642 -146.96359 
    -61.93520 -147.37880 
    -62.40397 -147.82886 
    -62.83958 -148.31184 
    -63.23917 -148.82530 
    -63.60036 -149.36632 
    -63.92128 -149.93164 
    -64.20066 -150.51775 
    -64.43781 -151.12100 
    -64.63259 -151.73781 
    -64.74518 -152.37503 
    -64.73615 -153.02913 
    -64.74428 -153.66444 
    -64.75537 -154.29056 
Cell 4 100 -35.47494 -154.65726 
    -45.70952 -154.65726 
    -45.70173 -155.30067 
    -45.70699 -155.94986 
    -45.72139 -156.61188 
    -45.73368 -157.29124 
    -45.72066 -157.98630 
    -45.65682 -158.68854 
    -45.54673 -159.39668 
    -45.11427 -159.95651 
    -44.65793 -160.48495 
    -44.18021 -160.98199 
    -43.68320 -161.44772 
    -43.16870 -161.88217 
    -42.63825 -162.28540 
    -42.09316 -162.65730 
    -41.53463 -162.99771 
    -40.96378 -163.30629 
    -40.39902 -163.61414 
    -39.82605 -163.90382 
    -39.23754 -164.16049 
    -38.63498 -164.38286 
    -38.02003 -164.56970 
    -37.39448 -164.71985 
    -36.76034 -164.83221 
    -36.11973 -164.90591 
    -35.47494 -164.94011 
    -34.82837 -164.93422 
    -34.18252 -164.88782 
    -33.53998 -164.80067 
    -32.90339 -164.67279 
    -32.27542 -164.50435 
    -31.65877 -164.29581 
    -31.05610 -164.04778 
    -30.47005 -163.76112 
    -29.90323 -163.43687 
    -29.35813 -163.07632 
    -28.83706 -162.68109 
    -28.34210 -162.25296 
    -27.87574 -161.79338 
    -27.44001 -161.30434 
    -27.03678 -160.78795 
    -26.66775 -160.24648 
    -26.33424 -159.68240 
    -26.03594 -159.09891 
    -25.77449 -158.49794 
    -25.55051 -157.88190 
    -25.36459 -157.25316 
    -25.21740 -156.61398 
    -25.10982 -155.96667 
    -25.04302 -155.31358 
    -25.01838 -154.65726 
    -25.03742 -154.00058 
    -25.10146 -153.34679 
    -25.21141 -152.69939 
    -25.36743 -152.06209 
    -25.56878 -151.43855 
    -25.81382 -150.83215 
    -26.10012 -150.24580 
    -26.40790 -149.67261 
    -26.74401 -149.11644 
    -27.11437 -148.58295 
    -27.51759 -148.07436 
    -27.95213 -147.59286 
    -28.41631 -147.14058 
    -28.90256 -146.71262 
    -29.40431 -146.30176 
    -29.90484 -145.88017 
    -30.42881 -145.47838 
    -30.97844 -145.10170 
    -31.55319 -144.75204 
    -32.17628 -144.50502 
    -32.85503 -144.45337 
    -33.51563 -144.38618 
    -34.16813 -144.31276 
    -34.81949 -144.23915 
    -35.47494 -144.16910 
    -36.13886 -144.10452 
    -36.81553 -144.04544 
    -37.50990 -143.98961 
    -38.23305 -143.91515 
    -39.00035 -143.80719 
    -39.83296 -143.65018 
    -40.64144 -143.67790 
    -41.38597 -143.90514 
    -42.11742 -144.19038 
    -42.82962 -144.53442 
    -43.51608 -144.93719 
    -44.17023 -145.39771 
    -44.78557 -145.91400 
    -45.35586 -146.48305 
    -45.87532 -147.10094 
    -46.33887 -147.76280 
    -46.55761 -148.56451 
    -46.51511 -149.46214 
    -46.35883 -150.34802 
    -46.17632 -151.18018 
    -46.01252 -151.95166 
    -45.89000 -152.67049 
    -45.79828 -153.35312 
    -45.74136 -154.01135 
Cell 5 100 -14.72691 -154.69133 
    -24.95865 -154.69133 
    -24.95346 -155.33473 
    -24.90696 -155.97737 
    -24.81914 -156.61653 
    -24.69017 -157.24947 
    -24.52047 -157.87344 
    -24.31062 -158.48579 
    -24.06144 -159.08382 
    -23.77388 -159.66495 
    -23.44912 -160.22661 
    -23.08850 -160.76637 
    -22.69351 -161.28188 
    -22.26585 -161.77086 
    -21.80732 -162.23120 
    -21.31992 -162.66090 
    -20.80573 -163.05811 
    -20.26702 -163.42113 
    -19.70609 -163.74843 
    -19.12542 -164.03864 
    -18.52752 -164.29056 
    -17.91499 -164.50323 
    -17.29049 -164.67583 
    -16.65672 -164.80774 
    -16.01639 -164.89856 
    -15.37221 -164.94809 
    -14.72691 -164.95630 
    -14.08316 -164.92342 
    -13.44360 -164.84978 
    -12.81080 -164.73596 
    -12.18723 -164.58275 
    -11.57529 -164.39102 
    -10.97727 -164.16183 
    -10.39533 -163.89641 
    -9.83151 -163.59604 
    -9.28772 -163.26213 
    -8.76575 -162.89616 
    -8.26728 -162.49968 
    -7.79387 -162.07426 
    -7.34702 -161.62151 
    -6.90323 -161.16365 
    -6.48111 -160.68225 
    -6.08679 -160.17451 
    -5.72213 -159.64175 
    -5.38901 -159.08542 
    -5.08940 -158.50710 
    -4.82530 -157.90855 
    -4.66922 -157.27371 
    -4.64417 -156.61473 
    -4.63163 -155.96666 
    -4.59911 -155.32852 
    -4.47151 -154.69133 
    -4.32651 -154.03700 
    -4.17194 -153.35793 
    -4.01938 -152.64876 
    -3.88033 -151.90640 
    -3.76587 -151.12988 
    -3.68151 -150.31815 
    -3.62669 -149.46797 
    -3.64827 -148.60080 
    -4.15059 -147.97940 
    -4.76474 -147.45338 
    -5.45923 -147.02443 
    -6.20011 -146.68413 
    -6.95638 -146.41656 
    -7.70405 -146.20215 
    -8.42800 -146.02162 
    -9.12191 -145.85927 
    -9.73656 -145.61391 
    -10.30442 -145.29306 
    -10.90016 -145.02605 
    -11.52342 -144.83200 
    -12.15759 -144.68446 
    -12.81676 -144.67793 
    -13.45731 -144.64137 
    -14.09135 -144.58942 
    -14.72691 -144.27702 
    -15.40920 -143.84665 
    -16.06116 -144.12965 
    -16.69870 -144.35484 
    -17.39020 -144.31851 
    -18.10506 -144.29446 
    -18.85164 -144.27345 
    -19.50717 -144.53276 
    -20.09399 -144.92867 
    -20.62967 -145.39008 
    -21.11460 -145.89943 
    -21.55328 -146.43967 
    -21.95266 -146.99669 
    -22.32020 -147.56076 
    -22.66212 -148.12675 
    -22.98860 -148.68886 
    -23.31790 -149.23932 
    -23.62514 -149.79948 
    -23.90779 -150.37114 
    -24.16273 -150.95543 
    -24.38673 -151.55267 
    -24.57689 -152.16229 
    -24.73079 -152.78299 
    -24.84655 -153.41292 
    -24.92282 -154.04987 
Cell 6 100 5.16402 -154.72427 
    -4.47810 -154.72427 
    -4.59962 -155.33855 
    -4.63138 -155.96173 
    -4.64379 -156.59521 
    -4.66828 -157.24878 
    -4.56876 -157.88664 
    -4.36104 -158.49551 
    -4.11485 -159.09058 
    -3.83136 -159.66953 
    -3.51098 -160.22960 
    -3.15499 -160.76839 
    -2.76485 -161.28360 
    -2.34217 -161.77306 
    -1.88872 -162.23468 
    -1.40641 -162.66656 
    -0.89726 -163.06693 
    -0.36343 -163.43414 
    0.19285 -163.76682 
    0.76924 -164.06366 
    1.36338 -164.32361 
    1.97282 -164.54581 
    2.59511 -164.72954 
    3.22780 -164.87431 
    3.86844 -164.97984 
    4.51464 -165.04593 
    5.16402 -165.07262 
    5.81429 -165.06004 
    6.46322 -165.00850 
    7.10864 -164.91833 
    7.74847 -164.79002 
    8.38067 -164.62408 
    9.00326 -164.42107 
    9.61429 -164.18158 
    10.21183 -163.90620 
    10.79392 -163.59558 
    11.35856 -163.25032 
    11.90370 -162.87114 
    12.42718 -162.45876 
    12.92675 -162.01396 
    13.40006 -161.53772 
    13.85495 -161.03860 
    14.28319 -160.51147 
    14.67859 -159.95496 
    15.03824 -159.37073 
    15.35924 -158.76085 
    15.59449 -158.11334 
    15.59584 -157.40271 
    15.61041 -156.71703 
    15.62738 -156.04610 
    15.64000 -155.38336 
    15.64419 -154.72427 
    15.63780 -154.06531 
    15.62022 -153.40335 
    15.59228 -152.73497 
    15.54597 -152.05864 
    15.47959 -151.37254 
    15.40591 -150.66922 
    15.15857 -150.02119 
    14.80226 -149.42560 
    14.40626 -148.85898 
    13.97377 -148.32362 
    13.50813 -147.82143 
    13.01270 -147.35388 
    12.49079 -146.92206 
    11.94562 -146.52673 
    11.38025 -146.16837 
    10.79759 -145.84718 
    10.20033 -145.56326 
    9.59098 -145.31651 
    8.97184 -145.10683 
    8.34508 -144.93399 
    7.71270 -144.79782 
    7.08505 -144.65387 
    6.46971 -144.38870 
    5.81097 -144.44142 
    5.16402 -144.29990 
    4.49492 -144.08917 
    3.79483 -143.88599 
    3.06574 -143.72467 
    2.31620 -143.63275 
    1.55525 -143.61761 
    0.78047 -143.65268 
    0.08441 -143.92955 
    -0.38749 -144.62613 
    -0.85164 -145.24512 
    -1.41087 -145.67471 
    -1.92203 -146.15871 
    -2.38279 -146.68774 
    -2.79328 -147.25188 
    -3.15576 -147.84155 
    -3.47395 -148.44843 
    -3.63484 -149.14034 
    -3.65307 -149.87703 
    -3.70566 -150.55052 
    -3.77406 -151.18544 
    -3.86333 -151.79111 
    -3.96891 -152.37933 
    -4.08627 -152.95969 
    -4.21330 -153.53964 
    -4.34622 -154.12593 
Cell 7 100 25.16443 -154.50626 
    15.64208 -154.50626 
    15.64177 -155.10538 
    15.63377 -155.71025 
    15.62028 -156.32689 
    15.60524 -156.96063 
    15.59544 -157.61542 
    15.61314 -158.28787 
    15.85516 -158.88687 
    16.13492 -159.47028 
    16.45174 -160.03549 
    16.80463 -160.58000 
    17.19235 -161.10133 
    17.61341 -161.59714 
    18.06603 -162.06529 
    18.54854 -162.50349 
    19.05890 -162.90981 
    19.59492 -163.28239 
    20.15433 -163.61960 
    20.73470 -163.91992 
    21.33351 -164.18205 
    21.94817 -164.40488 
    22.57602 -164.58746 
    23.21432 -164.72908 
    23.86034 -164.82922 
    24.51130 -164.88757 
    25.16443 -164.90404 
    25.81701 -164.87869 
    26.46634 -164.81189 
    27.10977 -164.70409 
    27.74477 -164.55600 
    28.36887 -164.36848 
    28.97971 -164.14255 
    29.57508 -163.87936 
    30.15289 -163.58023 
    30.71116 -163.24649 
    31.24807 -162.87967 
    31.76193 -162.48126 
    32.25118 -162.05287 
    32.71436 -161.59612 
    33.15014 -161.11261 
    33.55722 -160.60397 
    33.93444 -160.07187 
    34.30350 -159.53050 
    34.64688 -158.96835 
    34.95931 -158.38432 
    35.23918 -157.77974 
    35.36029 -157.12410 
    35.40259 -156.45929 
    35.45119 -155.80577 
    35.49837 -155.15642 
    35.53664 -154.50626 
    35.56445 -153.85194 
    35.59364 -153.18874 
    35.64393 -152.50719 
    35.72341 -151.79518 
    35.81405 -151.04597 
    35.65567 -150.35248 
    35.41204 -149.68410 
    35.11891 -149.03374 
    34.77725 -148.40578 
    34.38861 -147.80450 
    33.97185 -147.22012 
    33.51972 -146.66013 
    33.12630 -146.02773 
    32.67204 -145.43112 
    32.15413 -144.88576 
    31.57528 -144.40437 
    30.94148 -143.99785 
    30.26164 -143.67415 
    29.47007 -143.63145 
    28.65954 -143.74940 
    27.90164 -143.84554 
    27.18005 -143.94002 
    26.48678 -144.03883 
    25.81644 -144.14284 
    25.16443 -144.19705 
    24.51030 -144.10913 
    23.84280 -144.04451 
    23.15775 -143.98685 
    22.45055 -143.93640 
    21.71497 -143.88989 
    20.94051 -143.83784 
    20.10087 -143.74564 
    19.41740 -144.05244 
    18.78306 -144.45082 
    18.19820 -144.91806 
    17.66865 -145.44540 
    17.19760 -146.02245 
    16.78558 -146.63799 
    16.43068 -147.28107 
    16.12910 -147.94170 
    15.87581 -148.61153 
    15.66532 -149.28407 
    15.49228 -149.95490 
    15.39394 -150.63785 
    15.47818 -151.35901 
    15.54379 -152.03610 
    15.58849 -152.67955 
    15.61590 -153.29999 
    15.63359 -153.90662 
Cell 8 100 45.01164 -154.90540 
    35.51315 -154.90540 
    35.47301 -155.50552 
    35.42812 -156.11607 
    35.38461 -156.74185 
    35.31000 -157.39635 
    35.47438 -158.00424 
    35.68436 -158.59833 
    35.93144 -159.17821 
    36.21467 -159.74158 
    36.53295 -160.28613 
    36.88504 -160.80972 
    37.26957 -161.31020 
    37.68502 -161.78555 
    38.12976 -162.23386 
    38.60202 -162.65331 
    39.09993 -163.04218 
    39.62150 -163.39890 
    40.16466 -163.72202 
    40.72723 -164.01022 
    41.30696 -164.26236 
    41.90152 -164.47737 
    42.50852 -164.65442 
    43.12553 -164.79274 
    43.75006 -164.89180 
    44.37961 -164.95119 
    45.01164 -164.97069 
    45.64361 -164.95020 
    46.27297 -164.88982 
    46.89719 -164.78981 
    47.51378 -164.65057 
    48.12025 -164.47270 
    48.71417 -164.25691 
    49.29316 -164.00409 
    49.85492 -163.71529 
    50.39721 -163.39169 
    50.91785 -163.03459 
    51.41479 -162.64546 
    51.88605 -162.22589 
    52.32978 -161.77759 
    52.74424 -161.30235 
    53.12779 -160.80212 
    53.47894 -160.27890 
    53.79633 -159.73482 
    54.07874 -159.17204 
    54.32508 -158.59285 
    54.53441 -157.99953 
    54.70596 -157.39447 
    54.83908 -156.78008 
    54.81723 -156.14413 
    54.74890 -155.51801 
    54.67567 -154.90540 
    54.59847 -154.30225 
    54.51875 -153.70436 
    54.43863 -153.10710 
    54.36533 -152.50378 
    54.31556 -151.88237 
    54.30489 -151.22594 
    54.07742 -150.63936 
    53.79245 -150.07811 
    53.47192 -149.53635 
    53.12228 -149.01268 
    52.74734 -148.50587 
    52.34620 -148.01779 
    51.92097 -147.54770 
    51.47316 -147.09477 
    51.00328 -146.65860 
    50.51076 -146.24017 
    49.99400 -145.84253 
    49.45095 -145.47139 
    48.98700 -144.86479 
    48.48436 -144.21745 
    47.73932 -144.28181 
    46.99085 -144.53001 
    46.32283 -144.52631 
    45.66412 -144.53458 
    45.01164 -144.47031 
    44.35316 -144.43912 
    43.69942 -144.51808 
    43.07265 -144.74086 
    42.46257 -144.97740 
    41.86495 -145.22089 
    41.28305 -145.48805 
    40.71670 -145.77818 
    40.16642 -146.09198 
    39.63349 -146.43079 
    39.11976 -146.79591 
    38.62299 -147.18285 
    38.15068 -147.59921 
    37.70612 -148.04506 
    37.29092 -148.51826 
    36.90658 -149.01672 
    36.55455 -149.53836 
    36.23620 -150.08105 
    35.95333 -150.64288 
    35.78890 -151.25386 
    35.71347 -151.88423 
    35.64469 -152.50037 
    35.59946 -153.10992 
    35.57058 -153.71271 
    35.54499 -154.30981 
Cell 9 100 65.29330 -154.71461 
    54.65125 -154.71461 
    54.73229 -155.37906 
    54.80581 -156.03949 
    54.89216 -156.69875 
    55.11595 -157.32771 
    55.35118 -157.94501 
    55.60357 -158.55106 
    55.87903 -159.14464 
    56.18236 -159.72340 
    56.51670 -160.28441 
    56.88359 -160.82463 
    57.28324 -161.34113 
    57.71488 -161.83122 
    58.17716 -162.29254 
    58.66816 -162.72304 
    59.18593 -163.12070 
    59.72824 -163.48376 
    60.29266 -163.81076 
    60.87670 -164.10039 
    61.47778 -164.35153 
    62.09325 -164.56337 
    62.72045 -164.73523 
    63.35668 -164.86674 
    63.99929 -164.95776 
    64.64567 -165.00847 
    65.29330 -165.01923 
    65.93982 -164.99072 
    66.58303 -164.92384 
    67.22095 -164.81970 
    67.85188 -164.67963 
    68.47440 -164.50500 
    69.08735 -164.29729 
    69.68992 -164.05789 
    70.28150 -163.78812 
    70.86169 -163.48900 
    71.43017 -163.16129 
    71.98655 -162.80536 
    72.53024 -162.42117 
    73.06028 -162.00829 
    73.57513 -161.56593 
    74.07257 -161.09312 
    74.54954 -160.58879 
    75.00208 -160.05206 
    75.27750 -159.41283 
    75.00731 -158.56067 
    74.87764 -157.82875 
    74.81704 -157.15990 
    74.78454 -156.52516 
    74.76803 -155.91154 
    74.74285 -155.30913 
    74.70284 -154.71461 
    74.65222 -154.12579 
    74.57286 -153.54233 
    74.48686 -152.96085 
    74.37328 -152.38327 
    74.25992 -151.80119 
    74.14334 -151.21063 
    74.04381 -150.59694 
    74.01859 -149.91785 
    74.36396 -148.95821 
    74.56334 -147.97954 
    74.18987 -147.35474 
    73.76731 -146.75699 
    73.29665 -146.19193 
    72.77972 -145.66508 
    72.21931 -145.18178 
    71.61903 -144.74687 
    70.98332 -144.36452 
    70.31730 -144.03809 
    69.60621 -143.82147 
    68.80024 -143.92136 
    68.04922 -143.98102 
    67.33166 -144.02917 
    66.63725 -144.07611 
    65.95941 -144.12714 
    65.29330 -144.18433 
    64.63476 -144.24742 
    63.97943 -144.31427 
    63.32201 -144.38072 
    62.65531 -144.44029 
    61.96884 -144.48296 
    61.35934 -144.77856 
    60.78303 -145.12981 
    60.23205 -145.50824 
    59.70690 -145.91185 
    59.20805 -146.33899 
    58.73602 -146.78822 
    58.29139 -147.25833 
    57.74737 -147.62851 
    57.18631 -148.00792 
    56.62081 -148.41368 
    56.06092 -148.85556 
    55.52474 -149.34430 
    55.03680 -149.88828 
    54.62395 -150.49033 
    54.30945 -151.14575 
    54.31667 -151.89629 
    54.38102 -152.63300 
    54.47087 -153.34743 
    54.56345 -154.03955 
Cell 10 100 84.88512 -154.61705 
    74.69445 -154.61705 
    74.73923 -155.25537 
    74.76735 -155.89522 
    74.78548 -156.54366 
    74.82078 -157.20113 
    74.88433 -157.86650 
    75.00189 -158.53011 
    75.20169 -159.17374 
    75.51628 -159.76761 
    75.98806 -160.26329 
    76.45948 -160.73863 
    76.93327 -161.19539 
    77.41302 -161.63383 
    77.90236 -162.05293 
    78.40446 -162.45082 
    78.92171 -162.82500 
    79.45551 -163.17274 
    80.00641 -163.49141 
    80.57408 -163.77847 
    81.15757 -164.03177 
    81.75538 -164.24942 
    82.36549 -164.43037 
    82.98586 -164.57336 
    83.61424 -164.67709 
    84.24818 -164.74100 
    84.88512 -164.76476 
    85.52255 -164.74866 
    86.15820 -164.69443 
    86.78964 -164.60088 
    87.41454 -164.46849 
    88.03064 -164.29794 
    88.63576 -164.09006 
    89.22784 -163.84579 
    89.80497 -163.56622 
    90.36534 -163.25249 
    90.90729 -162.90585 
    91.42928 -162.52757 
    91.92991 -162.11899 
    92.40788 -161.68138 
    92.86197 -161.21606 
    93.29105 -160.72430 
    93.69400 -160.20734 
    94.06971 -159.66632 
    94.41702 -159.10242 
    94.73471 -158.51677 
    95.02145 -157.91054 
    95.27577 -157.28491 
    95.36168 -156.61555 
    95.40888 -155.94652 
    95.46072 -155.28241 
    95.51384 -154.61705 
    95.56686 -153.94501 
    95.62041 -153.26086 
    95.67739 -152.55832 
    95.74400 -151.82896 
    95.80213 -151.06990 
    95.62926 -150.36314 
    95.40462 -149.66695 
    95.12783 -148.98607 
    94.79910 -148.32545 
    94.41931 -147.69006 
    93.98999 -147.08485 
    93.51339 -146.51457 
    92.99240 -145.98367 
    92.43056 -145.49619 
    91.83192 -145.05562 
    91.20099 -144.66484 
    90.54264 -144.32607 
    89.86194 -144.04079 
    89.16402 -143.80980 
    88.37926 -143.86324 
    87.63000 -143.92644 
    86.91510 -143.97554 
    86.22378 -144.02049 
    85.54890 -144.06650 
    84.88512 -144.11809 
    84.22814 -144.17462 
    83.57347 -144.23427 
    82.91595 -144.29430 
    82.24908 -144.35031 
    81.60431 -144.51974 
    81.00732 -144.82283 
    80.43292 -145.15564 
    79.88197 -145.51634 
    79.35522 -145.90331 
    78.80704 -146.25130 
    78.18949 -146.52342 
    77.56009 -146.81668 
    76.91861 -147.13600 
    76.26786 -147.48824 
    75.61449 -147.88155 
    74.96944 -148.32437 
    74.38690 -148.84561 
    74.14607 -149.56364 
    74.03355 -150.32062 
    74.12899 -151.12216 
    74.27791 -151.89357 
    74.41998 -152.62071 
    74.53850 -153.30997 
    74.63129 -153.97192 
Cell 11 100 105.19557 -154.83080 
    95.49677 -154.83080 
    95.44810 -155.44405 
    95.40029 -156.06822 
    95.34969 -156.70900 
    95.38284 -157.35028 
    95.55684 -157.96260 
    95.76952 -158.56284 
    96.02002 -159.14848 
    96.30736 -159.71713 
    96.63037 -160.26643 
    96.98774 -160.79413 
    97.37801 -161.29805 
    97.79958 -161.77609 
    98.25071 -162.22632 
    98.72955 -162.64688 
    99.23412 -163.03603 
    99.76233 -163.39221 
    100.31200 -163.71399 
    100.88085 -164.00005 
    101.46654 -164.24925 
    102.06664 -164.46065 
    102.67870 -164.63339 
    103.30017 -164.76685 
    103.92852 -164.86050 
    104.56118 -164.91411 
    105.19557 -164.92747 
    105.82912 -164.90068 
    106.45927 -164.83394 
    107.08350 -164.72769 
    107.69940 -164.58257 
    108.30460 -164.39940 
    108.89690 -164.17928 
    109.47427 -163.92349 
    110.03497 -163.63362 
    110.57758 -163.31148 
    111.10109 -162.95905 
    111.60503 -162.57849 
    112.08941 -162.17198 
    112.55480 -161.74158 
    113.00222 -161.28902 
    113.43290 -160.81557 
    113.84799 -160.32179 
    114.24814 -159.80750 
    114.63300 -159.27171 
    115.00069 -158.71292 
    115.34750 -158.12935 
    115.66753 -157.51955 
    115.95298 -156.88287 
    116.19440 -156.22028 
    116.38161 -155.53456 
    116.50465 -154.83080 
    116.55497 -154.11612 
    116.52652 -153.39937 
    116.41655 -152.69028 
    116.52901 -151.92087 
    116.71607 -151.08755 
    116.35773 -150.41139 
    115.56312 -149.95219 
    114.79398 -149.55403 
    114.31889 -149.04095 
    113.81777 -148.56641 
    113.29871 -148.12729 
    112.76765 -147.72015 
    112.22832 -147.34169 
    111.68259 -146.98933 
    111.13090 -146.66153 
    110.58501 -146.33839 
    110.06114 -145.98036 
    109.51740 -145.64645 
    108.94813 -145.35292 
    108.36132 -145.08763 
    107.75806 -144.85057 
    107.13519 -144.66295 
    106.48183 -144.64897 
    105.83681 -144.63869 
    105.19557 -144.63991 
    104.55543 -144.65604 
    103.90398 -144.60684 
    103.21530 -144.44983 
    102.48613 -144.27823 
    101.71889 -144.13069 
    100.92168 -144.03616 
    100.24086 -144.30150 
    99.71605 -144.86359 
    99.29311 -145.53001 
    98.92937 -146.20612 
    98.58035 -146.83437 
    98.22015 -147.40273 
    97.84541 -147.92853 
    97.45602 -148.42809 
    97.07194 -148.92863 
    96.71371 -149.44804 
    96.38616 -149.98778 
    96.09220 -150.54707 
    95.83369 -151.12416 
    95.74917 -151.76147 
    95.69268 -152.39087 
    95.64091 -153.00815 
    95.59248 -153.61765 
    95.54488 -154.22362 
Cell 12 100 -115.29455 -134.82779 
    -127.14700 -134.82779 
    -127.12728 -135.57224 
    -127.04887 -136.31270 
    -126.91273 -137.04407 
    -126.72041 -137.76144 
    -126.47411 -138.46025 
    -126.17655 -139.13628 
    -125.83089 -139.78581 
    -125.44061 -140.40564 
    -125.00945 -140.99304 
    -124.54121 -141.54588 
    -124.03979 -142.06248 
    -123.50899 -142.54166 
    -122.95246 -142.98264 
    -122.37369 -143.38501 
    -121.77590 -143.74861 
    -121.16209 -144.07355 
    -120.53495 -144.36005 
    -119.89697 -144.60843 
    -119.09322 -144.42216 
    -118.32675 -144.15996 
    -117.63258 -143.93381 
    -117.00199 -143.77853 
    -116.41454 -143.69344 
    -115.85072 -143.66798 
    -115.29455 -143.69518 
    -114.73174 -143.77348 
    -114.14814 -143.90257 
    -113.53348 -144.05968 
    -112.92324 -144.06343 
    -112.30007 -144.04384 
    -111.65651 -144.01642 
    -110.99438 -143.96611 
    -110.30269 -143.90794 
    -109.74422 -143.57372 
    -109.20737 -143.20607 
    -108.69431 -142.80611 
    -108.20717 -142.37509 
    -107.74797 -141.91449 
    -107.31871 -141.42598 
    -106.92126 -140.91135 
    -106.55733 -140.37259 
    -106.22856 -139.81186 
    -105.93640 -139.23140 
    -105.68213 -138.63362 
    -105.46684 -138.02101 
    -105.28355 -137.39818 
    -105.12331 -136.76805 
    -104.96365 -136.13289 
    -104.83475 -135.48587 
    -104.70742 -134.82779 
    -104.51244 -134.14944 
    -104.28049 -133.43639 
    -104.07597 -132.68773 
    -103.97466 -131.92133 
    -104.03604 -131.16968 
    -104.19389 -130.43272 
    -104.94436 -129.95735 
    -105.70142 -129.55392 
    -106.32417 -129.13501 
    -106.60988 -128.51801 
    -106.92824 -127.90657 
    -107.28482 -127.30615 
    -107.68552 -126.72499 
    -108.13541 -126.17388 
    -108.63766 -125.66536 
    -109.19239 -125.21232 
    -109.78631 -124.80833 
    -110.42335 -124.47596 
    -111.19239 -124.46693 
    -111.93084 -124.47535 
    -112.63960 -124.48741 
    -113.32650 -124.51091 
    -113.99551 -124.54488 
    -114.65018 -124.58593 
    -115.29455 -124.62946 
    -115.93362 -124.67000 
    -116.57319 -124.70631 
    -117.21944 -124.73714 
    -117.85995 -124.83621 
    -118.50066 -124.96041 
    -119.13828 -125.11965 
    -119.77119 -125.31445 
    -120.39757 -125.54543 
    -121.01536 -125.81324 
    -121.62224 -126.11848 
    -122.21556 -126.46172 
    -122.79243 -126.84336 
    -123.34957 -127.26362 
    -123.88350 -127.72239 
    -124.39047 -128.21921 
    -124.86656 -128.75320 
    -125.30776 -129.32298 
    -125.71005 -129.92662 
    -126.06952 -130.56168 
    -126.38244 -131.22511 
    -126.64544 -131.91338 
    -126.85555 -132.62241 
    -127.01030 -133.34775 
    -127.10785 -134.08456 
Cell 13 100 -94.83845 -134.70605 
    -104.67243 -134.70605 
    -104.80520 -135.33310 
    -104.86199 -135.97232 
    -104.76902 -136.60042 
    -104.63668 -137.22182 
    -104.46534 -137.83401 
    -104.25553 -138.43454 
    -104.00800 -139.02092 
    -103.72363 -139.59071 
    -103.40349 -140.14160 
    -103.04883 -140.67125 
    -102.66103 -141.17746 
    -102.24171 -141.65819 
    -101.79253 -142.11140 
    -101.31528 -142.53520 
    -100.81193 -142.92784 
    -100.28452 -143.28767 
    -99.73522 -143.61325 
    -99.16631 -143.90324 
    -98.58014 -144.15649 
    -97.97910 -144.37199 
    -97.36567 -144.54893 
    -96.70039 -144.46672 
    -96.06638 -144.42618 
    -95.44883 -144.40781 
    -94.83845 -144.41719 
    -94.22514 -144.45433 
    -93.59943 -144.51395 
    -92.95049 -144.60312 
    -92.31473 -144.53529 
    -91.70271 -144.35686 
    -91.10287 -144.14104 
    -90.51740 -143.88876 
    -89.94836 -143.60109 
    -89.39780 -143.27914 
    -88.86764 -142.92416 
    -88.35972 -142.53749 
    -87.86310 -142.13405 
    -87.37975 -141.71024 
    -86.92033 -141.25650 
    -86.48695 -140.77377 
    -86.08180 -140.26320 
    -85.70718 -139.72601 
    -85.36546 -139.16371 
    -85.05901 -138.57800 
    -84.79026 -137.97092 
    -84.56660 -137.34343 
    -84.55273 -136.66815 
    -84.53556 -136.00761 
    -84.52151 -135.35513 
    -84.51452 -134.70605 
    -84.51660 -134.05666 
    -84.52812 -133.40356 
    -84.54765 -132.74298 
    -84.57139 -132.06993 
    -84.59189 -131.37675 
    -84.81136 -130.73605 
    -85.09554 -130.12138 
    -85.37876 -129.50554 
    -85.64281 -128.87033 
    -85.94780 -128.24663 
    -86.29476 -127.63810 
    -86.68443 -127.04891 
    -87.11710 -126.48366 
    -87.59254 -125.94727 
    -88.10981 -125.44488 
    -88.66717 -124.98167 
    -89.26208 -124.56268 
    -89.89118 -124.19257 
    -90.55033 -123.87551 
    -91.23471 -123.61488 
    -91.93894 -123.41324 
    -92.65731 -123.27213 
    -93.38390 -123.19212 
    -94.11283 -123.17270 
    -94.83845 -123.21245 
    -95.55549 -123.30907 
    -96.25921 -123.45957 
    -96.94551 -123.66042 
    -97.61098 -123.90776 
    -98.25286 -124.19757 
    -98.86908 -124.52583 
    -99.45814 -124.88872 
    -100.01901 -125.28265 
    -100.55106 -125.70441 
    -101.05392 -126.15120 
    -101.52735 -126.62056 
    -101.97118 -127.11047 
    -102.38522 -127.61916 
    -102.76920 -128.14517 
    -103.12270 -128.68719 
    -103.51129 -129.20210 
    -103.86310 -129.74471 
    -104.15113 -130.32384 
    -104.06066 -131.05472 
    -103.99007 -131.73251 
    -104.03078 -132.34586 
    -104.14249 -132.93121 
    -104.30450 -133.51022 
    -104.49586 -134.09846 
Cell 14 100 -74.45525 -134.87202 
    -84.51630 -134.87202 
    -84.52475 -135.50554 
    -84.53915 -136.14590 
    -84.55542 -136.79874 
    -84.54282 -137.46207 
    -84.35226 -138.08775 
    -84.12397 -138.70013 
    -83.85861 -139.29691 
    -83.55814 -139.87637 
    -83.22121 -140.43507 
    -82.84931 -140.97067 
    -82.44415 -141.48102 
    -82.00755 -141.96411 
    -81.54149 -142.41809 
    -81.04804 -142.84134 
    -80.52939 -143.23235 
    -79.98776 -143.58986 
    -79.39267 -143.85315 
    -78.74227 -143.98241 
    -78.08366 -144.03632 
    -77.45564 -144.10628 
    -76.84913 -144.19556 
    -76.25466 -144.30486 
    -75.66309 -144.43295 
    -75.06570 -144.57484 
    -74.45525 -144.71500 
    -73.82847 -144.83452 
    -73.18365 -144.93782 
    -72.51707 -145.03233 
    -71.83157 -145.09061 
    -71.17497 -144.96770 
    -70.52077 -144.80940 
    -69.87043 -144.61528 
    -69.22559 -144.38474 
    -68.58812 -144.11716 
    -67.96013 -143.81180 
    -67.34407 -143.46797 
    -66.74272 -143.08504 
    -66.15925 -142.66249 
    -65.59715 -142.20009 
    -65.06028 -141.69788 
    -64.55276 -141.15633 
    -64.07898 -140.57643 
    -63.74624 -139.91132 
    -63.83577 -139.07658 
    -63.84474 -138.31960 
    -63.82651 -137.60101 
    -63.79987 -136.90465 
    -63.77639 -136.22108 
    -63.76342 -135.54469 
    -63.76896 -134.87202 
    -63.80342 -134.20187 
    -63.87327 -133.53522 
    -63.96609 -132.87111 
    -64.07970 -132.20804 
    -64.21371 -131.54434 
    -64.36476 -130.87691 
    -64.52743 -130.20035 
    -64.69316 -129.50526 
    -64.84772 -128.77490 
    -64.96508 -127.97701 
    -65.32799 -127.32130 
    -65.90356 -126.84145 
    -66.50526 -126.40614 
    -67.12849 -126.01549 
    -67.66909 -125.53167 
    -68.21444 -125.03807 
    -68.87254 -124.71710 
    -69.58241 -124.51670 
    -70.31784 -124.42212 
    -71.06679 -124.44341 
    -71.78429 -124.46930 
    -72.45848 -124.40457 
    -73.12924 -124.37556 
    -73.79524 -124.38142 
    -74.45525 -124.42152 
    -75.10810 -124.49532 
    -75.75260 -124.60244 
    -76.38754 -124.74260 
    -77.01163 -124.91558 
    -77.63863 -125.07462 
    -78.28187 -125.20709 
    -78.92342 -125.37669 
    -79.55973 -125.58701 
    -80.18584 -125.84206 
    -80.79545 -126.14549 
    -81.38119 -126.50001 
    -81.93522 -126.90667 
    -82.44999 -127.36446 
    -82.91902 -127.87019 
    -83.33758 -128.41864 
    -83.70315 -129.00313 
    -84.01545 -129.61626 
    -84.27622 -130.25063 
    -84.48863 -130.89954 
    -84.58587 -131.58038 
    -84.56410 -132.27650 
    -84.54159 -132.94795 
    -84.52466 -133.59996 
    -84.51601 -134.23906 
Cell 15 100 -55.08084 -134.50098 
    -63.78804 -134.50098 
    -63.76751 -135.04750 
    -63.76445 -135.59796 
    -63.77522 -136.15952 
    -63.79415 -136.73817 
    -63.81650 -137.33937 
    -63.83580 -137.96732 
    -63.84114 -138.62326 
    -63.81172 -139.30081 
    -63.75986 -140.00885 
    -63.39148 -140.53900 
    -62.99279 -141.04631 
    -62.56488 -141.52896 
    -62.10896 -141.98517 
    -61.62636 -142.41315 
    -61.11855 -142.81116 
    -60.58713 -143.17749 
    -60.03387 -143.51050 
    -59.46071 -143.80865 
    -58.86971 -144.07054 
    -58.26307 -144.29486 
    -57.64315 -144.48048 
    -57.01255 -144.62732 
    -56.37382 -144.73593 
    -55.72905 -144.80394 
    -55.08084 -144.83112 
    -54.43179 -144.81749 
    -53.78442 -144.76324 
    -53.14124 -144.66876 
    -52.50464 -144.53462 
    -51.87695 -144.36154 
    -51.26039 -144.15034 
    -50.65708 -143.90196 
    -50.06905 -143.61740 
    -49.49827 -143.29771 
    -48.94666 -142.94397 
    -48.41611 -142.55727 
    -47.90856 -142.13869 
    -47.42599 -141.68936 
    -46.97046 -141.21048 
    -46.54414 -140.70325 
    -46.14935 -140.16908 
    -45.78790 -139.60982 
    -45.42564 -139.04437 
    -45.10022 -138.45259 
    -45.01876 -137.77034 
    -45.04835 -137.07689 
    -45.05840 -136.41286 
    -45.06184 -135.76666 
    -45.06686 -135.13101 
    -45.07835 -134.50098 
    -45.09851 -133.87294 
    -45.12497 -133.24326 
    -45.15351 -132.60722 
    -45.18121 -131.95918 
    -45.19662 -131.28940 
    -45.17932 -130.58069 
    -45.31430 -129.90518 
    -45.67183 -129.32832 
    -46.06575 -128.77983 
    -46.04432 -127.93555 
    -45.57072 -126.63351 
    -47.00389 -126.91621 
    -47.93631 -126.89281 
    -48.46251 -126.50078 
    -48.96774 -126.08701 
    -49.45527 -125.63648 
    -49.96785 -125.20048 
    -50.50637 -124.77972 
    -51.07193 -124.37562 
    -51.66580 -123.99056 
    -52.28912 -123.62793 
    -52.94266 -123.29222 
    -53.62654 -122.98901 
    -54.33995 -122.72478 
    -55.08084 -122.50671 
    -55.84580 -122.34232 
    -56.62989 -122.23905 
    -57.42665 -122.20380 
    -58.22831 -122.24242 
    -59.02592 -122.35930 
    -59.80983 -122.55694 
    -60.57008 -122.83575 
    -61.29697 -123.19389 
    -61.98147 -123.62733 
    -62.61577 -124.13005 
    -63.19361 -124.69433 
    -63.71058 -125.31124 
    -64.16420 -125.97115 
    -64.55391 -126.66418 
    -64.88094 -127.38079 
    -64.92432 -128.25412 
    -64.76230 -129.17854 
    -64.56626 -130.03748 
    -64.37849 -130.81978 
    -64.21635 -131.53268 
    -64.08344 -132.18950 
    -63.97762 -132.80382 
    -63.89390 -133.38762 
    -63.82975 -133.95055 
Cell 16 100 -35.08407 -134.70311 
    -45.07466 -134.70311 
    -45.06528 -135.33107 
    -45.06079 -135.96347 
    -45.05549 -136.60527 
    -45.04056 -137.25949 
    -45.03873 -137.93758 
    -44.81887 -138.55739 
    -44.50785 -139.13760 
    -44.16847 -139.69730 
    -43.80252 -140.23601 
    -43.41120 -140.75311 
    -42.99529 -141.24785 
    -42.55533 -141.71909 
    -42.09174 -142.16553 
    -41.60503 -142.58560 
    -41.09581 -142.97755 
    -40.56495 -143.33958 
    -40.00603 -143.65611 
    -39.33815 -143.74348 
    -38.70508 -143.84874 
    -38.08229 -143.93066 
    -37.46928 -143.99287 
    -36.86545 -144.04143 
    -36.27030 -144.09305 
    -35.67838 -144.14931 
    -35.08407 -144.21088 
    -34.48172 -144.27733 
    -33.86580 -144.34679 
    -33.23141 -144.41508 
    -32.57516 -144.47467 
    -31.90342 -144.49214 
    -31.29550 -144.27194 
    -30.70316 -144.01303 
    -30.12890 -143.71654 
    -29.57516 -143.38376 
    -29.04429 -143.01616 
    -28.53849 -142.61536 
    -28.05989 -142.18311 
    -27.61045 -141.72131 
    -27.19200 -141.23201 
    -26.80622 -140.71732 
    -26.45464 -140.17950 
    -26.13862 -139.62091 
    -25.85933 -139.04395 
    -25.61775 -138.45110 
    -25.41466 -137.84489 
    -25.28804 -137.21831 
    -25.30208 -136.56912 
    -25.30930 -135.93796 
    -25.31470 -135.31775 
    -25.32059 -134.70311 
    -25.32711 -134.08925 
    -25.33110 -133.47102 
    -25.32970 -132.84236 
    -25.31724 -132.19542 
    -25.45433 -131.57422 
    -25.62164 -130.95667 
    -25.81410 -130.34099 
    -26.03070 -129.72597 
    -26.27144 -129.11044 
    -26.53770 -128.49380 
    -26.83231 -127.87666 
    -27.15946 -127.26140 
    -27.52427 -126.65273 
    -27.93220 -126.05798 
    -28.38818 -125.48701 
    -28.89567 -124.95175 
    -29.45581 -124.46533 
    -30.06679 -124.04085 
    -30.72367 -123.68999 
    -31.41853 -123.42175 
    -32.14119 -123.24133 
    -32.88013 -123.14967 
    -33.62373 -123.14333 
    -34.36131 -123.21515 
    -35.08407 -123.35516 
    -35.78564 -123.55196 
    -36.46222 -123.79398 
    -37.11242 -124.07017 
    -37.73696 -124.37080 
    -38.33676 -124.69238 
    -38.91368 -125.03061 
    -39.46961 -125.38337 
    -40.01818 -125.72799 
    -40.60416 -126.00484 
    -41.17851 -126.31484 
    -41.74045 -126.65693 
    -42.28768 -127.03204 
    -42.81714 -127.44128 
    -43.32492 -127.88569 
    -43.80631 -128.36603 
    -44.25590 -128.88249 
    -44.66784 -129.43439 
    -45.03613 -130.02003 
    -45.18235 -130.70491 
    -45.19365 -131.41830 
    -45.17466 -132.11229 
    -45.14558 -132.78378 
    -45.11689 -133.43567 
    -45.09207 -134.07346 
Cell 17 100 -15.05374 -134.79849 
    -25.31967 -134.79849 
    -25.31359 -135.44400 
    -25.30751 -136.09384 
    -25.29811 -136.75272 
    -25.27166 -137.42201 
    -25.06750 -138.05215 
    -24.82305 -138.66643 
    -24.54001 -139.26239 
    -24.22017 -139.83778 
    -23.86543 -140.39056 
    -23.47769 -140.91885 
    -23.05892 -141.42096 
    -22.61107 -141.89531 
    -22.13612 -142.34047 
    -21.63603 -142.75513 
    -21.11276 -143.13803 
    -20.56829 -143.48804 
    -20.00460 -143.80408 
    -19.42371 -144.08514 
    -18.80565 -144.27475 
    -18.13886 -144.29352 
    -17.49714 -144.31491 
    -16.87494 -144.34558 
    -16.24054 -144.19301 
    -15.62900 -143.94206 
    -15.05374 -144.07086 
    -14.44880 -144.41373 
    -13.81398 -144.61215 
    -13.17301 -144.65759 
    -12.51900 -144.67062 
    -11.90520 -144.48871 
    -11.30426 -144.26859 
    -10.71861 -144.01111 
    -10.15061 -143.71725 
    -9.60256 -143.38817 
    -9.07670 -143.02518 
    -8.57516 -142.62975 
    -8.09961 -142.20389 
    -7.65164 -141.74953 
    -7.23339 -141.26805 
    -6.84636 -140.76151 
    -6.49189 -140.23201 
    -6.17112 -139.68175 
    -5.88497 -139.11299 
    -5.63420 -138.52795 
    -5.41933 -137.92889 
    -5.24072 -137.31804 
    -5.09856 -136.69754 
    -4.99289 -136.06947 
    -4.92369 -135.43582 
    -4.89191 -134.79849 
    -4.89431 -134.15932 
    -4.92129 -133.51846 
    -4.98331 -132.87746 
    -5.08141 -132.23804 
    -5.21615 -131.60207 
    -5.38824 -130.97165 
    -5.59848 -130.34918 
    -5.84769 -129.73743 
    -6.13664 -129.13953 
    -6.46587 -128.55904 
    -6.83557 -127.99983 
    -7.24549 -127.46606 
    -7.69478 -126.96199 
    -8.18192 -126.49189 
    -8.70472 -126.05982 
    -9.26028 -125.66946 
    -9.84507 -125.32396 
    -10.45505 -125.02579 
    -10.95046 -124.43480 
    -11.24965 -123.09072 
    -12.06000 -123.13864 
    -12.93914 -123.71339 
    -13.64446 -123.64290 
    -14.35541 -123.69893 
    -15.05374 -123.85690 
    -15.72794 -124.08235 
    -16.37473 -124.34177 
    -16.99655 -124.61388 
    -17.60589 -124.85852 
    -18.21086 -125.08186 
    -18.80540 -125.32288 
    -19.38397 -125.59628 
    -19.96896 -125.85773 
    -20.54082 -126.15223 
    -21.09545 -126.48279 
    -21.63029 -126.84881 
    -22.14269 -127.24952 
    -22.62998 -127.68392 
    -23.08948 -128.15076 
    -23.51850 -128.64848 
    -23.91446 -129.17531 
    -24.27489 -129.72913 
    -24.59748 -130.30754 
    -24.88015 -130.90794 
    -25.12107 -131.52742 
    -25.31870 -132.16290 
    -25.32962 -132.83826 
    -25.33091 -133.50018 
    -25.32644 -134.15219 
Cell 18 100 5.32211 -134.83771 
    -4.89387 -134.83771 
    -4.87101 -135.47900 
    -4.80800 -136.11743 
    -4.70523 -136.75052 
    -4.56307 -137.37579 
    -4.38203 -137.99077 
    -4.16278 -138.59303 
    -3.90614 -139.18019 
    -3.61306 -139.74986 
    -3.28467 -140.29973 
    -2.92225 -140.82758 
    -2.52724 -141.33125 
    -2.10121 -141.80867 
    -1.64590 -142.25789 
    -1.16317 -142.67706 
    -0.65501 -143.06451 
    -0.12369 -143.41890 
    0.42868 -143.73882 
    1.18266 -143.63448 
    1.84363 -143.62335 
    2.45875 -143.65024 
    3.04110 -143.72165 
    3.60411 -143.84380 
    4.16546 -143.99356 
    4.73529 -144.16487 
    5.32211 -144.33447 
    5.92575 -144.43224 
    6.53207 -144.41557 
    7.19965 -144.68015 
    7.82896 -144.60123 
    8.43664 -144.42323 
    9.03274 -144.20970 
    9.61823 -143.96742 
    10.19241 -143.69675 
    10.75081 -143.39197 
    11.29159 -143.05400 
    11.81240 -142.68312 
    12.31093 -142.28004 
    12.79115 -141.85161 
    13.26890 -141.41187 
    13.73161 -140.94757 
    14.17874 -140.45830 
    14.60907 -139.94325 
    15.02052 -139.40143 
    15.09807 -138.70828 
    15.10327 -138.01581 
    15.14549 -137.35992 
    15.20372 -136.72273 
    15.26433 -136.09370 
    15.32153 -135.46683 
    15.36690 -134.83771 
    15.39379 -134.20404 
    15.39938 -133.56465 
    15.38590 -132.91794 
    15.35597 -132.26144 
    15.31219 -131.59174 
    15.26600 -130.90065 
    15.23801 -130.17165 
    15.28544 -129.36032 
    15.13013 -128.61334 
    14.61748 -128.08423 
    14.06800 -127.60248 
    13.48977 -127.16776 
    12.89015 -126.77856 
    12.27552 -126.43248 
    11.65108 -126.12663 
    11.02082 -125.85797 
    10.39711 -125.60632 
    9.79183 -125.33907 
    9.17266 -125.11234 
    8.54165 -124.92896 
    7.90285 -124.78638 
    7.25918 -124.68324 
    6.61301 -124.61921 
    5.96641 -124.59679 
    5.32211 -124.54692 
    4.67387 -124.53428 
    4.02427 -124.56429 
    3.37639 -124.63791 
    2.73352 -124.75583 
    2.09912 -124.91838 
    1.47675 -125.12543 
    0.86997 -125.37643 
    0.28229 -125.67030 
    -0.28298 -126.00551 
    -0.82274 -126.38005 
    -1.33424 -126.79156 
    -1.81511 -127.23734 
    -2.26333 -127.71450 
    -2.67734 -128.21999 
    -3.05591 -128.75072 
    -3.39818 -129.30365 
    -3.70354 -129.87581 
    -3.97777 -130.46152 
    -4.21620 -131.06123 
    -4.41712 -131.67325 
    -4.58541 -132.29388 
    -4.72240 -132.92162 
    -4.81964 -133.55650 
    -4.87689 -134.19604 
Cell 19 100 24.90471 -134.56824 
    15.37834 -134.56824 
    15.34295 -135.16982 
    15.29273 -135.78252 
    15.23355 -136.41312 
    15.17225 -137.06711 
    15.12055 -137.74730 
    15.10001 -138.45018 
    15.10987 -139.17734 
    15.47421 -139.75270 
    15.87166 -140.30078 
    16.29949 -140.82028 
    16.75509 -141.31018 
    17.23601 -141.76962 
    17.73998 -142.19789 
    18.25701 -142.60391 
    18.78582 -142.99017 
    19.33569 -143.34360 
    19.90474 -143.66313 
    20.56230 -143.79631 
    21.22698 -143.85710 
    21.87267 -143.89986 
    22.49849 -143.93982 
    23.10868 -143.98335 
    23.70900 -144.03325 
    24.30569 -144.08932 
    24.90471 -144.16214 
    25.50870 -144.16843 
    26.10853 -144.09752 
    26.70537 -144.00768 
    27.30671 -143.92343 
    27.91839 -143.84341 
    28.54551 -143.76387 
    29.18879 -143.67239 
    29.86017 -143.58220 
    30.41288 -143.24773 
    30.94269 -142.87881 
    31.44741 -142.47701 
    31.92496 -142.04405 
    32.37342 -141.58183 
    32.79150 -141.09276 
    33.17741 -140.57870 
    33.52978 -140.04187 
    33.84761 -139.48465 
    34.13018 -138.90942 
    34.37710 -138.31862 
    34.58831 -137.71463 
    34.76410 -137.09970 
    34.90505 -136.47591 
    35.01204 -135.84509 
    35.08607 -135.20880 
    35.12818 -134.56824 
    35.13922 -133.92433 
    35.11971 -133.27779 
    35.06961 -132.62918 
    34.98817 -131.97925 
    34.87385 -131.32907 
    34.72433 -130.68037 
    34.53662 -130.03580 
    34.30742 -129.39905 
    34.03337 -128.77501 
    33.72081 -128.16296 
    33.45015 -127.49883 
    33.15700 -126.81882 
    32.81962 -126.13971 
    32.42997 -125.47175 
    31.98110 -124.82841 
    31.46832 -124.22564 
    30.89021 -123.68064 
    30.24935 -123.21029 
    29.55243 -122.82941 
    28.80992 -122.54922 
    28.03514 -122.37599 
    27.24300 -122.31046 
    26.44850 -122.34785 
    25.66533 -122.47847 
    24.90471 -122.68906 
    24.17464 -122.96428 
    23.47974 -123.28845 
    22.82137 -123.64702 
    22.19836 -124.02771 
    21.60775 -124.42126 
    21.04576 -124.82167 
    20.44196 -125.08441 
    19.82352 -125.32559 
    19.21662 -125.60526 
    18.62408 -125.92371 
    18.04898 -126.28109 
    17.49461 -126.67728 
    16.96449 -127.11189 
    16.46230 -127.58407 
    15.99176 -128.09261 
    15.55664 -128.63577 
    15.26658 -129.26964 
    15.24667 -130.02351 
    15.26020 -130.74971 
    15.30260 -131.44832 
    15.34633 -132.11406 
    15.37829 -132.75098 
    15.39526 -133.36691 
    15.39584 -133.96999 
Cell 20 100 45.27207 -134.70070 
    35.20006 -134.70070 
    35.21632 -135.33336 
    35.27241 -135.96394 
    35.36816 -136.58997 
    35.50328 -137.20889 
    35.67727 -137.81824 
    35.88949 -138.41553 
    36.13913 -138.99834 
    36.42521 -139.56430 
    36.74662 -140.11111 
    37.10206 -140.63655 
    37.49012 -141.13849 
    37.90925 -141.61485 
    38.35770 -142.06377 
    38.83370 -142.48335 
    39.33532 -142.87193 
    39.86052 -143.22794 
    40.40717 -143.54993 
    40.97303 -143.83664 
    41.55580 -144.08691 
    42.15313 -144.29980 
    42.76259 -144.47447 
    43.38172 -144.61028 
    44.03700 -144.47731 
    44.65847 -144.45358 
    45.27207 -144.49596 
    45.89059 -144.53174 
    46.51347 -144.52736 
    47.13782 -144.48128 
    47.73265 -144.28403 
    48.36753 -144.22754 
    48.97736 -144.05920 
    49.55729 -143.80725 
    50.12057 -143.52008 
    50.66519 -143.19890 
    51.18926 -142.84500 
    51.69095 -142.45979 
    52.16858 -142.04474 
    52.62053 -141.60136 
    53.04531 -141.13129 
    53.44149 -140.63612 
    53.80774 -140.11760 
    54.14279 -139.57742 
    54.44545 -139.01736 
    54.71455 -138.43924 
    54.94899 -137.84492 
    55.22305 -137.25568 
    55.28666 -136.61108 
    55.37690 -135.97723 
    55.48365 -135.34315 
    55.59471 -134.70070 
    55.69473 -134.04497 
    55.76612 -133.37500 
    55.79510 -132.69333 
    55.77558 -132.00386 
    55.71346 -131.30809 
    55.62952 -130.59990 
    55.37428 -129.94696 
    54.91125 -129.40152 
    54.76610 -128.67560 
    54.57635 -127.94075 
    54.32810 -127.20890 
    54.00831 -126.49683 
    53.60709 -125.82481 
    53.11982 -125.21440 
    52.54843 -124.68565 
    51.90161 -124.25422 
    51.19383 -123.92905 
    50.44331 -123.71125 
    49.66948 -123.59413 
    48.89039 -123.56466 
    48.12074 -123.60587 
    47.37066 -123.69954 
    46.64852 -123.80496 
    45.95665 -123.81965 
    45.27207 -123.88061 
    44.59789 -123.98497 
    43.93666 -124.12988 
    43.29043 -124.31257 
    42.66081 -124.53052 
    42.04912 -124.78149 
    41.45645 -125.06353 
    40.88375 -125.37503 
    40.33194 -125.71465 
    39.80199 -126.08123 
    39.29490 -126.47383 
    38.81179 -126.89156 
    38.35388 -127.33357 
    37.92247 -127.79897 
    37.51893 -128.28674 
    37.14008 -128.79247 
    36.78653 -129.31561 
    36.46541 -129.85919 
    36.17807 -130.42139 
    35.92576 -131.00023 
    35.70940 -131.59360 
    35.53022 -132.19942 
    35.38910 -132.81541 
    35.28672 -133.43925 
    35.22359 -134.06850 
Cell 21 100 65.00101 -134.69276 
    55.59592 -134.69276 
    55.49266 -135.29099 
    55.38871 -135.90709 
    55.29620 -136.54405 
    55.22835 -137.20197 
    55.37814 -137.81943 
    55.58500 -138.42082 
    55.82784 -139.00932 
    56.10647 -139.58258 
    56.42038 -140.13820 
    56.76883 -140.67380 
    57.15076 -141.18706 
    57.56494 -141.67570 
    58.00988 -142.13756 
    58.48393 -142.57057 
    58.98522 -142.97279 
    59.51178 -143.34241 
    60.06148 -143.67775 
    60.63204 -143.97731 
    61.22108 -144.23978 
    61.82618 -144.46391 
    62.49573 -144.45021 
    63.15001 -144.39609 
    63.78303 -144.33412 
    64.39837 -144.27153 
    65.00101 -144.21233 
    65.59653 -144.15829 
    66.19066 -144.10973 
    66.78902 -144.06586 
    67.39706 -144.02478 
    68.01959 -143.98300 
    68.65930 -143.93256 
    69.31371 -143.85773 
    69.94512 -143.68607 
    70.49704 -143.35312 
    71.02666 -142.98634 
    71.53202 -142.58739 
    72.01135 -142.15802 
    72.46301 -141.70004 
    72.88551 -141.21539 
    73.27754 -140.70601 
    73.63787 -140.17387 
    73.96542 -139.62099 
    74.14451 -138.99536 
    74.02853 -138.26701 
    73.98709 -137.61252 
    73.97809 -136.99768 
    73.98330 -136.40622 
    73.99033 -135.82837 
    73.99384 -135.25854 
    74.00916 -134.69276 
    74.01454 -134.12569 
    74.01395 -133.55417 
    74.01460 -132.97333 
    74.01172 -132.37921 
    74.01422 -131.76419 
    74.03881 -131.11444 
    74.11826 -130.40251 
    74.20353 -129.63364 
    73.87338 -129.06218 
    73.50340 -128.51541 
    73.09552 -127.99641 
    72.65204 -127.50797 
    72.17560 -127.05261 
    71.66911 -126.63242 
    71.13567 -126.24913 
    70.67616 -125.75018 
    70.19335 -125.24793 
    69.68100 -124.74730 
    69.13137 -124.26067 
    68.53793 -123.80726 
    67.89763 -123.41121 
    67.21281 -123.09808 
    66.49201 -122.89028 
    65.74908 -122.80251 
    65.00101 -122.83873 
    64.26482 -122.99128 
    63.55453 -123.24265 
    62.87909 -123.56921 
    62.24168 -123.94589 
    61.65289 -124.38829 
    61.06561 -124.75307 
    60.42374 -124.96557 
    59.80035 -125.23279 
    59.20160 -125.55435 
    58.63332 -125.92838 
    58.10060 -126.35159 
    57.60750 -126.81947 
    57.15688 -127.32663 
    56.75028 -127.86716 
    56.38801 -128.43504 
    56.06932 -129.02454 
    55.79266 -129.63043 
    55.55602 -130.24829 
    55.67708 -131.00116 
    55.74720 -131.68602 
    55.78471 -132.32642 
    55.78484 -132.93468 
    55.75023 -133.52411 
    55.68531 -134.10667 
Cell 22 100 84.84875 -134.39996 
    74.01193 -134.39996 
    73.99860 -135.08260 
    73.99068 -135.77167 
    73.98271 -136.47278 
    73.98091 -137.19035 
    74.00673 -137.92274 
    74.09099 -138.65927 
    74.30257 -139.36263 
    74.74946 -139.95210 
    75.23083 -140.50368 
    75.74057 -141.01744 
    76.27335 -141.49416 
    76.82471 -141.93504 
    77.39117 -142.34149 
    77.97008 -142.71486 
    78.55956 -143.05630 
    79.15836 -143.36659 
    79.76562 -143.64615 
    80.38076 -143.89493 
    81.00328 -144.11252 
    81.63264 -144.29817 
    82.29493 -144.34647 
    82.96212 -144.29008 
    83.60677 -144.23123 
    84.23382 -144.17413 
    84.84875 -144.12122 
    85.45737 -144.07361 
    86.06548 -144.03128 
    86.67833 -143.99094 
    87.30055 -143.94907 
    87.93571 -143.90065 
    88.58985 -143.84889 
    89.23037 -143.71136 
    89.80462 -143.41466 
    90.35860 -143.08209 
    90.88990 -142.71489 
    91.39638 -142.31468 
    91.87605 -141.88327 
    92.32705 -141.42255 
    92.74774 -140.93457 
    93.13670 -140.42151 
    93.49276 -139.88562 
    93.81519 -139.32930 
    94.10384 -138.75508 
    94.35938 -138.16548 
    94.33529 -137.48232 
    94.26923 -136.81873 
    94.23324 -136.19014 
    94.23058 -135.58516 
    94.26051 -134.99211 
    94.31754 -134.39996 
    94.39909 -133.79912 
    94.50815 -133.17970 
    94.62485 -132.53508 
    94.73152 -131.86250 
    94.81405 -131.16205 
    94.86185 -130.43550 
    94.87296 -129.68292 
    94.89197 -128.87866 
    95.13738 -127.87060 
    94.68037 -127.25687 
    93.93021 -126.88712 
    93.36872 -126.39918 
    92.95729 -125.76525 
    92.49830 -125.15325 
    91.99142 -124.56893 
    91.43709 -124.01842 
    90.83662 -123.50806 
    90.19234 -123.04427 
    89.50755 -122.63319 
    88.78658 -122.28058 
    88.03470 -121.99153 
    87.25800 -121.77026 
    86.46325 -121.61993 
    85.65768 -121.54253 
    84.84875 -121.53878 
    84.04396 -121.60812 
    83.25053 -121.74871 
    82.47525 -121.95761 
    81.72425 -122.23083 
    81.00288 -122.56358 
    80.31556 -122.95042 
    79.66577 -123.38556 
    79.05603 -123.86304 
    78.48796 -124.37695 
    77.96233 -124.92162 
    77.47923 -125.49174 
    77.03817 -126.08253 
    76.63825 -126.68979 
    76.27942 -127.31079 
    75.93501 -127.92374 
    75.40912 -128.40939 
    74.90964 -128.93588 
    74.44329 -129.50352 
    74.14493 -130.16202 
    74.06324 -130.89554 
    74.01969 -131.61954 
    74.01191 -132.33273 
    74.01454 -133.03128 
    74.01412 -133.71831 
Cell 23 100 104.61879 -134.63382 
    94.29501 -134.63382 
    94.24565 -135.28644 
    94.23216 -135.94595 
    94.25729 -136.61038 
    94.31509 -137.27937 
    94.37941 -137.96080 
    94.72582 -138.55072 
    95.09338 -139.11613 
    95.47980 -139.65802 
    95.88379 -140.17722 
    96.30490 -140.67421 
    96.74319 -141.14908 
    97.19907 -141.60139 
    97.67303 -142.03030 
    98.16547 -142.43454 
    98.66607 -142.82704 
    99.18762 -143.19197 
    99.72968 -143.52707 
    100.29121 -143.83038 
    100.89148 -144.04793 
    101.53996 -144.10948 
    102.15869 -144.21527 
    102.76643 -144.34419 
    103.37417 -144.48605 
    103.99093 -144.61340 
    104.61879 -144.65443 
    105.24831 -144.63980 
    105.88279 -144.63942 
    106.52948 -144.64999 
    107.19427 -144.66469 
    107.82287 -144.49495 
    108.43978 -144.28455 
    109.04230 -144.03427 
    109.62776 -143.74510 
    110.19353 -143.41821 
    110.73714 -143.05499 
    111.25613 -142.65698 
    111.74821 -142.22589 
    112.21122 -141.76360 
    112.64311 -141.27211 
    113.04200 -140.75363 
    113.40615 -140.21045 
    113.73402 -139.64496 
    114.02422 -139.05968 
    114.27557 -138.45721 
    114.48708 -137.84023 
    114.65795 -137.21144 
    114.78760 -136.57362 
    114.87564 -135.92957 
    114.92194 -135.28204 
    114.92657 -134.63382 
    114.88980 -133.98763 
    114.81216 -133.34610 
    114.69439 -132.71179 
    114.53746 -132.08714 
    114.34253 -131.47438 
    114.11096 -130.87560 
    113.84431 -130.29262 
    113.54422 -129.72702 
    113.21247 -129.18010 
    112.85087 -128.65286 
    112.46121 -128.14600 
    112.04520 -127.65996 
    111.60437 -127.19493 
    111.14006 -126.75095 
    110.65333 -126.32800 
    110.14490 -125.92607 
    109.61520 -125.54539 
    109.06436 -125.18650 
    108.49231 -124.85043 
    107.89887 -124.53877 
    107.28391 -124.25388 
    106.64753 -123.99879 
    105.99029 -123.77730 
    105.31337 -123.59380 
    104.61879 -123.45313 
    103.90952 -123.36035 
    103.18958 -123.32043 
    102.46398 -123.33791 
    101.73869 -123.41659 
    101.02043 -123.55920 
    100.31637 -123.76714 
    99.63387 -124.04031 
    98.98007 -124.37703 
    98.36160 -124.77408 
    97.78421 -125.22683 
    97.25250 -125.72951 
    96.76978 -126.27547 
    96.24809 -126.77321 
    95.70135 -127.25668 
    95.15174 -127.75561 
    94.98004 -128.51689 
    94.88245 -129.28122 
    94.86761 -130.04527 
    94.84035 -130.76227 
    94.78159 -131.43752 
    94.69606 -132.08609 
    94.59119 -132.72096 
    94.47769 -133.35269 
    94.37329 -133.98923 
Cell 24 100 -114.64223 -114.87280 
    -124.84628 -114.87280 
    -124.83017 -115.51376 
    -124.77313 -116.15263 
    -124.67532 -116.78671 
    -124.53713 -117.41338 
    -124.35915 -118.03001 
    -124.14211 -118.63406 
    -123.88696 -119.22303 
    -123.59479 -119.79450 
    -123.26687 -120.34616 
    -122.90462 -120.87578 
    -122.50961 -121.38126 
    -122.08353 -121.86064 
    -121.62820 -122.31211 
    -121.14558 -122.73399 
    -120.63766 -123.12481 
    -120.10658 -123.48322 
    -119.55445 -123.80810 
    -118.98350 -124.09846 
    -118.39592 -124.35353 
    -117.79391 -124.57270 
    -117.17441 -124.73500 
    -116.51747 -124.70315 
    -115.87946 -124.66656 
    -115.25590 -124.62685 
    -114.64223 -124.58543 
    -114.03356 -124.54726 
    -113.42403 -124.51586 
    -112.80705 -124.49314 
    -112.17564 -124.47952 
    -111.52367 -124.47071 
    -110.84201 -124.47105 
    -110.18186 -124.35155 
    -109.57074 -124.09780 
    -108.97169 -123.80814 
    -108.38686 -123.48257 
    -107.81861 -123.12113 
    -107.26950 -122.72395 
    -106.74230 -122.29132 
    -106.24000 -121.82373 
    -105.76575 -121.32193 
    -105.32288 -120.78703 
    -104.91476 -120.22052 
    -104.54478 -119.62429 
    -104.21629 -119.00072 
    -103.93240 -118.35263 
    -103.69603 -117.68330 
    -103.50968 -116.99644 
    -103.37544 -116.29612 
    -103.04855 -115.60221 
    -102.64315 -114.87280 
    -102.39198 -114.10207 
    -102.35425 -113.32047 
    -102.55233 -112.56652 
    -102.96329 -111.87415 
    -103.52722 -111.26131 
    -104.16804 -110.72577 
    -104.56835 -110.13239 
    -104.34172 -109.21004 
    -104.12402 -108.19774 
    -105.80021 -108.44869 
    -106.27763 -107.95300 
    -106.78267 -107.49218 
    -107.31203 -107.06692 
    -107.86259 -106.67762 
    -108.43147 -106.32442 
    -109.01601 -106.00729 
    -109.61380 -105.72612 
    -110.22265 -105.48071 
    -110.84055 -105.27086 
    -111.46568 -105.09641 
    -112.09634 -104.95721 
    -112.73089 -104.85322 
    -113.36777 -104.78443 
    -114.00163 -104.69073 
    -114.64223 -104.56320 
    -115.29812 -104.44777 
    -115.97230 -104.34421 
    -116.66572 -104.26530 
    -117.37454 -104.23112 
    -118.08865 -104.26579 
    -118.79189 -104.39194 
    -119.46467 -104.62460 
    -120.08821 -104.96660 
    -120.64915 -105.40739 
    -121.14266 -105.92571 
    -121.57289 -106.49506 
    -121.95078 -107.08999 
    -122.29011 -107.69096 
    -122.60351 -108.28665 
    -122.94479 -108.84063 
    -123.27254 -109.39583 
    -123.57748 -109.96060 
    -123.85671 -110.53679 
    -124.10674 -111.12553 
    -124.32420 -111.72694 
    -124.50624 -112.34015 
    -124.65073 -112.96357 
    -124.75615 -113.59511 
    -124.82150 -114.23237 
