11 25 
Cell 0 100 -115.27078 -153.00284 
    -125.27090 -153.00284 
    -125.25115 -153.63075 
    -125.19202 -154.25618 
    -125.09373 -154.87666 
    -124.95667 -155.48975 
    -124.78139 -156.09302 
    -124.56857 -156.68408 
    -124.33139 -157.26643 
    -124.06433 -157.83713 
    -123.76142 -158.39116 
    -123.42338 -158.92604 
    -123.05138 -159.43950 
    -122.64673 -159.92931 
    -122.21089 -160.39331 
    -121.74550 -160.82942 
    -121.25231 -161.23570 
    -120.73324 -161.61029 
    -120.19033 -161.95146 
    -119.62575 -162.25760 
    -119.04177 -162.52727 
    -118.44080 -162.75916 
    -117.82533 -162.95213 
    -117.19791 -163.10524 
    -116.56121 -163.21764 
    -115.91792 -163.28877 
    -115.27078 -163.31819 
    -114.62258 -163.30568 
    -113.97611 -163.25121 
    -113.33417 -163.15492 
    -112.69954 -163.01718 
    -112.07497 -162.83855 
    -111.46318 -162.61975 
    -110.86682 -162.36172 
    -110.28848 -162.06563 
    -109.73064 -161.73270 
    -109.19572 -161.36444 
    -108.68599 -160.96248 
    -108.20361 -160.52861 
    -107.75063 -160.06474 
    -107.32889 -159.57294 
    -106.94015 -159.05540 
    -106.58597 -158.51439 
    -106.26760 -157.95238 
    -105.98589 -157.37198 
    -106.28463 -156.56071 
    -106.42505 -155.87698 
    -106.51825 -155.25011 
    -106.58203 -154.66031 
    -106.67214 -154.08910 
    -106.77908 -153.53709 
    -106.90062 -153.00284 
    -107.00143 -152.48257 
    -107.11253 -151.97221 
    -107.19623 -151.46254 
    -107.29550 -150.95514 
    -107.35116 -150.42960 
    -107.33444 -149.86063 
    -107.14603 -149.17963 
    -106.84002 -148.36798 
    -106.60357 -147.50246 
    -105.49996 -145.90392 
    -105.87600 -145.23080 
    -106.32573 -144.60287 
    -106.84639 -144.03177 
    -107.43204 -143.52744 
    -108.07394 -143.09723 
    -108.76120 -142.74538 
    -109.55692 -142.60936 
    -110.32471 -142.49190 
    -111.15691 -142.61238 
    -111.97771 -142.86780 
    -112.70660 -143.01599 
    -113.38526 -143.11856 
    -114.03155 -143.19330 
    -114.65726 -143.25122 
    -115.27078 -143.29115 
    -115.88331 -143.26709 
    -116.50251 -143.25273 
    -117.13222 -143.24484 
    -117.77869 -143.23517 
    -118.45509 -143.20256 
    -119.17516 -143.14149 
    -119.82220 -143.33058 
    -120.36783 -143.73135 
    -120.97474 -144.01483 
    -121.47292 -144.46634 
    -122.06443 -144.79073 
    -122.85804 -144.92323 
    -122.85699 -145.87892 
    -123.16411 -146.47292 
    -123.51152 -147.01559 
    -123.82856 -147.57191 
    -124.11490 -148.14075 
    -124.37008 -148.72104 
    -124.59353 -149.31171 
    -124.78458 -149.91162 
    -124.95676 -150.51590 
    -125.09380 -151.12900 
    -125.19206 -151.74950 
    -125.25117 -152.37492 
Cell 1 100 -96.56837 -152.93947 
    -106.91290 -152.93947 
    -106.77052 -153.58133 
    -106.65253 -154.21339 
    -106.56197 -154.84584 
    -106.48330 -155.48520 
    -106.37401 -156.12552 
    -106.21210 -156.75769 
    -105.96335 -157.36041 
    -105.58616 -157.89705 
    -105.19307 -158.41287 
    -104.78333 -158.90799 
    -104.35583 -159.38182 
    -103.90951 -159.83325 
    -103.44348 -160.26073 
    -102.95734 -160.66241 
    -102.46228 -161.05174 
    -101.94364 -161.40955 
    -101.40326 -161.73410 
    -100.84326 -162.02408 
    -100.26587 -162.27829 
    -99.67336 -162.49565 
    -99.06809 -162.67526 
    -98.45248 -162.81638 
    -97.82899 -162.91837 
    -97.20011 -162.98080 
    -96.56837 -163.00340 
    -95.93629 -162.98602 
    -95.30643 -162.92873 
    -94.68132 -162.83171 
    -94.06348 -162.69534 
    -93.45541 -162.52016 
    -92.85957 -162.30684 
    -92.27834 -162.05623 
    -91.71410 -161.76935 
    -91.16911 -161.44734 
    -90.64558 -161.09149 
    -90.14561 -160.70325 
    -89.67123 -160.28418 
    -89.22433 -159.83598 
    -88.80672 -159.36046 
    -88.42006 -158.85956 
    -88.06362 -158.33675 
    -87.72871 -157.79912 
    -87.42284 -157.24303 
    -87.14568 -156.67017 
    -86.89679 -156.08195 
    -86.86274 -155.43146 
    -86.89192 -154.78535 
    -86.91574 -154.15887 
    -86.93696 -153.54543 
    -86.95952 -152.93947 
    -86.98405 -152.33647 
    -87.01472 -151.73256 
    -87.05549 -151.12479 
    -87.10892 -150.51070 
    -87.17297 -149.88672 
    -87.24876 -149.24957 
    -87.33643 -148.59525 
    -87.43034 -147.91579 
    -87.51596 -147.19463 
    -87.55686 -146.39223 
    -88.01212 -145.86111 
    -88.51425 -145.37614 
    -89.05602 -144.93962 
    -89.62972 -144.55209 
    -90.22786 -144.21251 
    -90.84356 -143.91861 
    -91.47101 -143.66740 
    -92.10558 -143.45558 
    -92.74393 -143.28003 
    -93.38372 -143.13814 
    -93.97996 -142.85829 
    -94.59209 -142.57947 
    -95.23070 -142.35072 
    -95.89255 -142.19765 
    -96.56837 -142.13989 
    -97.24484 -142.18721 
    -97.90809 -142.33449 
    -98.54789 -142.56245 
    -99.15999 -142.84576 
    -99.74577 -143.16045 
    -100.34747 -143.39455 
    -100.97175 -143.58180 
    -101.59535 -143.79541 
    -102.21863 -144.03609 
    -102.84119 -144.30566 
    -103.46151 -144.60709 
    -104.07641 -144.94421 
    -104.68075 -145.32143 
    -105.26734 -145.74306 
    -105.75117 -146.26778 
    -106.15639 -146.85472 
    -106.56359 -147.44455 
    -106.77660 -148.13585 
    -107.00558 -148.80708 
    -107.22801 -149.47594 
    -107.34361 -150.17285 
    -107.30220 -150.89189 
    -107.17371 -151.59970 
    -107.04546 -152.28030 
Cell 2 100 -76.64457 -152.98495 
    -86.95782 -152.98495 
    -86.93395 -153.63231 
    -86.91106 -154.28191 
    -86.88501 -154.93842 
    -86.87213 -155.61095 
    -86.66560 -156.24098 
    -86.34097 -156.82402 
    -85.99873 -157.38669 
    -85.63850 -157.92941 
    -85.25955 -158.45219 
    -84.86095 -158.95450 
    -84.44184 -159.43541 
    -84.00154 -159.89362 
    -83.54514 -160.33331 
    -83.09505 -160.78226 
    -82.61562 -161.20340 
    -82.10841 -161.59459 
    -81.57525 -161.95383 
    -81.01812 -162.27922 
    -80.43916 -162.56897 
    -79.84065 -162.82147 
    -79.22504 -163.03525 
    -78.59490 -163.20895 
    -77.95291 -163.34151 
    -77.30184 -163.43196 
    -76.64457 -163.47960 
    -75.98403 -163.48392 
    -75.32321 -163.44460 
    -74.66512 -163.36157 
    -74.01281 -163.23499 
    -73.36929 -163.06522 
    -72.73757 -162.85291 
    -72.12061 -162.59886 
    -71.52129 -162.30417 
    -70.94242 -161.97011 
    -70.38672 -161.59816 
    -69.85674 -161.19003 
    -69.35495 -160.74762 
    -68.88364 -160.27296 
    -68.44492 -159.76830 
    -68.04073 -159.23601 
    -67.67284 -158.67859 
    -67.34280 -158.09865 
    -67.05201 -157.49887 
    -66.80050 -156.88249 
    -66.54095 -156.26782 
    -66.31510 -155.63712 
    -66.29063 -154.96008 
    -66.28345 -154.29385 
    -66.25451 -153.63864 
    -66.20570 -152.98495 
    -66.13558 -152.32379 
    -66.03893 -151.64516 
    -65.93531 -150.94205 
    -66.06912 -150.26964 
    -66.26784 -149.61336 
    -66.51988 -148.97630 
    -66.82325 -148.36339 
    -67.17487 -147.77895 
    -67.57081 -147.22658 
    -68.00651 -146.70903 
    -68.47702 -146.22816 
    -68.97738 -145.78499 
    -69.50276 -145.37970 
    -70.04875 -145.01198 
    -70.61147 -144.68111 
    -71.18761 -144.38615 
    -71.84647 -144.25725 
    -72.45913 -144.09045 
    -73.05717 -143.92421 
    -73.65428 -143.78178 
    -74.24979 -143.65790 
    -74.83916 -143.52063 
    -75.42980 -143.36911 
    -76.02897 -143.20020 
    -76.64457 -143.00775 
    -77.28654 -142.78104 
    -77.96510 -142.53191 
    -78.67606 -142.33556 
    -79.42509 -142.15556 
    -80.17538 -142.11824 
    -80.93873 -142.13914 
    -81.69308 -142.25632 
    -82.42271 -142.47456 
    -83.17443 -142.69554 
    -83.91122 -142.98326 
    -84.62276 -143.34097 
    -85.29807 -143.76991 
    -85.92616 -144.26897 
    -86.49669 -144.83458 
    -87.00063 -145.46083 
    -87.43088 -146.13976 
    -87.52573 -147.00298 
    -87.43112 -147.90919 
    -87.31429 -148.76051 
    -87.21289 -149.55110 
    -87.13133 -150.29240 
    -87.06662 -150.99684 
    -87.01862 -151.67441 
    -86.98416 -152.33444 
Cell 3 100 -56.22569 -154.52800 
    -66.28597 -154.52800 
    -66.29791 -155.16170 
    -66.25439 -155.79492 
    -66.13562 -156.41843 
    -65.98094 -157.03273 
    -65.79089 -157.63593 
    -65.56600 -158.22609 
    -65.30682 -158.80125 
    -65.01399 -159.35941 
    -64.69137 -159.90048 
    -64.33606 -160.42053 
    -63.94879 -160.91711 
    -63.53110 -161.38824 
    -63.08468 -161.83209 
    -62.61130 -162.24689 
    -62.11287 -162.63101 
    -61.59137 -162.98296 
    -61.04888 -163.30136 
    -60.48757 -163.58496 
    -59.90967 -163.83269 
    -59.31748 -164.04355 
    -58.71334 -164.21677 
    -58.09966 -164.35170 
    -57.47902 -164.44914 
    -56.85359 -164.50827 
    -56.22569 -164.52800 
    -55.59778 -164.50827 
    -54.97235 -164.44914 
    -54.35187 -164.35088 
    -53.73879 -164.21384 
    -53.13552 -164.03856 
    -52.54444 -163.82576 
    -51.96789 -163.57626 
    -51.40574 -163.29546 
    -50.86042 -162.98232 
    -50.33338 -162.63806 
    -49.82565 -162.26431 
    -49.33800 -161.86264 
    -48.87094 -161.43457 
    -48.42485 -160.98141 
    -48.00005 -160.50427 
    -47.59694 -160.00397 
    -47.21621 -159.48100 
    -46.85899 -158.93564 
    -46.51505 -158.37271 
    -46.82227 -157.58336 
    -46.97651 -156.90279 
    -47.05982 -156.27649 
    -47.11163 -155.67937 
    -47.14957 -155.09903 
    -47.19007 -154.52800 
    -47.24848 -153.96320 
    -47.31661 -153.40253 
    -47.41671 -152.84760 
    -47.53132 -152.29567 
    -47.68113 -151.75171 
    -47.84505 -151.20988 
    -48.04001 -150.67612 
    -48.24109 -150.13843 
    -48.45667 -149.59763 
    -48.67110 -149.03928 
    -48.84589 -148.42290 
    -48.90580 -147.65417 
    -48.98418 -146.81659 
    -49.53909 -146.44530 
    -50.10822 -146.10803 
    -50.68893 -145.80347 
    -51.27932 -145.53061 
    -51.87807 -145.28883 
    -52.48418 -145.07805 
    -53.09688 -144.89853 
    -53.71536 -144.75093 
    -54.33871 -144.63612 
    -54.96582 -144.55515 
    -55.59524 -144.50739 
    -56.22569 -144.47447 
    -56.85794 -144.47859 
    -57.49003 -144.51970 
    -58.11997 -144.59779 
    -58.74577 -144.71292 
    -59.36804 -144.85684 
    -59.98603 -145.03046 
    -60.58548 -145.26297 
    -61.16282 -145.54738 
    -61.73262 -145.85046 
    -62.28263 -146.19133 
    -62.80951 -146.56953 
    -63.30982 -146.98416 
    -63.78019 -147.43385 
    -64.21742 -147.91666 
    -64.61865 -148.43016 
    -64.98145 -148.97142 
    -65.30395 -149.53719 
    -65.58484 -150.12392 
    -65.82341 -150.72800 
    -65.99594 -151.35345 
    -66.08884 -151.99557 
    -66.16820 -152.63136 
    -66.22658 -153.26459 
    -66.26589 -153.89633 
Cell 4 100 -37.41958 -152.54608 
    -47.47932 -152.54608 
    -47.35831 -153.17137 
    -47.26947 -153.79041 
    -47.20205 -154.41219 
    -47.15339 -155.04530 
    -47.11029 -155.69478 
    -47.04890 -156.35860 
    -46.94775 -157.02969 
    -46.77999 -157.69200 
    -46.53205 -158.32903 
    -46.08115 -158.83908 
    -45.59269 -159.30746 
    -45.08633 -159.74564 
    -44.56346 -160.15353 
    -44.02530 -160.53102 
    -43.47293 -160.87781 
    -42.90738 -161.19347 
    -42.35620 -161.52577 
    -41.79996 -161.85486 
    -41.22144 -162.14848 
    -40.62293 -162.40498 
    -40.00685 -162.62280 
    -39.37574 -162.80060 
    -38.73228 -162.93718 
    -38.07927 -163.03152 
    -37.41958 -163.08286 
    -36.75618 -163.09058 
    -36.09208 -163.05435 
    -35.43034 -162.97404 
    -34.77406 -162.84973 
    -34.12629 -162.68179 
    -33.49012 -162.47078 
    -32.86856 -162.21750 
    -32.26456 -161.92305 
    -31.68101 -161.58862 
    -31.12068 -161.21577 
    -30.58621 -160.80621 
    -30.08012 -160.36182 
    -29.60475 -159.88470 
    -29.16228 -159.37711 
    -28.75472 -158.84148 
    -28.38383 -158.28035 
    -28.05117 -157.69641 
    -27.75803 -157.09247 
    -27.50556 -156.47133 
    -27.29462 -155.83588 
    -27.12587 -155.18906 
    -26.99975 -154.53377 
    -26.91651 -153.87292 
    -26.87617 -153.20941 
    -26.87862 -152.54608 
    -26.92352 -151.88573 
    -27.01040 -151.23109 
    -27.13860 -150.58488 
    -27.30728 -149.94968 
    -27.51548 -149.32805 
    -27.76205 -148.72240 
    -28.04571 -148.13507 
    -28.36439 -147.56795 
    -28.71700 -147.02325 
    -29.10230 -146.50322 
    -29.51865 -146.00986 
    -29.96432 -145.54512 
    -30.41597 -145.08798 
    -30.86535 -144.62338 
    -31.34156 -144.18040 
    -31.84389 -143.76019 
    -32.37265 -143.36575 
    -32.93957 -143.02556 
    -33.53128 -142.72536 
    -34.16409 -142.52672 
    -34.80936 -142.37994 
    -35.45217 -142.23253 
    -36.09853 -142.08885 
    -36.75298 -141.95067 
    -37.41958 -141.81816 
    -38.10263 -141.68944 
    -38.80746 -141.55989 
    -39.53691 -141.44666 
    -40.27058 -141.44218 
    -41.01165 -141.49083 
    -41.78309 -141.52512 
    -42.53755 -141.66985 
    -43.27322 -141.89835 
    -43.99575 -142.18370 
    -44.69909 -142.52670 
    -45.37692 -142.92732 
    -46.02280 -143.38458 
    -46.63036 -143.89659 
    -47.19350 -144.46040 
    -47.70655 -145.07216 
    -48.16454 -145.72713 
    -48.56324 -146.41982 
    -48.89512 -147.14610 
    -48.87812 -148.00932 
    -48.71765 -148.87512 
    -48.40577 -149.72531 
    -48.10282 -150.50815 
    -47.83903 -151.22980 
    -47.63943 -151.90311 
Cell 5 100 -13.85112 -153.53235 
    -24.23548 -153.53235 
    -24.24525 -154.18629 
    -24.21217 -154.84125 
    -24.13604 -155.49431 
    -24.01692 -156.14249 
    -23.85504 -156.78282 
    -23.65090 -157.41235 
    -23.40520 -158.02815 
    -23.11886 -158.62733 
    -22.79304 -159.20706 
    -22.42908 -159.76460 
    -22.02854 -160.29730 
    -21.59320 -160.80264 
    -21.12499 -161.27824 
    -20.62605 -161.72183 
    -20.09866 -162.13136 
    -19.54529 -162.50493 
    -18.96848 -162.84081 
    -18.37095 -163.13748 
    -17.75548 -163.39366 
    -17.12499 -163.60829 
    -16.48238 -163.78044 
    -15.83067 -163.90953 
    -15.17287 -163.99513 
    -14.51202 -164.03708 
    -13.85112 -164.03540 
    -13.19315 -163.99037 
    -12.54106 -163.90248 
    -11.89771 -163.77245 
    -11.26588 -163.60117 
    -10.64826 -163.38971 
    -10.04742 -163.13939 
    -9.46579 -162.85164 
    -8.90569 -162.52805 
    -8.36928 -162.17035 
    -7.85854 -161.78041 
    -7.37535 -161.36020 
    -6.92138 -160.91177 
    -6.47196 -160.46184 
    -6.03144 -160.00134 
    -5.61773 -159.51425 
    -5.23249 -159.00189 
    -4.87741 -158.46568 
    -4.55425 -157.90712 
    -4.27884 -157.32228 
    -4.04150 -156.71968 
    -3.84850 -156.10057 
    -3.75695 -155.45792 
    -3.70208 -154.81447 
    -3.65881 -154.17360 
    -3.62909 -153.53235 
    -3.61441 -152.88831 
    -3.53348 -152.22893 
    -3.40307 -151.53928 
    -3.26577 -150.81450 
    -3.12264 -150.04645 
    -2.96894 -149.22379 
    -2.78940 -148.32710 
    -2.72469 -147.41554 
    -3.22863 -146.79112 
    -3.84478 -146.26231 
    -4.54162 -145.83086 
    -5.28516 -145.48839 
    -6.04437 -145.21901 
    -6.79518 -145.00319 
    -7.52246 -144.82170 
    -8.21980 -144.65881 
    -8.88282 -144.49506 
    -9.47384 -144.23016 
    -10.07792 -144.00235 
    -10.69273 -143.81186 
    -11.31602 -143.65881 
    -11.93540 -143.48979 
    -12.56388 -143.34282 
    -13.20247 -143.22234 
    -13.85112 -143.18228 
    -14.50466 -143.14458 
    -15.16808 -143.10747 
    -15.84539 -143.07802 
    -16.53989 -143.06027 
    -17.25631 -143.05226 
    -17.96428 -143.14369 
    -18.62917 -143.37846 
    -19.21614 -143.77342 
    -19.75209 -144.23390 
    -20.23740 -144.74239 
    -20.67657 -145.28178 
    -21.07655 -145.83804 
    -21.44476 -146.40144 
    -21.78744 -146.96686 
    -22.10852 -147.53299 
    -22.40942 -148.10107 
    -22.71015 -148.66205 
    -23.02942 -149.21336 
    -23.31528 -149.78522 
    -23.56583 -150.37585 
    -23.77931 -150.98322 
    -23.95421 -151.60509 
    -24.08922 -152.23897 
    -24.18326 -152.88231 
Cell 6 100 5.95033 -154.05499 
    -3.65331 -154.05499 
    -3.69176 -154.66162 
    -3.74172 -155.27937 
    -3.82267 -155.91930 
    -4.00788 -156.61183 
    -4.31019 -157.38884 
    -4.15166 -158.05466 
    -3.89883 -158.68965 
    -3.60345 -159.30724 
    -3.26644 -159.90413 
    -2.88928 -160.47734 
    -2.47378 -161.02402 
    -2.02196 -161.54147 
    -1.53601 -162.02715 
    -1.01836 -162.47870 
    -0.47158 -162.89401 
    0.10158 -163.27115 
    0.69824 -163.60851 
    1.31544 -163.90465 
    1.95011 -164.15839 
    2.59915 -164.36887 
    3.25941 -164.53546 
    3.92774 -164.65781 
    4.60103 -164.73584 
    5.27623 -164.76961 
    5.95033 -164.75955 
    6.62045 -164.70627 
    7.28380 -164.61050 
    7.93773 -164.47330 
    8.57969 -164.29567 
    9.20731 -164.07895 
    9.81833 -163.82445 
    10.41063 -163.53360 
    10.98221 -163.20795 
    11.53119 -162.84901 
    12.08614 -162.50021 
    12.63826 -162.13931 
    13.17115 -161.74438 
    13.68242 -161.31590 
    14.16955 -160.85452 
    14.62986 -160.36104 
    15.06055 -159.83652 
    15.45871 -159.28227 
    15.82140 -158.69997 
    16.14565 -158.09160 
    16.42857 -157.45958 
    16.59921 -156.78917 
    16.66696 -156.09929 
    16.64588 -155.40614 
    16.56111 -154.72256 
    16.48199 -154.05499 
    16.40737 -153.39709 
    16.33240 -152.74344 
    16.25461 -152.08936 
    16.17339 -151.43016 
    16.08976 -150.76048 
    16.00775 -150.07297 
    15.93169 -149.35812 
    15.62736 -148.73500 
    15.23179 -148.16479 
    14.79928 -147.62585 
    14.33317 -147.12010 
    13.83681 -146.64909 
    13.31355 -146.21397 
    12.76661 -145.81552 
    12.19910 -145.45430 
    11.61395 -145.13055 
    11.01389 -144.84441 
    10.40148 -144.59583 
    9.77908 -144.38469 
    9.14889 -144.21085 
    8.51299 -144.07411 
    7.87332 -143.97433 
    7.26125 -143.67798 
    6.62013 -143.40894 
    5.95033 -143.25691 
    5.26012 -143.08430 
    4.54172 -142.90469 
    3.79248 -142.74315 
    3.01357 -142.61708 
    2.20346 -142.52330 
    1.42058 -142.61414 
    0.85132 -143.21904 
    0.37846 -143.91980 
    -0.06849 -144.57085 
    -0.62767 -145.00116 
    -1.13868 -145.48584 
    -1.59921 -146.01555 
    -2.00938 -146.58032 
    -2.37147 -147.17059 
    -2.68920 -147.77800 
    -2.82164 -148.48813 
    -2.95592 -149.15874 
    -3.07784 -149.80666 
    -3.19489 -150.43414 
    -3.30967 -151.04623 
    -3.42365 -151.64815 
    -3.53551 -152.24547 
    -3.60938 -152.84732 
    -3.62727 -153.45242 
Cell 7 100 25.88659 -152.14621 
    16.26137 -152.14621 
    16.33284 -152.74728 
    16.40133 -153.34448 
    16.46925 -153.94267 
    16.54018 -154.54596 
    16.61519 -155.15866 
    16.65786 -155.80013 
    16.62729 -156.50330 
    16.62750 -157.23643 
    16.93651 -157.82610 
    17.28502 -158.39561 
    17.67169 -158.94217 
    18.09502 -159.46298 
    18.55321 -159.95546 
    19.04432 -160.41708 
    19.56619 -160.84549 
    20.11644 -161.23851 
    20.69257 -161.59409 
    21.29189 -161.91045 
    21.91157 -162.18596 
    22.54867 -162.41925 
    23.20016 -162.60918 
    23.86289 -162.75481 
    24.53369 -162.85550 
    25.20934 -162.91083 
    25.88659 -162.92061 
    26.56221 -162.88493 
    27.23300 -162.80415 
    27.89580 -162.67885 
    28.54752 -162.50986 
    29.18517 -162.29820 
    29.80585 -162.04515 
    30.40682 -161.75220 
    30.98545 -161.42101 
    31.53928 -161.05342 
    32.06602 -160.65146 
    32.56355 -160.21727 
    33.02999 -159.75316 
    33.46362 -159.26152 
    33.86296 -158.74484 
    34.24399 -158.21822 
    34.64641 -157.70537 
    35.02109 -157.16795 
    35.36655 -156.60715 
    35.50933 -155.95612 
    35.55486 -155.28761 
    35.62460 -154.64651 
    35.70817 -154.01978 
    35.80021 -153.39859 
    35.89833 -152.77609 
    36.00283 -152.14621 
    36.11697 -151.50256 
    36.24786 -150.83728 
    36.40798 -150.13914 
    36.62501 -149.38905 
    36.59575 -148.66660 
    36.40328 -147.98236 
    36.16060 -147.31163 
    35.86811 -146.65881 
    35.52679 -146.02835 
    35.13815 -145.42456 
    34.70429 -144.85158 
    34.22783 -144.31326 
    33.71187 -143.81314 
    33.16780 -143.34474 
    32.66127 -142.82167 
    32.09649 -142.36098 
    31.47923 -141.97324 
    30.81817 -141.66608 
    30.11789 -141.45915 
    29.39308 -141.35435 
    28.66173 -141.33775 
    27.94396 -141.36110 
    27.24680 -141.37904 
    26.56337 -141.38914 
    25.88659 -141.27368 
    25.19620 -141.17273 
    24.49036 -141.09395 
    23.76834 -141.04193 
    23.03039 -141.02206 
    22.27870 -141.04227 
    21.53287 -141.14996 
    20.82631 -141.39256 
    20.15112 -141.71344 
    19.51702 -142.10938 
    18.93209 -142.57416 
    18.40216 -143.09909 
    17.93043 -143.67377 
    17.51743 -144.28705 
    17.16128 -144.92801 
    16.85820 -145.58670 
    16.60318 -146.25478 
    16.39075 -146.92583 
    16.21561 -147.59540 
    16.07322 -148.26082 
    15.96004 -148.92088 
    15.95708 -149.59676 
    16.03079 -150.26611 
    16.10855 -150.91095 
    16.18642 -151.53592 
Cell 8 100 45.26995 -154.32204 
    35.66787 -154.32204 
    35.59367 -154.93082 
    35.53688 -155.55162 
    35.45718 -156.19392 
    35.50608 -156.82898 
    35.67368 -157.44005 
    35.88270 -158.03871 
    36.12940 -158.62326 
    36.41283 -159.19128 
    36.73190 -159.74045 
    37.08534 -160.26849 
    37.47178 -160.77324 
    37.88966 -161.25259 
    38.33730 -161.70456 
    38.81290 -162.12727 
    39.31454 -162.51897 
    39.84015 -162.87804 
    40.38762 -163.20297 
    40.95469 -163.49243 
    41.53904 -163.74525 
    42.13826 -163.96037 
    42.74992 -164.13692 
    43.37148 -164.27419 
    44.00039 -164.37163 
    44.63408 -164.42886 
    45.26995 -164.44569 
    45.90539 -164.42209 
    46.53781 -164.35820 
    47.16463 -164.25429 
    47.78330 -164.11089 
    48.39131 -163.92859 
    48.98621 -163.70824 
    49.56561 -163.45078 
    50.12717 -163.15730 
    50.66868 -162.82907 
    51.18798 -162.46750 
    51.68302 -162.07410 
    52.15187 -161.65053 
    52.59270 -161.19855 
    53.00381 -160.72005 
    53.38364 -160.21698 
    53.73074 -159.69142 
    54.04382 -159.14551 
    54.32171 -158.58147 
    54.56847 -158.00359 
    54.78232 -157.41280 
    54.95867 -156.80968 
    55.08962 -156.19524 
    55.12479 -155.56700 
    55.09247 -154.94002 
    55.03295 -154.32204 
    54.95853 -153.71249 
    54.87097 -153.10915 
    54.77403 -152.50903 
    54.67332 -151.90767 
    54.57137 -151.29982 
    54.47598 -150.67712 
    54.33018 -150.05861 
    54.04520 -149.49780 
    53.72586 -148.95575 
    53.37932 -148.43024 
    53.00425 -147.92366 
    52.60302 -147.43582 
    52.17773 -146.96600 
    51.72988 -146.51332 
    51.26001 -146.07744 
    50.76751 -145.65926 
    50.25082 -145.26187 
    49.70787 -144.89099 
    49.23790 -144.30014 
    48.74385 -143.63048 
    48.04137 -143.52805 
    47.26637 -143.85646 
    46.60495 -143.75444 
    45.93679 -143.72289 
    45.26995 -143.57841 
    44.59222 -143.54974 
    43.93880 -143.78494 
    43.32980 -144.15143 
    42.72192 -144.39812 
    42.12456 -144.64151 
    41.54290 -144.90857 
    40.97677 -145.19856 
    40.42669 -145.51218 
    39.89394 -145.85080 
    39.38036 -146.21571 
    38.88817 -146.60779 
    38.41970 -147.02727 
    37.97622 -147.47278 
    37.56136 -147.94493 
    37.17700 -148.44217 
    36.82468 -148.96251 
    36.57998 -149.54468 
    36.40533 -150.15067 
    36.26623 -150.75720 
    36.14554 -151.35733 
    36.03736 -151.95151 
    35.93722 -152.54172 
    35.84238 -153.13106 
    35.75211 -153.72322 
Cell 9 100 65.22921 -153.91890 
    54.98373 -153.91890 
    55.05577 -154.55896 
    55.10576 -155.19778 
    55.10898 -155.84944 
    55.06940 -156.52750 
    55.25268 -157.16046 
    55.46177 -157.78610 
    55.70110 -158.40248 
    55.97428 -159.00684 
    56.28359 -159.59596 
    56.63008 -160.16653 
    57.01378 -160.71529 
    57.43389 -161.23920 
    57.88905 -161.73538 
    58.37743 -162.20128 
    58.89708 -162.63434 
    59.44566 -163.03232 
    60.02072 -163.39311 
    60.61953 -163.71495 
    61.23931 -163.99623 
    61.87712 -164.23558 
    62.52991 -164.43198 
    63.19462 -164.58458 
    63.86812 -164.69301 
    64.54733 -164.75710 
    65.22921 -164.77705 
    65.91086 -164.75339 
    66.58952 -164.68692 
    67.26269 -164.57878 
    67.92808 -164.43030 
    68.58375 -164.24310 
    69.22803 -164.01875 
    69.85960 -163.75897 
    70.47739 -163.46532 
    71.08065 -163.13930 
    71.66862 -162.78200 
    72.24067 -162.39430 
    72.79593 -161.97664 
    73.33326 -161.52911 
    73.85103 -161.05148 
    74.34695 -160.54332 
    74.81799 -160.00412 
    75.26029 -159.43353 
    75.56394 -158.78206 
    75.28406 -157.89989 
    75.11998 -157.13260 
    75.18039 -156.47392 
    75.20037 -155.82101 
    75.15118 -155.17235 
    75.09840 -154.53981 
    75.04269 -153.91890 
    74.98490 -153.30513 
    74.92075 -152.69458 
    74.84638 -152.08434 
    74.76045 -151.47169 
    74.66972 -150.85149 
    74.56557 -150.22237 
    74.45050 -149.57970 
    74.32959 -148.91592 
    74.21204 -148.21822 
    74.12156 -147.45822 
    74.01424 -146.65129 
    73.59749 -146.06056 
    73.13349 -145.50169 
    72.62399 -144.98015 
    72.07160 -144.50114 
    71.47984 -144.06947 
    70.85300 -143.68925 
    70.19606 -143.36382 
    69.51447 -143.09558 
    68.81221 -142.89156 
    68.08657 -142.79022 
    67.34183 -142.84418 
    66.62225 -142.89192 
    65.91993 -142.94023 
    65.22921 -142.99228 
    64.54526 -143.04776 
    63.86285 -143.10306 
    63.18752 -143.21596 
    62.54022 -143.44598 
    61.91435 -143.71680 
    61.31369 -144.02942 
    60.73655 -144.37152 
    60.18361 -144.74098 
    59.65538 -145.13596 
    59.15242 -145.55492 
    58.67529 -145.99657 
    58.22466 -146.45981 
    57.69616 -146.84489 
    57.15035 -147.23549 
    56.60051 -147.64978 
    56.05663 -148.09781 
    55.53705 -148.59059 
    55.06673 -149.13681 
    54.67303 -149.73941 
    54.41161 -150.40404 
    54.55265 -151.17763 
    54.67290 -151.90518 
    54.78872 -152.59996 
    54.89412 -153.26868 
Cell 10 100 85.45906 -151.78532 
    74.80444 -151.78532 
    74.89097 -152.45021 
    74.96452 -153.11110 
    75.02914 -153.77493 
    75.09013 -154.44762 
    75.14811 -155.13556 
    75.19956 -155.84735 
    75.54924 -156.44853 
    76.02470 -156.97191 
    76.49931 -157.47136 
    76.97399 -157.95009 
    77.45143 -158.40981 
    77.93517 -158.85074 
    78.42876 -159.27184 
    78.93533 -159.67116 
    79.45718 -160.04622 
    79.99564 -160.39429 
    80.55120 -160.71269 
    81.12347 -160.99892 
    81.71140 -161.25082 
    82.31344 -161.46655 
    82.92763 -161.64462 
    83.55173 -161.78386 
    84.18337 -161.88344 
    84.82001 -161.94273 
    85.45906 -161.96143 
    86.09790 -161.93935 
    86.73428 -161.87970 
    87.36602 -161.78195 
    87.99069 -161.64539 
    88.60603 -161.47070 
    89.20988 -161.25882 
    89.80021 -161.01073 
    90.37509 -160.72755 
    90.93279 -160.41055 
    91.47166 -160.06097 
    91.99023 -159.68016 
    92.48714 -159.26947 
    92.96114 -158.83025 
    93.41108 -158.36380 
    93.83589 -157.87144 
    94.23452 -157.35440 
    94.60592 -156.81386 
    94.94901 -156.25096 
    95.26263 -155.66682 
    95.54551 -155.06261 
    95.79624 -154.43947 
    96.01328 -153.79865 
    96.19466 -153.14154 
    96.33788 -152.46976 
    96.44235 -151.78532 
    96.50712 -151.09024 
    96.52837 -150.38695 
    96.50373 -149.67844 
    96.43152 -148.96808 
    96.31025 -148.25955 
    96.13864 -147.55698 
    95.91579 -146.86476 
    95.64127 -146.18761 
    95.31528 -145.53038 
    94.93863 -144.89801 
    94.51281 -144.29541 
    94.04002 -143.72726 
    93.52309 -143.19800 
    92.96548 -142.71162 
    92.37118 -142.27161 
    91.74464 -141.88083 
    91.09065 -141.54149 
    90.41420 -141.25511 
    89.72037 -141.02249 
    89.01420 -140.84373 
    88.30058 -140.71832 
    87.58416 -140.64516 
    86.86924 -140.62263 
    86.15971 -140.64877 
    85.45906 -140.72122 
    84.77028 -140.83751 
    84.09595 -140.99516 
    83.43822 -141.19170 
    82.79889 -141.42465 
    82.17943 -141.69165 
    81.58104 -141.99057 
    81.00474 -142.31940 
    80.45139 -142.67641 
    79.92181 -143.06001 
    79.37222 -143.40750 
    78.75093 -143.67659 
    78.11745 -143.96732 
    77.47164 -144.28464 
    76.81635 -144.63545 
    76.15831 -145.02794 
    75.50854 -145.47054 
    74.88221 -145.97066 
    74.30397 -146.53613 
    74.09885 -147.28751 
    74.20123 -148.12744 
    74.33185 -148.92833 
    74.47009 -149.68906 
    74.59716 -150.41315 
    74.70737 -151.10889 
Cell 11 100 106.59517 -153.66006 
    96.43813 -153.66006 
    96.44292 -154.29878 
    96.49153 -154.93645 
    96.58270 -155.57004 
    96.71539 -156.19676 
    96.88836 -156.81400 
    97.10062 -157.41922 
    97.35134 -158.00987 
    97.63953 -158.58347 
    97.96399 -159.13757 
    98.32339 -159.66986 
    98.71627 -160.17805 
    99.14096 -160.66003 
    99.59568 -161.11377 
    100.07851 -161.53735 
    100.58743 -161.92902 
    101.12026 -162.28714 
    101.67476 -162.61026 
    102.24857 -162.89705 
    102.83927 -163.14638 
    103.44437 -163.35724 
    104.06130 -163.52882 
    104.68748 -163.66054 
    105.32027 -163.75189 
    105.95705 -163.80263 
    106.59517 -163.81265 
    107.23199 -163.78206 
    107.86491 -163.71115 
    108.49139 -163.60043 
    109.10894 -163.45056 
    109.71519 -163.26250 
    110.30791 -163.03737 
    110.88508 -162.77658 
    111.44495 -162.48178 
    111.98611 -162.15483 
    112.50761 -161.79784 
    113.00895 -161.41299 
    113.49022 -161.00255 
    113.95205 -160.56863 
    114.39548 -160.11305 
    114.82182 -159.63707 
    115.23229 -159.14136 
    115.62762 -158.62570 
    116.00751 -158.08917 
    116.37020 -157.53027 
    116.71201 -156.94722 
    117.02717 -156.33855 
    117.30791 -155.70363 
    117.54488 -155.04333 
    117.72797 -154.36047 
    117.84727 -153.66006 
    117.89430 -152.94919 
    117.86307 -152.23660 
    117.75085 -151.53200 
    117.88171 -150.76218 
    118.06832 -149.93221 
    117.70997 -149.25940 
    116.91577 -148.80356 
    116.12618 -148.42035 
    115.65253 -147.91209 
    115.15345 -147.44211 
    114.63699 -147.00729 
    114.10902 -146.60408 
    113.57327 -146.22914 
    113.03154 -145.87984 
    112.50607 -145.52440 
    111.98962 -145.15977 
    111.45429 -144.82135 
    110.90202 -144.50755 
    110.33379 -144.21739 
    109.74966 -143.95154 
    109.14899 -143.71356 
    108.53130 -143.51051 
    107.89735 -143.35222 
    107.25014 -143.24956 
    106.59517 -143.21172 
    105.93948 -143.23813 
    105.27461 -143.20674 
    104.57304 -143.05974 
    103.83440 -142.90756 
    103.07972 -142.84064 
    102.32639 -142.87837 
    101.64091 -143.13173 
    101.11600 -143.69351 
    100.69293 -144.35963 
    100.32902 -145.03545 
    99.97979 -145.66345 
    99.61935 -146.23157 
    99.24435 -146.75719 
    98.86347 -147.26385 
    98.46588 -147.75378 
    98.09949 -148.26854 
    97.76592 -148.80615 
    97.46665 -149.36452 
    97.20303 -149.94145 
    96.97706 -150.53496 
    96.79269 -151.14322 
    96.65160 -151.76323 
    96.54702 -152.39069 
    96.47428 -153.02332 
Cell 12 100 -115.74093 -133.91124 
    -127.22634 -133.91124 
    -127.26026 -134.63597 
    -127.23758 -135.36360 
    -127.15828 -136.08922 
    -127.02309 -136.80801 
    -126.83330 -137.51537 
    -126.59070 -138.20697 
    -126.29761 -138.87883 
    -125.95667 -139.52739 
    -125.57084 -140.14949 
    -125.14323 -140.74240 
    -124.67708 -141.30386 
    -124.17562 -141.83194 
    -123.64207 -142.32510 
    -123.07955 -142.78212 
    -122.49103 -143.20195 
    -121.87934 -143.58382 
    -121.24718 -143.92708 
    -120.35881 -143.72473 
    -119.42427 -143.21429 
    -118.75169 -143.17741 
    -118.13055 -143.21820 
    -117.52030 -143.23903 
    -116.92037 -143.24750 
    -116.32890 -143.25676 
    -115.74093 -143.27269 
    -115.15129 -143.28337 
    -114.56213 -143.24242 
    -113.97160 -143.18637 
    -113.37720 -143.11734 
    -112.77906 -143.02695 
    -112.17860 -142.90865 
    -111.58395 -142.74527 
    -110.97214 -142.58563 
    -110.29234 -142.49684 
    -109.40216 -142.63582 
    -108.58269 -142.56407 
    -108.06582 -142.08441 
    -107.58321 -141.57185 
    -107.13720 -141.02887 
    -106.72992 -140.45813 
    -106.36324 -139.86250 
    -106.03887 -139.24500 
    -105.75815 -138.60878 
    -105.52217 -137.95714 
    -105.33179 -137.29338 
    -105.18051 -136.62270 
    -105.05997 -135.94875 
    -104.94978 -135.27448 
    -104.87601 -134.59480 
    -104.81225 -133.91124 
    -104.79606 -133.22264 
    -104.40225 -132.47884 
    -104.06387 -131.68372 
    -103.97970 -130.89146 
    -104.24240 -130.17514 
    -104.78033 -129.57162 
    -105.52867 -129.10571 
    -106.28378 -128.71213 
    -106.89754 -128.29906 
    -107.16026 -127.67702 
    -107.45702 -127.05819 
    -107.79298 -126.44762 
    -108.17448 -125.85380 
    -108.60699 -125.28779 
    -109.09396 -124.76247 
    -109.63584 -124.29116 
    -110.22948 -123.88596 
    -110.90540 -123.63523 
    -111.62241 -123.50904 
    -112.33737 -123.43616 
    -113.03461 -123.37080 
    -113.71930 -123.31347 
    -114.39669 -123.27044 
    -115.07140 -123.26936 
    -115.74093 -123.29765 
    -116.40022 -123.43209 
    -117.04230 -123.60979 
    -117.66832 -123.80751 
    -118.27947 -124.02425 
    -118.87659 -124.26067 
    -119.45978 -124.51849 
    -120.02843 -124.79985 
    -120.58122 -125.10677 
    -121.11639 -125.44086 
    -121.63184 -125.80311 
    -122.12456 -126.19476 
    -122.65167 -126.55205 
    -123.18566 -126.92017 
    -123.70319 -127.32429 
    -124.20075 -127.76482 
    -124.67459 -128.24176 
    -125.12073 -128.75465 
    -125.53506 -129.30247 
    -125.91350 -129.88364 
    -126.25200 -130.49599 
    -126.54682 -131.13676 
    -126.79443 -131.80267 
    -126.99181 -132.48993 
    -127.13643 -133.19429 
Cell 13 100 -93.47823 -132.04303 
    -103.60616 -132.04303 
    -103.60071 -132.67989 
    -103.55473 -133.31599 
    -103.46815 -133.94872 
    -103.34122 -134.57542 
    -103.17432 -135.19348 
    -102.96799 -135.80029 
    -102.72298 -136.39328 
    -102.44018 -136.96991 
    -102.12068 -137.52769 
    -101.76574 -138.06425 
    -101.37678 -138.57729 
    -100.95537 -139.06453 
    -100.50325 -139.52393 
    -100.02229 -139.95345 
    -99.51450 -140.35124 
    -98.98203 -140.71562 
    -98.42710 -141.04500 
    -97.85209 -141.33797 
    -97.25943 -141.59326 
    -96.65166 -141.80984 
    -96.03064 -141.98402 
    -95.39893 -142.11174 
    -94.76225 -142.20708 
    -94.12144 -142.26665 
    -93.47823 -142.28387 
    -92.83559 -142.25739 
    -92.19651 -142.18887 
    -91.56374 -142.07909 
    -90.93996 -141.92892 
    -90.32770 -141.73935 
    -89.72945 -141.51134 
    -89.14763 -141.24602 
    -88.58452 -140.94464 
    -88.04231 -140.60866 
    -87.52121 -140.24216 
    -86.99679 -139.87775 
    -86.49277 -139.48178 
    -86.01105 -139.05518 
    -85.55359 -138.59886 
    -85.12247 -138.11385 
    -84.71987 -137.60126 
    -84.34803 -137.06239 
    -84.00927 -136.49878 
    -83.70595 -135.91216 
    -83.44040 -135.30452 
    -83.21492 -134.67819 
    -83.05418 -134.03152 
    -82.94588 -133.37358 
    -82.88669 -132.70940 
    -82.84395 -132.04303 
    -82.81335 -131.37206 
    -82.79823 -130.69383 
    -82.90552 -130.02618 
    -83.05327 -129.36636 
    -83.24822 -128.71910 
    -83.48906 -128.08804 
    -83.77397 -127.47655 
    -84.03069 -126.84920 
    -84.29469 -126.21498 
    -84.59949 -125.59225 
    -84.94615 -124.98468 
    -85.33539 -124.39640 
    -85.76754 -123.83198 
    -86.24235 -123.29635 
    -86.75887 -122.79464 
    -87.31542 -122.33201 
    -87.90946 -121.91348 
    -88.53763 -121.54373 
    -89.19582 -121.22690 
    -89.87920 -120.96638 
    -90.58244 -120.76471 
    -91.29983 -120.62346 
    -92.02545 -120.54317 
    -92.75347 -120.52336 
    -93.47823 -120.56260 
    -94.19447 -120.65861 
    -94.89749 -120.80840 
    -95.58318 -121.00846 
    -96.24814 -121.25494 
    -96.88963 -121.54382 
    -97.50557 -121.87112 
    -98.09447 -122.23301 
    -98.65532 -122.62593 
    -99.18747 -123.04670 
    -99.69055 -123.49250 
    -100.16432 -123.96093 
    -100.60861 -124.44994 
    -101.02322 -124.95781 
    -101.40786 -125.48307 
    -101.76212 -126.02444 
    -102.15086 -126.53921 
    -102.50614 -127.07990 
    -102.79786 -127.65755 
    -103.02101 -128.26477 
    -103.18185 -128.89014 
    -103.29422 -129.52271 
    -103.38297 -130.15359 
    -103.49427 -130.77771 
    -103.57124 -131.40804 
Cell 14 100 -72.87196 -134.06839 
    -83.06335 -134.06839 
    -83.16740 -134.71613 
    -83.15016 -135.36682 
    -83.06554 -136.01292 
    -82.93086 -136.65108 
    -82.74889 -137.27760 
    -82.52780 -137.89140 
    -82.26809 -138.48987 
    -81.97060 -139.07040 
    -81.63635 -139.63043 
    -81.26668 -140.16751 
    -80.86314 -140.67926 
    -80.42751 -141.16351 
    -79.96169 -141.61818 
    -79.46776 -142.04134 
    -78.84834 -142.29416 
    -78.20162 -142.46658 
    -77.59876 -142.66641 
    -77.01667 -142.87634 
    -76.43700 -143.07265 
    -75.85500 -143.24924 
    -75.27047 -143.40999 
    -74.68205 -143.55722 
    -74.08766 -143.69162 
    -73.48561 -143.82202 
    -72.87196 -143.97569 
    -72.23764 -144.15076 
    -71.57818 -144.30974 
    -70.90354 -144.38724 
    -70.24294 -144.30777 
    -69.58252 -144.19226 
    -68.92358 -144.04085 
    -68.26768 -143.85298 
    -67.61653 -143.62799 
    -66.97209 -143.36511 
    -66.33659 -143.06357 
    -65.71259 -142.72260 
    -65.10300 -142.34149 
    -64.51113 -141.91974 
    -63.94060 -141.45706 
    -63.39541 -140.95351 
    -62.87983 -140.40959 
    -62.39834 -139.82631 
    -61.95880 -139.20374 
    -61.79480 -138.45415 
    -61.90005 -137.63338 
    -62.08409 -136.83826 
    -62.35361 -136.07487 
    -62.54473 -135.37302 
    -62.69491 -134.70868 
    -62.82468 -134.06839 
    -62.94620 -133.44391 
    -63.06723 -132.82976 
    -63.19393 -132.22220 
    -63.34750 -131.62291 
    -63.51543 -131.02826 
    -63.69577 -130.43529 
    -63.88702 -129.84041 
    -64.08771 -129.23920 
    -64.29490 -128.62523 
    -64.50399 -127.98870 
    -64.70865 -127.31511 
    -64.89575 -126.57823 
    -65.04354 -125.73196 
    -65.48981 -125.14491 
    -66.13659 -124.79794 
    -66.70793 -124.35543 
    -67.35326 -124.02990 
    -68.05101 -123.82334 
    -68.77518 -123.72109 
    -69.50210 -123.69701 
    -70.19254 -123.63274 
    -70.87038 -123.57574 
    -71.54379 -123.55484 
    -72.21140 -123.56907 
    -72.87196 -123.61765 
    -73.52429 -123.69990 
    -74.16723 -123.81532 
    -74.79958 -123.96350 
    -75.42010 -124.14408 
    -76.04908 -124.29024 
    -76.68491 -124.43801 
    -77.31810 -124.61987 
    -77.94547 -124.83972 
    -78.56220 -125.10201 
    -79.16183 -125.41113 
    -79.73658 -125.77049 
    -80.27798 -126.18178 
    -80.77775 -126.64436 
    -81.22873 -127.15508 
    -81.62578 -127.70837 
    -81.96629 -128.29695 
    -82.25037 -128.91257 
    -82.48051 -129.54695 
    -82.66154 -130.19243 
    -82.80154 -130.84209 
    -82.81984 -131.51421 
    -82.85175 -132.16464 
    -82.89496 -132.80219 
    -82.95583 -133.43396 
Cell 15 100 -54.73810 -130.57074 
    -63.65457 -130.57074 
    -63.48915 -131.12131 
    -63.33870 -131.65724 
    -63.20332 -132.18556 
    -63.09108 -132.71542 
    -62.98439 -133.25012 
    -62.87815 -133.79361 
    -62.76777 -134.34921 
    -62.64739 -134.91891 
    -62.50945 -135.50259 
    -62.34550 -136.09784 
    -62.13611 -136.69092 
    -61.96415 -137.35646 
    -61.83641 -138.12967 
    -61.51013 -138.75671 
    -60.98937 -139.17488 
    -60.44263 -139.55965 
    -59.87188 -139.90906 
    -59.27932 -140.22133 
    -58.66733 -140.49484 
    -58.03843 -140.72810 
    -57.39530 -140.91986 
    -56.74076 -141.06905 
    -56.07771 -141.17485 
    -55.40914 -141.23665 
    -54.73810 -141.25407 
    -54.06766 -141.22702 
    -53.40092 -141.15561 
    -52.74094 -141.04022 
    -52.09076 -140.88147 
    -51.45334 -140.68019 
    -50.83159 -140.43745 
    -50.22829 -140.15456 
    -49.64614 -139.83298 
    -49.08767 -139.47438 
    -48.55530 -139.08063 
    -48.05125 -138.65375 
    -47.57761 -138.19588 
    -47.13627 -137.70934 
    -46.70538 -137.21599 
    -46.25220 -136.73610 
    -45.82612 -136.22646 
    -45.43019 -135.68781 
    -45.20590 -135.05624 
    -45.15543 -134.36479 
    -45.08410 -133.70752 
    -45.00237 -133.07045 
    -44.92021 -132.44360 
    -44.84374 -131.82069 
    -44.77617 -131.19749 
    -44.71815 -130.57074 
    -44.66666 -129.93710 
    -44.61181 -129.29149 
    -44.54741 -128.62675 
    -44.45004 -127.92921 
    -44.37063 -127.20215 
    -44.64765 -126.57565 
    -44.96624 -125.97246 
    -45.32489 -125.39578 
    -45.71990 -124.84762 
    -45.69970 -124.00396 
    -45.22684 -122.70235 
    -46.66066 -122.98552 
    -47.59416 -122.96321 
    -48.12104 -122.57210 
    -48.62649 -122.15883 
    -49.11348 -121.70776 
    -49.62561 -121.27116 
    -50.16375 -120.84975 
    -50.72902 -120.44496 
    -51.32269 -120.05917 
    -51.94589 -119.69580 
    -52.59941 -119.35934 
    -53.28337 -119.05539 
    -53.99694 -118.79044 
    -54.73810 -118.57166 
    -55.50340 -118.40662 
    -56.28791 -118.30274 
    -57.08517 -118.26694 
    -57.88738 -118.30509 
    -58.68560 -118.42157 
    -59.47017 -118.61890 
    -60.23112 -118.89748 
    -60.95872 -119.25548 
    -61.64394 -119.68888 
    -62.27896 -120.19164 
    -62.85751 -120.75606 
    -63.37516 -121.37320 
    -63.82942 -122.03342 
    -64.21974 -122.72684 
    -64.54731 -123.44393 
    -64.81482 -124.17586 
    -65.02609 -124.91486 
    -65.05608 -125.71546 
    -64.90123 -126.54687 
    -64.70325 -127.33287 
    -64.47723 -128.07016 
    -64.25073 -128.75610 
    -64.03529 -129.39622 
    -63.83625 -129.99834 
Cell 16 100 -34.88223 -132.77502 
    -44.96365 -132.77502 
    -45.04651 -133.41451 
    -45.12330 -134.06877 
    -45.18282 -134.73996 
    -45.20066 -135.42435 
    -45.11982 -136.10141 
    -45.07104 -136.80905 
    -44.83741 -137.45958 
    -44.56302 -138.09708 
    -44.24874 -138.71919 
    -43.89527 -139.32338 
    -43.50327 -139.90697 
    -43.07353 -140.46716 
    -42.60695 -141.00102 
    -42.10473 -141.50552 
    -41.22141 -141.50015 
    -40.38745 -141.44986 
    -39.64913 -141.44597 
    -39.00188 -141.52971 
    -38.39073 -141.63649 
    -37.79739 -141.74696 
    -37.21458 -141.85892 
    -36.63724 -141.97510 
    -36.05993 -142.09743 
    -35.47690 -142.22704 
    -34.88223 -142.36324 
    -34.27023 -142.50258 
    -33.62909 -142.69466 
    -32.92519 -143.03418 
    -32.12967 -143.49556 
    -31.33782 -143.68359 
    -30.67444 -143.40269 
    -30.03465 -143.07668 
    -29.42171 -142.70767 
    -28.83867 -142.29816 
    -28.28831 -141.85078 
    -27.77315 -141.36842 
    -27.29547 -140.85411 
    -26.85722 -140.31100 
    -26.46006 -139.74245 
    -26.10534 -139.15181 
    -25.79411 -138.54253 
    -25.52709 -137.91806 
    -25.30472 -137.28186 
    -25.17529 -136.61827 
    -25.21700 -135.91545 
    -25.23059 -135.25314 
    -25.13922 -134.63361 
    -25.06124 -134.01570 
    -25.01023 -133.39612 
    -24.98573 -132.77502 
    -24.98337 -132.15224 
    -25.00498 -131.52724 
    -25.04983 -130.89938 
    -25.11592 -130.26746 
    -25.25566 -129.64716 
    -25.42233 -129.02959 
    -25.61417 -128.41380 
    -25.83015 -127.79860 
    -26.07031 -127.18281 
    -26.33602 -126.56584 
    -26.63013 -125.94830 
    -26.95683 -125.33257 
    -27.32125 -124.72339 
    -27.72886 -124.12808 
    -28.18460 -123.55652 
    -28.69191 -123.02064 
    -29.25196 -122.53358 
    -29.86293 -122.10846 
    -30.51987 -121.75697 
    -31.21489 -121.48810 
    -31.93777 -121.30708 
    -32.67701 -121.21486 
    -33.42098 -121.20800 
    -34.15899 -121.27934 
    -34.88223 -121.41895 
    -35.58434 -121.61540 
    -36.26148 -121.85713 
    -36.91219 -122.13361 
    -37.53680 -122.43616 
    -38.13681 -122.75847 
    -38.71418 -123.09664 
    -39.27075 -123.44895 
    -39.81279 -123.80638 
    -40.39732 -124.08463 
    -40.97119 -124.39429 
    -41.53271 -124.73598 
    -42.07957 -125.11064 
    -42.60871 -125.51938 
    -43.11625 -125.96326 
    -43.59746 -126.44305 
    -44.04694 -126.95892 
    -44.40737 -127.53854 
    -44.49504 -128.25159 
    -44.57741 -128.93643 
    -44.63845 -129.60504 
    -44.69259 -130.25616 
    -44.74798 -130.89304 
    -44.81121 -131.52071 
    -44.88365 -132.14580 
Cell 17 100 -14.98442 -133.51080 
    -25.01967 -133.51080 
    -25.07766 -134.14581 
    -25.16327 -134.79669 
    -25.22626 -135.46454 
    -25.20399 -136.13475 
    -25.18288 -136.82448 
    -24.95485 -137.45837 
    -24.68565 -138.07585 
    -24.37684 -138.67433 
    -24.03016 -139.25140 
    -23.64738 -139.80481 
    -23.23037 -140.33244 
    -22.78109 -140.83237 
    -22.30151 -141.30270 
    -21.79367 -141.74178 
    -21.25967 -142.14793 
    -20.70164 -142.51968 
    -20.12178 -142.85562 
    -19.52236 -143.15442 
    -18.89566 -143.38945 
    -18.13379 -143.20355 
    -17.44036 -143.07603 
    -16.80551 -143.05730 
    -16.19193 -143.06917 
    -15.58705 -143.08925 
    -14.98442 -143.11774 
    -14.37786 -143.15189 
    -13.76194 -143.18779 
    -13.12921 -143.23616 
    -12.45336 -143.36867 
    -11.72442 -143.54405 
    -11.10684 -143.30446 
    -10.50711 -143.02557 
    -9.92783 -142.70871 
    -9.37146 -142.35541 
    -8.84038 -141.96735 
    -8.33681 -141.54639 
    -7.86275 -141.09462 
    -7.42002 -140.61424 
    -7.01043 -140.10747 
    -6.63551 -139.57664 
    -6.29658 -139.02428 
    -5.99475 -138.45291 
    -5.73096 -137.86514 
    -5.50592 -137.26361 
    -5.32014 -136.65092 
    -5.17394 -136.02971 
    -5.06740 -135.40257 
    -4.97655 -134.77509 
    -4.89601 -134.14551 
    -4.85067 -133.51080 
    -4.84057 -132.87260 
    -4.86583 -132.23253 
    -4.92670 -131.59219 
    -5.02357 -130.95329 
    -5.15702 -130.31769 
    -5.32778 -129.68747 
    -5.53668 -129.06503 
    -5.78456 -128.45314 
    -6.07221 -127.85493 
    -6.40017 -127.27398 
    -6.76868 -126.71415 
    -7.17749 -126.17960 
    -7.62577 -125.67464 
    -8.11203 -125.20351 
    -8.63409 -124.77032 
    -9.18905 -124.37875 
    -9.77339 -124.03197 
    -10.38309 -123.73248 
    -10.88157 -123.14818 
    -11.18073 -121.80423 
    -11.99102 -121.85226 
    -12.87221 -122.43819 
    -13.57682 -122.36848 
    -14.28698 -122.42520 
    -14.98442 -122.58376 
    -15.65768 -122.80968 
    -16.30347 -123.06944 
    -16.92483 -123.33882 
    -17.54101 -123.55356 
    -18.14643 -123.77916 
    -18.73541 -124.03690 
    -19.30670 -124.32549 
    -19.85907 -124.64386 
    -20.39123 -124.99105 
    -20.90182 -125.36620 
    -21.39355 -125.76350 
    -21.90743 -126.13855 
    -22.39940 -126.54768 
    -22.86670 -126.99001 
    -23.30653 -127.46444 
    -23.71613 -127.96950 
    -24.09281 -128.50343 
    -24.43401 -129.06416 
    -24.73735 -129.64935 
    -25.00066 -130.25633 
    -25.04786 -130.92696 
    -25.00247 -131.59976 
    -24.98374 -132.24759 
    -24.98992 -132.88132 
Cell 18 100 5.96279 -133.43608 
    -4.14416 -133.43608 
    -4.11150 -134.06990 
    -4.04078 -134.69983 
    -3.94724 -135.32652 
    -3.81600 -135.94685 
    -3.64558 -136.55803 
    -3.43660 -137.15756 
    -3.18984 -137.74298 
    -2.90625 -138.31187 
    -2.58691 -138.86189 
    -2.23309 -139.39073 
    -1.84619 -139.89624 
    -1.42777 -140.37628 
    -0.97949 -140.82886 
    -0.50319 -141.25211 
    -0.00080 -141.64427 
    0.52561 -142.00369 
    1.07391 -142.32893 
    1.66356 -142.57242 
    2.35783 -142.54117 
    2.98093 -142.61330 
    3.58190 -142.70906 
    4.17177 -142.82492 
    4.75974 -142.95920 
    5.35430 -143.10785 
    5.96279 -143.25974 
    6.58980 -143.40205 
    7.23220 -143.48447 
    7.86168 -143.39041 
    8.48318 -143.25233 
    9.09542 -143.07733 
    9.69666 -142.86674 
    10.28539 -142.62207 
    10.86043 -142.34485 
    11.42090 -142.03668 
    11.96625 -141.69913 
    12.49622 -141.33363 
    13.01076 -140.94141 
    13.50995 -140.52333 
    13.99383 -140.07993 
    14.46218 -139.61125 
    14.91435 -139.11691 
    15.34904 -138.59622 
    15.76411 -138.04823 
    16.15270 -137.47055 
    16.22482 -136.77042 
    16.01134 -136.01611 
    15.88086 -135.32805 
    15.80629 -134.67961 
    15.76412 -134.05272 
    15.71805 -133.43608 
    15.66309 -132.82579 
    15.59628 -132.21909 
    15.51593 -131.61372 
    15.42401 -131.00685 
    15.32065 -130.39552 
    15.23112 -129.76649 
    15.15011 -129.11285 
    15.08689 -128.42006 
    15.06610 -127.65894 
    15.14523 -126.76465 
    14.74622 -126.16979 
    14.16104 -125.73741 
    13.55480 -125.35141 
    12.93400 -125.00934 
    12.30393 -124.70825 
    11.66867 -124.44505 
    11.03665 -124.20676 
    10.42933 -123.94421 
    9.80914 -123.72131 
    9.17885 -123.53807 
    8.54106 -123.39438 
    7.89826 -123.29001 
    7.25280 -123.22464 
    6.60714 -123.19447 
    5.96279 -123.14267 
    5.31454 -123.13235 
    4.66521 -123.16467 
    4.01789 -123.24054 
    3.37585 -123.36062 
    2.74255 -123.52519 
    2.12152 -123.73413 
    1.51631 -123.98682 
    0.93038 -124.28217 
    0.36705 -124.61861 
    -0.17064 -124.99415 
    -0.67996 -125.40637 
    -1.15857 -125.85259 
    -1.60452 -126.32990 
    -2.01624 -126.83525 
    -2.39256 -127.36556 
    -2.73265 -127.91779 
    -3.03594 -128.48898 
    -3.30210 -129.07635 
    -3.53096 -129.67725 
    -3.72919 -130.28697 
    -3.88967 -130.90640 
    -4.01136 -131.53342 
    -4.09427 -132.16557 
    -4.13849 -132.80057 
Cell 19 100 25.30766 -131.20563 
    15.45412 -131.20563 
    15.54330 -131.81995 
    15.61946 -132.42953 
    15.68254 -133.04172 
    15.73504 -133.66345 
    15.78083 -134.30109 
    15.83795 -134.95494 
    15.93544 -135.61586 
    16.08487 -136.27589 
    16.26315 -136.94545 
    16.69257 -137.46486 
    17.14972 -137.95445 
    17.63215 -138.41341 
    18.11760 -138.86226 
    18.59914 -139.31483 
    19.11019 -139.73570 
    19.64874 -140.12263 
    20.21250 -140.47368 
    20.80209 -140.78043 
    21.42497 -141.01218 
    22.10331 -141.06760 
    22.78553 -141.02864 
    23.43300 -141.03290 
    24.06236 -141.06311 
    24.68417 -141.11559 
    25.30766 -141.18903 
    25.94168 -141.28308 
    26.59408 -141.38869 
    27.24833 -141.37900 
    27.91276 -141.35184 
    28.56341 -141.22580 
    29.18783 -141.00584 
    29.79023 -140.73158 
    30.37135 -140.41646 
    30.92753 -140.06114 
    31.45804 -139.67090 
    31.96068 -139.24774 
    32.43343 -138.79381 
    32.87449 -138.31136 
    33.28225 -137.80280 
    33.65538 -137.27060 
    33.99279 -136.71739 
    34.29370 -136.14575 
    34.55766 -135.55835 
    34.78456 -134.95779 
    34.97466 -134.34663 
    35.12857 -133.72722 
    35.24725 -133.10170 
    35.33189 -132.47198 
    35.38386 -131.83957 
    35.40454 -131.20563 
    35.39514 -130.57098 
    35.35649 -129.93616 
    35.28886 -129.30161 
    35.19179 -128.66782 
    35.06398 -128.03560 
    34.90332 -127.40643 
    34.70704 -126.78262 
    34.47193 -126.16753 
    34.23890 -125.53769 
    34.01376 -124.88028 
    33.76035 -124.21295 
    33.47156 -123.53922 
    33.13931 -122.86576 
    32.75547 -122.20276 
    32.31300 -121.56360 
    31.80708 -120.96416 
    31.23622 -120.42161 
    30.60285 -119.95276 
    29.91356 -119.57244 
    29.17868 -119.29182 
    28.41143 -119.11722 
    27.62658 -119.04937 
    26.83903 -119.08353 
    26.06235 -119.21008 
    25.30766 -119.41581 
    24.58287 -119.68546 
    23.89249 -120.00343 
    23.23784 -120.35527 
    22.61767 -120.72882 
    22.02899 -121.11494 
    21.46546 -121.50135 
    20.83649 -121.70393 
    20.21645 -121.94476 
    19.60793 -122.22430 
    19.01376 -122.54283 
    18.43705 -122.90050 
    17.88114 -123.29719 
    17.34955 -123.73247 
    16.84599 -124.20553 
    16.37421 -124.71510 
    15.93799 -125.25946 
    15.54097 -125.83635 
    15.18800 -126.44368 
    15.10954 -127.16791 
    15.07213 -127.87991 
    15.10197 -128.58525 
    15.16980 -129.27173 
    15.25521 -129.93570 
    15.35172 -130.57925 
Cell 20 100 46.85987 -131.93230 
    36.81419 -131.93230 
    36.82923 -132.56337 
    36.88390 -133.19255 
    36.97809 -133.81735 
    37.11150 -134.43526 
    37.28368 -135.04379 
    37.49401 -135.64050 
    37.74171 -136.22298 
    38.02584 -136.78885 
    38.34529 -137.33582 
    38.69882 -137.86165 
    39.08505 -138.36418 
    39.50242 -138.84140 
    39.94925 -139.29135 
    40.42378 -139.71219 
    40.92410 -140.10217 
    41.44819 -140.45973 
    41.99392 -140.78342 
    42.55909 -141.07190 
    43.14141 -141.32404 
    43.73852 -141.53882 
    44.34800 -141.71539 
    44.96737 -141.85309 
    45.59416 -141.95139 
    46.22583 -142.00995 
    46.85987 -142.02859 
    47.49374 -142.00734 
    48.12494 -141.94633 
    48.75099 -141.84590 
    49.36947 -141.70656 
    49.97801 -141.52896 
    50.57430 -141.31389 
    51.15612 -141.06232 
    51.72134 -140.77528 
    52.26790 -140.45399 
    52.79388 -140.09976 
    53.29744 -139.71399 
    53.77684 -139.29813 
    54.23046 -138.85374 
    54.65677 -138.38246 
    55.05432 -137.88591 
    55.42176 -137.36583 
    55.64156 -136.76007 
    55.67052 -136.07828 
    55.70852 -135.43573 
    55.78602 -134.83258 
    55.88666 -134.24998 
    56.01071 -133.67792 
    56.15257 -133.10623 
    56.30533 -132.52655 
    56.45723 -131.93230 
    56.59787 -131.31964 
    56.71234 -130.68765 
    56.78708 -130.03859 
    56.82428 -129.37387 
    56.84696 -128.68729 
    56.93060 -127.94501 
    56.85073 -127.23095 
    56.49953 -126.63284 
    56.35436 -125.90691 
    56.16457 -125.17204 
    55.91629 -124.44017 
    55.59646 -123.72809 
    55.19521 -123.05606 
    54.70790 -122.44566 
    54.13647 -121.91692 
    53.48961 -121.48549 
    52.78180 -121.16034 
    52.03125 -120.94256 
    51.25738 -120.82545 
    50.47826 -120.79601 
    49.70859 -120.83725 
    48.95848 -120.93095 
    48.23594 -121.03959 
    47.54429 -121.05373 
    46.85987 -121.11413 
    46.18578 -121.21791 
    45.52456 -121.36223 
    44.87826 -121.54434 
    44.24851 -121.76173 
    43.63661 -122.01215 
    43.04367 -122.29368 
    42.47063 -122.60470 
    41.91844 -122.94388 
    41.38805 -123.31009 
    40.88048 -123.70238 
    40.39685 -124.11986 
    39.93840 -124.56168 
    39.50643 -125.02695 
    39.10232 -125.51469 
    38.72749 -126.02378 
    38.38337 -126.55295 
    38.07135 -127.10077 
    37.79276 -127.66564 
    37.54261 -128.24333 
    37.32635 -128.83467 
    37.14709 -129.43848 
    37.00564 -130.05251 
    36.90268 -130.67441 
    36.83875 -131.30182 
Cell 21 100 65.08146 -133.31458 
    56.10087 -133.31458 
    55.96513 -133.88812 
    55.84672 -134.48120 
    55.75240 -135.09419 
    55.69138 -135.72554 
    55.65785 -136.37648 
    55.53746 -137.09331 
    55.55222 -137.79869 
    55.80796 -138.41272 
    56.10428 -139.01166 
    56.44070 -139.59245 
    56.81638 -140.15204 
    57.23014 -140.68745 
    57.68052 -141.19577 
    58.16579 -141.67419 
    58.68388 -142.12009 
    59.23258 -142.53093 
    59.80938 -142.90445 
    60.41162 -143.23848 
    61.03641 -143.53119 
    61.68741 -143.76039 
    62.47265 -143.47522 
    63.19284 -143.21507 
    63.84450 -143.10612 
    64.46870 -143.05397 
    65.08146 -143.00426 
    65.68815 -142.95770 
    66.29420 -142.91449 
    66.90486 -142.87317 
    67.52484 -142.83092 
    68.16379 -142.80101 
    68.87965 -142.90770 
    69.63902 -142.99988 
    70.31767 -142.83922 
    70.88654 -142.46193 
    71.42715 -142.04868 
    71.93726 -141.60182 
    72.41486 -141.12386 
    72.85816 -140.61739 
    73.26561 -140.08510 
    73.63592 -139.52975 
    73.96800 -138.95415 
    74.26103 -138.36108 
    74.38424 -137.69214 
    74.50575 -137.04591 
    74.73472 -136.45111 
    74.67667 -135.77821 
    74.58647 -135.12776 
    74.52920 -134.50810 
    74.46378 -133.90486 
    74.38702 -133.31458 
    74.29805 -132.73473 
    74.19669 -132.16306 
    74.07999 -131.59802 
    73.94629 -131.03848 
    73.79890 -130.48212 
    73.63685 -129.92726 
    73.45909 -129.37236 
    73.29619 -128.79849 
    73.12949 -128.20714 
    72.96412 -127.58749 
    72.80489 -126.92519 
    72.66533 -126.19285 
    72.27505 -125.65418 
    71.76864 -125.23116 
    71.23492 -124.84505 
    70.71790 -124.43296 
    70.23740 -123.93594 
    69.72799 -123.44020 
    69.18190 -122.95805 
    68.59253 -122.50861 
    67.95676 -122.11600 
    67.27689 -121.80570 
    66.56135 -121.60007 
    65.82390 -121.51379 
    65.08146 -121.55077 
    64.35094 -121.70338 
    63.64629 -121.95408 
    62.97636 -122.27926 
    62.34425 -122.65385 
    61.74814 -123.05567 
    61.18304 -123.46828 
    60.64293 -123.88222 
    60.11384 -124.27852 
    59.59310 -124.66631 
    59.03695 -124.99502 
    58.51056 -125.37172 
    58.01791 -125.79266 
    57.56183 -126.25317 
    57.14397 -126.74812 
    56.86335 -127.34377 
    56.90990 -128.12875 
    56.84370 -128.78583 
    56.82127 -129.42763 
    56.78751 -130.03076 
    56.72259 -130.59862 
    56.62959 -131.14450 
    56.51505 -131.68045 
    56.38473 -132.21593 
    56.24418 -132.75859 
Cell 22 100 83.82221 -129.30476 
    73.43990 -129.30476 
    73.64210 -129.94524 
    73.82168 -130.56813 
    73.98062 -131.18216 
    74.12081 -131.79565 
    74.24183 -132.41762 
    74.34736 -133.05612 
    74.43971 -133.71983 
    74.51953 -134.41896 
    74.59134 -135.16286 
    74.69057 -135.93930 
    75.16551 -136.46620 
    75.71666 -136.91638 
    76.28404 -137.33211 
    76.86503 -137.71455 
    77.45771 -138.06474 
    78.06076 -138.38336 
    78.67329 -138.67062 
    79.29460 -138.92642 
    79.92412 -139.15022 
    80.56119 -139.34117 
    81.20499 -139.49818 
    81.85446 -139.62009 
    82.50829 -139.70558 
    83.16483 -139.75356 
    83.82221 -139.77057 
    84.47950 -139.75208 
    85.13432 -139.69110 
    85.78383 -139.58792 
    86.42521 -139.44276 
    87.05552 -139.25586 
    87.67189 -139.02794 
    88.27158 -138.76013 
    88.85197 -138.45386 
    89.41059 -138.11064 
    89.94504 -137.73210 
    90.45302 -137.32002 
    90.93241 -136.87636 
    91.38126 -136.40318 
    91.79778 -135.90273 
    92.18050 -135.37741 
    92.51031 -134.81839 
    92.53949 -134.09712 
    92.59306 -133.43201 
    92.72346 -132.82901 
    92.84961 -132.23795 
    92.96941 -131.65337 
    93.08171 -131.07112 
    93.19135 -130.48836 
    93.29507 -129.90074 
    93.39379 -129.30476 
    93.49122 -128.69644 
    93.63284 -128.06540 
    93.91383 -127.37968 
    94.25810 -126.62528 
    94.71150 -125.76662 
    95.25012 -124.78014 
    95.16759 -123.96603 
    94.79314 -123.27345 
    94.24000 -122.69344 
    93.56226 -122.22821 
    92.80969 -121.86967 
    92.34090 -121.30519 
    91.92873 -120.67220 
    91.46914 -120.06121 
    90.96179 -119.47798 
    90.40712 -118.92860 
    89.80648 -118.41943 
    89.16216 -117.95680 
    88.47748 -117.54691 
    87.75677 -117.19545 
    87.00529 -116.90751 
    86.22913 -116.68729 
    85.43504 -116.53793 
    84.63025 -116.46140 
    83.82221 -116.45842 
    83.01839 -116.52840 
    82.22601 -116.66951 
    81.45183 -116.87878 
    80.70197 -117.15223 
    79.98175 -117.48505 
    79.29559 -117.87182 
    78.64693 -118.30674 
    78.03829 -118.78386 
    77.47126 -119.29726 
    76.94659 -119.84129 
    76.46436 -120.41065 
    76.02407 -121.00059 
    75.62479 -121.60687 
    75.26536 -122.22592 
    74.94447 -122.85471 
    74.43902 -123.35001 
    73.93418 -123.86877 
    73.46157 -124.42942 
    73.02965 -125.03168 
    72.68339 -125.68555 
    72.71488 -126.45289 
    72.87492 -127.21646 
    73.05956 -127.94513 
    73.25143 -128.63971 
Cell 23 100 103.46988 -133.05963 
    92.67359 -133.05963 
    92.56781 -133.74553 
    92.52553 -134.44221 
    92.56669 -135.13953 
    92.85567 -135.78490 
    93.18285 -136.40208 
    93.53504 -136.99312 
    93.90845 -137.55890 
    94.30072 -138.10042 
    94.71046 -138.61853 
    95.13712 -139.11374 
    95.58068 -139.58614 
    96.04147 -140.03537 
    96.51984 -140.46066 
    97.00138 -140.87871 
    97.48373 -141.29886 
    97.99325 -141.68942 
    98.52833 -142.04828 
    99.08713 -142.37346 
    99.66944 -142.65843 
    100.28171 -142.87183 
    100.91266 -143.01935 
    101.56380 -143.05165 
    102.22474 -142.91594 
    102.85380 -142.85196 
    103.46988 -142.87524 
    104.09280 -142.96080 
    104.73754 -143.09421 
    105.40673 -143.21298 
    106.08146 -143.23106 
    106.74981 -143.15424 
    107.38211 -142.94080 
    107.99950 -142.68556 
    108.59905 -142.38956 
    109.17796 -142.05412 
    109.73348 -141.68074 
    110.26302 -141.27113 
    110.76409 -140.82718 
    111.23438 -140.35098 
    111.67173 -139.84479 
    112.07415 -139.31100 
    112.43987 -138.75217 
    112.76729 -138.17093 
    113.05505 -137.57007 
    113.30200 -136.95244 
    113.50721 -136.32095 
    113.66998 -135.67857 
    113.78985 -135.02827 
    113.86662 -134.37305 
    113.90031 -133.71587 
    113.89117 -133.05963 
    113.83975 -132.40721 
    113.74678 -131.76135 
    113.61324 -131.12468 
    113.44036 -130.49965 
    113.22955 -129.88852 
    112.98243 -129.29335 
    112.70079 -128.71590 
    112.38656 -128.15765 
    112.04169 -127.61980 
    111.66822 -127.10319 
    111.26814 -126.60835 
    110.84329 -126.13554 
    110.39538 -125.68472 
    109.92584 -125.25571 
    109.43579 -124.84826 
    108.92603 -124.46210 
    108.39701 -124.09721 
    107.84882 -123.75390 
    107.28137 -123.43290 
    106.69438 -123.13563 
    106.08762 -122.86418 
    105.46107 -122.62140 
    104.81513 -122.41087 
    104.15079 -122.23683 
    103.46988 -122.10397 
    102.77515 -122.01723 
    102.07038 -121.98149 
    101.36037 -122.00124 
    100.65084 -122.08021 
    99.94824 -122.22115 
    99.25952 -122.42549 
    98.59180 -122.69318 
    97.95199 -123.02263 
    97.34650 -123.41072 
    96.78085 -123.85298 
    96.25951 -124.34380 
    95.69016 -124.77507 
    95.07190 -125.17340 
    94.69406 -125.79964 
    94.35671 -126.43853 
    94.04990 -127.08153 
    93.77121 -127.72775 
    93.55869 -128.39578 
    93.42912 -129.08421 
    93.31819 -129.76114 
    93.20280 -130.42349 
    93.08044 -131.07774 
    92.95348 -131.73111 
    92.81728 -132.38943 
Cell 24 100 -112.28010 -113.70030 
    -122.58649 -113.70030 
    -122.57424 -114.34795 
    -122.52018 -114.99393 
    -122.42443 -115.63544 
    -122.28736 -116.26973 
    -122.10952 -116.89407 
    -121.89167 -117.50579 
    -121.63475 -118.10226 
    -121.33989 -118.68096 
    -121.00840 -119.23945 
    -120.64175 -119.77539 
    -120.24157 -120.28661 
    -119.80965 -120.77103 
    -119.34792 -121.22677 
    -118.85839 -121.65209 
    -118.34321 -122.04546 
    -117.80458 -122.40549 
    -117.24478 -122.73103 
    -116.66614 -123.02110 
    -116.07096 -123.27493 
    -115.39369 -123.28297 
    -114.73715 -123.26990 
    -114.10918 -123.28870 
    -113.49688 -123.33209 
    -112.88937 -123.38441 
    -112.28010 -123.44199 
    -111.66325 -123.50488 
    -111.02775 -123.61370 
    -110.35720 -123.78047 
    -109.70222 -123.74046 
    -109.06158 -123.60590 
    -108.43147 -123.42083 
    -107.81175 -123.19601 
    -107.20325 -122.93505 
    -106.60770 -122.63857 
    -106.02721 -122.30666 
    -105.46407 -121.93947 
    -104.92073 -121.53723 
    -104.39991 -121.10030 
    -103.90446 -120.62923 
    -103.43748 -120.12484 
    -103.00212 -119.58829 
    -102.60168 -119.02106 
    -102.23941 -118.42509 
    -101.91853 -117.80274 
    -101.64205 -117.15681 
    -101.41276 -116.49056 
    -101.23306 -115.80764 
    -101.10491 -115.11205 
    -100.71626 -114.42784 
    -100.31293 -113.70030 
    -100.06358 -112.93170 
    -100.02740 -112.15243 
    -100.22672 -111.40099 
    -100.63860 -110.71127 
    -101.20311 -110.10117 
    -101.84418 -109.56843 
    -102.31622 -109.01166 
    -102.06403 -108.08397 
    -101.84189 -107.07601 
    -103.50118 -107.32205 
    -104.00988 -106.85858 
    -104.50911 -106.40286 
    -105.03207 -105.98193 
    -105.57573 -105.59612 
    -106.13732 -105.24550 
    -106.71432 -104.93003 
    -107.30441 -104.64954 
    -107.90552 -104.40384 
    -108.51579 -104.19273 
    -109.13350 -104.01607 
    -109.75707 -103.87375 
    -110.38499 -103.76576 
    -111.01060 -103.65124 
    -111.63955 -103.51911 
    -112.28010 -103.39534 
    -112.93578 -103.27851 
    -113.60994 -103.17355 
    -114.30350 -103.09325 
    -115.01265 -103.05771 
    -115.72725 -103.09106 
    -116.43114 -103.21598 
    -117.10471 -103.44749 
    -117.72919 -103.78844 
    -118.29120 -104.22832 
    -118.78587 -104.74587 
    -119.21735 -105.31460 
    -119.59656 -105.90907 
    -119.93726 -106.50975 
    -120.25206 -107.10532 
    -120.54952 -107.69221 
    -120.88431 -108.23991 
    -121.22401 -108.78335 
    -121.52895 -109.34812 
    -121.79765 -109.93204 
    -122.02879 -110.53277 
    -122.22118 -111.14787 
    -122.37387 -111.77481 
    -122.48605 -112.41100 
    -122.55706 -113.05373 
