66 25 
Cell 0 100 -120.42191 -148.74919 
    -130.42200 -148.74919 
    -130.40225 -149.37711 
    -130.34312 -150.00253 
    -130.24484 -150.62302 
    -130.10779 -151.23610 
    -129.93251 -151.83937 
    -129.71970 -152.43044 
    -129.47021 -153.00700 
    -129.19254 -153.57088 
    -128.88557 -154.12039 
    -128.54672 -154.65221 
    -128.17468 -155.16286 
    -127.77052 -155.64999 
    -127.33555 -156.11148 
    -126.87132 -156.54520 
    -126.37961 -156.94926 
    -125.86228 -157.32185 
    -125.32134 -157.66124 
    -124.75894 -157.96585 
    -124.17731 -158.23428 
    -123.57884 -158.46524 
    -122.96596 -158.65761 
    -122.34118 -158.81039 
    -121.70714 -158.92284 
    -121.06647 -158.99432 
    -120.42191 -159.02443 
    -119.77617 -159.01291 
    -119.13202 -158.95972 
    -118.49222 -158.86497 
    -117.85952 -158.72903 
    -117.23664 -158.55243 
    -116.62628 -158.33583 
    -116.03107 -158.08018 
    -115.45358 -157.78654 
    -114.89629 -157.45618 
    -114.36158 -157.09052 
    -113.85175 -156.69113 
    -113.36900 -156.25978 
    -112.91531 -155.79836 
    -112.49262 -155.30887 
    -112.10267 -154.79347 
    -111.74707 -154.25441 
    -111.42724 -153.69405 
    -111.14445 -153.11484 
    -110.89948 -152.51938 
    -110.66551 -151.91924 
    -110.46512 -151.30566 
    -110.29872 -150.68030 
    -110.16646 -150.04475 
    -110.06948 -149.40051 
    -110.32076 -148.74919 
    -110.67898 -148.13622 
    -110.96958 -147.55508 
    -111.22147 -146.99411 
    -111.44862 -146.44525 
    -111.66211 -145.90295 
    -111.87090 -145.36360 
    -112.08240 -144.82492 
    -112.30035 -144.28433 
    -112.52696 -143.73891 
    -112.76959 -143.18945 
    -113.03191 -142.63565 
    -113.34887 -142.10716 
    -113.69032 -141.58080 
    -114.04593 -141.04196 
    -114.37007 -140.41956 
    -114.50780 -139.43005 
    -114.86990 -138.65013 
    -115.68279 -138.67805 
    -116.43314 -138.67471 
    -117.14206 -138.65486 
    -117.80905 -138.57278 
    -118.46152 -138.47253 
    -119.10912 -138.35739 
    -119.75978 -138.22505 
    -120.42191 -137.98856 
    -121.11562 -137.72296 
    -121.85448 -137.40926 
    -122.65089 -137.06444 
    -123.38080 -137.22507 
    -124.05799 -137.55847 
    -124.67525 -138.00645 
    -125.18421 -138.62877 
    -125.62714 -139.28090 
    -126.13313 -139.74974 
    -126.63182 -140.20198 
    -127.21555 -140.53709 
    -128.00916 -140.66959 
    -128.00810 -141.62529 
    -128.32402 -142.21199 
    -128.67140 -142.75558 
    -128.98831 -143.31279 
    -129.27440 -143.88249 
    -129.52921 -144.46362 
    -129.75220 -145.05507 
    -129.94270 -145.65570 
    -130.10788 -146.26225 
    -130.24490 -146.87535 
    -130.34317 -147.49585 
    -130.40228 -148.12128 
Cell 1 100 -102.87096 -142.11980 
    -113.34129 -142.11980 
    -112.97514 -142.75551 
    -112.69395 -143.36073 
    -112.44116 -143.94540 
    -112.20663 -144.51680 
    -111.98217 -145.08020 
    -111.76365 -145.64066 
    -111.54465 -146.20132 
    -111.31709 -146.76308 
    -111.07293 -147.32492 
    -110.80500 -147.88420 
    -110.50449 -148.43478 
    -110.20971 -149.01134 
    -109.74419 -149.43904 
    -109.26266 -149.84602 
    -108.76699 -150.23499 
    -108.24763 -150.59207 
    -107.70663 -150.91583 
    -107.14612 -151.20496 
    -106.56831 -151.45824 
    -105.97552 -151.67464 
    -105.37009 -151.85326 
    -104.75445 -151.99336 
    -104.13104 -152.09435 
    -103.50238 -152.15581 
    -102.87096 -152.17744 
    -102.23934 -152.15918 
    -101.61004 -152.10104 
    -100.98559 -152.00327 
    -100.36851 -151.86623 
    -99.76126 -151.69048 
    -99.16631 -151.47668 
    -98.58604 -151.22572 
    -98.02278 -150.93861 
    -97.47880 -150.61650 
    -96.95628 -150.26067 
    -96.45731 -149.87257 
    -95.98391 -149.45377 
    -95.53796 -149.00595 
    -95.12123 -148.53093 
    -94.73540 -148.03062 
    -94.37356 -147.51242 
    -94.03899 -146.97522 
    -93.73341 -146.41960 
    -93.74582 -145.73270 
    -93.71786 -145.09383 
    -93.67074 -144.48201 
    -93.63441 -143.88176 
    -93.61185 -143.28951 
    -93.60397 -142.70282 
    -93.59685 -142.11980 
    -93.57712 -141.53508 
    -93.56522 -140.94420 
    -93.55590 -140.34285 
    -93.55554 -139.72800 
    -93.56361 -139.09566 
    -93.57593 -138.43962 
    -93.58057 -137.74806 
    -93.55431 -136.99792 
    -93.46161 -136.14844 
    -93.86327 -135.57532 
    -94.31799 -135.04416 
    -94.81959 -134.55905 
    -95.36084 -134.12231 
    -95.93406 -133.73451 
    -96.53175 -133.39461 
    -97.14704 -133.10034 
    -97.77413 -132.84869 
    -98.40841 -132.63640 
    -99.04652 -132.46034 
    -99.68614 -132.31792 
    -100.28207 -132.03673 
    -100.89413 -131.75687 
    -101.53276 -131.52681 
    -102.19478 -131.37209 
    -102.87096 -131.31361 
    -103.54788 -131.36055 
    -104.21167 -131.50702 
    -104.85213 -131.73419 
    -105.43990 -132.11446 
    -106.01656 -132.43864 
    -106.62000 -132.65080 
    -107.22758 -132.86150 
    -107.82008 -133.11739 
    -108.29372 -133.57489 
    -108.77055 -133.99973 
    -109.25265 -134.40567 
    -109.73933 -134.80574 
    -110.22952 -135.20964 
    -110.72449 -135.62280 
    -111.22148 -136.05280 
    -111.72073 -136.50357 
    -112.22584 -136.97691 
    -112.74705 -137.47247 
    -113.31479 -137.98480 
    -113.96930 -138.51373 
    -114.45711 -139.14499 
    -114.44061 -139.91277 
    -114.23206 -140.68456 
    -113.78788 -141.43297 
Cell 2 100 -83.29601 -144.01506 
    -93.64248 -144.01506 
    -93.68511 -144.66869 
    -93.72832 -145.33296 
    -93.74086 -146.00752 
    -93.63590 -146.66989 
    -93.32914 -147.27502 
    -93.00440 -147.85889 
    -92.66195 -148.42233 
    -92.30141 -148.96582 
    -91.92206 -149.48932 
    -91.52296 -149.99229 
    -91.10328 -150.47380 
    -90.68069 -150.94975 
    -90.25806 -151.42889 
    -89.80386 -151.88171 
    -89.31967 -152.30592 
    -88.80729 -152.69945 
    -88.26862 -153.06021 
    -87.70579 -153.38632 
    -87.12105 -153.67601 
    -86.51681 -153.92767 
    -85.89561 -154.13988 
    -85.26012 -154.31129 
    -84.61310 -154.44090 
    -83.95741 -154.52779 
    -83.29601 -154.57132 
    -82.63188 -154.57101 
    -81.96808 -154.52667 
    -81.30767 -154.43828 
    -80.65372 -154.30609 
    -80.00928 -154.13054 
    -79.37740 -153.91234 
    -78.76100 -153.65244 
    -78.16302 -153.35193 
    -77.58624 -153.01221 
    -77.03336 -152.63486 
    -76.50695 -152.22162 
    -76.00944 -151.77448 
    -75.54308 -151.29553 
    -75.10999 -150.78712 
    -74.71207 -150.25165 
    -74.35105 -149.69170 
    -74.02844 -149.10995 
    -73.74554 -148.50917 
    -73.48701 -147.89871 
    -73.22978 -147.28578 
    -73.00747 -146.65671 
    -72.82211 -146.01306 
    -72.67610 -145.35666 
    -72.57219 -144.68974 
    -72.51324 -144.01506 
    -72.50210 -143.33597 
    -72.54130 -142.65642 
    -72.63282 -141.98094 
    -72.77786 -141.31447 
    -72.97665 -140.66209 
    -73.22827 -140.02896 
    -73.53072 -139.41986 
    -73.88097 -138.83910 
    -74.27509 -138.29021 
    -74.70853 -137.77589 
    -75.17641 -137.29796 
    -75.67379 -136.85733 
    -76.19590 -136.45421 
    -76.73837 -136.08824 
    -77.29737 -135.75865 
    -77.86966 -135.46451 
    -78.45257 -135.20488 
    -79.01315 -134.91351 
    -79.58167 -134.63373 
    -80.16542 -134.38011 
    -80.76350 -134.15160 
    -81.37544 -133.94711 
    -82.00121 -133.76572 
    -82.64117 -133.60684 
    -83.29601 -133.47050 
    -83.96819 -133.33101 
    -84.66448 -133.18248 
    -85.37383 -133.12271 
    -86.07901 -133.17596 
    -86.82590 -133.15115 
    -87.58933 -133.17136 
    -88.34386 -133.28781 
    -89.07369 -133.50549 
    -89.82581 -133.72574 
    -90.56310 -134.01277 
    -91.27519 -134.36987 
    -91.95115 -134.79828 
    -92.57993 -135.29688 
    -93.15121 -135.86212 
    -93.51023 -136.59399 
    -93.57167 -137.49393 
    -93.57644 -138.36334 
    -93.56248 -139.18402 
    -93.55567 -139.95297 
    -93.56112 -140.67972 
    -93.57392 -141.37614 
    -93.59451 -142.05051 
    -93.60411 -142.71284 
    -93.61475 -143.36586 
Cell 3 100 -59.44510 -155.64464 
    -69.58328 -155.64464 
    -69.53846 -156.27966 
    -69.45660 -156.90938 
    -69.33837 -157.53188 
    -69.18436 -158.14525 
    -68.99509 -158.74762 
    -68.77106 -159.33705 
    -68.51283 -159.91159 
    -68.22105 -160.46925 
    -67.89645 -161.00803 
    -67.53996 -161.52589 
    -67.15263 -162.02086 
    -66.73570 -162.49097 
    -66.29061 -162.93437 
    -65.81934 -163.34978 
    -65.32295 -163.73480 
    -64.80338 -164.08792 
    -64.26264 -164.40770 
    -63.70290 -164.69290 
    -63.12635 -164.94240 
    -62.53527 -165.15520 
    -61.93200 -165.33047 
    -61.31896 -165.46776 
    -60.69860 -165.56706 
    -60.07315 -165.62723 
    -59.44510 -165.64799 
    -58.81692 -165.62929 
    -58.19109 -165.57117 
    -57.57001 -165.47420 
    -56.95599 -165.33910 
    -56.35131 -165.16635 
    -55.75813 -164.95688 
    -55.17844 -164.71176 
    -54.61405 -164.43228 
    -54.06655 -164.11989 
    -53.53726 -163.77608 
    -53.02724 -163.40250 
    -52.53730 -163.00070 
    -52.06798 -162.57222 
    -51.61970 -162.11838 
    -51.19281 -161.64029 
    -50.78775 -161.13876 
    -50.40523 -160.61435 
    -50.04642 -160.06732 
    -49.71308 -159.49782 
    -49.40776 -158.90598 
    -49.13378 -158.29213 
    -48.89527 -157.65712 
    -48.69699 -157.00244 
    -48.54408 -156.33047 
    -48.44170 -155.64464 
    -48.39467 -154.94940 
    -48.40696 -154.25020 
    -48.48134 -153.55319 
    -48.61907 -152.86499 
    -48.81971 -152.19225 
    -49.08037 -151.54095 
    -49.48699 -150.95871 
    -50.12108 -150.51871 
    -50.77906 -150.14500 
    -51.36766 -149.77602 
    -51.91771 -149.41743 
    -52.44625 -149.07228 
    -52.96288 -148.74178 
    -53.47282 -148.42538 
    -53.97857 -148.12061 
    -54.48032 -147.82138 
    -54.98377 -147.52951 
    -55.49072 -147.24115 
    -56.00294 -146.95074 
    -56.52164 -146.64714 
    -57.05139 -146.32173 
    -57.59658 -145.95436 
    -58.18544 -145.67342 
    -58.81479 -145.62601 
    -59.44510 -145.59422 
    -60.07709 -145.59946 
    -60.70877 -145.64163 
    -61.33819 -145.72073 
    -61.96333 -145.83681 
    -62.58214 -145.98984 
    -63.19837 -146.16496 
    -63.79588 -146.39877 
    -64.37676 -146.67398 
    -64.94548 -146.97743 
    -65.49438 -147.31853 
    -66.02011 -147.69682 
    -66.51928 -148.11140 
    -66.98853 -148.56090 
    -67.42467 -149.04337 
    -67.82486 -149.55640 
    -68.18669 -150.09706 
    -68.50829 -150.66211 
    -68.78838 -151.24803 
    -69.02628 -151.85118 
    -69.22179 -152.46800 
    -69.37522 -153.09502 
    -69.48721 -153.72900 
    -69.55858 -154.36700 
    -69.59029 -155.00636 
Cell 4 100 -47.95713 -140.92964 
    -59.97316 -140.92964 
    -59.81304 -141.67555 
    -59.60340 -142.40091 
    -59.34847 -143.10266 
    -59.05244 -143.77843 
    -58.71939 -144.42651 
    -58.35314 -145.04572 
    -57.94740 -145.63071 
    -57.37215 -146.10559 
    -56.74768 -146.50829 
    -56.13670 -146.87245 
    -55.54751 -147.20895 
    -54.98471 -147.52898 
    -54.44736 -147.84103 
    -53.93015 -148.14978 
    -53.42477 -148.45520 
    -52.92873 -148.76363 
    -52.43693 -149.07837 
    -51.94332 -149.40071 
    -51.44078 -149.72835 
    -50.92222 -150.05525 
    -50.38125 -150.37094 
    -49.82547 -150.72383 
    -49.25908 -151.23566 
    -48.61115 -151.32487 
    -47.95713 -151.37164 
    -47.29993 -151.37549 
    -46.64249 -151.33612 
    -45.98775 -151.25349 
    -45.33871 -151.12770 
    -44.69835 -150.95914 
    -44.06960 -150.74843 
    -43.45538 -150.49634 
    -42.85854 -150.20393 
    -42.28185 -149.87245 
    -41.72798 -149.50333 
    -41.19947 -149.09825 
    -40.69876 -148.65903 
    -40.22809 -148.18770 
    -39.78960 -147.68642 
    -39.38519 -147.15752 
    -39.01661 -146.60347 
    -38.68539 -146.02682 
    -38.39285 -145.43025 
    -38.14011 -144.81647 
    -37.92807 -144.18828 
    -37.75742 -143.54848 
    -37.62863 -142.89990 
    -37.54194 -142.24539 
    -37.49745 -141.58771 
    -37.49502 -140.92964 
    -37.53435 -140.27390 
    -37.61499 -139.62312 
    -37.73633 -138.97992 
    -37.89761 -138.34680 
    -38.09796 -137.72620 
    -38.33640 -137.12053 
    -38.61183 -136.53207 
    -38.92764 -135.96564 
    -39.38844 -135.49178 
    -39.86384 -135.04953 
    -40.29264 -134.58902 
    -40.72025 -134.13377 
    -41.15121 -133.68208 
    -41.58885 -133.23170 
    -42.03575 -132.77956 
    -42.49404 -132.32118 
    -42.96557 -131.85002 
    -43.47097 -131.39606 
    -44.04102 -131.03868 
    -44.64228 -130.72758 
    -45.26551 -130.44646 
    -45.91035 -130.20006 
    -46.57530 -129.99135 
    -47.25840 -129.82361 
    -47.95713 -129.70021 
    -48.66839 -129.62448 
    -49.38845 -129.59962 
    -50.07297 -129.83800 
    -50.72635 -130.14426 
    -51.36491 -130.44156 
    -51.98566 -130.75473 
    -52.58913 -131.08614 
    -53.17932 -131.43051 
    -53.71290 -131.86000 
    -54.23000 -132.29578 
    -54.74068 -132.72975 
    -55.23915 -133.17506 
    -55.72182 -133.63811 
    -56.18671 -134.12154 
    -56.64058 -134.62074 
    -57.08076 -135.13962 
    -57.51161 -135.67703 
    -57.94366 -136.23033 
    -58.40023 -136.79492 
    -58.92895 -137.36469 
    -59.46763 -137.97424 
    -59.88769 -138.65378 
    -60.12876 -139.39201 
    -60.07968 -140.16696 
Cell 5 100 -9.70636 -147.72365 
    -20.09561 -147.72365 
    -20.10818 -148.37807 
    -20.07780 -149.03386 
    -20.00424 -149.68808 
    -19.88750 -150.33772 
    -19.72781 -150.97981 
    -19.52561 -151.61136 
    -19.28158 -152.22940 
    -18.99661 -152.83101 
    -18.67184 -153.41331 
    -18.30859 -153.97354 
    -17.90842 -154.50897 
    -17.47309 -155.01709 
    -17.00455 -155.49542 
    -16.50492 -155.94170 
    -15.97653 -156.35379 
    -15.42180 -156.72975 
    -14.84338 -157.06784 
    -14.24394 -157.36649 
    -13.62634 -157.62439 
    -12.99350 -157.84041 
    -12.34839 -158.01369 
    -11.69405 -158.14349 
    -11.03356 -158.22948 
    -10.36997 -158.27141 
    -9.70636 -158.26932 
    -9.04577 -158.22348 
    -8.39118 -158.13438 
    -7.74553 -158.00270 
    -7.11164 -157.82941 
    -6.49228 -157.61555 
    -5.89009 -157.36244 
    -5.30755 -157.07161 
    -4.74705 -156.74461 
    -4.21082 -156.38324 
    -3.70089 -155.98947 
    -3.21921 -155.56526 
    -2.76747 -155.11281 
    -2.32817 -154.65222 
    -1.88761 -154.19188 
    -1.47383 -153.70493 
    -1.09586 -153.18803 
    -0.78121 -152.63028 
    -0.56036 -152.02744 
    -0.38550 -151.41405 
    -0.21931 -150.80618 
    -0.06517 -150.19910 
    0.07452 -149.58945 
    0.19826 -148.97490 
    0.30536 -148.35353 
    0.39600 -147.72365 
    0.47172 -147.08330 
    0.61136 -146.42021 
    0.87462 -145.70522 
    1.18239 -144.92789 
    1.57947 -144.05666 
    2.00574 -143.08650 
    1.78642 -142.31555 
    1.41780 -141.60809 
    0.91358 -140.98402 
    0.29720 -140.45563 
    -0.39981 -140.02460 
    -1.14348 -139.68257 
    -1.90275 -139.41365 
    -2.65357 -139.19829 
    -3.38080 -139.01726 
    -4.07803 -138.85481 
    -4.73691 -138.68425 
    -5.32806 -138.41930 
    -5.93229 -138.19144 
    -6.54724 -138.00087 
    -7.17067 -137.84776 
    -7.78635 -137.65860 
    -8.40934 -137.45665 
    -9.04871 -137.27060 
    -9.70636 -137.07953 
    -10.38070 -137.00525 
    -11.04785 -137.10464 
    -11.71474 -137.19537 
    -12.38284 -137.29942 
    -13.05270 -137.42467 
    -13.72503 -137.57364 
    -14.40318 -137.74240 
    -15.04597 -138.01094 
    -15.60748 -138.42499 
    -16.09279 -138.93349 
    -16.53196 -139.47292 
    -16.93193 -140.02919 
    -17.30015 -140.59261 
    -17.64281 -141.15805 
    -17.96389 -141.72420 
    -18.26478 -142.29231 
    -18.54465 -142.86476 
    -18.86516 -143.41385 
    -19.15573 -143.98238 
    -19.41026 -144.57066 
    -19.62727 -145.17639 
    -19.80540 -145.79715 
    -19.94349 -146.43040 
    -20.04050 -147.07349 
Cell 6 100 9.23271 -151.74411 
    -0.47959 -151.74411 
    -0.68516 -152.36809 
    -1.01136 -153.03824 
    -1.42175 -153.77655 
    -1.54946 -154.51250 
    -1.48671 -155.22707 
    -1.27763 -155.90544 
    -1.01009 -156.56400 
    -0.69673 -157.20287 
    -0.33915 -157.81859 
    0.06085 -158.40785 
    0.50108 -158.96754 
    0.97921 -159.49466 
    1.49256 -159.98653 
    2.03834 -160.44060 
    2.61350 -160.85466 
    3.21485 -161.22673 
    3.83905 -161.55513 
    4.48267 -161.83846 
    5.14216 -162.07565 
    5.81396 -162.26595 
    6.49449 -162.40878 
    7.18014 -162.50407 
    7.86736 -162.55193 
    8.55269 -162.55273 
    9.23271 -162.50722 
    9.90415 -162.41632 
    10.56386 -162.28125 
    11.20886 -162.10349 
    11.83634 -161.88458 
    12.44368 -161.62646 
    13.02847 -161.33110 
    13.61670 -161.06056 
    14.21357 -160.80426 
    14.79752 -160.51286 
    15.36658 -160.18666 
    15.91866 -159.82603 
    16.45152 -159.43137 
    16.96280 -159.00314 
    17.44997 -158.54202 
    17.91036 -158.04880 
    18.34116 -157.52451 
    18.73946 -156.97049 
    19.10230 -156.38838 
    19.42674 -155.78021 
    19.70991 -155.14836 
    19.94906 -154.49561 
    20.14173 -153.82512 
    20.28573 -153.14043 
    20.37930 -152.44539 
    20.42111 -151.74411 
    20.41035 -151.04088 
    20.34679 -150.34007 
    20.23072 -149.64613 
    20.06304 -148.96335 
    19.84516 -148.29591 
    19.57900 -147.64772 
    19.26692 -147.02237 
    18.91164 -146.42307 
    18.51619 -145.85263 
    18.08377 -145.31345 
    17.61770 -144.80743 
    17.12137 -144.33617 
    16.59809 -143.90077 
    16.05112 -143.50208 
    15.48353 -143.14059 
    14.89827 -142.81660 
    14.29807 -142.53024 
    13.68550 -142.28145 
    13.06291 -142.07013 
    12.43251 -141.89613 
    11.79638 -141.75928 
    11.15647 -141.65939 
    10.54439 -141.36110 
    9.90813 -141.00854 
    9.23271 -140.61597 
    8.50753 -140.21773 
    7.73325 -139.87466 
    6.92786 -139.66170 
    6.12629 -139.64542 
    5.37157 -139.86073 
    4.70064 -140.29741 
    4.13157 -140.90363 
    3.65852 -141.60471 
    3.21363 -142.25955 
    2.65444 -142.68990 
    2.14341 -143.17462 
    1.71789 -143.74164 
    1.41970 -144.40721 
    1.13574 -145.04572 
    0.88495 -145.67912 
    0.65535 -146.30075 
    0.50108 -146.94385 
    0.41143 -147.59314 
    0.32497 -148.21729 
    0.22540 -148.81746 
    0.11219 -149.40236 
    -0.01497 -149.98001 
    -0.15630 -150.55800 
    -0.31157 -151.14363 
Cell 7 100 29.09295 -139.47397 
    18.81485 -139.47397 
    18.78976 -140.12219 
    18.80699 -140.77339 
    18.86697 -141.42468 
    18.96995 -142.07312 
    19.11589 -142.71571 
    19.30454 -143.34947 
    19.53533 -143.97144 
    19.80745 -144.57872 
    20.11995 -145.16841 
    20.47198 -145.73747 
    20.86238 -146.28290 
    21.28926 -146.80212 
    21.75080 -147.29256 
    22.24499 -147.75174 
    22.76959 -148.17734 
    23.32222 -148.56718 
    23.90032 -148.91933 
    24.50117 -149.23201 
    25.12191 -149.50369 
    25.75959 -149.73300 
    26.41115 -149.91888 
    27.07347 -150.06046 
    27.74336 -150.15712 
    28.41759 -150.20851 
    29.09295 -150.21452 
    29.76622 -150.17526 
    30.43422 -150.09116 
    31.09380 -149.96278 
    31.74193 -149.79105 
    32.37562 -149.57697 
    32.99203 -149.32190 
    33.58842 -149.02733 
    34.16221 -148.69492 
    34.71098 -148.32655 
    35.23247 -147.92429 
    35.72460 -147.49025 
    36.18549 -147.02675 
    36.61347 -146.53621 
    37.01616 -146.02861 
    37.44450 -145.54172 
    37.84671 -145.02927 
    38.22123 -144.49228 
    38.56659 -143.93192 
    38.88121 -143.34941 
    39.16346 -142.74608 
    39.41158 -142.12334 
    39.62371 -141.48282 
    39.79794 -140.82632 
    39.93230 -140.15593 
    40.02483 -139.47397 
    40.07359 -138.78313 
    40.07681 -138.08638 
    40.03288 -137.38707 
    39.94044 -136.68881 
    39.79852 -135.99551 
    39.60650 -135.31136 
    39.36428 -134.64066 
    39.07226 -133.98779 
    38.73138 -133.35724 
    38.34318 -132.75328 
    37.90973 -132.18010 
    37.43365 -131.64153 
    36.91805 -131.14110 
    36.36769 -130.68031 
    35.86407 -130.15433 
    35.30182 -129.69037 
    34.68666 -129.29906 
    34.02722 -128.98813 
    33.33428 -128.76160 
    32.61977 -128.61955 
    31.89567 -128.55811 
    31.17298 -128.57008 
    30.46146 -128.64110 
    29.77341 -128.65845 
    29.09295 -128.48466 
    28.39276 -128.34464 
    27.67496 -128.24937 
    26.94375 -128.20746 
    26.20533 -128.22740 
    25.46774 -128.31673 
    24.74058 -128.48112 
    24.03428 -128.72374 
    23.35935 -129.04459 
    22.85295 -129.64131 
    22.36539 -130.21428 
    21.91804 -130.80098 
    21.51373 -131.40291 
    21.18237 -132.04543 
    20.87004 -132.67137 
    20.57392 -133.28452 
    20.28938 -133.88704 
    20.01207 -134.48172 
    19.73560 -135.07074 
    19.45199 -135.65683 
    19.17149 -136.25029 
    19.08389 -136.90408 
    19.02381 -137.55318 
    18.97698 -138.19603 
    18.88160 -138.83153 
Cell 8 100 45.99726 -151.20450 
    35.96767 -151.20450 
    35.98974 -151.83412 
    36.04286 -152.46204 
    36.13360 -153.08609 
    36.26337 -153.70374 
    36.43198 -154.31244 
    36.63886 -154.90974 
    36.88326 -155.49321 
    37.16428 -156.06047 
    37.48086 -156.60916 
    37.83178 -157.13707 
    38.21568 -157.64198 
    38.63107 -158.12181 
    39.07631 -158.57455 
    39.54963 -158.99834 
    40.04913 -159.39139 
    40.57280 -159.75208 
    41.11854 -160.07884 
    41.68413 -160.37036 
    42.26726 -160.62540 
    42.86556 -160.84286 
    43.47659 -161.02187 
    44.09783 -161.16164 
    44.72675 -161.26161 
    45.36076 -161.32133 
    45.99726 -161.34062 
    46.63363 -161.31937 
    47.26727 -161.25768 
    47.89557 -161.15582 
    48.51597 -161.01425 
    49.12594 -160.83359 
    49.72297 -160.61458 
    50.30465 -160.35818 
    50.86863 -160.06551 
    51.41263 -159.73776 
    51.93446 -159.37634 
    52.43203 -158.98280 
    52.90337 -158.55876 
    53.34661 -158.10600 
    53.76003 -157.62642 
    54.14201 -157.12201 
    54.49108 -156.59483 
    54.80590 -156.04709 
    55.08530 -155.48100 
    55.32824 -154.89890 
    55.53384 -154.30312 
    55.70137 -153.69609 
    55.83026 -153.08025 
    55.92011 -152.45804 
    55.97853 -151.83247 
    55.97544 -151.20450 
    55.93226 -150.57944 
    55.88584 -149.95528 
    55.82557 -149.32965 
    55.68934 -148.71599 
    55.51493 -148.11201 
    55.30291 -147.52013 
    55.05408 -146.94269 
    54.76942 -146.38196 
    54.45236 -145.83873 
    54.10593 -145.31320 
    53.73095 -144.80663 
    53.32981 -144.31877 
    52.90461 -143.84891 
    52.45685 -143.39619 
    51.98706 -142.96024 
    51.49464 -142.54201 
    50.97801 -142.14455 
    50.43512 -141.77357 
    49.96516 -141.18271 
    49.47123 -140.51273 
    48.76882 -140.40999 
    47.99372 -140.73866 
    47.33230 -140.63655 
    46.66413 -140.60490 
    45.99726 -140.46289 
    45.31967 -140.43457 
    44.66645 -140.67009 
    44.05768 -141.03688 
    43.44901 -141.27972 
    42.85157 -141.52306 
    42.26982 -141.79007 
    41.70360 -142.08002 
    41.15343 -142.39362 
    40.62058 -142.73221 
    40.10691 -143.09712 
    39.61462 -143.48921 
    39.14400 -143.90652 
    38.69993 -144.35185 
    38.28476 -144.82416 
    37.90013 -145.32159 
    37.54757 -145.84216 
    37.22843 -146.38380 
    36.94400 -146.94435 
    36.69536 -147.52162 
    36.47444 -148.11035 
    36.24780 -148.70126 
    36.07613 -149.31194 
    35.98957 -149.94023 
    35.96575 -150.57336 
Cell 9 100 66.90235 -152.12749 
    56.12974 -152.12749 
    56.19556 -152.80110 
    56.19770 -153.47980 
    56.20898 -154.16736 
    56.25808 -154.86047 
    56.41639 -155.53458 
    56.61885 -156.19901 
    56.86562 -156.85042 
    57.15644 -157.48535 
    57.49051 -158.10042 
    57.86679 -158.69220 
    58.28364 -159.25751 
    58.73919 -159.79321 
    59.23117 -160.29646 
    59.75716 -160.76454 
    60.31440 -161.19502 
    60.89997 -161.58572 
    61.51082 -161.93465 
    62.14368 -162.24017 
    62.79520 -162.50098 
    63.46193 -162.71600 
    64.14039 -162.88463 
    64.82707 -163.00647 
    65.51852 -163.08159 
    66.21136 -163.11038 
    66.90235 -163.09352 
    67.58842 -163.03220 
    68.26675 -162.92783 
    68.93482 -162.78207 
    69.59044 -162.59691 
    70.23182 -162.37453 
    70.85750 -162.11705 
    71.46649 -161.82677 
    72.05803 -161.50563 
    72.63177 -161.15562 
    73.18751 -160.77827 
    73.72503 -160.37468 
    74.24406 -159.94562 
    74.74399 -159.49127 
    75.22385 -159.01163 
    75.68188 -158.50618 
    76.11566 -157.97443 
    76.52196 -157.41591 
    76.88043 -156.82281 
    77.11853 -156.17236 
    77.33965 -155.51877 
    77.55586 -154.86284 
    77.73257 -154.19347 
    77.85218 -153.51077 
    77.91656 -152.82043 
    77.92520 -152.12749 
    77.87589 -151.43709 
    77.77351 -150.75414 
    77.62299 -150.08241 
    77.42752 -149.42508 
    77.19801 -148.78223 
    77.05885 -148.10625 
    76.87717 -147.43370 
    76.65061 -146.76834 
    76.37762 -146.11429 
    76.05740 -145.47595 
    75.65351 -144.88789 
    75.20741 -144.32852 
    74.73346 -143.78821 
    74.23103 -143.26863 
    73.70007 -142.77124 
    73.14186 -142.29558 
    72.52631 -141.89754 
    71.86929 -141.57222 
    71.18763 -141.30411 
    70.48715 -141.09460 
    69.77376 -140.94411 
    69.05326 -140.85204 
    68.33121 -140.81693 
    67.61272 -140.83656 
    66.90235 -140.90811 
    66.20406 -141.02835 
    65.52111 -141.19383 
    64.85616 -141.40099 
    64.21127 -141.64642 
    63.58798 -141.92691 
    62.98742 -142.23950 
    62.41043 -142.58167 
    61.85762 -142.95117 
    61.32956 -143.34616 
    60.82674 -143.76512 
    60.34976 -144.20676 
    59.89927 -144.66997 
    59.36731 -145.05161 
    58.82135 -145.44231 
    58.27138 -145.85672 
    57.72739 -146.30489 
    57.20771 -146.79781 
    56.73731 -147.34419 
    56.34355 -147.94696 
    56.05010 -148.60138 
    55.87113 -149.29515 
    55.89117 -150.02699 
    55.94356 -150.74307 
    55.97660 -151.44009 
Cell 10 100 83.51078 -138.39545 
    71.41654 -138.39545 
    71.17442 -139.17159 
    71.46043 -139.91776 
    71.84307 -140.62119 
    72.27094 -141.28134 
    72.72954 -141.89848 
    73.30629 -142.43570 
    73.87115 -142.93150 
    74.37524 -143.41776 
    74.83347 -143.90222 
    75.25774 -144.39163 
    75.65686 -144.89278 
    76.05830 -145.39378 
    76.54904 -145.80894 
    77.05203 -146.20273 
    77.56963 -146.57274 
    78.10327 -146.91632 
    78.65348 -147.23085 
    79.21996 -147.51390 
    79.80176 -147.76337 
    80.39741 -147.97742 
    81.00505 -148.15462 
    81.62257 -148.29381 
    82.24765 -148.39412 
    82.87783 -148.45584 
    83.51078 -148.47949 
    84.14423 -148.46378 
    84.77577 -148.40887 
    85.40306 -148.31512 
    86.02381 -148.18306 
    86.63582 -148.01334 
    87.23698 -147.80676 
    87.82530 -147.56427 
    88.39891 -147.28691 
    88.95605 -146.97583 
    89.49512 -146.63219 
    90.01463 -146.25725 
    90.51320 -145.85226 
    90.98956 -145.41849 
    91.44254 -144.95717 
    91.87100 -144.46950 
    92.27385 -143.95667 
    92.64997 -143.41975 
    92.99820 -142.85989 
    93.31731 -142.27812 
    93.60594 -141.67557 
    93.86260 -141.05334 
    94.08565 -140.41270 
    94.27328 -139.75507 
    94.42354 -139.08202 
    94.53436 -138.39545 
    94.60357 -137.69754 
    94.62902 -136.99089 
    94.60859 -136.27843 
    94.54031 -135.56355 
    94.42223 -134.85010 
    94.03167 -134.22993 
    93.52219 -133.68443 
    92.90512 -133.23087 
    92.35722 -132.78133 
    91.84878 -132.33754 
    91.36190 -131.90044 
    90.88541 -131.47021 
    90.41210 -131.04630 
    89.93735 -130.62706 
    89.45910 -130.20830 
    88.97432 -129.78629 
    88.48139 -129.35394 
    87.97890 -128.90019 
    87.44983 -128.44656 
    86.87463 -128.04257 
    86.27284 -127.63793 
    85.64587 -127.20291 
    84.93243 -127.14187 
    84.21706 -127.16940 
    83.51078 -127.24404 
    82.81670 -127.36330 
    82.13747 -127.52460 
    81.47535 -127.72533 
    80.83218 -127.96297 
    80.20950 -128.23512 
    79.60856 -128.53955 
    79.03042 -128.87419 
    78.47599 -129.23720 
    77.94608 -129.62689 
    77.39437 -129.97693 
    76.77439 -130.25255 
    76.31983 -130.73787 
    75.95509 -131.30019 
    75.61902 -131.86682 
    75.29836 -132.42877 
    74.95874 -132.96815 
    74.60818 -133.50119 
    74.25380 -134.03944 
    73.90129 -134.59079 
    73.55370 -135.16020 
    73.20934 -135.75049 
    72.85872 -136.36345 
    72.48044 -137.00198 
    72.03418 -137.67340 
Cell 11 100 113.57234 -146.97075 
    103.40731 -146.97075 
    103.41788 -147.60962 
    103.46928 -148.24707 
    103.56139 -148.88045 
    103.69392 -149.50710 
    103.86640 -150.12440 
    104.07819 -150.72975 
    104.32846 -151.32059 
    104.61621 -151.89442 
    104.94028 -152.44882 
    105.29934 -152.98143 
    105.69190 -153.49002 
    106.11633 -153.97241 
    106.57085 -154.42659 
    107.05354 -154.85063 
    107.56236 -155.24278 
    108.09517 -155.60139 
    108.64970 -155.92500 
    109.22361 -156.21228 
    109.81446 -156.46207 
    110.41977 -156.67337 
    111.03696 -156.84540 
    111.66346 -156.97748 
    112.29662 -157.06917 
    112.93379 -157.12019 
    113.57234 -157.13045 
    114.20963 -157.10005 
    114.84303 -157.02928 
    115.46999 -156.91861 
    116.08804 -156.76875 
    116.69478 -156.58063 
    117.28799 -156.35539 
    117.86562 -156.09442 
    118.42593 -155.79939 
    118.96750 -155.47215 
    119.48936 -155.11482 
    119.99102 -154.72960 
    120.47256 -154.31874 
    120.93460 -153.88437 
    121.37820 -153.42831 
    121.80463 -152.95186 
    122.21515 -152.45564 
    122.61044 -151.93948 
    122.99025 -151.40248 
    123.35279 -150.84309 
    123.69439 -150.25960 
    124.00928 -149.65050 
    124.28970 -149.01520 
    124.52631 -148.35455 
    124.70900 -147.67140 
    124.82787 -146.97075 
    124.87444 -146.25967 
    124.84271 -145.54697 
    124.73000 -144.84232 
    124.85886 -144.07286 
    125.04556 -143.24287 
    124.68729 -142.57002 
    123.89317 -142.11414 
    123.10294 -141.73126 
    122.62886 -141.22331 
    122.12941 -140.75368 
    121.61263 -140.31924 
    121.08440 -139.91646 
    120.54842 -139.54198 
    120.00654 -139.19315 
    119.48373 -138.83443 
    118.96726 -138.46971 
    118.43192 -138.13120 
    117.87962 -137.81734 
    117.31135 -137.52708 
    116.72717 -137.26117 
    116.12645 -137.02313 
    115.50869 -136.82004 
    114.87467 -136.66173 
    114.22740 -136.55888 
    113.57234 -136.52029 
    112.91673 -136.55017 
    112.24583 -136.47031 
    111.52547 -136.24071 
    110.76498 -136.03682 
    109.99259 -135.95341 
    109.25952 -136.07782 
    108.61797 -136.44217 
    108.09305 -137.00395 
    107.66997 -137.67010 
    107.30604 -138.34593 
    106.95681 -138.97394 
    106.59636 -139.54208 
    106.22135 -140.06770 
    105.84257 -140.57613 
    105.44861 -141.06851 
    105.08224 -141.58276 
    104.74863 -142.11987 
    104.44925 -142.67775 
    104.18547 -143.25423 
    103.95850 -143.84702 
    103.76939 -144.45378 
    103.61904 -145.07205 
    103.50822 -145.69936 
    103.43751 -146.33311 
Cell 12 100 -116.80797 -129.02261 
    -127.70712 -129.02261 
    -127.95099 -129.72368 
    -128.13947 -130.45412 
    -128.26929 -131.20898 
    -128.33784 -131.98299 
    -128.34326 -132.77066 
    -128.28415 -133.56636 
    -128.16003 -134.36449 
    -127.97088 -135.15947 
    -127.71729 -135.94588 
    -127.40025 -136.71835 
    -127.02130 -137.47182 
    -126.58228 -138.20129 
    -126.08545 -138.90213 
    -123.73988 -137.40186 
    -122.65074 -137.06450 
    -122.07084 -137.31558 
    -121.50106 -137.55931 
    -120.93465 -137.79225 
    -120.36578 -138.00861 
    -119.79404 -138.21281 
    -119.19999 -138.33891 
    -118.60575 -138.44688 
    -118.01053 -138.54182 
    -117.41189 -138.62166 
    -116.80797 -138.66422 
    -116.20065 -138.67575 
    -115.58862 -138.67482 
    -114.97076 -138.65359 
    -114.27087 -138.90398 
    -113.77511 -138.35680 
    -113.27412 -137.94810 
    -112.80651 -137.52614 
    -112.36324 -137.10754 
    -111.93374 -136.70319 
    -111.51059 -136.31383 
    -111.08779 -135.93712 
    -110.66029 -135.56921 
    -110.22416 -135.20522 
    -109.77843 -134.83797 
    -109.32123 -134.46205 
    -108.85425 -134.07021 
    -108.38290 -133.65434 
    -107.91378 -133.20790 
    -107.16599 -132.84013 
    -106.15005 -132.48558 
    -105.24846 -131.99060 
    -104.93740 -131.28705 
    -105.04074 -130.50916 
    -105.19640 -129.75316 
    -105.38733 -129.02261 
    -105.40664 -128.30530 
    -105.27595 -127.56578 
    -105.13457 -126.79579 
    -105.05282 -126.00440 
    -105.31391 -125.28797 
    -105.88323 -124.69720 
    -106.61707 -124.22713 
    -107.35683 -123.82681 
    -107.96339 -123.40968 
    -108.22630 -122.78766 
    -108.52249 -122.16827 
    -108.85800 -121.55710 
    -109.23911 -120.96260 
    -109.67133 -120.39589 
    -110.15809 -119.86983 
    -110.69985 -119.39776 
    -111.29348 -118.99180 
    -111.93230 -118.66131 
    -112.60676 -118.41157 
    -113.30551 -118.24316 
    -114.01689 -118.15209 
    -114.73020 -118.13055 
    -115.43676 -118.16839 
    -116.13050 -118.25459 
    -116.80797 -118.37882 
    -117.46794 -118.53263 
    -118.11076 -118.71001 
    -118.73752 -118.90758 
    -119.34943 -119.12425 
    -119.94731 -119.36071 
    -120.53126 -119.61867 
    -121.10063 -119.90025 
    -121.65412 -120.20749 
    -122.18994 -120.54198 
    -122.70757 -120.90251 
    -123.20531 -121.28955 
    -123.67764 -121.70716 
    -124.12267 -122.15366 
    -124.53863 -122.62726 
    -124.92388 -123.12606 
    -125.27690 -123.64806 
    -125.59630 -124.19118 
    -125.88081 -124.75326 
    -126.12933 -125.33203 
    -126.34088 -125.92519 
    -126.51455 -126.53039 
    -126.68552 -127.13837 
    -127.06961 -127.72626 
    -127.41181 -128.35548 
Cell 13 100 -85.27364 -118.77002 
    -95.44787 -118.77002 
    -95.43987 -119.40962 
    -95.39102 -120.04814 
    -95.30139 -120.68291 
    -95.17120 -121.31128 
    -95.00085 -121.93058 
    -94.79095 -122.53819 
    -94.54231 -123.13152 
    -94.25587 -123.70804 
    -93.93278 -124.26527 
    -93.57435 -124.80083 
    -93.18204 -125.31242 
    -92.75751 -125.79784 
    -92.30252 -126.25501 
    -91.81900 -126.68199 
    -91.30898 -127.07695 
    -90.77465 -127.43822 
    -90.21828 -127.76427 
    -89.64224 -128.05377 
    -89.04901 -128.30550 
    -88.44110 -128.51845 
    -87.82112 -128.69179 
    -87.19170 -128.82483 
    -86.55552 -128.91713 
    -85.91527 -128.96837 
    -85.27364 -128.97845 
    -84.63333 -128.94748 
    -83.99700 -128.87566 
    -83.36729 -128.76347 
    -82.74677 -128.61154 
    -82.13796 -128.42065 
    -81.54331 -128.19176 
    -80.96516 -127.92600 
    -80.40577 -127.62466 
    -79.85078 -127.31509 
    -79.30680 -126.98267 
    -78.78138 -126.61781 
    -78.27640 -126.22134 
    -77.79376 -125.79410 
    -77.33548 -125.33704 
    -76.90365 -124.85118 
    -76.50043 -124.33767 
    -76.12811 -123.79782 
    -75.78899 -123.23316 
    -75.48544 -122.64545 
    -75.21981 -122.03671 
    -74.99438 -121.40929 
    -74.81130 -120.76582 
    -74.67253 -120.10925 
    -74.57975 -119.44283 
    -74.53429 -118.77002 
    -74.53711 -118.09454 
    -74.58868 -117.42020 
    -74.68903 -116.75090 
    -74.83769 -116.09052 
    -75.03370 -115.44286 
    -75.27563 -114.81152 
    -75.56165 -114.19991 
    -75.82267 -113.57430 
    -76.08726 -112.94016 
    -76.39263 -112.31759 
    -76.73983 -111.71024 
    -77.12958 -111.12224 
    -77.56220 -110.55817 
    -78.03744 -110.02295 
    -78.55434 -109.52169 
    -79.11120 -109.05956 
    -79.70548 -108.64156 
    -80.33383 -108.27238 
    -80.99212 -107.95612 
    -81.67554 -107.69619 
    -82.37874 -107.49511 
    -83.09600 -107.35443 
    -83.82145 -107.27470 
    -84.54921 -107.25541 
    -85.27364 -107.29514 
    -85.98952 -107.39159 
    -86.69210 -107.54177 
    -87.37732 -107.74216 
    -88.04176 -107.98891 
    -88.68271 -108.27800 
    -89.29809 -108.60543 
    -89.84461 -109.05622 
    -90.34937 -109.53732 
    -90.80048 -110.06113 
    -91.22572 -110.57771 
    -91.62933 -111.08733 
    -92.01355 -111.59274 
    -92.38023 -112.09649 
    -92.73277 -112.59930 
    -93.09585 -113.08686 
    -93.45691 -113.57676 
    -93.80515 -114.07979 
    -94.13878 -114.59840 
    -94.44706 -115.13801 
    -94.70768 -115.70472 
    -94.93201 -116.29017 
    -95.19932 -116.87659 
    -95.34212 -117.49808 
    -95.41518 -118.13197 
Cell 14 100 -61.96209 -128.44136 
    -72.19061 -128.44136 
    -72.19968 -129.08545 
    -72.17124 -129.73108 
    -72.10413 -130.37605 
    -71.99738 -131.01799 
    -71.85030 -131.65424 
    -71.66253 -132.28203 
    -71.43407 -132.89853 
    -71.16525 -133.50084 
    -70.85670 -134.08604 
    -70.50937 -134.65132 
    -70.12446 -135.19385 
    -69.70344 -135.71097 
    -69.24800 -136.20006 
    -68.76006 -136.65869 
    -68.24173 -137.08453 
    -67.69530 -137.47545 
    -67.12323 -137.82944 
    -66.52814 -138.14471 
    -65.91280 -138.41969 
    -65.28005 -138.65298 
    -64.63289 -138.84341 
    -63.97438 -138.99011 
    -63.30764 -139.09242 
    -62.63583 -139.15004 
    -61.96209 -139.16293 
    -61.28952 -139.13164 
    -60.62084 -139.05847 
    -59.96740 -138.89789 
    -59.50072 -138.02777 
    -59.02677 -137.47537 
    -58.57859 -136.98712 
    -58.16695 -136.50645 
    -57.78897 -136.03224 
    -57.43268 -135.57858 
    -57.08850 -135.14928 
    -56.74664 -134.74576 
    -56.40381 -134.36032 
    -56.05698 -133.98663 
    -55.70260 -133.61966 
    -55.32860 -133.26088 
    -54.93339 -132.90192 
    -54.51319 -132.53644 
    -54.06555 -132.15720 
    -53.58586 -131.75775 
    -53.03021 -131.34351 
    -52.29357 -130.92383 
    -51.39558 -130.45703 
    -50.24994 -129.92094 
    -49.38764 -129.23248 
    -49.32804 -128.44136 
    -49.34885 -127.64780 
    -49.43581 -126.85892 
    -49.58816 -126.08091 
    -49.80429 -125.31977 
    -50.08176 -124.58121 
    -50.41736 -123.87048 
    -50.80723 -123.19228 
    -51.24698 -122.55067 
    -51.73180 -121.94902 
    -52.25663 -121.38993 
    -52.81631 -120.87531 
    -53.40566 -120.40633 
    -54.01967 -119.98354 
    -54.65357 -119.60688 
    -55.19603 -119.12867 
    -55.76790 -118.68087 
    -56.41440 -118.35014 
    -57.11397 -118.13857 
    -57.84058 -118.03160 
    -58.57051 -118.00313 
    -59.28727 -118.02362 
    -59.98326 -118.06796 
    -60.65780 -118.11680 
    -61.31379 -118.13695 
    -61.96209 -118.18990 
    -62.60171 -118.27493 
    -63.23712 -118.34850 
    -63.87640 -118.40620 
    -64.51624 -118.49364 
    -65.15611 -118.61120 
    -65.79505 -118.76042 
    -66.43115 -118.94413 
    -67.06118 -119.16616 
    -67.68026 -119.43097 
    -68.28191 -119.74288 
    -68.85832 -120.10526 
    -69.40099 -120.51974 
    -69.90160 -120.98566 
    -70.35301 -121.49979 
    -70.75005 -122.05654 
    -71.09012 -122.64854 
    -71.37334 -123.26749 
    -71.60222 -123.90507 
    -71.78107 -124.55376 
    -71.91510 -125.20744 
    -72.00957 -125.86160 
    -72.06905 -126.51336 
    -72.09695 -127.16103 
    -72.14529 -127.80069 
Cell 15 100 -55.77911 -107.37483 
    -66.25519 -107.37483 
    -66.14291 -108.02686 
    -66.04436 -108.67163 
    -65.93729 -109.31261 
    -65.79258 -109.94585 
    -65.61099 -110.56940 
    -65.39326 -111.18134 
    -65.14011 -111.77978 
    -64.85221 -112.36281 
    -64.53027 -112.92849 
    -64.17505 -113.47484 
    -63.78736 -113.99983 
    -63.36815 -114.50141 
    -62.91847 -114.97748 
    -62.43956 -115.42593 
    -61.93283 -115.84470 
    -61.39986 -116.23171 
    -60.84245 -116.58500 
    -60.26257 -116.90266 
    -59.66239 -117.18288 
    -59.04430 -117.42403 
    -58.41088 -117.62489 
    -57.76511 -117.78580 
    -57.10940 -117.90511 
    -56.44630 -117.97953 
    -55.77911 -118.01013 
    -55.11085 -117.99661 
    -54.44456 -117.93888 
    -53.78333 -117.83710 
    -53.13020 -117.69167 
    -52.48820 -117.50322 
    -51.86030 -117.27263 
    -51.24939 -117.00099 
    -50.65827 -116.68961 
    -50.08964 -116.34000 
    -49.54606 -115.95390 
    -49.02995 -115.53317 
    -48.54356 -115.07991 
    -48.08901 -114.59632 
    -47.66820 -114.08476 
    -47.28284 -113.54774 
    -46.87403 -113.02617 
    -46.47888 -112.48768 
    -46.11719 -111.92139 
    -45.79247 -111.32883 
    -45.50824 -110.71204 
    -45.26798 -110.07363 
    -45.07491 -109.41677 
    -44.93182 -108.74516 
    -44.84100 -108.06300 
    -44.80400 -107.37483 
    -44.82164 -106.68545 
    -44.89387 -105.99971 
    -45.01985 -105.32240 
    -45.19792 -104.65804 
    -45.42574 -104.01082 
    -45.70041 -103.38439 
    -46.01862 -102.78189 
    -46.37679 -102.20586 
    -46.77126 -101.65827 
    -46.74810 -100.81342 
    -46.27472 -99.51212 
    -47.70799 -99.79554 
    -48.64272 -99.77534 
    -49.16882 -99.38436 
    -49.66175 -98.95500 
    -50.14952 -98.50401 
    -50.66242 -98.06760 
    -51.20129 -97.64645 
    -51.76725 -97.24203 
    -52.36156 -96.85670 
    -52.98536 -96.49386 
    -53.63939 -96.15800 
    -54.32378 -95.85471 
    -55.03770 -95.59047 
    -55.77911 -95.37246 
    -56.54457 -95.20819 
    -57.32914 -95.10511 
    -58.12637 -95.07011 
    -58.92844 -95.10904 
    -59.72642 -95.22627 
    -60.51066 -95.42432 
    -61.27119 -95.70357 
    -61.99829 -96.06219 
    -62.68295 -96.49614 
    -63.31733 -96.99937 
    -63.89520 -97.56418 
    -64.41212 -98.18162 
    -64.86562 -98.84203 
    -65.25516 -99.53557 
    -65.58194 -100.25266 
    -65.84868 -100.98450 
    -66.05920 -101.72330 
    -66.21809 -102.46262 
    -66.33022 -103.19736 
    -66.40044 -103.92376 
    -66.43320 -104.63933 
    -66.43236 -105.34262 
    -66.40102 -106.03297 
    -66.34148 -106.71030 
Cell 16 100 -33.94584 -127.09223 
    -44.89785 -127.09223 
    -44.80581 -127.77548 
    -44.66231 -128.44603 
    -44.47218 -129.10023 
    -44.24889 -129.73761 
    -44.15294 -130.40871 
    -43.98691 -131.06776 
    -43.33987 -131.51273 
    -42.83590 -131.97958 
    -42.37421 -132.44104 
    -41.92625 -132.89034 
    -41.49007 -133.33336 
    -41.06242 -133.77515 
    -40.63926 -134.22000 
    -40.21590 -134.67143 
    -39.78228 -135.12540 
    -39.32062 -135.56152 
    -38.86169 -136.03412 
    -38.37420 -136.50298 
    -37.84078 -136.92972 
    -37.26574 -137.30981 
    -36.65490 -137.64330 
    -36.01282 -137.92769 
    -35.34345 -138.15546 
    -34.65282 -138.32925 
    -33.94584 -138.44455 
    -33.22863 -138.49193 
    -32.50834 -138.47127 
    -31.79193 -138.38347 
    -31.08591 -138.23096 
    -30.39729 -138.01355 
    -29.73607 -137.72491 
    -29.09941 -137.39143 
    -28.49053 -137.01540 
    -27.91243 -136.59938 
    -27.36780 -136.14613 
    -26.85909 -135.65865 
    -26.38847 -135.14001 
    -25.95779 -134.59351 
    -25.56859 -134.02251 
    -25.22209 -133.43042 
    -24.91920 -132.82071 
    -24.66053 -132.19687 
    -24.58048 -131.49924 
    -24.58320 -130.79915 
    -24.48340 -130.16676 
    -24.35312 -129.55522 
    -24.25781 -128.94032 
    -24.20929 -128.32224 
    -24.18427 -127.70638 
    -24.15911 -127.09223 
    -24.13066 -126.47472 
    -24.10825 -125.84946 
    -24.13454 -125.22063 
    -24.18774 -124.58678 
    -24.31663 -123.96351 
    -24.48315 -123.34569 
    -24.67489 -122.72965 
    -24.89079 -122.11417 
    -25.13091 -121.49810 
    -25.39661 -120.88085 
    -25.69076 -120.26303 
    -26.01751 -119.64703 
    -26.38203 -119.03759 
    -26.78978 -118.44203 
    -27.24567 -117.87023 
    -27.75318 -117.33415 
    -28.31343 -116.84692 
    -28.92464 -116.42164 
    -29.58184 -116.07002 
    -30.27712 -115.80106 
    -31.00027 -115.62000 
    -31.73980 -115.52775 
    -32.48404 -115.52090 
    -33.22233 -115.59230 
    -33.94584 -115.73199 
    -34.64820 -115.92856 
    -35.32559 -116.17044 
    -35.97651 -116.44709 
    -36.60131 -116.74985 
    -37.20435 -117.06358 
    -37.78265 -117.40157 
    -38.33625 -117.76213 
    -38.87532 -118.12556 
    -39.45982 -118.40359 
    -40.03369 -118.71303 
    -40.59523 -119.05450 
    -41.14215 -119.42894 
    -41.67138 -119.83747 
    -42.17902 -120.28115 
    -42.66037 -120.76077 
    -43.11000 -121.27648 
    -43.52208 -121.82765 
    -43.89060 -122.41259 
    -44.20985 -123.02843 
    -44.47480 -123.67117 
    -44.68148 -124.33578 
    -44.82734 -125.01647 
    -44.91137 -125.70696 
    -44.93417 -126.40091 
Cell 17 100 -14.39298 -127.91283 
    -24.19266 -127.91283 
    -24.22572 -128.53145 
    -24.29239 -129.16342 
    -24.41033 -129.82373 
    -24.53881 -130.51784 
    -24.58155 -131.22330 
    -24.38597 -131.86932 
    -24.11462 -132.48749 
    -23.80360 -133.08636 
    -23.45467 -133.66354 
    -23.06964 -134.21678 
    -22.65043 -134.74397 
    -22.19902 -135.24318 
    -21.71742 -135.71257 
    -21.20771 -136.15042 
    -20.67199 -136.55515 
    -20.11244 -136.92525 
    -19.53127 -137.25934 
    -18.93078 -137.55614 
    -18.31333 -137.81448 
    -17.68130 -138.03323 
    -17.03707 -138.21086 
    -16.38200 -138.33961 
    -15.71308 -138.36250 
    -15.02782 -138.00336 
    -14.39298 -137.73987 
    -13.78425 -137.58838 
    -13.18758 -137.45456 
    -12.59483 -137.33907 
    -11.99829 -137.23953 
    -11.39120 -137.15135 
    -10.77007 -137.06326 
    -10.09985 -137.03618 
    -9.35073 -137.08466 
    -8.79669 -136.73119 
    -8.26794 -136.34322 
    -7.76667 -135.92265 
    -7.29490 -135.47151 
    -6.85452 -134.99191 
    -6.44721 -134.48615 
    -6.07451 -133.95656 
    -5.73772 -133.40562 
    -5.43802 -132.83586 
    -5.17635 -132.24985 
    -4.95347 -131.65019 
    -4.76994 -131.03954 
    -4.62618 -130.42052 
    -4.50170 -129.79968 
    -4.38580 -129.17703 
    -4.30509 -128.54750 
    -4.25959 -127.91283 
    -4.24933 -127.27464 
    -4.27443 -126.63456 
    -4.33513 -125.99419 
    -4.43184 -125.35524 
    -4.56515 -124.71957 
    -4.73577 -124.08926 
    -4.94454 -123.46673 
    -5.19231 -122.85471 
    -5.47985 -122.25639 
    -5.80773 -121.67528 
    -6.17618 -121.11530 
    -6.58495 -120.58060 
    -7.03321 -120.07546 
    -7.51947 -119.60418 
    -8.04154 -119.17082 
    -8.59654 -118.77910 
    -9.18095 -118.43217 
    -9.79072 -118.13253 
    -10.29017 -117.55031 
    -10.58932 -116.20636 
    -11.39961 -116.25439 
    -12.28093 -116.84105 
    -12.98549 -116.77136 
    -13.69559 -116.82810 
    -14.39298 -116.98666 
    -15.06618 -117.21259 
    -15.71192 -117.47235 
    -16.33322 -117.74172 
    -16.95021 -117.95309 
    -17.55577 -118.17876 
    -18.14489 -118.43658 
    -18.71631 -118.72529 
    -19.26879 -119.04377 
    -19.80104 -119.39109 
    -20.31172 -119.76639 
    -20.82318 -120.14005 
    -21.33922 -120.51584 
    -21.83322 -120.92598 
    -22.30241 -121.36958 
    -22.74396 -121.84549 
    -23.15508 -122.35223 
    -23.53305 -122.88803 
    -23.87530 -123.45079 
    -24.17664 -124.03921 
    -24.17535 -124.73434 
    -24.12646 -125.41370 
    -24.11572 -126.05812 
    -24.14018 -126.68147 
    -24.16753 -127.29786 
Cell 18 100 11.65567 -129.23978 
    1.51354 -129.23978 
    1.52709 -129.87701 
    1.58125 -130.51247 
    1.67585 -131.14352 
    1.81056 -131.76758 
    1.98488 -132.38200 
    2.19813 -132.98428 
    2.44946 -133.57188 
    2.73787 -134.14238 
    3.06218 -134.69337 
    3.42105 -135.22258 
    3.81299 -135.72780 
    4.23639 -136.20694 
    4.68948 -136.65802 
    5.17037 -137.07916 
    5.67704 -137.46866 
    6.20737 -137.82492 
    6.75915 -138.14650 
    7.33006 -138.43214 
    7.91773 -138.68073 
    8.51970 -138.89128 
    9.13348 -139.06306 
    9.75651 -139.19550 
    10.38626 -139.28819 
    11.02015 -139.34097 
    11.65567 -139.35385 
    12.29031 -139.32710 
    12.92167 -139.26118 
    13.54744 -139.15681 
    14.16549 -139.01491 
    14.77388 -138.83665 
    15.37093 -138.62346 
    15.95536 -138.37709 
    16.52631 -138.09946 
    17.08278 -137.79153 
    17.62298 -137.45308 
    18.14672 -137.08611 
    18.65550 -136.69385 
    19.14968 -136.27711 
    19.44090 -135.68030 
    19.72147 -135.09993 
    19.98994 -134.52887 
    20.25257 -133.96597 
    20.51524 -133.40877 
    20.78221 -132.85323 
    21.05795 -132.29477 
    21.34614 -131.72786 
    21.68199 -131.15240 
    22.10218 -130.55948 
    22.60827 -129.92885 
    23.19370 -129.23978 
    23.42478 -128.49933 
    23.42989 -127.75235 
    23.36177 -127.00671 
    23.21846 -126.27096 
    22.99558 -125.55521 
    22.62904 -124.89511 
    22.04829 -124.34938 
    21.44791 -123.85644 
    20.81760 -123.42544 
    20.23049 -123.00980 
    19.67416 -122.60631 
    19.16332 -122.18962 
    18.67229 -121.76783 
    18.17723 -121.35656 
    17.67586 -120.95369 
    17.16678 -120.55565 
    16.64879 -120.15731 
    16.12192 -119.74851 
    15.50238 -119.52409 
    14.87192 -119.34117 
    14.23400 -119.19781 
    13.59112 -119.09380 
    12.94561 -119.02879 
    12.30014 -118.99616 
    11.65567 -118.94362 
    11.00719 -118.93257 
    10.35756 -118.96419 
    9.70984 -119.03941 
    9.06734 -119.15890 
    8.43349 -119.32294 
    7.81186 -119.53143 
    7.20599 -119.78374 
    6.61937 -120.07880 
    6.05532 -120.41504 
    5.51688 -120.79047 
    5.00680 -121.20268 
    4.52744 -121.64899 
    4.08077 -122.12647 
    3.66834 -122.63209 
    3.29135 -123.16274 
    2.95065 -123.71541 
    2.64680 -124.28711 
    2.38015 -124.87505 
    2.14504 -125.47426 
    1.94533 -126.08470 
    1.78447 -126.70528 
    1.66254 -127.33349 
    1.57955 -127.96687 
    1.53539 -128.60306 
Cell 19 100 25.64096 -114.73981 
    14.44911 -114.73981 
    14.50564 -115.44039 
    14.61341 -116.13292 
    14.77053 -116.81346 
    14.97473 -117.47844 
    15.22345 -118.12466 
    15.51391 -118.74940 
    15.84348 -119.35016 
    16.29122 -119.87988 
    16.85477 -120.31570 
    17.39286 -120.73241 
    17.90607 -121.13867 
    18.39882 -121.54064 
    18.87649 -121.94324 
    19.35118 -122.34285 
    19.83884 -122.72575 
    20.34239 -123.08902 
    20.85277 -123.44949 
    21.37459 -123.80630 
    21.88828 -124.21800 
    22.40861 -124.68797 
    23.01393 -124.97141 
    23.65944 -125.12728 
    24.31444 -125.24025 
    24.97596 -125.30968 
    25.64096 -125.33518 
    26.30639 -125.31659 
    26.96920 -125.25396 
    27.62635 -125.14758 
    28.27481 -124.99798 
    28.91162 -124.80587 
    29.53388 -124.57221 
    30.13879 -124.29819 
    30.72363 -123.98515 
    31.28580 -123.63467 
    31.82288 -123.24850 
    32.33254 -122.82855 
    32.81268 -122.37692 
    33.26136 -121.89585 
    33.67688 -121.38771 
    34.05776 -120.85498 
    34.40282 -120.30026 
    34.71114 -119.72619 
    34.98217 -119.13545 
    35.21568 -118.53072 
    35.41182 -117.91456 
    35.57113 -117.28945 
    35.69445 -116.65762 
    35.78293 -116.02104 
    35.83786 -115.38135 
    35.86057 -114.73981 
    35.85224 -114.09737 
    35.81367 -113.45470 
    35.74514 -112.81234 
    35.64619 -112.17091 
    35.51555 -111.53136 
    35.35116 -110.89527 
    35.15029 -110.26507 
    34.90981 -109.64422 
    34.62688 -109.03718 
    34.39327 -108.38089 
    34.13618 -107.71196 
    33.84351 -107.03711 
    33.50727 -106.36304 
    33.11939 -105.69995 
    32.67287 -105.06121 
    32.16301 -104.46271 
    31.58834 -103.92157 
    30.95137 -103.45462 
    30.25874 -103.07664 
    29.52084 -102.79877 
    28.75093 -102.62726 
    27.96384 -102.56284 
    27.17449 -102.60068 
    26.39648 -102.73111 
    25.64096 -102.94086 
    24.91585 -103.21462 
    24.22568 -103.53671 
    23.57174 -103.89261 
    22.95279 -104.27010 
    22.36582 -104.65998 
    21.80020 -105.03916 
    21.17181 -105.24240 
    20.55244 -105.48383 
    19.94464 -105.76386 
    19.35127 -106.08280 
    18.77539 -106.44077 
    18.22033 -106.83765 
    17.68962 -107.27302 
    17.18694 -107.74604 
    16.71603 -108.25548 
    16.28064 -108.79958 
    15.88443 -109.37611 
    15.53080 -109.98234 
    15.22290 -110.61501 
    14.96342 -111.27048 
    14.75458 -111.94466 
    14.59801 -112.63326 
    14.49475 -113.33172 
    14.44520 -114.03544 
Cell 20 100 55.29445 -114.47508 
    45.22022 -114.47508 
    45.23432 -115.10801 
    45.28830 -115.73915 
    45.38203 -116.36597 
    45.51524 -116.98595 
    45.68748 -117.59657 
    45.89812 -118.19535 
    46.14638 -118.77983 
    46.43131 -119.34763 
    46.75179 -119.89642 
    47.10658 -120.42392 
    47.49424 -120.92797 
    47.91322 -121.40651 
    48.36182 -121.85758 
    48.83823 -122.27931 
    49.34052 -122.66996 
    49.86664 -123.02793 
    50.41444 -123.35177 
    50.98168 -123.64017 
    51.56604 -123.89196 
    52.16512 -124.10615 
    52.77649 -124.28189 
    53.39763 -124.41854 
    54.02604 -124.51558 
    54.65916 -124.57269 
    55.29445 -124.58972 
    55.92936 -124.56670 
    56.56137 -124.50382 
    57.18800 -124.40144 
    57.80680 -124.26008 
    58.35910 -123.90712 
    58.85935 -123.47900 
    59.36113 -123.11723 
    59.85209 -122.76540 
    60.33255 -122.41386 
    60.80270 -122.05654 
    61.26295 -121.68977 
    61.71407 -121.31129 
    62.15759 -120.92001 
    62.59604 -120.51548 
    63.03308 -120.09753 
    63.47632 -119.66747 
    63.93830 -119.22707 
    64.45751 -118.78690 
    64.74795 -118.21799 
    64.98091 -117.62241 
    65.23074 -117.02629 
    65.50799 -116.42342 
    65.78894 -115.80084 
    66.06547 -115.15274 
    66.31831 -114.47508 
    66.51842 -113.76893 
    66.63227 -113.04279 
    66.63016 -112.31268 
    66.49478 -111.59933 
    66.22661 -110.92300 
    65.84396 -110.29823 
    65.37766 -109.73029 
    64.93375 -109.17583 
    64.78860 -108.44991 
    64.59882 -107.71506 
    64.35056 -106.98322 
    64.03075 -106.27115 
    63.62951 -105.59914 
    63.14223 -104.98874 
    62.57082 -104.46001 
    61.92400 -104.02858 
    61.21621 -103.70344 
    60.46568 -103.48565 
    59.69184 -103.36854 
    58.91275 -103.33910 
    58.14310 -103.38032 
    57.39301 -103.47401 
    56.67093 -103.57905 
    55.97906 -103.59346 
    55.29445 -103.65415 
    54.62020 -103.75825 
    53.95887 -103.90291 
    53.31250 -104.08537 
    52.68272 -104.30310 
    52.07085 -104.55387 
    51.47796 -104.83575 
    50.90503 -105.14711 
    50.35299 -105.48661 
    49.82278 -105.85313 
    49.31543 -106.24568 
    48.83206 -106.66341 
    48.37389 -107.10544 
    47.94222 -107.57088 
    47.53843 -108.05875 
    47.16394 -108.56792 
    46.82017 -109.09715 
    46.50186 -109.64132 
    46.21255 -110.20147 
    45.95823 -110.77862 
    45.74003 -111.37067 
    45.55892 -111.97543 
    45.41576 -112.59062 
    45.31125 -113.21391 
    45.24594 -113.84289 
Cell 21 100 66.21294 -130.01945 
    56.20422 -130.01945 
    56.22532 -130.64783 
    56.28151 -131.27408 
    56.31627 -131.90735 
    56.39444 -132.54042 
    56.51538 -133.17038 
    56.67146 -133.79720 
    56.87223 -134.41486 
    57.11771 -135.01959 
    57.40269 -135.61061 
    57.72685 -136.18495 
    58.08958 -136.73969 
    58.48987 -137.27190 
    58.92652 -137.77870 
    59.39796 -138.25734 
    59.90242 -138.70514 
    60.43783 -139.11957 
    61.00191 -139.49826 
    61.59219 -139.83904 
    62.20599 -140.13985 
    62.84061 -140.39839 
    63.49799 -140.59348 
    64.17352 -140.71043 
    64.85339 -140.78131 
    65.53417 -140.80812 
    66.21294 -140.79655 
    66.88921 -140.76846 
    67.56618 -140.73148 
    68.24831 -140.68925 
    68.93584 -140.62448 
    69.60185 -140.44946 
    70.24941 -140.21443 
    70.87858 -139.93445 
    71.19974 -139.09041 
    71.48082 -138.32030 
    71.89342 -137.83797 
    72.26167 -137.33113 
    72.59243 -136.81294 
    72.89712 -136.29633 
    73.18725 -135.78911 
    73.47477 -135.29549 
    73.76585 -134.81267 
    74.06432 -134.33578 
    74.37255 -133.85909 
    74.69053 -133.37598 
    75.01468 -132.87932 
    75.33647 -132.36197 
    75.64729 -131.81915 
    75.98507 -131.25397 
    76.39285 -130.65991 
    76.58379 -130.01945 
    76.55547 -129.36876 
    76.51719 -128.71773 
    76.44554 -128.06747 
    76.33091 -127.42160 
    76.17285 -126.78328 
    75.97123 -126.15588 
    75.72627 -125.54282 
    75.43861 -124.94760 
    75.10930 -124.37365 
    74.73984 -123.82430 
    74.33215 -123.30266 
    73.88853 -122.81160 
    73.41161 -122.35364 
    72.90434 -121.93095 
    72.36980 -121.54527 
    71.84692 -121.14172 
    71.36715 -120.64397 
    70.85837 -120.14741 
    70.31281 -119.66437 
    69.72385 -119.21399 
    69.08837 -118.82038 
    68.40866 -118.50906 
    67.69315 -118.30239 
    66.95560 -118.21508 
    66.21294 -118.25107 
    65.48207 -118.40269 
    64.77695 -118.65247 
    64.12413 -119.06953 
    63.53953 -119.60721 
    62.99953 -120.12961 
    62.48911 -120.61414 
    61.99752 -121.06123 
    61.51664 -121.47693 
    61.03967 -121.86770 
    60.56100 -122.24023 
    60.07620 -122.60142 
    59.58241 -122.95866 
    59.07924 -123.32047 
    58.58780 -123.71140 
    58.08475 -124.11398 
    57.75122 -124.64949 
    57.43368 -125.19302 
    57.14936 -125.75446 
    56.90062 -126.33245 
    56.68857 -126.92480 
    56.51412 -127.52922 
    56.37800 -128.14334 
    56.28075 -128.76472 
    56.22275 -129.39093 
Cell 22 100 78.25283 -101.16821 
    66.11951 -101.16821 
    66.13903 -101.93035 
    66.23277 -102.68670 
    66.39809 -103.42963 
    66.63078 -104.15225 
    66.92538 -104.84872 
    67.27558 -105.51441 
    67.67455 -106.14597 
    68.11542 -106.74130 
    68.59156 -107.29944 
    69.09694 -107.82036 
    69.62628 -108.30471 
    70.17520 -108.75361 
    70.74023 -109.16831 
    71.31876 -109.55006 
    71.90893 -109.89985 
    72.50943 -110.21836 
    73.11942 -110.50584 
    73.73827 -110.76215 
    74.36539 -110.98676 
    75.00019 -111.17880 
    75.64188 -111.33721 
    76.28942 -111.46078 
    76.94152 -111.54829 
    77.59661 -111.59854 
    78.25283 -111.61695 
    78.90925 -111.60166 
    79.56353 -111.54345 
    80.21276 -111.44254 
    80.85406 -111.29936 
    81.48460 -111.11456 
    82.10154 -110.88895 
    82.70219 -110.62358 
    83.28389 -110.31968 
    83.84410 -109.97865 
    84.38039 -109.60208 
    84.89046 -109.19173 
    85.37215 -108.74953 
    85.82346 -108.27751 
    86.24259 -107.77792 
    86.62800 -107.25313 
    86.97850 -106.70569 
    87.29350 -106.13837 
    87.57333 -105.55411 
    87.81975 -104.95602 
    88.03654 -104.34714 
    88.23021 -103.72997 
    88.41016 -103.10583 
    88.58816 -102.47387 
    88.77647 -101.83031 
    88.98442 -101.16821 
    89.21391 -100.47860 
    89.45494 -99.75306 
    89.68307 -98.98778 
    89.86072 -98.18781 
    89.94294 -97.36987 
    89.88721 -96.56184 
    89.66415 -95.79845 
    89.26587 -95.11375 
    88.70861 -94.53278 
    88.02886 -94.06551 
    87.27416 -93.70512 
    86.76738 -93.17252 
    86.35554 -92.53970 
    85.89629 -91.92886 
    85.38928 -91.34573 
    84.83498 -90.79639 
    84.23470 -90.28722 
    83.59075 -89.82455 
    82.90643 -89.41456 
    82.18607 -89.06297 
    81.43491 -88.77484 
    80.65904 -88.55440 
    79.86523 -88.40477 
    79.06067 -88.32796 
    78.25283 -88.32465 
    77.44917 -88.39428 
    76.65689 -88.53503 
    75.88277 -88.74393 
    75.13293 -89.01700 
    74.41267 -89.34944 
    73.72643 -89.73584 
    73.07765 -90.17040 
    72.46884 -90.64718 
    71.90159 -91.16026 
    71.37668 -91.70400 
    70.89417 -92.27311 
    70.45355 -92.86283 
    70.05394 -93.46894 
    69.69415 -94.08786 
    69.37289 -94.71656 
    68.88936 -95.22598 
    68.38712 -95.74449 
    67.91704 -96.30456 
    67.48646 -96.90551 
    67.10291 -97.54539 
    66.77377 -98.22089 
    66.50580 -98.92735 
    66.30476 -99.65882 
    66.17506 -100.40835 
Cell 23 100 96.05167 -124.24086 
    84.48197 -124.24086 
    84.65106 -124.95812 
    84.86954 -125.65349 
    85.13015 -126.32425 
    85.42619 -126.96902 
    86.05715 -127.48828 
    86.71713 -127.93667 
    87.31514 -128.35196 
    87.82164 -128.76535 
    88.28053 -129.17256 
    88.72275 -129.56563 
    89.15659 -129.94496 
    89.58221 -130.31610 
    90.00146 -130.68369 
    90.41763 -131.05125 
    90.83321 -131.42346 
    91.25310 -131.80220 
    91.68253 -132.18829 
    92.12727 -132.58061 
    92.59351 -132.97519 
    93.08717 -133.36467 
    93.60438 -133.77243 
    94.11954 -134.36946 
    94.71854 -134.79367 
    95.38191 -134.88643 
    96.05167 -134.93481 
    96.72470 -134.93834 
    97.39781 -134.89667 
    98.06780 -134.80977 
    98.73145 -134.67789 
    99.38554 -134.50146 
    100.02692 -134.28120 
    100.65247 -134.01805 
    101.25915 -133.71323 
    101.84401 -133.36812 
    102.40424 -132.98442 
    102.93717 -132.56400 
    103.44026 -132.10890 
    103.91116 -131.62141 
    104.34770 -131.10393 
    104.74792 -130.55905 
    105.11006 -129.98949 
    105.43260 -129.39807 
    105.71425 -128.78772 
    105.95394 -128.16144 
    106.15086 -127.52229 
    106.30444 -126.87332 
    106.41438 -126.21765 
    106.48061 -125.55834 
    106.50333 -124.89842 
    106.48296 -124.24086 
    106.42021 -123.58852 
    106.31600 -122.94418 
    106.17149 -122.31040 
    105.98808 -121.68962 
    105.76735 -121.08405 
    105.51106 -120.49562 
    105.22118 -119.92602 
    104.89970 -119.37661 
    104.54878 -118.84843 
    104.17050 -118.34219 
    103.76692 -117.85825 
    103.34136 -117.39539 
    102.89715 -116.95117 
    102.42591 -116.53573 
    101.93474 -116.14352 
    101.42854 -115.76826 
    100.90443 -115.41373 
    100.36242 -115.08007 
    99.80229 -114.76787 
    99.22369 -114.47840 
    98.62623 -114.21362 
    98.00975 -113.97627 
    97.37447 -113.76987 
    96.72123 -113.59855 
    96.05167 -113.46700 
    95.36837 -113.38010 
    94.67492 -113.34274 
    93.97593 -113.35944 
    93.27694 -113.43399 
    92.58424 -113.56921 
    91.90462 -113.76661 
    91.24505 -114.02625 
    90.61230 -114.34669 
    90.01268 -114.72493 
    89.45162 -115.15667 
    88.92648 -115.62798 
    88.28857 -115.97400 
    87.67015 -116.37009 
    87.07948 -116.81841 
    86.52555 -117.31973 
    86.01762 -117.87306 
    85.56460 -118.47554 
    85.17445 -119.12243 
    84.85368 -119.80727 
    84.60682 -120.52220 
    84.43615 -121.25850 
    84.34161 -122.00705 
    84.32087 -122.75892 
    84.36961 -123.50589 
Cell 24 100 -101.21481 -108.17947 
    -111.39735 -108.17947 
    -111.38813 -108.81952 
    -111.33801 -109.45832 
    -111.24705 -110.09322 
    -111.11553 -110.72154 
    -110.94394 -111.34065 
    -110.73293 -111.94795 
    -110.48332 -112.54089 
    -110.19615 -113.11700 
    -109.87260 -113.67387 
    -109.51402 -114.20920 
    -109.12192 -114.72080 
    -108.69796 -115.20661 
    -108.24393 -115.66473 
    -107.76176 -116.09337 
    -107.25344 -116.49094 
    -106.72111 -116.85600 
    -106.16692 -117.18732 
    -105.59311 -117.48383 
    -105.00192 -117.74464 
    -104.39564 -117.96906 
    -103.77649 -118.15657 
    -103.14670 -118.30679 
    -102.50843 -118.41953 
    -101.86378 -118.49467 
    -101.21481 -118.53223 
    -100.56346 -118.53230 
    -99.91165 -118.49501 
    -99.26122 -118.42054 
    -98.61397 -118.30907 
    -97.97169 -118.16074 
    -97.33621 -117.97568 
    -96.70937 -117.75399 
    -96.09315 -117.49574 
    -95.48958 -117.20097 
    -95.08237 -116.62003 
    -94.79685 -115.93743 
    -94.52374 -115.30474 
    -94.22277 -114.74543 
    -93.90150 -114.22956 
    -93.56706 -113.73588 
    -93.21890 -113.25382 
    -92.86127 -112.77187 
    -92.50687 -112.27711 
    -92.14338 -111.77110 
    -91.75530 -111.25304 
    -91.33532 -110.71609 
    -90.87516 -110.15186 
    -90.36084 -109.55064 
    -89.66280 -108.90626 
    -89.16717 -108.17947 
    -88.91978 -107.40593 
    -88.88618 -106.62200 
    -89.08864 -105.86628 
    -89.50420 -105.17269 
    -90.07285 -104.55922 
    -90.71844 -104.02366 
    -91.16431 -103.45007 
    -91.01805 -102.57375 
    -90.79382 -101.56611 
    -92.41002 -101.78242 
    -92.89062 -101.29310 
    -93.39802 -100.83901 
    -93.92887 -100.42074 
    -94.48005 -100.03854 
    -95.04865 -99.69249 
    -95.63203 -99.38241 
    -96.22778 -99.10809 
    -96.83372 -98.86920 
    -97.44794 -98.66546 
    -98.06865 -98.49659 
    -98.69421 -98.36237 
    -99.32307 -98.26267 
    -99.94495 -98.12749 
    -100.57403 -97.99458 
    -101.21481 -97.87003 
    -101.87082 -97.75247 
    -102.54539 -97.64683 
    -103.23945 -97.56590 
    -103.94917 -97.52980 
    -104.66441 -97.56268 
    -105.36899 -97.68720 
    -106.04330 -97.91840 
    -106.66855 -98.25915 
    -107.23135 -98.69891 
    -107.72682 -99.21645 
    -108.15910 -99.78526 
    -108.53908 -100.37991 
    -108.88053 -100.98087 
    -109.19603 -101.57683 
    -109.49415 -102.16418 
    -109.77843 -102.74483 
    -110.04804 -103.32336 
    -110.34613 -103.88259 
    -110.61104 -104.45924 
    -110.83928 -105.05228 
    -111.02975 -105.65942 
    -111.18151 -106.27821 
    -111.29375 -106.90620 
    -111.36584 -107.54082 
