105 25 
Cell 0 100 -122.69527 -143.73344 
    -132.69537 -143.73344 
    -132.67563 -144.36136 
    -132.61650 -144.98679 
    -132.51820 -145.60727 
    -132.38115 -146.22035 
    -132.20587 -146.82362 
    -131.99306 -147.41469 
    -131.75021 -147.99437 
    -131.47990 -148.56284 
    -131.17789 -149.11668 
    -130.84076 -149.65149 
    -130.46968 -150.16499 
    -130.06592 -150.65494 
    -129.63095 -151.11919 
    -129.16638 -151.55566 
    -128.67395 -151.96240 
    -128.15559 -152.33752 
    -127.61330 -152.67931 
    -127.04926 -152.98615 
    -126.46574 -153.25656 
    -125.86513 -153.48926 
    -125.24990 -153.68306 
    -124.62263 -153.83701 
    -123.98596 -153.95029 
    -123.34259 -154.02228 
    -122.69527 -154.05254 
    -122.04679 -154.04083 
    -121.39993 -153.98712 
    -120.75751 -153.89154 
    -120.12232 -153.75444 
    -119.49712 -153.57635 
    -118.88463 -153.35803 
    -118.28752 -153.10039 
    -117.70840 -152.80455 
    -117.14976 -152.47179 
    -116.61402 -152.10358 
    -116.10349 -151.70154 
    -115.62034 -151.26749 
    -115.16663 -150.80331 
    -114.74424 -150.31111 
    -114.35493 -149.79306 
    -114.00031 -149.25143 
    -113.68176 -148.68867 
    -113.40052 -148.10722 
    -113.15769 -147.50964 
    -112.93018 -146.90631 
    -112.73096 -146.29184 
    -112.56583 -145.66574 
    -112.43491 -145.02963 
    -112.33829 -144.38506 
    -112.37289 -143.73344 
    -112.81023 -143.11154 
    -113.15472 -142.52818 
    -113.44512 -141.96887 
    -113.70229 -141.42444 
    -113.94071 -140.88892 
    -114.17105 -140.35847 
    -114.39777 -139.82893 
    -114.63151 -139.30035 
    -114.87801 -138.77246 
    -115.13835 -138.24301 
    -115.41435 -137.71014 
    -115.70974 -137.17360 
    -116.02736 -136.63283 
    -116.39481 -136.11749 
    -116.78370 -135.59686 
    -117.15942 -135.01033 
    -117.43597 -134.16681 
    -117.86625 -133.47125 
    -118.57230 -133.31999 
    -119.29754 -133.27631 
    -119.98726 -133.18642 
    -120.66268 -133.07822 
    -121.33316 -132.95119 
    -122.00608 -132.77893 
    -122.69527 -132.50899 
    -123.42042 -132.20760 
    -124.19627 -131.85191 
    -124.97467 -131.78441 
    -125.67870 -132.11377 
    -126.35007 -132.48514 
    -126.94729 -132.99408 
    -127.44070 -133.64890 
    -127.88197 -134.29887 
    -128.39537 -134.75153 
    -128.89343 -135.20242 
    -129.48892 -135.52133 
    -130.28253 -135.65382 
    -130.28148 -136.60953 
    -130.58488 -137.20660 
    -130.93256 -137.74872 
    -131.24991 -138.30450 
    -131.53664 -138.87286 
    -131.79225 -139.45274 
    -132.01619 -140.04303 
    -132.20776 -140.64265 
    -132.38126 -141.24651 
    -132.51828 -141.85960 
    -132.61655 -142.48010 
    -132.67566 -143.10553 
Cell 1 100 -105.70761 -136.28122 
    -116.27807 -136.28122 
    -115.85876 -136.91988 
    -115.51868 -137.52065 
    -115.21508 -138.09486 
    -114.93769 -138.65111 
    -114.67999 -139.19652 
    -114.43805 -139.73784 
    -114.20479 -140.27968 
    -113.96928 -140.82312 
    -113.72646 -141.37013 
    -113.46834 -141.91971 
    -113.18603 -142.46790 
    -112.87120 -143.00829 
    -112.51540 -143.53079 
    -112.09779 -144.00563 
    -111.59875 -144.38968 
    -111.07945 -144.74588 
    -110.53862 -145.06879 
    -109.97839 -145.35707 
    -109.40096 -145.60956 
    -108.80865 -145.82521 
    -108.20378 -146.00317 
    -107.58878 -146.14267 
    -106.96609 -146.24315 
    -106.33820 -146.30418 
    -105.70761 -146.32550 
    -105.07684 -146.30702 
    -104.44842 -146.24876 
    -103.82485 -146.15099 
    -103.20864 -146.01405 
    -102.60226 -145.83850 
    -102.00813 -145.62505 
    -101.42863 -145.37451 
    -100.86610 -145.08791 
    -100.32277 -144.76637 
    -99.80082 -144.41122 
    -99.30235 -144.02385 
    -98.82933 -143.60585 
    -98.38367 -143.15886 
    -97.96713 -142.68471 
    -97.57893 -142.18706 
    -97.21526 -141.67062 
    -96.88062 -141.13390 
    -96.72888 -140.50629 
    -96.71436 -139.84190 
    -96.66849 -139.21822 
    -96.62984 -138.61200 
    -96.60242 -138.01813 
    -96.58879 -137.43320 
    -96.59104 -136.85478 
    -96.60697 -136.28122 
    -96.63993 -135.71072 
    -96.65740 -135.13791 
    -96.66857 -134.55693 
    -96.69074 -133.96608 
    -96.72659 -133.36311 
    -96.77137 -132.74310 
    -96.82204 -132.09999 
    -96.87234 -131.42398 
    -96.90158 -130.69275 
    -96.82439 -129.82719 
    -97.15260 -129.20390 
    -97.65398 -128.71835 
    -98.19507 -128.28117 
    -98.76819 -127.89290 
    -99.36583 -127.55251 
    -99.98114 -127.25775 
    -100.60831 -127.00563 
    -101.24273 -126.79287 
    -101.88103 -126.61637 
    -102.52090 -126.47353 
    -103.11581 -126.18680 
    -103.72849 -125.90631 
    -104.36782 -125.67571 
    -105.03061 -125.52055 
    -105.70761 -125.46173 
    -106.38538 -125.50843 
    -107.04406 -125.70219 
    -107.67677 -125.95853 
    -108.28551 -126.24097 
    -108.86448 -126.56539 
    -109.42687 -126.88744 
    -109.92083 -127.32768 
    -110.38541 -127.77232 
    -110.85344 -128.17270 
    -111.32419 -128.55067 
    -111.79889 -128.91814 
    -112.27757 -129.28493 
    -112.75766 -129.66078 
    -113.23759 -130.05190 
    -113.71626 -130.46260 
    -114.19707 -130.89365 
    -114.67796 -131.34973 
    -115.16739 -131.82979 
    -115.68501 -132.33089 
    -116.30637 -132.83748 
    -117.14463 -133.34468 
    -117.51357 -134.02911 
    -117.21955 -134.82692 
    -116.79204 -135.58385 
Cell 2 100 -86.70405 -137.50327 
    -96.59042 -137.50327 
    -96.60741 -138.12633 
    -96.63917 -138.75836 
    -96.68235 -139.40674 
    -96.71944 -140.07478 
    -96.74653 -140.76627 
    -96.42132 -141.35060 
    -96.07833 -141.91447 
    -95.71722 -142.45830 
    -95.33725 -142.98206 
    -94.93751 -143.48523 
    -94.53101 -143.97829 
    -94.13517 -144.48155 
    -93.70642 -144.96004 
    -93.24623 -145.41141 
    -92.75629 -145.83347 
    -92.23846 -146.22411 
    -91.69477 -146.58136 
    -91.12740 -146.90337 
    -90.53867 -147.18840 
    -89.93105 -147.43497 
    -89.30715 -147.64168 
    -88.66965 -147.80736 
    -88.02138 -147.93097 
    -87.36519 -148.01181 
    -86.70405 -148.04924 
    -86.04095 -148.04292 
    -85.37891 -147.99275 
    -84.72099 -147.89880 
    -84.07021 -147.76140 
    -83.42957 -147.58109 
    -82.80204 -147.35861 
    -82.19052 -147.09500 
    -81.59783 -146.79144 
    -81.02669 -146.44936 
    -80.47971 -146.07033 
    -79.95937 -145.65619 
    -79.46798 -145.20889 
    -79.00775 -144.73058 
    -78.58066 -144.22353 
    -78.18854 -143.69014 
    -77.83300 -143.13301 
    -77.51551 -142.55470 
    -77.23489 -141.95912 
    -76.94695 -141.36638 
    -76.69183 -140.75644 
    -76.47124 -140.13060 
    -76.28719 -139.49039 
    -76.14205 -138.83755 
    -76.03857 -138.17429 
    -75.97958 -137.50327 
    -75.96795 -136.82780 
    -76.00621 -136.15181 
    -76.09636 -135.47974 
    -76.23962 -134.81645 
    -76.43623 -134.16705 
    -76.68533 -133.53658 
    -76.98495 -132.92981 
    -77.33208 -132.35098 
    -77.72286 -131.80363 
    -78.15281 -131.29044 
    -78.61709 -130.81316 
    -79.11080 -130.37273 
    -79.62924 -129.96936 
    -80.16811 -129.60266 
    -80.72362 -129.27190 
    -81.29259 -128.97617 
    -81.87135 -128.71262 
    -82.42288 -128.40532 
    -82.99094 -128.12503 
    -83.57430 -127.87086 
    -84.17204 -127.64176 
    -84.78374 -127.43664 
    -85.40934 -127.25459 
    -86.04922 -127.09503 
    -86.70405 -126.95802 
    -87.37717 -126.80442 
    -88.07516 -126.64981 
    -88.78696 -126.58425 
    -89.49520 -126.63246 
    -90.23502 -126.63605 
    -90.99886 -126.65582 
    -91.75385 -126.77190 
    -92.48455 -126.98858 
    -93.23728 -127.20854 
    -93.97521 -127.49538 
    -94.68798 -127.85235 
    -95.36460 -128.28072 
    -95.99406 -128.77936 
    -96.56601 -129.34474 
    -96.85146 -130.13074 
    -96.88767 -131.04054 
    -96.83439 -131.93407 
    -96.76966 -132.76674 
    -96.71612 -133.53920 
    -96.67964 -134.26201 
    -96.66108 -134.94675 
    -96.64308 -135.60730 
    -96.60866 -136.25203 
    -96.59093 -136.88124 
Cell 3 100 -54.94622 -154.99680 
    -65.07726 -154.99680 
    -65.03196 -155.63133 
    -64.94969 -156.26053 
    -64.83112 -156.88245 
    -64.67685 -157.49519 
    -64.48739 -158.09691 
    -64.26326 -158.68567 
    -64.00502 -159.25954 
    -63.71329 -159.81653 
    -63.38950 -160.35506 
    -63.03639 -160.87465 
    -62.65135 -161.37103 
    -62.23591 -161.84227 
    -61.79169 -162.28648 
    -61.32046 -162.70193 
    -60.82407 -163.08696 
    -60.30449 -163.44008 
    -59.76376 -163.75986 
    -59.20401 -164.04506 
    -58.62747 -164.29456 
    -58.03639 -164.50735 
    -57.43312 -164.68263 
    -56.82003 -164.81967 
    -56.19955 -164.91794 
    -55.57413 -164.97707 
    -54.94622 -164.99680 
    -54.31831 -164.97707 
    -53.69289 -164.91794 
    -53.07241 -164.81967 
    -52.45932 -164.68263 
    -51.85593 -164.50774 
    -51.26298 -164.29961 
    -50.68335 -164.05586 
    -50.11885 -163.77774 
    -49.57107 -163.46667 
    -49.04134 -163.12418 
    -48.53072 -162.75182 
    -48.04001 -162.35117 
    -47.56980 -161.92372 
    -47.12050 -161.47079 
    -46.69249 -160.99348 
    -46.28621 -160.49260 
    -45.90241 -159.96867 
    -45.54226 -159.42197 
    -45.20755 -158.85260 
    -44.90086 -158.26073 
    -44.62552 -157.64670 
    -44.38568 -157.01132 
    -44.18614 -156.35611 
    -44.03204 -155.68346 
    -43.92857 -154.99680 
    -43.88056 -154.30060 
    -43.89200 -153.60033 
    -43.96567 -152.90215 
    -44.10284 -152.21269 
    -44.30310 -151.53864 
    -44.56429 -150.88629 
    -44.88270 -150.26126 
    -45.25333 -149.66808 
    -45.67027 -149.11009 
    -46.12717 -148.58939 
    -46.61766 -148.10681 
    -47.13574 -147.66226 
    -47.67608 -147.25488 
    -48.23421 -146.88336 
    -48.80656 -146.54628 
    -49.39045 -146.24229 
    -49.98392 -145.97041 
    -50.58560 -145.73000 
    -51.19446 -145.52092 
    -51.80956 -145.34315 
    -52.42980 -145.19600 
    -53.05876 -145.10236 
    -53.69077 -145.05888 
    -54.31976 -145.03943 
    -54.94622 -145.03854 
    -55.57196 -145.05103 
    -56.19836 -145.08508 
    -56.82704 -145.13721 
    -57.46064 -145.20378 
    -58.08665 -145.33156 
    -58.70309 -145.50804 
    -59.30063 -145.74321 
    -59.87959 -146.02304 
    -60.44815 -146.32715 
    -60.99681 -146.66887 
    -61.52224 -147.04776 
    -62.02102 -147.46289 
    -62.48982 -147.91289 
    -62.92545 -148.39580 
    -63.32508 -148.90919 
    -63.68631 -149.45016 
    -64.00728 -150.01544 
    -64.28672 -150.60149 
    -64.52394 -151.20471 
    -64.71879 -151.82150 
    -64.87156 -152.44839 
    -64.98289 -153.08220 
    -65.05365 -153.71992 
    -65.08479 -154.35893 
Cell 4 100 -56.78468 -135.16791 
    -68.84232 -135.16791 
    -68.68142 -135.91638 
    -68.47070 -136.64420 
    -68.21436 -137.34824 
    -67.91664 -138.02611 
    -67.58165 -138.67606 
    -67.21321 -139.29686 
    -66.81485 -139.88774 
    -66.38972 -140.44832 
    -65.94056 -140.97841 
    -65.46973 -141.47797 
    -64.97924 -141.94704 
    -64.47077 -142.38564 
    -63.94578 -142.79370 
    -63.40548 -143.17108 
    -62.85101 -143.51749 
    -62.28342 -143.83253 
    -61.70375 -144.11566 
    -61.11311 -144.36629 
    -60.52567 -144.61656 
    -59.93582 -144.86612 
    -59.32413 -145.05840 
    -58.69629 -145.18895 
    -58.05656 -145.23582 
    -57.41579 -145.19907 
    -56.78468 -145.13370 
    -56.16087 -145.08304 
    -55.53624 -145.05031 
    -54.90174 -145.03860 
    -54.24955 -145.04160 
    -53.56817 -145.06732 
    -52.83966 -145.13190 
    -52.19791 -144.91528 
    -51.58001 -144.63518 
    -50.98085 -144.31328 
    -50.40347 -143.95090 
    -49.85077 -143.54958 
    -49.32553 -143.11110 
    -48.83042 -142.63745 
    -48.36790 -142.13087 
    -47.94028 -141.59373 
    -47.54965 -141.02864 
    -47.19787 -140.43831 
    -46.88659 -139.82559 
    -46.61721 -139.19350 
    -46.39089 -138.54506 
    -46.20854 -137.88339 
    -46.07079 -137.21169 
    -45.97806 -136.53310 
    -45.93051 -135.85080 
    -45.92807 -135.16791 
    -45.97044 -134.48753 
    -46.05711 -133.81270 
    -46.18740 -133.14636 
    -46.36040 -132.49141 
    -46.57509 -131.85062 
    -46.83025 -131.22667 
    -47.12452 -130.62218 
    -47.45642 -130.03966 
    -47.82431 -129.48149 
    -48.22646 -128.95000 
    -48.66094 -128.44737 
    -49.12575 -127.97569 
    -49.61872 -127.53693 
    -50.13757 -127.13293 
    -50.67985 -126.76533 
    -51.21889 -126.39763 
    -51.81816 -126.13384 
    -52.43812 -125.93101 
    -53.07542 -125.79939 
    -53.69246 -125.65102 
    -54.30159 -125.49689 
    -54.91009 -125.34094 
    -55.52373 -125.18647 
    -56.14724 -125.03609 
    -56.78468 -124.88889 
    -57.44070 -124.74071 
    -58.12194 -124.58241 
    -58.83908 -124.39833 
    -59.60475 -124.18447 
    -60.36390 -124.15222 
    -61.14234 -124.16173 
    -61.90300 -124.29092 
    -62.64685 -124.50465 
    -63.36863 -124.79326 
    -64.07383 -125.13525 
    -64.75381 -125.53489 
    -65.40182 -125.99158 
    -66.01154 -126.50332 
    -66.57683 -127.06714 
    -67.09203 -127.67918 
    -67.55210 -128.33470 
    -67.95280 -129.02818 
    -68.29084 -129.75352 
    -68.56394 -130.50417 
    -68.77090 -131.27335 
    -68.91158 -132.05424 
    -68.98685 -132.84023 
    -68.99855 -133.62494 
    -68.94928 -134.40257 
Cell 5 100 -6.56214 -143.17761 
    -16.97857 -143.17761 
    -16.99493 -143.83398 
    -16.96806 -144.49219 
    -16.89768 -145.14922 
    -16.78375 -145.80208 
    -16.62643 -146.44769 
    -16.42616 -147.08305 
    -16.18356 -147.70511 
    -15.89951 -148.31087 
    -15.57514 -148.89743 
    -15.21176 -149.46193 
    -14.81092 -150.00160 
    -14.37441 -150.51381 
    -13.90418 -150.99608 
    -13.40239 -151.44604 
    -12.87138 -151.86154 
    -12.31367 -152.24057 
    -11.73186 -152.58130 
    -11.12877 -152.88217 
    -10.50726 -153.14183 
    -9.87031 -153.35910 
    -9.22098 -153.53311 
    -8.56236 -153.66313 
    -7.89759 -153.74876 
    -7.22981 -153.78984 
    -6.56215 -153.78639 
    -5.89770 -153.73869 
    -5.23952 -153.64728 
    -4.59059 -153.51286 
    -3.95381 -153.33640 
    -3.33197 -153.11908 
    -2.72773 -152.86223 
    -2.14365 -152.56740 
    -1.58211 -152.23625 
    -1.04537 -151.87067 
    -0.53547 -151.47263 
    -0.05435 -151.04417 
    0.39630 -150.58760 
    0.81645 -150.10658 
    1.23782 -149.63031 
    1.53718 -149.06212 
    1.80380 -148.48680 
    2.06047 -147.91794 
    2.30475 -147.35005 
    2.53473 -146.77933 
    2.75074 -146.20355 
    2.95203 -145.62044 
    3.13865 -145.02814 
    3.31208 -144.42502 
    3.47543 -143.80913 
    3.63477 -143.17761 
    3.83960 -142.52318 
    4.31398 -141.80363 
    4.97806 -140.97620 
    5.17104 -140.16504 
    5.21804 -139.34999 
    5.13859 -138.54497 
    4.91608 -137.77637 
    4.54713 -137.07024 
    4.04276 -136.44754 
    3.42641 -135.92050 
    2.72959 -135.49083 
    1.98628 -135.15010 
    1.22753 -134.88245 
    0.47739 -134.66827 
    -0.24901 -134.48833 
    -0.94529 -134.32686 
    -1.59030 -134.13385 
    -2.18173 -133.86876 
    -2.78624 -133.64076 
    -3.40149 -133.45012 
    -4.02523 -133.29698 
    -4.64200 -133.11185 
    -5.26503 -132.90990 
    -5.90445 -132.72386 
    -6.56215 -132.39825 
    -7.28433 -131.69881 
    -7.95189 -132.17665 
    -8.62414 -132.36824 
    -9.29809 -132.52182 
    -9.94601 -132.76314 
    -10.58334 -133.02124 
    -11.20975 -133.30095 
    -11.82779 -133.59946 
    -12.41993 -133.94724 
    -12.94879 -134.38715 
    -13.38795 -134.92664 
    -13.78791 -135.48296 
    -14.15610 -136.04642 
    -14.49874 -136.61189 
    -14.81979 -137.17809 
    -15.12064 -137.74623 
    -15.40048 -138.31870 
    -15.71924 -138.86861 
    -16.01372 -139.43547 
    -16.27236 -140.02258 
    -16.49358 -140.62766 
    -16.67598 -141.24829 
    -16.81830 -141.88196 
    -16.91946 -142.52599 
Cell 6 100 11.31473 -150.28029 
    0.79876 -150.28029 
    0.54315 -150.95798 
    0.43127 -151.65520 
    0.43455 -152.35579 
    0.52368 -153.05096 
    0.68007 -153.73570 
    0.89713 -154.40491 
    1.16211 -155.05775 
    1.47221 -155.69125 
    1.82593 -156.30206 
    2.22146 -156.88693 
    2.65673 -157.44281 
    3.12947 -157.96677 
    3.63708 -158.45616 
    4.17686 -158.90849 
    4.74589 -159.32153 
    5.34100 -159.69339 
    5.95903 -160.02228 
    6.59658 -160.30688 
    7.25023 -160.54605 
    7.91651 -160.73894 
    8.59188 -160.88512 
    9.27285 -160.98422 
    9.95592 -161.03641 
    10.63767 -161.04195 
    11.31473 -161.00150 
    11.98387 -160.91589 
    12.64195 -160.78630 
    13.28599 -160.61400 
    13.91319 -160.40060 
    14.52089 -160.14784 
    15.10666 -159.85759 
    15.69894 -159.59720 
    16.29590 -159.34100 
    16.87997 -159.04970 
    17.44915 -158.72359 
    18.00136 -158.36304 
    18.53436 -157.96841 
    19.04579 -157.54024 
    19.53312 -157.07913 
    19.99365 -156.58589 
    20.42460 -156.06158 
    20.82305 -155.50752 
    21.18603 -154.92537 
    21.51060 -154.31712 
    21.79388 -153.68517 
    22.03315 -153.03230 
    22.22591 -152.36171 
    22.36999 -151.67690 
    22.46362 -150.98172 
    22.50547 -150.28029 
    22.49475 -149.57690 
    22.43119 -148.87596 
    22.31511 -148.18185 
    22.14739 -147.49893 
    21.92946 -146.83136 
    21.66323 -146.18303 
    21.35107 -145.55754 
    20.99570 -144.95813 
    20.60013 -144.38760 
    20.16758 -143.84831 
    19.70139 -143.34224 
    19.20491 -142.87093 
    18.68149 -142.43550 
    18.13436 -142.03677 
    17.56662 -141.67531 
    16.98121 -141.35135 
    16.38087 -141.06502 
    15.76816 -140.81628 
    15.14543 -140.60504 
    14.51492 -140.43114 
    13.87868 -140.29439 
    13.23868 -140.19463 
    12.62655 -139.89618 
    11.99022 -139.54381 
    11.31473 -139.15143 
    10.58952 -138.75339 
    9.81524 -138.41054 
    9.00987 -138.19777 
    8.20834 -138.18169 
    7.45368 -138.39720 
    6.78285 -138.83406 
    6.21389 -139.44044 
    5.74098 -140.14168 
    5.29571 -140.79584 
    4.75597 -141.25291 
    4.30877 -141.81152 
    3.91827 -142.40385 
    3.66121 -143.09314 
    3.47837 -143.79749 
    3.30233 -144.45894 
    3.12199 -145.08102 
    2.93392 -145.67290 
    2.73580 -146.24335 
    2.52615 -146.80064 
    2.30373 -147.35243 
    2.06579 -147.90556 
    1.81245 -148.46762 
    1.54463 -149.04604 
    1.22442 -149.64546 
Cell 7 100 33.33377 -131.92366 
    22.92072 -131.92366 
    22.90084 -132.58005 
    22.92423 -133.23869 
    22.99120 -133.89661 
    23.10185 -134.55077 
    23.25606 -135.19810 
    23.45347 -135.83554 
    23.69347 -136.46004 
    23.97524 -137.06856 
    24.29769 -137.65813 
    24.65953 -138.22586 
    25.05922 -138.76897 
    25.49502 -139.28474 
    25.96497 -139.77065 
    26.46692 -140.22426 
    26.99853 -140.64337 
    27.55730 -141.02592 
    28.14057 -141.37006 
    28.74554 -141.67415 
    29.36930 -141.93675 
    30.00884 -142.15674 
    30.66109 -142.33308 
    31.32288 -142.46512 
    31.99105 -142.55238 
    32.66241 -142.59464 
    33.33377 -142.59193 
    34.00198 -142.54453 
    34.66393 -142.45296 
    35.31658 -142.31793 
    35.95699 -142.14041 
    36.58229 -141.92160 
    37.18978 -141.66283 
    37.77685 -141.36569 
    38.34107 -141.03191 
    38.88016 -140.66336 
    39.39200 -140.26210 
    39.87467 -139.83025 
    40.32645 -139.37012 
    40.79842 -138.93343 
    41.25143 -138.47372 
    41.67956 -137.98723 
    42.08146 -137.47511 
    42.45571 -136.93849 
    42.80085 -136.37852 
    43.11530 -135.79645 
    43.39744 -135.19354 
    43.64550 -134.57126 
    43.85763 -133.93120 
    44.03192 -133.27515 
    44.16640 -132.60519 
    44.25909 -131.92366 
    44.30807 -131.23322 
    44.31157 -130.53683 
    44.26795 -129.83786 
    44.17587 -129.13988 
    44.03433 -128.44684 
    43.84274 -127.76286 
    43.60096 -127.09229 
    43.30938 -126.43952 
    42.96897 -125.80898 
    42.58123 -125.20499 
    42.14823 -124.63171 
    41.67259 -124.09299 
    41.15739 -123.59235 
    40.60616 -123.13285 
    40.09235 -122.62127 
    39.53650 -122.14973 
    38.92673 -121.75009 
    38.27161 -121.43022 
    37.58183 -121.19430 
    36.86927 -121.04252 
    36.14589 -120.97117 
    35.42267 -120.97324 
    34.70879 -121.03928 
    34.01440 -121.10529 
    33.33377 -120.93609 
    32.63369 -120.79627 
    31.91604 -120.70121 
    31.18501 -120.65947 
    30.44678 -120.67956 
    29.70940 -120.76901 
    28.98246 -120.93352 
    28.27640 -121.17619 
    27.61762 -121.52602 
    27.12817 -122.14520 
    26.68622 -122.77409 
    26.28893 -123.40791 
    25.95543 -124.06653 
    25.67756 -124.73400 
    25.41421 -125.37202 
    25.16684 -125.99004 
    24.93437 -126.59324 
    24.71399 -127.18490 
    24.50176 -127.76764 
    24.28987 -128.34293 
    24.07621 -128.91570 
    23.85402 -129.48969 
    23.61435 -130.06958 
    23.34408 -130.66167 
    22.98329 -131.27246 
Cell 8 100 46.31275 -148.81651 
    36.28099 -148.81651 
    36.30306 -149.44627 
    36.35620 -150.07433 
    36.44696 -150.69852 
    36.57678 -151.31628 
    36.74546 -151.92511 
    36.95241 -152.52254 
    37.19691 -153.10609 
    37.47803 -153.67345 
    37.79472 -154.22221 
    38.14575 -154.75018 
    38.52980 -155.25513 
    38.94532 -155.73499 
    39.39070 -156.18774 
    39.86415 -156.61153 
    40.36378 -157.00456 
    40.88759 -157.36519 
    41.43345 -157.69193 
    41.99915 -157.98337 
    42.58239 -158.23831 
    43.18079 -158.45569 
    43.79190 -158.63458 
    44.41322 -158.77423 
    45.04219 -158.87407 
    45.67623 -158.93369 
    46.31275 -158.95282 
    46.94913 -158.93143 
    47.58275 -158.86961 
    48.21103 -158.76764 
    48.83138 -158.62593 
    49.44128 -158.44514 
    50.03824 -158.22603 
    50.61984 -157.96954 
    51.18372 -157.67677 
    51.72760 -157.34895 
    52.24930 -156.98747 
    52.74675 -156.59389 
    53.21796 -156.16982 
    53.66106 -155.71704 
    54.07434 -155.23746 
    54.45618 -154.73306 
    54.80512 -154.20593 
    55.11981 -153.65823 
    55.39910 -153.09222 
    55.64193 -152.51019 
    55.84743 -151.91452 
    56.01488 -151.30760 
    56.14370 -150.69186 
    56.23395 -150.06985 
    56.29419 -149.44449 
    56.31504 -148.81651 
    56.29641 -148.18840 
    56.23835 -147.56262 
    56.14109 -146.94165 
    56.00500 -146.32797 
    55.83059 -145.72398 
    55.61856 -145.13208 
    55.36972 -144.55463 
    55.08506 -143.99390 
    54.76789 -143.45071 
    54.42146 -142.92520 
    54.04648 -142.41861 
    53.64534 -141.93076 
    53.22013 -141.46089 
    52.77237 -141.00818 
    52.30257 -140.57222 
    51.81015 -140.15399 
    51.29352 -139.75653 
    50.75062 -139.38556 
    50.28069 -138.79466 
    49.78674 -138.12468 
    49.08432 -138.02194 
    48.30922 -138.35068 
    47.64779 -138.24857 
    46.97962 -138.21692 
    46.31275 -138.07492 
    45.63517 -138.04659 
    44.98195 -138.28209 
    44.37317 -138.64886 
    43.76450 -138.89175 
    43.16706 -139.13509 
    42.58532 -139.40210 
    42.01911 -139.69206 
    41.46894 -140.00565 
    40.93609 -140.34425 
    40.42242 -140.70917 
    39.93013 -141.10126 
    39.45957 -141.51862 
    39.01551 -141.96394 
    38.60035 -142.43626 
    38.21574 -142.93369 
    37.86317 -143.45425 
    37.54406 -143.99588 
    37.25963 -144.55644 
    37.01101 -145.13370 
    36.78802 -145.72174 
    36.56126 -146.31276 
    36.38955 -146.92357 
    36.30295 -147.55199 
    36.27909 -148.18524 
Cell 9 100 68.03750 -150.83182 
    57.21300 -150.83182 
    57.20348 -151.51344 
    57.21151 -152.19946 
    57.25684 -152.88834 
    57.34724 -153.57661 
    57.50165 -154.25511 
    57.70255 -154.92371 
    57.94950 -155.57887 
    58.24173 -156.21709 
    58.57813 -156.83492 
    58.95728 -157.42899 
    59.37742 -157.99606 
    59.83649 -158.53308 
    60.33220 -159.03712 
    60.86198 -159.50554 
    61.42303 -159.93585 
    62.01237 -160.32590 
    62.62688 -160.67369 
    63.26323 -160.97765 
    63.91801 -161.23645 
    64.58773 -161.44910 
    65.26884 -161.61501 
    65.95784 -161.73378 
    66.65119 -161.80556 
    67.34550 -161.83080 
    68.03750 -161.81023 
    68.72411 -161.74509 
    69.40250 -161.63687 
    70.07014 -161.48727 
    70.72486 -161.29840 
    71.36487 -161.07242 
    71.98875 -160.81154 
    72.59550 -160.51805 
    73.18446 -160.19411 
    73.75527 -159.84158 
    74.30778 -159.46213 
    74.84182 -159.05682 
    75.35722 -158.62654 
    75.85339 -158.17143 
    76.32940 -157.69148 
    76.78357 -157.18622 
    77.21357 -156.65512 
    77.61619 -156.09775 
    77.98309 -155.51186 
    78.29149 -154.89166 
    78.56506 -154.25243 
    78.80289 -153.59590 
    78.99182 -152.92146 
    79.12341 -152.23230 
    79.19508 -151.53380 
    79.20444 -150.83182 
    79.14966 -150.13271 
    79.03201 -149.44289 
    78.85400 -148.76846 
    78.61895 -148.11496 
    78.33414 -147.48624 
    78.19398 -146.81058 
    78.01228 -146.13805 
    77.78571 -145.47269 
    77.51271 -144.81866 
    77.19213 -144.18059 
    76.82336 -143.56352 
    76.40646 -142.97284 
    75.94233 -142.41403 
    75.43269 -141.89258 
    74.88017 -141.41368 
    74.28830 -140.98213 
    73.66136 -140.60204 
    73.00434 -140.27675 
    72.32269 -140.00865 
    71.62222 -139.79916 
    70.90884 -139.64868 
    70.18835 -139.55663 
    69.46632 -139.52153 
    68.74785 -139.54117 
    68.03750 -139.61272 
    67.33922 -139.73297 
    66.65629 -139.89844 
    65.99136 -140.10561 
    65.34649 -140.35104 
    64.72322 -140.63152 
    64.12267 -140.94411 
    63.54570 -141.28625 
    62.99291 -141.65575 
    62.46485 -142.05074 
    61.96205 -142.46968 
    61.48507 -142.91130 
    61.03460 -143.37448 
    60.50228 -143.75578 
    59.95632 -144.14648 
    59.40635 -144.56093 
    58.86236 -145.00909 
    58.34268 -145.50204 
    57.87230 -146.04843 
    57.47855 -146.65123 
    57.18511 -147.30566 
    57.00614 -147.99945 
    56.94267 -148.71536 
    56.98252 -149.43526 
    57.10390 -150.14394 
Cell 10 100 82.97909 -133.60240 
    71.62481 -133.60240 
    71.19381 -134.34387 
    70.96544 -135.12007 
    71.29347 -135.83156 
    71.72204 -136.49272 
    72.17907 -137.11154 
    72.65109 -137.69154 
    73.12865 -138.23766 
    73.60640 -138.75508 
    74.08250 -139.24835 
    74.55789 -139.72076 
    75.03524 -140.17412 
    75.51809 -140.60875 
    76.01003 -141.02370 
    76.51418 -141.41713 
    77.03289 -141.78664 
    77.56757 -142.12959 
    78.11873 -142.44336 
    78.68605 -142.72556 
    79.26859 -142.97406 
    79.86485 -143.18706 
    80.47295 -143.36314 
    81.09080 -143.50117 
    81.71606 -143.60030 
    82.34625 -143.66107 
    82.97909 -143.68364 
    83.61229 -143.66684 
    84.24345 -143.61090 
    84.87024 -143.51617 
    85.49037 -143.38321 
    86.10165 -143.21266 
    86.70198 -143.00536 
    87.28939 -142.76225 
    87.86201 -142.48441 
    88.41811 -142.17294 
    88.95610 -141.82906 
    89.47450 -141.45401 
    89.97196 -141.04906 
    90.44724 -140.61546 
    90.89915 -140.15445 
    91.32658 -139.66722 
    91.72848 -139.15494 
    92.10371 -138.61871 
    92.45116 -138.05962 
    92.76957 -137.47873 
    93.05762 -136.87712 
    93.31384 -136.25592 
    93.53656 -135.61635 
    93.72401 -134.95979 
    93.87422 -134.28787 
    93.98512 -133.60240 
    94.05457 -132.90559 
    94.08039 -132.19998 
    94.06046 -131.48853 
    93.99279 -130.77457 
    93.87564 -130.06189 
    93.70761 -129.35468 
    93.48772 -128.65741 
    93.21552 -127.97488 
    92.88847 -127.31372 
    92.32806 -126.80997 
    91.71933 -126.37184 
    90.98264 -126.08657 
    90.27909 -125.82868 
    89.63236 -125.55997 
    89.01737 -125.29141 
    88.42120 -125.02701 
    87.83557 -124.76849 
    87.25493 -124.51579 
    86.67545 -124.26644 
    86.09380 -124.01631 
    85.50600 -123.76071 
    84.90807 -123.49036 
    84.29449 -123.18988 
    83.65517 -122.85641 
    82.97909 -122.56384 
    82.28476 -122.56639 
    81.60516 -122.72662 
    80.94252 -122.92635 
    80.29872 -123.16307 
    79.67529 -123.43438 
    79.07352 -123.73806 
    78.49445 -124.07206 
    77.93902 -124.43456 
    77.40806 -124.82387 
    76.85448 -125.17260 
    76.23328 -125.44811 
    75.60069 -125.74521 
    75.03573 -126.14309 
    74.72711 -126.77578 
    74.41428 -127.37971 
    74.13808 -127.99173 
    73.85831 -128.58821 
    73.56879 -129.17426 
    73.27969 -129.76213 
    72.99873 -130.35959 
    72.73002 -130.97089 
    72.47050 -131.59778 
    72.21538 -132.24263 
    71.94582 -132.90825 
Cell 11 100 118.51191 -142.19751 
    108.34688 -142.19751 
    108.35744 -142.83638 
    108.40884 -143.47383 
    108.50095 -144.10721 
    108.63348 -144.73386 
    108.80597 -145.35117 
    109.01775 -145.95651 
    109.26803 -146.54735 
    109.55578 -147.12119 
    109.87985 -147.67558 
    110.23891 -148.20819 
    110.63147 -148.71678 
    111.05590 -149.19917 
    111.51041 -149.65335 
    111.99310 -150.07739 
    112.50193 -150.46954 
    113.03474 -150.82816 
    113.58926 -151.15176 
    114.16318 -151.43904 
    114.75403 -151.68883 
    115.35934 -151.90013 
    115.97653 -152.07216 
    116.60303 -152.20424 
    117.23618 -152.29593 
    117.87336 -152.34695 
    118.51191 -152.35721 
    119.14919 -152.32681 
    119.78260 -152.25604 
    120.40956 -152.14537 
    121.02761 -151.99551 
    121.63435 -151.80739 
    122.22755 -151.58215 
    122.80518 -151.32118 
    123.36549 -151.02615 
    123.90707 -150.69891 
    124.42892 -150.34158 
    124.93059 -149.95636 
    125.41213 -149.54550 
    125.87417 -149.11113 
    126.31776 -148.65508 
    126.74420 -148.17862 
    127.15472 -147.68240 
    127.55001 -147.16624 
    127.92982 -146.62924 
    128.29236 -146.06985 
    128.63396 -145.48636 
    128.94885 -144.87726 
    129.22926 -144.24196 
    129.46588 -143.58131 
    129.64856 -142.89816 
    129.76743 -142.19751 
    129.81400 -141.48643 
    129.78227 -140.77373 
    129.66956 -140.06908 
    129.79842 -139.29962 
    129.98512 -138.46964 
    129.62686 -137.79678 
    128.83273 -137.34090 
    128.04250 -136.95802 
    127.56843 -136.45007 
    127.06898 -135.98044 
    126.55219 -135.54601 
    126.02396 -135.14322 
    125.48799 -134.76874 
    124.94611 -134.41991 
    124.42329 -134.06119 
    123.90683 -133.69647 
    123.37149 -133.35796 
    122.81918 -133.04410 
    122.25092 -132.75386 
    121.66674 -132.48793 
    121.06602 -132.24991 
    120.44826 -132.04680 
    119.81424 -131.88847 
    119.16697 -131.78564 
    118.51191 -131.74707 
    117.85630 -131.77693 
    117.18539 -131.69707 
    116.46504 -131.46747 
    115.70455 -131.26358 
    114.93216 -131.18018 
    114.19909 -131.30458 
    113.55753 -131.66893 
    113.03262 -132.23071 
    112.60954 -132.89687 
    112.24561 -133.57269 
    111.89638 -134.20070 
    111.53593 -134.76884 
    111.16092 -135.29446 
    110.78214 -135.80289 
    110.38818 -136.29527 
    110.02180 -136.80952 
    109.68819 -137.34663 
    109.38882 -137.90451 
    109.12504 -138.48099 
    108.89806 -139.07378 
    108.70895 -139.68054 
    108.55861 -140.29881 
    108.44779 -140.92612 
    108.37708 -141.55988 
Cell 12 100 -118.85956 -123.53214 
    -128.87222 -123.53214 
    -129.04797 -124.17314 
    -129.41815 -124.86600 
    -129.73289 -125.60635 
    -129.98668 -126.38910 
    -130.17474 -127.20867 
    -130.29283 -128.05890 
    -130.33765 -128.93332 
    -130.30646 -129.82513 
    -130.19749 -130.72742 
    -130.00940 -131.63298 
    -129.74171 -132.53464 
    -129.39449 -133.42511 
    -128.96863 -134.29721 
    -126.19529 -132.39952 
    -124.86227 -131.79416 
    -124.15225 -131.87209 
    -123.58696 -132.13124 
    -123.02020 -132.37395 
    -122.45155 -132.60445 
    -121.87493 -132.81250 
    -121.28052 -132.96117 
    -120.67995 -133.07495 
    -120.07735 -133.17198 
    -119.47119 -133.25368 
    -118.85956 -133.30269 
    -118.23927 -133.39134 
    -117.53664 -134.00406 
    -117.00396 -133.25957 
    -116.44830 -132.92336 
    -115.93456 -132.53435 
    -115.46154 -132.11455 
    -115.02206 -131.68724 
    -114.60161 -131.27731 
    -114.19117 -130.88835 
    -113.78167 -130.52124 
    -113.37115 -130.16649 
    -112.95407 -129.82085 
    -112.52619 -129.47957 
    -112.08449 -129.13698 
    -111.62822 -128.78603 
    -111.15971 -128.41861 
    -110.68324 -128.02710 
    -110.20851 -127.60301 
    -109.72160 -127.15012 
    -109.10329 -126.70214 
    -108.29301 -126.24517 
    -107.18482 -125.75922 
    -105.62135 -125.20451 
    -105.94357 -124.34475 
    -106.31966 -123.53214 
    -106.61627 -122.76186 
    -106.84276 -122.01407 
    -107.08149 -121.28535 
    -107.10458 -120.51398 
    -107.36578 -119.79758 
    -107.93519 -119.20688 
    -108.66910 -118.73688 
    -109.40894 -118.33662 
    -110.01530 -117.91940 
    -110.27822 -117.29744 
    -110.57445 -116.67810 
    -110.90997 -116.06698 
    -111.29108 -115.47254 
    -111.72330 -114.90588 
    -112.21005 -114.37988 
    -112.75180 -113.90786 
    -113.34541 -113.50195 
    -113.98421 -113.17151 
    -114.65863 -112.92181 
    -115.35735 -112.75346 
    -116.06869 -112.66241 
    -116.78194 -112.64091 
    -117.48846 -112.67876 
    -118.18214 -112.76498 
    -118.85956 -112.88923 
    -119.51948 -113.04304 
    -120.16223 -113.22041 
    -120.78894 -113.41797 
    -121.40081 -113.63463 
    -121.99863 -113.87106 
    -122.58253 -114.12899 
    -123.15186 -114.41054 
    -123.70532 -114.71774 
    -124.24110 -115.05219 
    -124.75828 -115.41325 
    -125.25598 -115.80020 
    -125.72828 -116.21770 
    -126.17329 -116.66409 
    -126.58926 -117.13758 
    -126.97453 -117.63628 
    -127.32758 -118.15818 
    -127.64701 -118.70120 
    -127.93157 -119.26318 
    -128.18016 -119.84186 
    -128.39178 -120.43494 
    -128.56564 -121.04005 
    -128.70105 -121.65478 
    -128.79749 -122.27669 
    -128.85461 -122.90331 
Cell 13 100 -78.05948 -110.14100 
    -88.02824 -110.14100 
    -88.23314 -110.78107 
    -88.18468 -111.42011 
    -88.09536 -112.05544 
    -87.96539 -112.68441 
    -87.79521 -113.30433 
    -87.58541 -113.91258 
    -87.33676 -114.50655 
    -87.05025 -115.08372 
    -86.72701 -115.64158 
    -86.36835 -116.17774 
    -85.97575 -116.68990 
    -85.55084 -117.17586 
    -85.09542 -117.63351 
    -84.61140 -118.06092 
    -84.10085 -118.45624 
    -83.56595 -118.81780 
    -83.00897 -119.14409 
    -82.43230 -119.43372 
    -81.83842 -119.68552 
    -81.22987 -119.89847 
    -80.60925 -120.07171 
    -79.97921 -120.20459 
    -79.34244 -120.29665 
    -78.70162 -120.34757 
    -78.05948 -120.35728 
    -77.41870 -120.32585 
    -76.78197 -120.25354 
    -76.15191 -120.14082 
    -75.53112 -119.98830 
    -74.92212 -119.79680 
    -74.32735 -119.56728 
    -73.74916 -119.30089 
    -73.18980 -118.99890 
    -72.63721 -118.68513 
    -72.09318 -118.35291 
    -71.56769 -117.98823 
    -71.06260 -117.59192 
    -70.57985 -117.16484 
    -70.12144 -116.70792 
    -69.68945 -116.22218 
    -69.28607 -115.70877 
    -68.91357 -115.16901 
    -68.57426 -114.60440 
    -68.27052 -114.01672 
    -68.00469 -113.40800 
    -67.77907 -112.78056 
    -67.59580 -112.13705 
    -67.45684 -111.48042 
    -67.36388 -110.81391 
    -67.31827 -110.14100 
    -67.32093 -109.46539 
    -67.37238 -108.79090 
    -67.47261 -108.12144 
    -67.62118 -107.46090 
    -67.81711 -106.81305 
    -68.05899 -106.18153 
    -68.34499 -105.56971 
    -68.60722 -104.94457 
    -68.87181 -104.31033 
    -69.17722 -103.68765 
    -69.52445 -103.08021 
    -69.91426 -102.49213 
    -70.34694 -101.92798 
    -70.82224 -101.39268 
    -71.33923 -100.89137 
    -71.89618 -100.42918 
    -72.49055 -100.01115 
    -73.11900 -99.64194 
    -73.77739 -99.32568 
    -74.46091 -99.06574 
    -75.16421 -98.86467 
    -75.88158 -98.72402 
    -76.60711 -98.64432 
    -77.33496 -98.62508 
    -78.05948 -98.66488 
    -78.77542 -98.76140 
    -79.47807 -98.91166 
    -80.16335 -99.11214 
    -80.82784 -99.35898 
    -81.46881 -99.64816 
    -82.08421 -99.97569 
    -82.67255 -100.33774 
    -83.23280 -100.73075 
    -83.76447 -101.15138 
    -84.15393 -101.75270 
    -84.52553 -102.32488 
    -84.89836 -102.85833 
    -85.26939 -103.37044 
    -85.62925 -103.87875 
    -85.99808 -104.37328 
    -86.34966 -104.87989 
    -86.64896 -105.41889 
    -86.90828 -105.97707 
    -87.12592 -106.55134 
    -87.30693 -107.13632 
    -87.46092 -107.72712 
    -87.59782 -108.32146 
    -87.72446 -108.92003 
    -87.84467 -109.52537 
Cell 14 100 -53.88689 -116.25538 
    -64.70884 -116.25538 
    -64.70432 -116.93595 
    -64.65794 -117.61608 
    -64.56883 -118.29307 
    -64.43634 -118.96402 
    -64.26021 -119.62587 
    -64.04052 -120.27548 
    -63.77775 -120.90966 
    -63.47277 -121.52525 
    -63.12677 -122.11918 
    -62.74127 -122.68846 
    -62.31807 -123.23026 
    -61.85922 -123.74189 
    -61.34354 -124.19590 
    -60.42030 -124.15291 
    -59.64643 -124.18270 
    -59.02213 -124.34721 
    -58.42233 -124.50530 
    -57.83651 -124.64874 
    -57.26242 -124.78098 
    -56.69855 -124.90878 
    -56.14174 -125.03742 
    -55.58765 -125.17105 
    -55.03083 -125.31055 
    -54.46568 -125.45484 
    -53.88689 -125.60182 
    -53.28968 -125.74786 
    -52.67064 -125.88299 
    -52.01475 -126.06953 
    -51.30044 -126.32896 
    -50.60611 -126.35261 
    -49.92930 -126.25111 
    -49.26528 -126.07681 
    -48.61346 -125.84772 
    -47.97150 -125.57654 
    -47.34066 -125.26550 
    -46.72307 -124.91496 
    -46.12120 -124.52500 
    -45.53817 -124.09535 
    -45.20092 -123.44104 
    -44.92984 -122.76306 
    -44.63840 -122.12466 
    -44.32849 -121.51015 
    -44.00261 -120.90657 
    -43.65994 -120.30451 
    -43.29607 -119.69655 
    -42.90215 -119.07578 
    -42.46311 -118.43458 
    -41.95171 -117.76315 
    -41.50439 -117.03442 
    -41.45544 -116.25538 
    -41.47083 -115.47423 
    -41.55082 -114.69697 
    -41.69477 -113.92960 
    -41.90120 -113.17798 
    -42.16782 -112.44762 
    -42.49160 -111.74366 
    -42.86886 -111.07069 
    -43.29541 -110.43266 
    -43.76665 -109.83288 
    -44.27775 -109.27393 
    -44.82376 -108.75770 
    -45.39972 -108.28539 
    -46.00085 -107.85760 
    -46.61870 -107.46964 
    -47.11073 -106.92878 
    -47.68636 -106.48491 
    -48.33611 -106.15854 
    -49.03836 -105.95171 
    -49.76702 -105.84978 
    -50.49837 -105.82656 
    -51.21588 -105.85246 
    -51.91142 -105.89956 
    -52.57581 -105.87706 
    -53.23436 -105.88358 
    -53.88689 -105.92334 
    -54.53237 -105.99586 
    -55.16972 -106.10078 
    -55.79794 -106.23734 
    -56.43227 -106.34178 
    -57.06921 -106.46123 
    -57.70500 -106.61195 
    -58.33780 -106.79674 
    -58.96441 -107.01942 
    -59.58002 -107.28444 
    -60.17822 -107.59612 
    -60.75122 -107.95783 
    -61.29060 -108.37123 
    -61.78809 -108.83566 
    -62.23659 -109.34792 
    -62.63097 -109.90244 
    -62.97490 -110.48795 
    -63.32335 -111.06765 
    -63.63356 -111.66895 
    -63.90413 -112.28928 
    -64.13526 -112.92548 
    -64.32750 -113.57468 
    -64.48122 -114.23441 
    -64.59638 -114.90246 
    -64.67252 -115.57681 
Cell 15 100 -59.30638 -93.04971 
    -69.78246 -93.04971 
    -69.67017 -93.70174 
    -69.57146 -94.34650 
    -69.46437 -94.98745 
    -69.31964 -95.62068 
    -69.13805 -96.24421 
    -68.92031 -96.85614 
    -68.66714 -97.45455 
    -68.37924 -98.03756 
    -68.05731 -98.60323 
    -67.70209 -99.14955 
    -67.31441 -99.67453 
    -66.89520 -100.17609 
    -66.44555 -100.65215 
    -65.96667 -101.10062 
    -65.45998 -101.51942 
    -64.92707 -101.90650 
    -64.36974 -102.25993 
    -63.78997 -102.57784 
    -63.18995 -102.85848 
    -62.57201 -103.10030 
    -61.93869 -103.30188 
    -61.29263 -103.46201 
    -60.63662 -103.57967 
    -59.97355 -103.65409 
    -59.30638 -103.68471 
    -58.63813 -103.67119 
    -57.97187 -103.61346 
    -57.31065 -103.51170 
    -56.65754 -103.36628 
    -56.01554 -103.17786 
    -55.38765 -102.94728 
    -54.77675 -102.67566 
    -54.18564 -102.36430 
    -53.61702 -102.01472 
    -53.07343 -101.62863 
    -52.55732 -101.20792 
    -52.07093 -100.75468 
    -51.61637 -100.27111 
    -51.19555 -99.75957 
    -50.81018 -99.22256 
    -50.40129 -98.70105 
    -50.00614 -98.16256 
    -49.64445 -97.59627 
    -49.31973 -97.00371 
    -49.03551 -96.38692 
    -48.79525 -95.74851 
    -48.60217 -95.09165 
    -48.45908 -94.42004 
    -48.36826 -93.73788 
    -48.33126 -93.04971 
    -48.34890 -92.36033 
    -48.42113 -91.67459 
    -48.54711 -90.99728 
    -48.72518 -90.33292 
    -48.95300 -89.68570 
    -49.22768 -89.05927 
    -49.54588 -88.45677 
    -49.90405 -87.88074 
    -50.29852 -87.33315 
    -50.27537 -86.48830 
    -49.80199 -85.18700 
    -51.23525 -85.47042 
    -52.16999 -85.45023 
    -52.69608 -85.05924 
    -53.18901 -84.62988 
    -53.67678 -84.17889 
    -54.18968 -83.74248 
    -54.72855 -83.32133 
    -55.29452 -82.91692 
    -55.88883 -82.53158 
    -56.51262 -82.16874 
    -57.16666 -81.83289 
    -57.85105 -81.52959 
    -58.56497 -81.26535 
    -59.30638 -81.04734 
    -60.07184 -80.88307 
    -60.85640 -80.77999 
    -61.65363 -80.74499 
    -62.45570 -80.78392 
    -63.25368 -80.90115 
    -64.03793 -81.09920 
    -64.79845 -81.37845 
    -65.52556 -81.73708 
    -66.21021 -82.17102 
    -66.84460 -82.67425 
    -67.42245 -83.23906 
    -67.93938 -83.85650 
    -68.39288 -84.51691 
    -68.78242 -85.21045 
    -69.10921 -85.92754 
    -69.37594 -86.65938 
    -69.58647 -87.39819 
    -69.74535 -88.13750 
    -69.85748 -88.87224 
    -69.92770 -89.59864 
    -69.96046 -90.31421 
    -69.95962 -91.01750 
    -69.92829 -91.70786 
    -69.86874 -92.38519 
Cell 16 100 -34.45852 -125.00749 
    -45.41004 -125.00749 
    -45.31805 -125.69071 
    -45.17461 -126.36125 
    -44.98454 -127.01543 
    -44.75278 -127.65061 
    -44.48403 -128.26497 
    -44.18249 -128.85748 
    -43.86031 -129.43164 
    -43.52288 -129.99066 
    -43.16962 -130.53572 
    -42.82807 -131.08832 
    -42.45261 -131.62077 
    -42.04770 -132.13420 
    -41.61379 -132.62708 
    -41.15210 -133.09863 
    -40.66392 -133.54849 
    -40.14718 -133.97137 
    -39.60229 -134.36397 
    -39.03026 -134.72292 
    -38.43155 -135.04222 
    -37.80915 -135.31967 
    -37.16638 -135.55391 
    -36.50648 -135.74327 
    -35.83279 -135.88593 
    -35.14894 -135.98141 
    -34.45852 -136.02856 
    -33.76530 -136.02589 
    -33.07322 -135.97328 
    -32.38619 -135.87103 
    -31.70806 -135.71986 
    -31.04265 -135.52048 
    -30.39417 -135.27287 
    -29.76501 -134.98170 
    -29.15832 -134.64853 
    -28.57699 -134.27531 
    -28.02382 -133.86409 
    -27.50138 -133.41724 
    -27.01202 -132.93721 
    -26.55794 -132.42664 
    -26.14099 -131.88835 
    -25.76288 -131.32524 
    -25.42499 -130.74034 
    -25.12847 -130.13673 
    -24.89196 -129.50917 
    -24.70954 -128.86739 
    -24.58936 -128.21417 
    -24.56904 -127.54668 
    -24.63687 -126.88107 
    -24.59083 -126.25407 
    -24.55349 -125.63067 
    -24.53943 -125.00749 
    -24.55006 -124.38410 
    -24.58455 -123.76012 
    -24.64215 -123.13492 
    -24.72327 -122.50790 
    -24.82954 -121.87885 
    -24.99599 -121.26101 
    -25.18764 -120.64495 
    -25.40348 -120.02944 
    -25.64352 -119.41332 
    -25.90917 -118.79603 
    -26.20326 -118.17815 
    -26.52997 -117.56208 
    -26.89445 -116.95257 
    -27.30216 -116.35694 
    -27.75804 -115.78506 
    -28.26554 -115.24891 
    -28.82579 -114.76159 
    -29.43701 -114.33624 
    -30.09423 -113.98454 
    -30.78953 -113.71551 
    -31.51273 -113.53437 
    -32.25230 -113.44205 
    -32.99660 -113.43516 
    -33.73494 -113.50650 
    -34.45852 -113.64615 
    -35.16095 -113.84268 
    -35.83841 -114.08454 
    -36.48941 -114.36118 
    -37.11696 -114.65355 
    -37.72309 -114.96021 
    -38.30254 -115.29861 
    -38.85722 -115.65978 
    -39.38978 -116.03757 
    -39.97197 -116.31970 
    -40.54578 -116.62910 
    -41.10728 -116.97052 
    -41.65416 -117.34492 
    -42.04397 -117.88428 
    -42.44019 -118.40448 
    -42.80936 -118.94025 
    -43.16147 -119.48444 
    -43.49983 -120.03699 
    -43.82745 -120.59882 
    -44.14591 -121.17198 
    -44.45432 -121.75966 
    -44.74836 -122.36551 
    -45.02157 -122.99248 
    -45.30224 -123.63761 
    -45.44630 -124.31620 
Cell 17 100 -14.46357 -124.16089 
    -24.56240 -124.16089 
    -24.54305 -124.79503 
    -24.54907 -125.43498 
    -24.58106 -126.09090 
    -24.62878 -126.77087 
    -24.57914 -127.44763 
    -24.35809 -128.07840 
    -24.08978 -128.69063 
    -23.78250 -129.28401 
    -23.43797 -129.85622 
    -23.05794 -130.40506 
    -22.64424 -130.92853 
    -22.19874 -131.42470 
    -21.72339 -131.89182 
    -21.22015 -132.32819 
    -20.69105 -132.73228 
    -20.13813 -133.10257 
    -19.56353 -133.43768 
    -18.96942 -133.73630 
    -18.35805 -133.99722 
    -17.73177 -134.21938 
    -17.09298 -134.40175 
    -16.44416 -134.54349 
    -15.78787 -134.64378 
    -15.12673 -134.70140 
    -14.46357 -134.71178 
    -13.80295 -134.66116 
    -13.15770 -134.49797 
    -12.57251 -134.07416 
    -12.01233 -133.70784 
    -11.45526 -133.41953 
    -10.89960 -133.16246 
    -10.34049 -132.92290 
    -9.77041 -132.69774 
    -9.17532 -132.49384 
    -8.52178 -132.33907 
    -7.87682 -132.12291 
    -7.34453 -131.74190 
    -6.89087 -131.27214 
    -6.47711 -130.76787 
    -6.09782 -130.23897 
    -5.75440 -129.68790 
    -5.44815 -129.11716 
    -5.18008 -128.52937 
    -4.95107 -127.92715 
    -4.76179 -127.31319 
    -4.61272 -126.69016 
    -4.50402 -126.06078 
    -4.43510 -125.42778 
    -4.37059 -124.79588 
    -4.32492 -124.16089 
    -4.31452 -123.52236 
    -4.33953 -122.88193 
    -4.40018 -122.24120 
    -4.49690 -121.60188 
    -4.63025 -120.96585 
    -4.80097 -120.33519 
    -5.00987 -119.71231 
    -5.25781 -119.09998 
    -5.54557 -118.50136 
    -5.87371 -117.91998 
    -6.24244 -117.35977 
    -6.65151 -116.82487 
    -7.10011 -116.31960 
    -7.58672 -115.84820 
    -8.10915 -115.41477 
    -8.66451 -115.02303 
    -9.24928 -114.67612 
    -9.85941 -114.37656 
    -10.36084 -113.79858 
    -10.65998 -112.45463 
    -11.47025 -112.50265 
    -12.35176 -113.09038 
    -13.05622 -113.02059 
    -13.76625 -113.07722 
    -14.46357 -113.23567 
    -15.13672 -113.46147 
    -15.78242 -113.72109 
    -16.40371 -113.99033 
    -17.02105 -114.20017 
    -17.62656 -114.42620 
    -18.21559 -114.68438 
    -18.78687 -114.97343 
    -19.33916 -115.29223 
    -19.87119 -115.63985 
    -20.38161 -116.01540 
    -20.87082 -116.41585 
    -21.38090 -116.79469 
    -21.86862 -117.20709 
    -22.33128 -117.65215 
    -22.76618 -118.12869 
    -23.17063 -118.63522 
    -23.54201 -119.16998 
    -23.87787 -119.73086 
    -24.17587 -120.31552 
    -24.43340 -120.92149 
    -24.64627 -121.54642 
    -24.77637 -122.19362 
    -24.67633 -122.87071 
    -24.60642 -123.52275 
Cell 18 100 15.93233 -123.73450 
    5.81373 -123.73450 
    5.83073 -124.37003 
    5.88107 -125.00426 
    5.97173 -125.63458 
    6.10245 -126.25838 
    6.27278 -126.87307 
    6.48211 -127.47610 
    6.72966 -128.06494 
    7.01446 -128.63713 
    7.33540 -129.19028 
    7.69120 -129.72203 
    8.08042 -130.23016 
    8.50149 -130.71252 
    8.95265 -131.16710 
    9.43207 -131.59196 
    9.93776 -131.98532 
    10.46759 -132.34557 
    11.01937 -132.67116 
    11.59078 -132.96077 
    12.17944 -133.21323 
    12.78288 -133.42752 
    13.39857 -133.60283 
    14.02396 -133.73854 
    14.65645 -133.83418 
    15.29343 -133.88956 
    15.93233 -133.90463 
    16.57061 -133.87964 
    17.20580 -133.81502 
    17.83554 -133.71146 
    18.45763 -133.56985 
    19.07004 -133.39137 
    19.67102 -133.17734 
    20.25905 -132.92924 
    20.83296 -132.64870 
    21.39189 -132.33739 
    21.93533 -131.99690 
    22.46304 -131.62875 
    22.97501 -131.23418 
    23.33157 -130.68285 
    23.60771 -130.08412 
    23.85394 -129.48988 
    24.08011 -128.90523 
    24.29411 -128.33142 
    24.50197 -127.76706 
    24.70555 -127.20806 
    24.91237 -126.65229 
    25.12634 -126.09512 
    25.35053 -125.53111 
    25.58670 -124.95412 
    25.83431 -124.35748 
    26.12356 -123.73450 
    26.50101 -123.06957 
    26.99326 -122.33718 
    27.65881 -121.49755 
    27.51189 -120.76138 
    27.29072 -120.04393 
    26.99802 -119.35328 
    26.63845 -118.69658 
    26.21831 -118.07973 
    25.74512 -117.50711 
    25.22714 -116.98142 
    24.67279 -116.50376 
    24.09023 -116.07372 
    23.48689 -115.68971 
    22.86921 -115.34926 
    22.24245 -115.04937 
    21.61063 -114.78693 
    21.00811 -114.50169 
    20.40051 -114.23914 
    19.78006 -114.01626 
    19.14950 -113.83308 
    18.51145 -113.68949 
    17.86841 -113.58524 
    17.22272 -113.52003 
    16.57664 -113.49351 
    15.93233 -113.44644 
    15.28438 -113.43565 
    14.63530 -113.46745 
    13.98816 -113.54277 
    13.34623 -113.66229 
    12.71297 -113.82630 
    12.09190 -114.03467 
    11.48658 -114.28680 
    10.90049 -114.58160 
    10.33692 -114.91753 
    9.79892 -115.29259 
    9.28924 -115.70437 
    8.81021 -116.15021 
    8.36381 -116.62718 
    7.95159 -117.13226 
    7.57474 -117.66235 
    7.23411 -118.21444 
    6.93025 -118.78556 
    6.66353 -119.37293 
    6.43233 -119.97318 
    6.23227 -120.58276 
    6.07095 -121.20252 
    5.94848 -121.82997 
    5.86484 -122.46268 
    5.81997 -123.09828 
Cell 19 100 23.72408 -103.73533 
    12.53737 -103.73533 
    12.59423 -104.43555 
    12.70228 -105.12771 
    12.85962 -105.80783 
    13.06400 -106.47237 
    13.31284 -107.11814 
    13.60336 -107.74240 
    13.93267 -108.34281 
    14.29787 -108.91743 
    14.69608 -109.46467 
    15.12455 -109.98325 
    15.58066 -110.47215 
    16.06197 -110.93053 
    16.56620 -111.35770 
    17.09124 -111.75305 
    17.62501 -112.12997 
    18.15120 -112.51678 
    18.70273 -112.86912 
    19.27724 -113.18533 
    19.87226 -113.46389 
    20.48526 -113.70338 
    21.11359 -113.90248 
    21.75456 -114.05988 
    22.40525 -114.17486 
    23.06275 -114.24683 
    23.72408 -114.27533 
    24.38624 -114.26017 
    25.04624 -114.20135 
    25.70107 -114.09909 
    26.34774 -113.95384 
    26.98333 -113.76628 
    27.60495 -113.53728 
    28.20979 -113.26796 
    28.79515 -112.95959 
    29.35843 -112.61366 
    29.89717 -112.23186 
    30.40904 -111.81606 
    30.89188 -111.36827 
    31.34373 -110.89066 
    31.76283 -110.38557 
    32.14765 -109.85541 
    32.49693 -109.30275 
    32.80971 -108.73020 
    33.08536 -108.14041 
    33.32359 -107.53604 
    33.52447 -106.91967 
    33.68845 -106.29375 
    33.81632 -105.66053 
    33.90915 -105.02200 
    33.96816 -104.37983 
    33.99462 -103.73533 
    33.98964 -103.08948 
    33.95399 -102.44299 
    33.88788 -101.79648 
    33.79081 -101.15063 
    33.66150 -100.50646 
    33.49784 -99.86562 
    33.29709 -99.23061 
    33.05614 -98.60498 
    32.77183 -97.99345 
    32.50495 -97.35565 
    32.24685 -96.68468 
    31.95292 -96.00793 
    31.61518 -95.33215 
    31.22560 -94.66755 
    30.77721 -94.02753 
    30.26531 -93.42799 
    29.68849 -92.88610 
    29.04929 -92.41867 
    28.35439 -92.04049 
    27.61421 -91.76272 
    26.84205 -91.59161 
    26.05277 -91.52786 
    25.26134 -91.56665 
    24.48138 -91.69829 
    23.72408 -91.90948 
    22.99738 -92.18491 
    22.30584 -92.50887 
    21.65079 -92.86679 
    21.03098 -93.24644 
    20.44344 -93.63857 
    19.88208 -94.03156 
    19.25369 -94.23528 
    18.63437 -94.47719 
    18.02669 -94.75769 
    17.43349 -95.07708 
    16.85784 -95.43548 
    16.30306 -95.83276 
    15.77268 -96.26847 
    15.27036 -96.74181 
    14.79986 -97.25150 
    14.36490 -97.79582 
    13.96914 -98.37251 
    13.61599 -98.97883 
    13.30856 -99.61153 
    13.04956 -100.26697 
    12.84119 -100.94108 
    12.68507 -101.62952 
    12.58225 -102.32779 
    12.53310 -103.03125 
Cell 20 100 64.74780 -102.96923 
    54.65904 -102.96923 
    54.67428 -103.60300 
    54.72948 -104.23484 
    54.82452 -104.86220 
    54.95909 -105.48254 
    55.13271 -106.09336 
    55.34475 -106.69215 
    55.59440 -107.27649 
    55.88068 -107.84396 
    56.20247 -108.39226 
    56.55848 -108.91911 
    56.94728 -109.42238 
    57.36730 -109.89998 
    57.81679 -110.35000 
    58.29396 -110.77057 
    58.79687 -111.15997 
    59.32344 -111.51663 
    59.87154 -111.83911 
    60.43889 -112.12612 
    61.02319 -112.37651 
    61.62204 -112.58932 
    62.23299 -112.76373 
    62.85357 -112.89909 
    63.48125 -112.99491 
    64.11351 -113.05091 
    64.74780 -113.06694 
    65.38158 -113.04305 
    66.01237 -112.97943 
    66.63770 -112.87647 
    67.25514 -112.73470 
    67.86234 -112.55481 
    68.45701 -112.33764 
    69.03696 -112.08417 
    69.60007 -111.79549 
    70.14434 -111.47283 
    70.66787 -111.11752 
    71.16886 -110.73096 
    71.64561 -110.31466 
    72.09653 -109.87016 
    72.52016 -109.39909 
    72.91506 -108.90309 
    73.27994 -108.38390 
    73.61355 -107.84322 
    73.91470 -107.28285 
    74.18227 -106.70461 
    74.41934 -106.11171 
    74.69366 -105.52290 
    74.97061 -104.91933 
    75.25119 -104.29612 
    75.52726 -103.64742 
    75.77958 -102.96923 
    75.97910 -102.26262 
    76.09229 -101.53609 
    76.08949 -100.80569 
    75.95338 -100.09212 
    75.68447 -99.41569 
    75.30107 -98.79089 
    74.83401 -98.22301 
    74.38705 -97.67001 
    74.24191 -96.94408 
    74.05215 -96.20922 
    73.80390 -95.47736 
    73.48411 -94.76529 
    73.08289 -94.09326 
    72.59560 -93.48286 
    72.02421 -92.95411 
    71.37739 -92.52266 
    70.66960 -92.19750 
    69.91908 -91.97970 
    69.14523 -91.86257 
    68.36614 -91.83311 
    67.59649 -91.87431 
    66.84640 -91.96798 
    66.12397 -92.07567 
    65.43224 -92.09027 
    64.74780 -92.15112 
    64.07374 -92.25536 
    63.41261 -92.40012 
    62.76645 -92.58267 
    62.13690 -92.80046 
    61.52525 -93.05126 
    60.93260 -93.33314 
    60.35990 -93.64447 
    59.80807 -93.98391 
    59.27808 -94.35033 
    58.77093 -94.74278 
    58.28774 -95.16037 
    57.82973 -95.60224 
    57.39820 -96.06750 
    56.99454 -96.55518 
    56.61588 -97.06104 
    56.25996 -97.58269 
    55.93664 -98.12526 
    55.64725 -98.68684 
    55.39303 -99.26542 
    55.17510 -99.85888 
    54.99444 -100.46500 
    54.85188 -101.08148 
    54.74813 -101.70598 
    54.68373 -102.33605 
Cell 21 100 64.75513 -126.91611 
    54.74685 -126.91611 
    54.76778 -127.54446 
    54.82814 -128.17018 
    54.92768 -128.79079 
    55.06599 -129.40385 
    55.24252 -130.00694 
    55.45655 -130.59767 
    55.66387 -131.19412 
    55.88724 -131.79128 
    56.14936 -132.37750 
    56.45023 -132.94997 
    56.78962 -133.50575 
    57.16693 -134.04190 
    57.58127 -134.55550 
    58.03143 -135.04367 
    58.51596 -135.50359 
    59.03314 -135.93253 
    59.58095 -136.32791 
    60.15719 -136.68723 
    60.75938 -137.00822 
    61.38486 -137.28876 
    62.03112 -137.52542 
    62.69501 -137.71564 
    63.37255 -137.86035 
    64.06040 -137.95857 
    64.75513 -138.00987 
    65.45343 -138.01521 
    66.15218 -137.97482 
    66.84831 -137.88892 
    67.53846 -137.75645 
    68.21732 -137.57161 
    68.88177 -137.33879 
    69.52857 -137.06018 
    70.13194 -136.69647 
    70.62759 -136.16960 
    70.91913 -135.40012 
    71.11671 -134.60593 
    71.39892 -133.99101 
    71.70066 -133.43839 
    71.95901 -132.87567 
    72.18607 -132.31500 
    72.40263 -131.76935 
    72.61892 -131.23926 
    72.84005 -130.72058 
    73.06994 -130.20818 
    73.31200 -129.69641 
    73.56668 -129.17853 
    73.82922 -128.64708 
    74.08949 -128.09531 
    74.35104 -127.51984 
    74.65442 -126.91611 
    74.97221 -126.27330 
    75.05925 -125.61440 
    74.98767 -124.96415 
    74.87311 -124.31825 
    74.71511 -123.67992 
    74.51355 -123.05247 
    74.26865 -122.43938 
    73.98104 -121.84412 
    73.65178 -121.27013 
    73.28236 -120.72071 
    72.87470 -120.19902 
    72.43111 -119.70789 
    71.95422 -119.24987 
    71.44694 -118.82710 
    70.91240 -118.44135 
    70.38868 -118.03906 
    69.90892 -117.54140 
    69.40016 -117.04492 
    68.85463 -116.56196 
    68.26572 -116.11165 
    67.63029 -115.71810 
    66.95065 -115.40685 
    66.23519 -115.20023 
    65.49773 -115.11296 
    64.75513 -115.14897 
    64.02435 -115.30063 
    63.31931 -115.55042 
    62.64888 -115.87475 
    62.01617 -116.24856 
    61.41937 -116.64967 
    60.85349 -117.06168 
    60.31254 -117.47511 
    59.79129 -117.88690 
    59.28642 -118.29880 
    58.79687 -118.71526 
    58.32354 -119.14165 
    57.86873 -119.58283 
    57.43544 -120.04246 
    57.02683 -120.52270 
    56.64586 -121.02438 
    56.29510 -121.54720 
    55.97669 -122.09012 
    55.69239 -122.65150 
    55.44362 -123.22942 
    55.23153 -123.82170 
    55.05703 -124.42606 
    54.92084 -125.04012 
    54.82352 -125.66145 
    54.76545 -126.28761 
Cell 22 100 73.85130 -81.86192 
    61.71793 -81.86192 
    61.73745 -82.62405 
    61.83118 -83.38041 
    61.99649 -84.12334 
    62.22918 -84.84597 
    62.52378 -85.54245 
    62.87397 -86.20815 
    63.27294 -86.83971 
    63.71380 -87.43505 
    64.18995 -87.99319 
    64.69532 -88.51411 
    65.22466 -88.99848 
    65.77359 -89.44738 
    66.33864 -89.86208 
    66.91721 -90.24379 
    67.50748 -90.59344 
    68.10821 -90.91158 
    68.71854 -91.19836 
    69.33739 -91.45444 
    69.96381 -91.68056 
    70.59863 -91.87261 
    71.24031 -92.03102 
    71.88786 -92.15459 
    72.53997 -92.24210 
    73.19507 -92.29235 
    73.85130 -92.31080 
    74.50772 -92.29550 
    75.16201 -92.23728 
    75.81125 -92.13637 
    76.45256 -91.99319 
    77.08309 -91.80837 
    77.70005 -91.58276 
    78.30070 -91.31738 
    78.88240 -91.01347 
    79.44261 -90.67242 
    79.97891 -90.29585 
    80.48898 -89.88550 
    80.97066 -89.44328 
    81.42197 -88.97125 
    81.84109 -88.47166 
    82.22650 -87.94685 
    82.57700 -87.39941 
    82.89200 -86.83208 
    83.17182 -86.24782 
    83.41822 -85.64973 
    83.63500 -85.04083 
    83.82866 -84.42367 
    84.00859 -83.79952 
    84.18658 -83.16756 
    84.37489 -82.52400 
    84.58283 -81.86192 
    84.81232 -81.17231 
    85.05334 -80.44677 
    85.28147 -79.68150 
    85.45910 -78.88154 
    85.54131 -78.06360 
    85.48558 -77.25558 
    85.26252 -76.49220 
    84.86423 -75.80750 
    84.30697 -75.22654 
    83.62722 -74.75929 
    82.87253 -74.39890 
    82.36584 -73.86622 
    81.95400 -73.23341 
    81.49475 -72.62257 
    80.98775 -72.03943 
    80.43345 -71.49010 
    79.83317 -70.98092 
    79.18922 -70.51826 
    78.50490 -70.10826 
    77.78453 -69.75667 
    77.03337 -69.46854 
    76.25751 -69.24809 
    75.46369 -69.09847 
    74.65913 -69.02165 
    73.85130 -69.01835 
    73.04763 -69.08798 
    72.25535 -69.22873 
    71.48124 -69.43763 
    70.73139 -69.71070 
    70.01114 -70.04314 
    69.32490 -70.42953 
    68.67612 -70.86411 
    68.06731 -71.34088 
    67.50005 -71.85397 
    66.97514 -72.39771 
    66.49263 -72.96681 
    66.05202 -73.55653 
    65.65240 -74.16264 
    65.29262 -74.78156 
    64.97135 -75.41026 
    64.48784 -75.91969 
    63.98559 -76.43820 
    63.51551 -76.99826 
    63.08492 -77.59921 
    62.70137 -78.23909 
    62.37222 -78.91459 
    62.10424 -79.62105 
    61.90319 -80.35252 
    61.77349 -81.10204 
Cell 23 100 91.08568 -116.47424 
    79.53345 -116.47424 
    79.70187 -117.19045 
    79.91956 -117.88485 
    80.17925 -118.55476 
    80.47427 -119.19879 
    80.79883 -119.81664 
    81.14825 -120.40874 
    81.51905 -120.97595 
    81.90891 -121.51921 
    82.31658 -122.03928 
    82.78491 -122.50510 
    83.46857 -122.77566 
    84.06290 -123.06908 
    84.62656 -123.35250 
    85.17980 -123.61322 
    85.72314 -123.85513 
    86.25526 -124.08575 
    86.77769 -124.31044 
    87.29368 -124.53265 
    87.80672 -124.75594 
    88.32108 -124.98281 
    88.84180 -125.21355 
    89.37401 -125.44715 
    89.92265 -125.68058 
    90.49223 -125.90681 
    91.08568 -126.12647 
    91.70811 -126.36750 
    92.39950 -126.87418 
    93.11518 -127.11330 
    93.78432 -126.98479 
    94.44430 -126.81102 
    95.09184 -126.59266 
    95.72375 -126.33064 
    96.33688 -126.02615 
    96.92820 -125.68059 
    97.49480 -125.29564 
    98.03388 -124.87318 
    98.54284 -124.41531 
    99.01923 -123.92434 
    99.46079 -123.40274 
    99.86549 -122.85315 
    100.23150 -122.27836 
    100.55724 -121.68127 
    100.84135 -121.06491 
    101.08275 -120.43237 
    101.28059 -119.78677 
    101.43430 -119.13132 
    101.54356 -118.46919 
    101.60832 -117.80357 
    101.62880 -117.13756 
    101.60545 -116.47424 
    101.53903 -115.81657 
    101.43051 -115.16739 
    101.28114 -114.52936 
    101.09235 -113.90497 
    100.86584 -113.29648 
    100.60346 -112.70589 
    100.30724 -112.13490 
    99.97933 -111.58492 
    99.62192 -111.05698 
    99.23724 -110.55179 
    98.82743 -110.06970 
    98.39455 -109.61076 
    97.94047 -109.17464 
    97.46658 -108.76105 
    96.97398 -108.36969 
    96.46381 -107.99965 
    95.93640 -107.65081 
    95.39183 -107.32320 
    94.82993 -107.01735 
    94.25034 -106.73441 
    93.65273 -106.47623 
    93.03692 -106.24547 
    92.40314 -106.04550 
    91.75219 -105.88039 
    91.08568 -105.75468 
    90.40614 -105.67320 
    89.71709 -105.64075 
    89.02309 -105.66174 
    88.32957 -105.73994 
    87.64277 -105.87805 
    86.96935 -106.07758 
    86.31618 -106.33855 
    85.68996 -106.65948 
    85.09686 -107.03738 
    84.54223 -107.46796 
    83.97211 -107.87542 
    83.33538 -108.22102 
    82.71807 -108.61654 
    82.12842 -109.06416 
    81.57542 -109.56464 
    81.06831 -110.11703 
    80.61597 -110.71848 
    80.22638 -111.36425 
    79.90601 -112.04790 
    79.65940 -112.76162 
    79.48882 -113.49667 
    79.39422 -114.24398 
    79.37325 -114.99462 
    79.42162 -115.74040 
Cell 24 100 -96.14235 -103.22988 
    -106.31501 -103.22988 
    -106.30387 -103.86919 
    -106.25195 -104.50702 
    -106.15932 -105.14072 
    -106.02630 -105.76765 
    -105.85339 -106.38519 
    -105.64126 -106.99076 
    -105.39077 -107.58186 
    -105.10294 -108.15601 
    -104.77898 -108.71085 
    -104.42025 -109.24413 
    -104.02826 -109.75367 
    -103.60466 -110.23746 
    -103.15124 -110.69359 
    -102.66991 -111.12035 
    -102.16267 -111.51614 
    -101.63162 -111.87959 
    -101.07891 -112.20945 
    -100.50674 -112.50469 
    -99.91736 -112.76446 
    -99.31297 -112.98806 
    -98.69582 -113.17499 
    -98.06808 -113.32489 
    -97.43188 -113.43755 
    -96.78930 -113.51287 
    -96.14235 -113.55087 
    -95.49296 -113.55163 
    -94.84300 -113.51527 
    -94.19429 -113.44196 
    -93.54861 -113.33183 
    -92.90772 -113.18504 
    -92.27342 -113.00169 
    -91.64754 -112.78183 
    -91.03203 -112.52552 
    -90.42894 -112.23278 
    -89.84049 -111.90365 
    -89.26909 -111.53822 
    -88.71755 -111.13649 
    -88.20995 -110.67891 
    -87.98075 -109.98174 
    -87.79836 -109.29215 
    -87.65955 -108.61324 
    -87.51723 -107.97158 
    -87.36525 -107.36007 
    -87.19440 -106.77263 
    -86.99370 -106.20245 
    -86.75210 -105.64089 
    -86.45914 -105.07706 
    -86.08620 -104.50027 
    -85.63820 -103.89075 
    -85.16756 -103.22988 
    -84.65283 -102.50703 
    -84.12762 -101.71207 
    -84.00723 -100.91499 
    -84.42172 -100.22054 
    -84.98944 -99.60608 
    -85.63424 -99.06943 
    -86.07199 -98.49113 
    -85.95020 -97.62669 
    -85.72615 -96.61956 
    -87.31632 -96.81740 
    -87.79698 -96.32599 
    -88.30471 -95.86985 
    -88.83616 -95.44958 
    -89.38817 -95.06548 
    -89.95784 -94.71764 
    -90.54250 -94.40593 
    -91.13972 -94.13014 
    -91.74734 -93.89001 
    -92.36336 -93.68523 
    -92.98598 -93.51557 
    -93.61354 -93.38082 
    -94.24447 -93.28083 
    -94.87289 -93.18111 
    -95.50177 -93.04819 
    -96.14235 -92.92361 
    -96.79816 -92.80600 
    -97.47255 -92.70028 
    -98.16644 -92.61925 
    -98.87600 -92.58303 
    -99.59109 -92.61577 
    -100.29554 -92.74013 
    -100.96974 -92.97115 
    -101.59491 -93.31171 
    -102.15765 -93.75129 
    -102.65309 -94.26862 
    -103.08536 -94.83723 
    -103.46535 -95.43167 
    -103.80685 -96.03244 
    -104.12241 -96.62820 
    -104.42062 -97.21537 
    -104.70502 -97.79585 
    -104.97897 -98.37191 
    -105.27759 -98.93117 
    -105.54070 -99.50881 
    -105.76704 -100.10263 
    -105.95553 -100.71029 
    -106.10524 -101.32936 
    -106.21543 -101.95735 
    -106.28549 -102.59173 
