83 25 
Cell 0 100 -121.38529 -146.61162 
    -131.38538 -146.61162 
    -131.36563 -147.23953 
    -131.30650 -147.86496 
    -131.20821 -148.48544 
    -131.07115 -149.09853 
    -130.89587 -149.70180 
    -130.68701 -150.29443 
    -130.44672 -150.87560 
    -130.17909 -151.44604 
    -129.87619 -152.00011 
    -129.53816 -152.53502 
    -129.16615 -153.04851 
    -128.76151 -153.53835 
    -128.32565 -154.00237 
    -127.86024 -154.43848 
    -127.36703 -154.84477 
    -126.84793 -155.21936 
    -126.30499 -155.56052 
    -125.74039 -155.86665 
    -125.15639 -156.13631 
    -124.55539 -156.36816 
    -123.93990 -156.56113 
    -123.31246 -156.71419 
    -122.67574 -156.82657 
    -122.03243 -156.89766 
    -121.38529 -156.92705 
    -120.73709 -156.91447 
    -120.09063 -156.85995 
    -119.44869 -156.76363 
    -118.81409 -156.62581 
    -118.18954 -156.44713 
    -117.57779 -156.22827 
    -116.98148 -155.97020 
    -116.40319 -155.67403 
    -115.84543 -155.34105 
    -115.31059 -154.97273 
    -114.80096 -154.57069 
    -114.31872 -154.13675 
    -113.86588 -153.67281 
    -113.44434 -153.18094 
    -113.05584 -152.66331 
    -112.70195 -152.12224 
    -112.38406 -151.56009 
    -112.10342 -150.97934 
    -111.86095 -150.38257 
    -111.62834 -149.78185 
    -111.42934 -149.16788 
    -111.26438 -148.54228 
    -111.13355 -147.90671 
    -111.03696 -147.26268 
    -111.08238 -146.61162 
    -111.50067 -145.98973 
    -111.83205 -145.40475 
    -112.11240 -144.84271 
    -112.36147 -144.29469 
    -112.59296 -143.75482 
    -112.81715 -143.21925 
    -113.04227 -142.68570 
    -113.27338 -142.15205 
    -113.51321 -141.61584 
    -113.76941 -141.07835 
    -114.04436 -140.53868 
    -114.33180 -139.98795 
    -114.66781 -139.45822 
    -115.03610 -138.93677 
    -115.42046 -138.40173 
    -115.75536 -137.74026 
    -115.76247 -136.38373 
    -116.53896 -136.31267 
    -117.30918 -136.31653 
    -118.03040 -136.28633 
    -118.71242 -136.20146 
    -119.38010 -136.09999 
    -120.04239 -135.98149 
    -120.70715 -135.83278 
    -121.38529 -135.57973 
    -122.09714 -135.29715 
    -122.85700 -134.96187 
    -123.66180 -134.67775 
    -124.36961 -134.98845 
    -125.04408 -135.35103 
    -125.64040 -135.86446 
    -126.13466 -136.51871 
    -126.57678 -137.16833 
    -127.08845 -137.62489 
    -127.58704 -138.07565 
    -128.17894 -138.39951 
    -128.97255 -138.53201 
    -128.97150 -139.48770 
    -129.28065 -140.08002 
    -129.62883 -140.62234 
    -129.94666 -141.17841 
    -130.23381 -141.74710 
    -130.48982 -142.32736 
    -130.71410 -142.91809 
    -130.90596 -143.51817 
    -131.07126 -144.12468 
    -131.20828 -144.73778 
    -131.30655 -145.35828 
    -131.36566 -145.98370 
Cell 1 100 -104.16909 -139.38930 
    -114.71648 -139.38930 
    -114.31122 -140.02739 
    -113.99738 -140.63091 
    -113.70723 -141.20880 
    -113.44396 -141.77068 
    -113.19920 -142.32335 
    -112.96391 -142.87141 
    -112.73339 -143.41936 
    -112.50082 -143.96971 
    -112.25789 -144.52260 
    -111.99606 -145.07593 
    -111.70712 -145.62529 
    -111.38345 -146.16402 
    -111.04340 -146.70969 
    -110.55865 -147.11295 
    -110.06292 -147.50145 
    -109.54356 -147.85809 
    -109.00260 -148.18141 
    -108.44219 -148.47009 
    -107.86455 -148.72296 
    -107.27197 -148.93895 
    -106.66679 -149.11722 
    -106.05145 -149.25699 
    -105.42839 -149.35768 
    -104.80010 -149.41888 
    -104.16909 -149.44034 
    -103.53790 -149.42192 
    -102.90903 -149.36369 
    -102.28503 -149.26587 
    -101.66840 -149.12885 
    -101.06160 -148.95316 
    -100.46709 -148.73950 
    -99.88722 -148.48872 
    -99.32436 -148.20184 
    -98.78073 -147.87999 
    -98.25853 -147.52449 
    -97.75985 -147.13673 
    -97.28667 -146.71832 
    -96.84091 -146.27092 
    -96.42432 -145.79633 
    -96.03808 -145.29683 
    -95.67444 -144.78017 
    -95.33985 -144.24321 
    -95.20305 -143.60838 
    -95.17479 -142.95039 
    -95.11854 -142.33000 
    -95.07050 -141.72542 
    -95.03441 -141.13184 
    -95.01272 -140.54601 
    -95.00456 -139.96588 
    -95.01184 -139.38930 
    -95.02347 -138.81390 
    -95.01421 -138.23277 
    -95.01008 -137.64212 
    -95.01690 -137.03941 
    -95.03300 -136.42079 
    -95.05133 -135.77933 
    -95.06957 -135.10739 
    -95.07075 -134.38744 
    -95.00926 -133.57631 
    -95.16077 -132.84436 
    -95.61533 -132.31300 
    -96.11680 -131.82770 
    -96.65794 -131.39073 
    -97.23109 -131.00270 
    -97.82874 -130.66255 
    -98.44402 -130.36803 
    -99.07113 -130.11613 
    -99.70546 -129.90359 
    -100.34364 -129.72731 
    -100.98338 -129.58466 
    -101.57880 -129.30078 
    -102.19115 -129.02057 
    -102.83012 -128.79021 
    -103.49250 -128.63522 
    -104.16909 -128.57654 
    -104.84643 -128.62332 
    -105.51066 -128.76968 
    -106.13715 -129.07236 
    -106.74293 -129.36487 
    -107.32866 -129.66515 
    -107.91773 -129.92131 
    -108.50457 -130.17593 
    -108.96661 -130.66263 
    -109.43358 -131.09380 
    -109.90546 -131.49387 
    -110.38169 -131.87955 
    -110.86131 -132.26280 
    -111.34299 -132.65256 
    -111.82694 -133.05417 
    -112.31239 -133.47284 
    -112.79710 -133.91380 
    -113.28368 -134.37851 
    -113.78069 -134.86642 
    -114.30895 -135.37465 
    -114.93069 -135.89264 
    -115.72459 -136.42235 
    -115.75831 -137.17853 
    -115.65511 -137.93828 
    -115.21004 -138.69466 
Cell 2 100 -84.91856 -141.16774 
    -95.03659 -141.16774 
    -95.07697 -141.80685 
    -95.13012 -142.45776 
    -95.18231 -143.12566 
    -95.24866 -143.82005 
    -94.95651 -144.42926 
    -94.63149 -145.01337 
    -94.28874 -145.57701 
    -93.92789 -146.12067 
    -93.54819 -146.64427 
    -93.14874 -147.14732 
    -92.72871 -147.62886 
    -92.32571 -148.12352 
    -91.89989 -148.60210 
    -91.44257 -149.05392 
    -90.95544 -149.47679 
    -90.44028 -149.86859 
    -89.89909 -150.22731 
    -89.33402 -150.55109 
    -88.74735 -150.83818 
    -88.14153 -151.08704 
    -87.51910 -151.29620 
    -86.88277 -151.46452 
    -86.23531 -151.59091 
    -85.57959 -151.67459 
    -84.91856 -151.71492 
    -84.25520 -151.71149 
    -83.59255 -151.66414 
    -82.93366 -151.57291 
    -82.28159 -151.43806 
    -81.63934 -151.26013 
    -81.00991 -151.03986 
    -80.39623 -150.77817 
    -79.80116 -150.47626 
    -79.22746 -150.13548 
    -78.67775 -149.75748 
    -78.15458 -149.34398 
    -77.66031 -148.89699 
    -77.19717 -148.41861 
    -76.76720 -147.91113 
    -76.37226 -147.37698 
    -76.01405 -146.81871 
    -75.69400 -146.23898 
    -75.41341 -145.64052 
    -75.13778 -145.04022 
    -74.88156 -144.42896 
    -74.66004 -143.80168 
    -74.47524 -143.15991 
    -74.32957 -142.50543 
    -74.22575 -141.84047 
    -74.16665 -141.16774 
    -74.15511 -140.49055 
    -74.19366 -139.81287 
    -74.28433 -139.13916 
    -74.42831 -138.47430 
    -74.62582 -137.82343 
    -74.87600 -137.19160 
    -75.17686 -136.58365 
    -75.52537 -136.00380 
    -75.91766 -135.45560 
    -76.34920 -134.94174 
    -76.81515 -134.46402 
    -77.31056 -134.02336 
    -77.83073 -133.61996 
    -78.37131 -133.25348 
    -78.92850 -132.92313 
    -79.49908 -132.62801 
    -80.08041 -132.36720 
    -80.63643 -132.06776 
    -81.20473 -131.78769 
    -81.78828 -131.53375 
    -82.38622 -131.30492 
    -82.99805 -131.10008 
    -83.62376 -130.91833 
    -84.26370 -130.75909 
    -84.91856 -130.62239 
    -85.59145 -130.47232 
    -86.28886 -130.32065 
    -86.99972 -130.25792 
    -87.70666 -130.30879 
    -88.44913 -130.30174 
    -89.21280 -130.32173 
    -89.96759 -130.43800 
    -90.69791 -130.65512 
    -91.45037 -130.87526 
    -92.18800 -131.16220 
    -92.90047 -131.51927 
    -93.57677 -131.94768 
    -94.20592 -132.44632 
    -94.77755 -133.01167 
    -95.02795 -133.82285 
    -95.07020 -134.72531 
    -95.05635 -135.59444 
    -95.03337 -136.40808 
    -95.01542 -137.17012 
    -95.01180 -137.88826 
    -95.01965 -138.57422 
    -95.01482 -139.24178 
    -95.00548 -139.89348 
    -95.01253 -140.53268 
Cell 3 100 -57.92338 -155.74281 
    -68.05775 -155.74281 
    -68.01286 -156.37759 
    -67.93097 -157.00706 
    -67.81274 -157.62930 
    -67.65875 -158.24243 
    -67.46954 -158.84454 
    -67.24561 -159.43375 
    -66.98750 -160.00806 
    -66.69585 -160.56552 
    -66.37143 -161.10411 
    -66.01512 -161.62181 
    -65.62851 -162.11705 
    -65.21307 -162.58829 
    -64.76885 -163.03250 
    -64.29762 -163.44795 
    -63.80123 -163.83298 
    -63.28165 -164.18610 
    -62.74092 -164.50587 
    -62.18117 -164.79108 
    -61.60463 -165.04057 
    -61.01355 -165.25337 
    -60.41028 -165.42865 
    -59.79719 -165.56569 
    -59.17671 -165.66396 
    -58.55128 -165.72308 
    -57.92338 -165.74298 
    -57.29536 -165.72481 
    -56.66961 -165.66745 
    -56.04851 -165.57121 
    -55.43443 -165.43661 
    -54.82964 -165.26437 
    -54.23627 -165.05537 
    -53.65635 -164.81071 
    -53.09167 -164.53166 
    -52.54382 -164.21964 
    -52.01414 -163.87617 
    -51.50370 -163.50287 
    -51.01330 -163.10130 
    -50.54350 -162.67299 
    -50.09472 -162.21925 
    -49.66731 -161.74120 
    -49.26174 -161.23965 
    -48.87872 -160.71515 
    -48.51942 -160.16798 
    -48.18562 -159.59827 
    -47.87985 -159.00615 
    -47.60548 -158.39200 
    -47.36662 -157.75662 
    -47.16803 -157.10153 
    -47.01486 -156.42912 
    -46.91230 -155.74281 
    -46.86514 -155.04709 
    -46.87735 -154.34738 
    -46.95173 -153.64986 
    -47.08951 -152.96115 
    -47.29028 -152.28790 
    -47.55188 -151.63644 
    -47.87058 -151.01233 
    -48.24139 -150.42009 
    -48.65839 -149.86307 
    -49.11525 -149.34334 
    -49.59989 -148.85703 
    -50.23232 -148.52043 
    -50.90887 -148.27310 
    -51.59136 -148.08871 
    -52.21941 -147.89197 
    -52.81483 -147.69304 
    -53.39001 -147.49664 
    -53.95299 -147.30531 
    -54.50962 -147.12065 
    -55.06389 -146.94221 
    -55.61827 -146.76500 
    -56.17702 -146.58809 
    -56.74388 -146.40610 
    -57.32405 -146.21686 
    -57.92338 -146.00980 
    -58.55340 -145.72894 
    -59.18715 -145.73906 
    -59.81656 -145.81842 
    -60.44167 -145.93472 
    -61.06042 -146.08800 
    -61.67647 -146.26360 
    -62.27373 -146.49785 
    -62.85468 -146.77281 
    -63.42323 -147.07645 
    -63.97193 -147.41771 
    -64.49745 -147.79613 
    -64.99639 -148.21082 
    -65.46540 -148.66039 
    -65.90130 -149.14290 
    -66.30124 -149.65594 
    -66.66282 -150.19659 
    -66.98417 -150.76160 
    -67.26403 -151.34744 
    -67.50169 -151.95050 
    -67.69699 -152.56717 
    -67.85023 -153.19403 
    -67.96204 -153.82784 
    -68.03326 -154.46564 
    -68.06484 -155.10477 
Cell 4 100 -50.89711 -138.50769 
    -62.92635 -138.50769 
    -62.76657 -139.25446 
    -62.55716 -139.98070 
    -62.30233 -140.68335 
    -62.00629 -141.36005 
    -61.67310 -142.00902 
    -61.30658 -142.62909 
    -60.91022 -143.21950 
    -60.48713 -143.77985 
    -60.04002 -144.30995 
    -59.57121 -144.80980 
    -59.08220 -145.27899 
    -58.58568 -145.72774 
    -57.93654 -146.00392 
    -57.28518 -146.22954 
    -56.65611 -146.43428 
    -56.05051 -146.62814 
    -55.46376 -146.81439 
    -54.89212 -146.99751 
    -54.33072 -147.18001 
    -53.77526 -147.36572 
    -53.21999 -147.55470 
    -52.65923 -147.74503 
    -52.08783 -147.93318 
    -51.50143 -148.11301 
    -50.89711 -148.27740 
    -50.26798 -148.50740 
    -49.59074 -148.84869 
    -48.93888 -148.77310 
    -48.29180 -148.65469 
    -47.65247 -148.49368 
    -47.02380 -148.29056 
    -46.40871 -148.04602 
    -45.81007 -147.76099 
    -45.23067 -147.43657 
    -44.67321 -147.07414 
    -44.14033 -146.67523 
    -43.63449 -146.24159 
    -43.15805 -145.77515 
    -42.71320 -145.27802 
    -42.30198 -144.75241 
    -41.92621 -144.20079 
    -41.58755 -143.62567 
    -41.28743 -143.02966 
    -41.02710 -142.41550 
    -40.80756 -141.78598 
    -40.62962 -141.14394 
    -40.49387 -140.49222 
    -40.40066 -139.83369 
    -40.35018 -139.17125 
    -40.34239 -138.50769 
    -40.37708 -137.84583 
    -40.45386 -137.18840 
    -40.57219 -136.53810 
    -40.73135 -135.89757 
    -40.93053 -135.26935 
    -41.16875 -134.65596 
    -41.44491 -134.05983 
    -41.75784 -133.48334 
    -42.11123 -132.93199 
    -42.50360 -132.40945 
    -42.92323 -131.91112 
    -43.36402 -131.43364 
    -43.82902 -130.98094 
    -44.32199 -130.55974 
    -44.82795 -130.15422 
    -45.32969 -129.73485 
    -45.85683 -129.33945 
    -46.40880 -128.96956 
    -46.98504 -128.62692 
    -47.58487 -128.31366 
    -48.20747 -128.03221 
    -48.85171 -127.78533 
    -49.52690 -127.66138 
    -50.22075 -127.75719 
    -50.89711 -127.87354 
    -51.55723 -128.01534 
    -52.20052 -128.19017 
    -52.81704 -128.44307 
    -53.42129 -128.67667 
    -54.02118 -128.89278 
    -54.61775 -129.11043 
    -55.21407 -129.33368 
    -55.80801 -129.57480 
    -56.39842 -129.83902 
    -56.98750 -130.12498 
    -57.57816 -130.43169 
    -58.16895 -130.76398 
    -58.76764 -131.11676 
    -59.39006 -131.48170 
    -60.07218 -131.84161 
    -60.92147 -132.14604 
    -61.75532 -132.53835 
    -62.21756 -133.18069 
    -62.65196 -133.85362 
    -62.85295 -134.62300 
    -62.99361 -135.40184 
    -63.06901 -136.18578 
    -63.08108 -136.96849 
    -63.03244 -137.74420 
Cell 5 100 -8.36384 -145.80328 
    -18.76310 -145.80328 
    -18.77712 -146.45844 
    -18.74809 -147.11511 
    -18.67575 -147.77039 
    -18.56009 -148.42123 
    -18.40132 -149.06465 
    -18.19988 -149.69765 
    -17.95641 -150.31720 
    -17.67182 -150.92038 
    -17.34722 -151.50430 
    -16.98394 -152.06615 
    -16.58353 -152.60320 
    -16.14778 -153.11288 
    -15.67861 -153.59271 
    -15.17819 -154.04041 
    -14.64881 -154.45380 
    -14.09297 -154.83093 
    -13.51327 -155.17004 
    -12.91245 -155.46956 
    -12.29338 -155.72815 
    -11.65898 -155.94467 
    -11.01227 -156.11823 
    -10.35631 -156.24817 
    -9.69419 -156.33403 
    -9.02900 -156.37566 
    -8.36384 -156.37306 
    -7.70178 -156.32654 
    -7.04581 -156.23659 
    -6.39890 -156.10388 
    -5.76391 -155.92938 
    -5.14359 -155.71422 
    -4.54059 -155.45972 
    -3.95745 -155.16736 
    -3.39653 -154.83879 
    -2.86009 -154.47581 
    -2.35016 -154.08041 
    -1.86866 -153.65462 
    -1.41732 -153.20058 
    -0.98608 -152.73146 
    -0.54546 -152.27121 
    -0.13797 -151.77974 
    0.19672 -151.23598 
    0.42711 -150.63615 
    0.63924 -150.03983 
    0.84162 -149.44798 
    1.03148 -148.85602 
    1.20668 -148.26057 
    1.36599 -147.65935 
    1.50897 -147.05051 
    1.63603 -146.43242 
    1.74885 -145.80328 
    1.85124 -145.16061 
    2.07720 -144.48428 
    2.43134 -143.74400 
    2.89619 -142.91219 
    3.41949 -141.97464 
    3.34572 -141.16714 
    3.12351 -140.39775 
    2.75477 -139.69078 
    2.25049 -139.06721 
    1.63412 -138.53934 
    0.93717 -138.10881 
    0.19364 -137.76727 
    -0.56544 -137.49883 
    -1.31601 -137.28391 
    -2.04292 -137.10329 
    -2.73981 -136.94121 
    -3.39355 -136.76236 
    -3.98480 -136.49734 
    -4.58913 -136.26944 
    -5.20418 -136.07884 
    -5.82772 -135.92574 
    -6.44379 -135.73798 
    -7.06679 -135.53603 
    -7.70618 -135.34998 
    -8.36384 -135.00671 
    -9.05045 -134.89003 
    -9.72136 -135.05748 
    -10.39203 -135.17117 
    -11.05519 -135.32120 
    -11.71507 -135.48926 
    -12.37147 -135.68118 
    -13.02580 -135.89613 
    -13.68207 -136.12949 
    -14.25917 -136.51375 
    -14.75035 -137.01302 
    -15.18952 -137.55246 
    -15.58949 -138.10875 
    -15.95769 -138.67218 
    -16.30035 -139.23764 
    -16.62142 -139.80380 
    -16.92229 -140.37193 
    -17.20215 -140.94438 
    -17.52168 -141.49393 
    -17.81372 -142.06181 
    -18.06981 -142.64963 
    -18.28842 -143.25508 
    -18.46817 -143.87578 
    -18.60787 -144.50917 
    -18.70646 -145.15259 
Cell 6 100 10.17488 -151.09935 
    0.24920 -151.09935 
    -0.11777 -151.74692 
    -0.51837 -152.45023 
    -0.66433 -153.16704 
    -0.64576 -153.87762 
    -0.51928 -154.57410 
    -0.30379 -155.24815 
    -0.03672 -155.90456 
    0.27590 -156.54135 
    0.63253 -157.15511 
    1.03131 -157.74254 
    1.47012 -158.30055 
    1.94664 -158.82617 
    2.45821 -159.31676 
    3.00207 -159.76979 
    3.57520 -160.18303 
    4.17443 -160.55455 
    4.79648 -160.88261 
    5.43792 -161.16588 
    6.09525 -161.40331 
    6.76496 -161.59398 
    7.44346 -161.73750 
    8.12719 -161.83368 
    8.81264 -161.88258 
    9.49632 -161.88461 
    10.17488 -161.84047 
    10.84502 -161.75102 
    11.50363 -161.61752 
    12.14772 -161.44136 
    12.77447 -161.22411 
    13.38128 -160.96765 
    13.96570 -160.67387 
    14.55894 -160.41595 
    15.15584 -160.15970 
    15.73984 -159.86833 
    16.30895 -159.54218 
    16.86108 -159.18158 
    17.39399 -158.78693 
    17.90533 -158.35873 
    18.39256 -157.89761 
    18.85301 -157.40439 
    19.28387 -156.88010 
    19.68222 -156.32607 
    20.04513 -155.74394 
    20.36962 -155.13574 
    20.65283 -154.50385 
    20.89203 -153.85104 
    21.08474 -153.18051 
    21.22877 -152.49579 
    21.32236 -151.80069 
    21.36419 -151.09935 
    21.35345 -150.39606 
    21.28989 -149.69519 
    21.17382 -149.00119 
    21.00613 -148.31836 
    20.78823 -147.65086 
    20.52204 -147.00261 
    20.20993 -146.37721 
    19.85462 -145.77786 
    19.45912 -145.20738 
    19.02665 -144.66817 
    18.56054 -144.16212 
    18.06415 -143.69083 
    17.54081 -143.25542 
    16.99377 -142.85672 
    16.42613 -142.49524 
    15.84081 -142.17126 
    15.24056 -141.88490 
    14.62793 -141.63614 
    14.00528 -141.42485 
    13.37484 -141.25089 
    12.73866 -141.11407 
    12.09871 -141.01424 
    11.48662 -140.71587 
    10.85033 -140.36339 
    10.17488 -139.97089 
    9.44968 -139.57272 
    8.67540 -139.22974 
    7.87002 -139.01685 
    7.06846 -139.00064 
    6.31376 -139.21605 
    5.64286 -139.65280 
    5.07383 -140.25908 
    4.60084 -140.96022 
    4.15582 -141.61484 
    3.59664 -142.04518 
    3.09991 -142.54720 
    2.74339 -143.18561 
    2.40372 -143.80174 
    2.10596 -144.42416 
    1.88047 -145.07312 
    1.75626 -145.75674 
    1.64050 -146.40753 
    1.51441 -147.02405 
    1.37624 -147.61572 
    1.22502 -148.19138 
    1.06001 -148.75905 
    0.88062 -149.32637 
    0.68680 -149.90073 
    0.47933 -150.48936 
Cell 7 100 30.80535 -136.12059 
    20.42740 -136.12059 
    20.40662 -136.77483 
    20.42883 -137.43144 
    20.49439 -138.08751 
    20.60341 -138.74001 
    20.75581 -139.38588 
    20.95124 -140.02211 
    21.18913 -140.64563 
    21.46868 -141.25346 
    21.78884 -141.84264 
    22.14836 -142.41026 
    22.54575 -142.95352 
    22.97928 -143.46976 
    23.44705 -143.95638 
    23.94692 -144.41100 
    24.47660 -144.83136 
    25.03361 -145.21539 
    25.61532 -145.56122 
    26.21895 -145.86717 
    26.84162 -146.13182 
    27.48033 -146.35393 
    28.13202 -146.53252 
    28.79354 -146.66682 
    29.46173 -146.75638 
    30.13340 -146.80092 
    30.80535 -146.80045 
    31.47442 -146.75517 
    32.13749 -146.66562 
    32.79151 -146.53246 
    33.43351 -146.35661 
    34.06060 -146.13925 
    34.67006 -145.88173 
    35.25923 -145.58559 
    35.82566 -145.25252 
    36.36704 -144.88441 
    36.88120 -144.48329 
    37.36621 -144.05132 
    37.82028 -143.59074 
    38.27088 -143.13120 
    38.72397 -142.67145 
    39.15219 -142.18494 
    39.55416 -141.67276 
    39.92849 -141.13608 
    40.27369 -140.57605 
    40.58820 -139.99390 
    40.87038 -139.39091 
    41.11847 -138.76855 
    41.33063 -138.12840 
    41.50493 -137.47226 
    41.63940 -136.80222 
    41.73208 -136.12059 
    41.78105 -135.43005 
    41.78451 -134.73360 
    41.74084 -134.03453 
    41.64872 -133.33649 
    41.50711 -132.64337 
    41.31545 -131.95935 
    41.07359 -131.28873 
    40.78193 -130.63591 
    40.44143 -130.00534 
    40.05360 -129.40134 
    39.62051 -128.82805 
    39.14478 -128.28934 
    38.62949 -127.78872 
    38.07817 -127.32925 
    37.57051 -126.80914 
    37.01284 -126.33914 
    36.40147 -125.94128 
    35.74497 -125.62335 
    35.05407 -125.38954 
    34.34066 -125.24000 
    33.61673 -125.17097 
    32.89325 -125.17542 
    32.17941 -125.24378 
    31.48597 -125.30242 
    30.80535 -125.13287 
    30.10526 -124.99301 
    29.38759 -124.89790 
    28.65653 -124.85612 
    27.91827 -124.87617 
    27.18086 -124.96558 
    26.45389 -125.13006 
    25.74778 -125.37271 
    25.14587 -125.82603 
    24.64030 -126.40604 
    24.18196 -127.00429 
    23.77992 -127.62831 
    23.44979 -128.28772 
    23.14620 -128.92818 
    22.85988 -129.54753 
    22.59081 -130.15237 
    22.33667 -130.74620 
    22.09359 -131.33127 
    21.85661 -131.90964 
    21.61975 -132.48375 
    21.37569 -133.05672 
    21.11486 -133.63249 
    20.83904 -134.21942 
    20.59533 -134.83076 
    20.49062 -135.47165 
Cell 8 100 46.13425 -150.16365 
    36.10248 -150.16365 
    36.12455 -150.79341 
    36.17769 -151.42146 
    36.26846 -152.04565 
    36.39828 -152.66342 
    36.56695 -153.27225 
    36.77391 -153.86967 
    37.01840 -154.45323 
    37.29952 -155.02058 
    37.61621 -155.56935 
    37.96725 -156.09732 
    38.35129 -156.60226 
    38.76682 -157.08212 
    39.21219 -157.53488 
    39.68565 -157.95866 
    40.18528 -158.35170 
    40.70909 -158.71233 
    41.25494 -159.03906 
    41.82065 -159.33051 
    42.40389 -159.58545 
    43.00229 -159.80283 
    43.61340 -159.98172 
    44.23471 -160.12137 
    44.86368 -160.22121 
    45.49773 -160.28082 
    46.13425 -160.29996 
    46.77062 -160.27856 
    47.40425 -160.21675 
    48.03252 -160.11478 
    48.65288 -159.97307 
    49.26278 -159.79228 
    49.85974 -159.57317 
    50.44133 -159.31668 
    51.00521 -159.02391 
    51.54910 -158.69609 
    52.07080 -158.33461 
    52.56824 -157.94102 
    53.03945 -157.51695 
    53.48256 -157.06418 
    53.89584 -156.58459 
    54.27768 -156.08020 
    54.62661 -155.55307 
    54.94131 -155.00537 
    55.22059 -154.43936 
    55.46342 -153.85733 
    55.66892 -153.26166 
    55.83637 -152.65474 
    55.96519 -152.03900 
    56.05545 -151.41699 
    56.11568 -150.79163 
    56.13654 -150.16365 
    56.11790 -149.53554 
    56.05985 -148.90976 
    55.96259 -148.28879 
    55.82649 -147.67511 
    55.65209 -147.07112 
    55.44006 -146.47922 
    55.19122 -145.90176 
    54.90655 -145.34103 
    54.58939 -144.79785 
    54.24295 -144.27234 
    53.86798 -143.76575 
    53.46684 -143.27789 
    53.04163 -142.80803 
    52.59386 -142.35532 
    52.12407 -141.91936 
    51.63165 -141.50113 
    51.11501 -141.10367 
    50.57211 -140.73270 
    50.10218 -140.14180 
    49.60823 -139.47182 
    48.90582 -139.36908 
    48.13071 -139.69781 
    47.46929 -139.59570 
    46.80112 -139.56406 
    46.13425 -139.42206 
    45.45666 -139.39372 
    44.80344 -139.62923 
    44.19466 -139.99600 
    43.58600 -140.23889 
    42.98856 -140.48222 
    42.40682 -140.74924 
    41.84060 -141.03920 
    41.29043 -141.35278 
    40.75758 -141.69139 
    40.24391 -142.05630 
    39.75163 -142.44839 
    39.28107 -142.86575 
    38.83701 -143.31108 
    38.42184 -143.78340 
    38.03723 -144.28082 
    37.68467 -144.80139 
    37.36555 -145.34302 
    37.08112 -145.90358 
    36.83250 -146.48083 
    36.60952 -147.06888 
    36.38276 -147.65990 
    36.21104 -148.27071 
    36.12444 -148.89912 
    36.10058 -149.53238 
Cell 9 100 67.39763 -151.55525 
    56.59329 -151.55525 
    56.61367 -152.23372 
    56.61893 -152.91692 
    56.65017 -153.60544 
    56.72359 -154.29588 
    56.87924 -154.97289 
    57.08047 -155.64011 
    57.32710 -156.29408 
    57.61855 -156.93135 
    57.95384 -157.54846 
    58.33171 -158.14203 
    58.75048 -158.70880 
    59.20812 -159.24571 
    59.70236 -159.74988 
    60.23071 -160.21857 
    60.79039 -160.64934 
    61.37840 -161.04002 
    61.99168 -161.38863 
    62.62692 -161.69353 
    63.28070 -161.95341 
    63.94959 -162.16724 
    64.63000 -162.33444 
    65.31847 -162.45457 
    66.01147 -162.52782 
    66.70561 -162.55450 
    67.39763 -162.53542 
    68.08443 -162.47174 
    68.76321 -162.36496 
    69.43141 -162.21674 
    70.08687 -162.02916 
    70.72776 -161.80435 
    71.35266 -161.54453 
    71.96057 -161.25200 
    72.55079 -160.92882 
    73.12294 -160.57690 
    73.67686 -160.19789 
    74.21236 -159.79285 
    74.72925 -159.36263 
    75.22690 -158.90742 
    75.70435 -158.42717 
    76.15993 -157.92145 
    76.59126 -157.38971 
    76.99511 -156.83151 
    77.35835 -156.24242 
    77.63815 -155.60976 
    77.89026 -154.96451 
    78.11901 -154.30803 
    78.30262 -153.63548 
    78.42899 -152.94884 
    78.49728 -152.25359 
    78.50592 -151.55525 
    78.45293 -150.85971 
    78.34101 -150.17278 
    78.17368 -149.49960 
    77.95418 -148.84479 
    77.69276 -148.21016 
    77.55415 -147.53400 
    77.37244 -146.86147 
    77.14587 -146.19611 
    76.87288 -145.54208 
    76.55230 -144.90399 
    76.18353 -144.28693 
    75.76663 -143.69624 
    75.30253 -143.13739 
    74.79281 -142.61601 
    74.24033 -142.13707 
    73.64846 -141.70552 
    73.02152 -141.32542 
    72.36449 -141.00014 
    71.68284 -140.73204 
    70.98237 -140.52255 
    70.26898 -140.37207 
    69.54849 -140.28000 
    68.82645 -140.24490 
    68.10798 -140.26454 
    67.39763 -140.33611 
    66.69935 -140.45636 
    66.01642 -140.62183 
    65.35149 -140.82901 
    64.70661 -141.07443 
    64.08334 -141.35492 
    63.48279 -141.66751 
    62.90581 -142.00966 
    62.35302 -142.37915 
    61.82497 -142.77414 
    61.32216 -143.19310 
    60.84519 -143.63472 
    60.39471 -144.09790 
    59.86243 -144.47923 
    59.31647 -144.86993 
    58.76649 -145.28436 
    58.22250 -145.73254 
    57.70282 -146.22548 
    57.23243 -146.77187 
    56.83867 -147.37466 
    56.54523 -148.02910 
    56.36626 -148.72289 
    56.30278 -149.43880 
    56.34264 -150.15868 
    56.46401 -150.86737 
Cell 10 100 83.14064 -136.31897 
    71.51983 -136.31897 
    70.97269 -137.08450 
    71.08381 -137.84210 
    71.46717 -138.54581 
    71.89577 -139.20616 
    72.35275 -139.82416 
    72.82462 -140.40337 
    73.30193 -140.94872 
    73.77934 -141.46539 
    74.25509 -141.95792 
    74.73011 -142.42958 
    75.20663 -142.88255 
    75.68879 -143.31673 
    76.18002 -143.73128 
    76.68341 -144.12442 
    77.20133 -144.49373 
    77.73521 -144.83658 
    78.28555 -145.15034 
    78.85207 -145.43265 
    79.43382 -145.68134 
    80.02932 -145.89464 
    80.63672 -146.07111 
    81.25390 -146.20959 
    81.87857 -146.30928 
    82.50820 -146.37128 
    83.14064 -146.39445 
    83.77352 -146.37833 
    84.40446 -146.32309 
    85.03110 -146.22908 
    85.65117 -146.09683 
    86.26248 -145.92702 
    86.86295 -145.72044 
    87.45058 -145.47804 
    88.02350 -145.20087 
    88.57999 -144.89001 
    89.11845 -144.54671 
    89.63737 -144.17216 
    90.13542 -143.76765 
    90.61134 -143.33443 
    91.06393 -142.87369 
    91.49209 -142.38666 
    91.89471 -141.87447 
    92.27068 -141.33826 
    92.61886 -140.77908 
    92.93800 -140.19801 
    93.22675 -139.59615 
    93.48360 -138.97459 
    93.70694 -138.33459 
    93.89494 -137.67755 
    94.04563 -137.00505 
    94.15694 -136.31897 
    94.22672 -135.62149 
    94.25278 -134.91518 
    94.23299 -134.20299 
    94.16538 -133.48830 
    94.04821 -132.77489 
    93.88004 -132.06694 
    93.55183 -131.41983 
    93.06937 -130.86061 
    92.40273 -130.44107 
    91.75371 -130.06120 
    91.16710 -129.67891 
    90.61590 -129.29924 
    90.08392 -128.92513 
    89.56149 -128.55750 
    89.04213 -128.19626 
    88.52161 -127.83991 
    87.99699 -127.48531 
    87.46600 -127.12711 
    86.92659 -126.75676 
    86.37626 -126.36074 
    85.80395 -125.94608 
    85.19008 -125.57540 
    84.54361 -125.21336 
    83.84743 -125.08488 
    83.14064 -125.15903 
    82.44599 -125.27787 
    81.76616 -125.43882 
    81.10338 -125.63929 
    80.45953 -125.87675 
    79.83615 -126.14881 
    79.23451 -126.45322 
    78.65568 -126.78795 
    78.10057 -127.15112 
    77.57001 -127.54107 
    77.01700 -127.89050 
    76.39639 -128.16658 
    75.83572 -128.54002 
    75.49984 -129.14378 
    75.16502 -129.72095 
    74.86578 -130.30693 
    74.55506 -130.87039 
    74.23147 -131.42111 
    73.90366 -131.97238 
    73.57883 -132.53317 
    73.25851 -133.10808 
    72.94689 -133.70166 
    72.64068 -134.31599 
    72.32659 -134.95284 
    71.97324 -135.61638 
Cell 11 100 115.72549 -144.89011 
    105.56046 -144.89011 
    105.57102 -145.52898 
    105.62242 -146.16643 
    105.71453 -146.79980 
    105.84706 -147.42645 
    106.01955 -148.04376 
    106.23133 -148.64911 
    106.48161 -149.23994 
    106.76936 -149.81378 
    107.09343 -150.36818 
    107.45248 -150.90079 
    107.84505 -151.40938 
    108.26948 -151.89177 
    108.72399 -152.34595 
    109.20668 -152.76999 
    109.71551 -153.16214 
    110.24831 -153.52075 
    110.80284 -153.84436 
    111.37675 -154.13164 
    111.96761 -154.38142 
    112.57291 -154.59273 
    113.19011 -154.76476 
    113.81660 -154.89684 
    114.44976 -154.98853 
    115.08694 -155.03955 
    115.72549 -155.04980 
    116.36277 -155.01941 
    116.99618 -154.94864 
    117.62314 -154.83797 
    118.24119 -154.68811 
    118.84792 -154.49998 
    119.44113 -154.27475 
    120.01876 -154.01378 
    120.57907 -153.71875 
    121.12064 -153.39151 
    121.64250 -153.03418 
    122.14417 -152.64896 
    122.62571 -152.23810 
    123.08775 -151.80373 
    123.53134 -151.34767 
    123.95778 -150.87122 
    124.36829 -150.37500 
    124.76359 -149.85884 
    125.14339 -149.32184 
    125.50594 -148.76245 
    125.84753 -148.17896 
    126.16243 -147.56985 
    126.44285 -146.93456 
    126.67946 -146.27391 
    126.86214 -145.59076 
    126.98101 -144.89011 
    127.02758 -144.17903 
    126.99586 -143.46632 
    126.88314 -142.76167 
    127.01200 -141.99222 
    127.19870 -141.16223 
    126.84043 -140.48940 
    126.04631 -140.03349 
    125.25608 -139.65062 
    124.78201 -139.14267 
    124.28255 -138.67303 
    123.76577 -138.23860 
    123.23754 -137.83582 
    122.70157 -137.46133 
    122.15968 -137.11250 
    121.63687 -136.75378 
    121.12041 -136.38907 
    120.58507 -136.05055 
    120.03276 -135.73669 
    119.46449 -135.44646 
    118.88032 -135.18053 
    118.27959 -134.94250 
    117.66183 -134.73940 
    117.02782 -134.58107 
    116.38055 -134.47824 
    115.72549 -134.43967 
    115.06988 -134.46953 
    114.39897 -134.38966 
    113.67862 -134.16006 
    112.91813 -133.95618 
    112.14574 -133.87277 
    111.41267 -133.99718 
    110.77111 -134.36153 
    110.24619 -134.92331 
    109.82311 -135.58946 
    109.45918 -136.26529 
    109.10995 -136.89330 
    108.74950 -137.46144 
    108.37450 -137.98706 
    107.99571 -138.49548 
    107.60175 -138.98787 
    107.23538 -139.50212 
    106.90177 -140.03923 
    106.60239 -140.59711 
    106.33862 -141.17358 
    106.11164 -141.76637 
    105.92253 -142.37314 
    105.77219 -142.99141 
    105.66137 -143.61871 
    105.59065 -144.25247 
Cell 12 100 -117.71083 -126.57673 
    -128.04208 -126.57673 
    -128.37616 -127.24773 
    -128.65791 -127.95966 
    -128.88254 -128.70784 
    -129.04596 -129.48709 
    -129.14481 -130.29185 
    -129.17625 -131.11621 
    -129.13834 -131.95410 
    -129.02969 -132.79932 
    -128.84969 -133.64566 
    -128.59813 -134.48682 
    -128.27554 -135.31662 
    -127.88287 -136.12891 
    -127.42166 -136.91771 
    -124.90990 -135.27890 
    -123.60988 -134.69608 
    -123.00013 -134.91133 
    -122.42532 -135.15234 
    -121.85886 -135.39174 
    -121.28952 -135.61546 
    -120.71709 -135.82907 
    -120.12104 -135.96390 
    -119.52262 -136.07449 
    -118.92268 -136.16951 
    -118.31944 -136.25037 
    -117.71083 -136.29971 
    -117.09812 -136.31548 
    -116.48022 -136.31804 
    -115.84143 -136.37650 
    -115.26213 -136.11378 
    -114.73648 -135.73083 
    -114.24996 -135.31789 
    -113.80087 -134.88583 
    -113.37337 -134.46655 
    -112.95741 -134.06691 
    -112.54607 -133.68542 
    -112.13350 -133.31856 
    -111.71519 -132.96143 
    -111.28806 -132.60811 
    -110.84922 -132.25314 
    -110.39619 -131.89113 
    -109.93060 -131.51422 
    -109.45747 -131.11406 
    -108.98729 -130.68172 
    -108.53618 -130.20923 
    -107.70371 -129.82825 
    -106.77924 -129.38348 
    -105.71004 -128.86601 
    -105.19973 -128.15724 
    -105.44080 -127.34869 
    -105.72649 -126.57673 
    -105.88621 -125.83279 
    -105.93545 -125.08915 
    -105.98533 -124.33997 
    -105.95626 -123.55867 
    -106.21729 -122.84225 
    -106.78654 -122.25150 
    -107.52031 -121.78143 
    -108.26000 -121.38110 
    -108.86639 -120.96388 
    -109.12925 -120.34185 
    -109.42542 -119.72244 
    -109.76089 -119.11124 
    -110.14198 -118.51672 
    -110.57417 -117.94998 
    -111.06091 -117.42389 
    -111.60265 -116.95177 
    -112.19627 -116.54578 
    -112.83509 -116.21525 
    -113.50954 -115.96547 
    -114.20830 -115.79703 
    -114.91968 -115.70591 
    -115.63300 -115.68435 
    -116.33958 -115.72214 
    -117.03334 -115.80830 
    -117.71083 -115.93251 
    -118.37083 -116.08629 
    -119.01368 -116.26365 
    -119.64047 -116.46120 
    -120.25243 -116.67786 
    -120.85034 -116.91431 
    -121.43433 -117.17226 
    -122.00374 -117.45383 
    -122.55727 -117.76109 
    -123.09312 -118.09559 
    -123.61105 -118.45577 
    -124.10886 -118.84284 
    -124.58124 -119.26049 
    -125.02631 -119.70703 
    -125.44232 -120.18069 
    -125.82761 -120.67954 
    -126.18066 -121.20161 
    -126.50008 -121.74480 
    -126.78461 -122.30694 
    -127.03313 -122.88577 
    -127.24467 -123.47900 
    -127.41843 -124.08424 
    -127.55373 -124.69910 
    -127.65005 -125.32111 
    -127.71020 -125.94762 
Cell 13 100 -82.15321 -115.05313 
    -92.33183 -115.05313 
    -92.32394 -115.69302 
    -92.27516 -116.33183 
    -92.18556 -116.96690 
    -92.05536 -117.59557 
    -91.88497 -118.21517 
    -91.67500 -118.82307 
    -91.42624 -119.41669 
    -91.13966 -119.99347 
    -90.81638 -120.55095 
    -90.45775 -121.08672 
    -90.06522 -121.59850 
    -89.64043 -122.08409 
    -89.18517 -122.54140 
    -88.70135 -122.96848 
    -88.19104 -123.36349 
    -87.65642 -123.72478 
    -87.09974 -124.05083 
    -86.52341 -124.34027 
    -85.92989 -124.59192 
    -85.32171 -124.80475 
    -84.70147 -124.97793 
    -84.07182 -125.11079 
    -83.43542 -125.20288 
    -82.79499 -125.25388 
    -82.15321 -125.26372 
    -81.51279 -125.23245 
    -80.87637 -125.16036 
    -80.24661 -125.04788 
    -79.62608 -124.89565 
    -79.01730 -124.70446 
    -78.42272 -124.47528 
    -77.84467 -124.20924 
    -77.28541 -123.90763 
    -76.73036 -123.59818 
    -76.18634 -123.26583 
    -75.66086 -122.90104 
    -75.15580 -122.50462 
    -74.67309 -122.07743 
    -74.21474 -121.62041 
    -73.78282 -121.13457 
    -73.37952 -120.62109 
    -73.00710 -120.08125 
    -72.66790 -119.51658 
    -72.36427 -118.92885 
    -72.09855 -118.32009 
    -71.87304 -117.69263 
    -71.68990 -117.04912 
    -71.55106 -116.39249 
    -71.45821 -115.72601 
    -71.41270 -115.05313 
    -71.41547 -114.37757 
    -71.46701 -113.70315 
    -71.56734 -113.03377 
    -71.71599 -112.37331 
    -71.91199 -111.72556 
    -72.15393 -111.09414 
    -72.43997 -110.48243 
    -72.70161 -109.85706 
    -72.96622 -109.22289 
    -73.27161 -108.60027 
    -73.61884 -107.99289 
    -74.00864 -107.40486 
    -74.44130 -106.84077 
    -74.91657 -106.30553 
    -75.43352 -105.80426 
    -75.99042 -105.34212 
    -76.58475 -104.92413 
    -77.21314 -104.55495 
    -77.87148 -104.23870 
    -78.55494 -103.97878 
    -79.25818 -103.77773 
    -79.97549 -103.63707 
    -80.70096 -103.55737 
    -81.42875 -103.53812 
    -82.15321 -103.57789 
    -82.86910 -103.67438 
    -83.57171 -103.82461 
    -84.25694 -104.02505 
    -84.92138 -104.27184 
    -85.56232 -104.56097 
    -86.17770 -104.88844 
    -86.76288 -105.25710 
    -87.24631 -105.78884 
    -87.72405 -106.27491 
    -88.18038 -106.75745 
    -88.59236 -107.26955 
    -88.96165 -107.80288 
    -89.30888 -108.33351 
    -89.64206 -108.85782 
    -90.00378 -109.34936 
    -90.35239 -109.84977 
    -90.66286 -110.37492 
    -90.95251 -110.91250 
    -91.22314 -111.46210 
    -91.46199 -112.02853 
    -91.66441 -112.61107 
    -91.84329 -113.20465 
    -92.03713 -113.80450 
    -92.29900 -114.41481 
Cell 14 100 -60.02952 -122.61826 
    -70.47050 -122.61826 
    -70.48640 -123.27615 
    -70.46302 -123.93631 
    -70.39912 -124.59636 
    -70.29370 -125.25365 
    -70.14604 -125.90531 
    -69.95581 -126.54835 
    -69.72304 -127.17967 
    -69.44810 -127.79617 
    -69.13177 -128.39471 
    -68.77507 -128.97226 
    -68.37938 -129.52585 
    -67.94631 -130.05261 
    -67.47776 -130.54982 
    -66.97582 -131.01489 
    -66.44283 -131.44540 
    -65.88129 -131.83916 
    -65.29390 -132.19412 
    -64.68352 -132.50850 
    -64.05312 -132.78069 
    -63.40580 -133.00937 
    -62.74478 -133.19348 
    -61.98196 -132.85329 
    -61.25286 -132.30196 
    -60.62221 -132.03877 
    -60.02952 -131.81911 
    -59.46925 -131.52348 
    -58.94293 -131.21953 
    -58.44465 -130.92644 
    -57.96719 -130.65050 
    -57.50340 -130.39287 
    -57.04548 -130.15509 
    -56.58831 -129.93120 
    -56.12672 -129.71742 
    -55.65435 -129.51242 
    -55.16408 -129.31496 
    -54.64904 -129.12215 
    -54.10771 -128.92435 
    -53.53453 -128.71747 
    -52.93391 -128.48825 
    -52.30273 -128.23210 
    -51.53321 -128.01018 
    -50.57195 -127.81760 
    -49.36084 -127.63856 
    -48.70446 -127.10217 
    -48.31901 -126.42323 
    -48.02775 -125.69979 
    -47.79777 -124.95159 
    -47.62834 -124.18489 
    -47.52148 -123.40520 
    -47.47895 -122.61826 
    -47.50173 -121.83007 
    -47.58995 -121.04678 
    -47.74285 -120.27444 
    -47.95881 -119.51902 
    -48.23538 -118.78610 
    -48.56937 -118.08086 
    -48.95695 -117.40790 
    -49.39376 -116.77119 
    -49.87503 -116.17402 
    -50.39577 -115.61893 
    -50.95087 -115.10774 
    -51.53524 -114.64159 
    -52.14394 -114.22097 
    -52.75706 -113.82736 
    -53.24569 -113.28111 
    -53.81995 -112.83353 
    -54.46880 -112.50333 
    -55.17063 -112.29259 
    -55.89939 -112.18672 
    -56.63131 -112.15962 
    -57.34988 -112.18174 
    -58.04746 -112.22794 
    -58.72379 -112.28230 
    -59.38281 -112.33911 
    -60.02952 -112.39922 
    -60.66776 -112.47385 
    -61.30503 -112.52153 
    -61.94426 -112.58082 
    -62.58384 -112.66983 
    -63.22327 -112.78891 
    -63.86158 -112.93959 
    -64.49688 -113.12465 
    -65.12593 -113.34792 
    -65.74390 -113.61384 
    -66.34431 -113.92670 
    -66.91937 -114.28986 
    -67.46060 -114.70496 
    -67.95972 -115.17131 
    -68.40958 -115.68567 
    -68.80507 -116.24245 
    -69.14360 -116.83429 
    -69.42530 -117.45288 
    -69.65273 -118.08992 
    -69.83021 -118.73789 
    -69.96297 -119.39069 
    -70.06972 -120.04037 
    -70.20491 -120.67720 
    -70.32654 -121.31744 
    -70.41669 -121.96475 
Cell 15 100 -57.31664 -101.13052 
    -67.79272 -101.13052 
    -67.68043 -101.78255 
    -67.58172 -102.42731 
    -67.47463 -103.06826 
    -67.32990 -103.70149 
    -67.14831 -104.32502 
    -66.93057 -104.93695 
    -66.67741 -105.53536 
    -66.38950 -106.11837 
    -66.06757 -106.68404 
    -65.71235 -107.23036 
    -65.32467 -107.75534 
    -64.90546 -108.25690 
    -64.45581 -108.73296 
    -63.97693 -109.18143 
    -63.47024 -109.60023 
    -62.93733 -109.98731 
    -62.38000 -110.34074 
    -61.80023 -110.65865 
    -61.20021 -110.93929 
    -60.58228 -111.18111 
    -59.94895 -111.38269 
    -59.30289 -111.54282 
    -58.64688 -111.66048 
    -57.98381 -111.73490 
    -57.31664 -111.76552 
    -56.64839 -111.75200 
    -55.98213 -111.69427 
    -55.32091 -111.59251 
    -54.66780 -111.44709 
    -54.02581 -111.25867 
    -53.39791 -111.02809 
    -52.78701 -110.75647 
    -52.19590 -110.44511 
    -51.62728 -110.09553 
    -51.08369 -109.70944 
    -50.56758 -109.28873 
    -50.08119 -108.83549 
    -49.62663 -108.35192 
    -49.20581 -107.84039 
    -48.82044 -107.30338 
    -48.41156 -106.78186 
    -48.01640 -106.24337 
    -47.65472 -105.67708 
    -47.32999 -105.08452 
    -47.04577 -104.46773 
    -46.80551 -103.82932 
    -46.61243 -103.17246 
    -46.46935 -102.50085 
    -46.37852 -101.81870 
    -46.34153 -101.13052 
    -46.35916 -100.44114 
    -46.43140 -99.75540 
    -46.55737 -99.07809 
    -46.73544 -98.41373 
    -46.96326 -97.76651 
    -47.23794 -97.14008 
    -47.55614 -96.53758 
    -47.91431 -95.96156 
    -48.30878 -95.41396 
    -48.28563 -94.56911 
    -47.81225 -93.26781 
    -49.24551 -93.55123 
    -50.18025 -93.53104 
    -50.70634 -93.14005 
    -51.19927 -92.71069 
    -51.68705 -92.25970 
    -52.19994 -91.82329 
    -52.73881 -91.40215 
    -53.30478 -90.99773 
    -53.89909 -90.61239 
    -54.52288 -90.24955 
    -55.17692 -89.91370 
    -55.86131 -89.61040 
    -56.57523 -89.34616 
    -57.31664 -89.12815 
    -58.08210 -88.96388 
    -58.86666 -88.86080 
    -59.66389 -88.82580 
    -60.46596 -88.86473 
    -61.26395 -88.98196 
    -62.04818 -89.18001 
    -62.80872 -89.45926 
    -63.53582 -89.81789 
    -64.22047 -90.25183 
    -64.85486 -90.75506 
    -65.43272 -91.31987 
    -65.94964 -91.93731 
    -66.40314 -92.59772 
    -66.79268 -93.29126 
    -67.11947 -94.00835 
    -67.38620 -94.74019 
    -67.59673 -95.47900 
    -67.75562 -96.21832 
    -67.86774 -96.95305 
    -67.93796 -97.67945 
    -67.97072 -98.39502 
    -67.96988 -99.09831 
    -67.93855 -99.78867 
    -67.87901 -100.46600 
Cell 16 100 -34.17760 -126.14076 
    -45.13028 -126.14076 
    -45.03825 -126.82406 
    -44.89478 -127.49466 
    -44.70466 -128.14891 
    -44.47284 -128.78413 
    -44.20403 -129.39854 
    -43.90242 -129.99109 
    -43.57153 -130.56120 
    -43.21412 -131.10863 
    -42.83401 -131.63428 
    -42.44640 -132.14839 
    -42.03485 -132.64084 
    -41.61097 -133.12115 
    -41.17333 -133.59045 
    -40.72243 -134.05209 
    -40.25855 -134.51048 
    -39.77081 -134.95425 
    -39.25587 -135.37810 
    -38.71168 -135.77617 
    -38.13412 -136.13380 
    -37.52662 -136.44797 
    -36.89331 -136.71776 
    -36.23789 -136.94118 
    -35.56390 -137.11447 
    -34.87579 -137.23814 
    -34.17760 -137.30992 
    -33.47391 -137.32564 
    -32.76973 -137.28525 
    -32.07002 -137.18909 
    -31.37953 -137.03853 
    -30.70319 -136.83389 
    -30.04712 -136.57317 
    -29.41209 -136.26797 
    -28.80130 -135.92021 
    -28.21776 -135.53197 
    -27.66424 -135.10564 
    -27.14336 -134.64371 
    -26.65745 -134.14891 
    -26.20862 -133.62413 
    -25.79867 -133.07242 
    -25.42917 -132.49687 
    -25.10139 -131.90070 
    -24.81632 -131.28717 
    -24.63022 -130.63342 
    -24.52290 -129.96333 
    -24.50616 -129.28320 
    -24.49227 -128.62753 
    -24.41245 -128.00356 
    -24.33794 -127.38380 
    -24.28953 -126.76286 
    -24.26617 -126.14076 
    -24.26721 -125.51725 
    -24.29184 -124.89190 
    -24.33937 -124.26402 
    -24.40789 -123.63232 
    -24.54746 -123.01174 
    -24.71399 -122.39386 
    -24.90574 -121.77776 
    -25.12167 -121.16222 
    -25.36181 -120.54609 
    -25.62756 -119.92879 
    -25.92174 -119.31092 
    -26.24854 -118.69489 
    -26.61312 -118.08540 
    -27.02092 -117.48982 
    -27.47687 -116.91800 
    -27.98444 -116.38190 
    -28.54476 -115.89466 
    -29.15603 -115.46939 
    -29.81329 -115.11778 
    -30.50863 -114.84884 
    -31.23185 -114.66780 
    -31.97143 -114.57558 
    -32.71572 -114.56879 
    -33.45405 -114.64022 
    -34.17760 -114.77997 
    -34.87999 -114.97659 
    -35.55740 -115.21853 
    -36.20834 -115.49525 
    -36.83316 -115.79806 
    -37.43769 -116.10723 
    -38.01588 -116.44638 
    -38.56921 -116.80811 
    -39.10704 -117.17414 
    -39.69158 -117.45213 
    -40.26547 -117.76153 
    -40.82705 -118.10296 
    -41.37401 -118.47737 
    -41.90327 -118.88587 
    -42.41096 -119.32954 
    -42.89235 -119.80913 
    -43.34204 -120.32484 
    -43.75416 -120.87601 
    -44.12273 -121.46094 
    -44.44204 -122.07679 
    -44.70703 -122.71954 
    -44.91376 -123.38419 
    -45.05967 -124.06490 
    -45.14373 -124.75542 
    -45.16656 -125.44939 
Cell 17 100 -14.33098 -126.23792 
    -24.26982 -126.23792 
    -24.29749 -126.86496 
    -24.35238 -127.50391 
    -24.43310 -128.16499 
    -24.49694 -128.84808 
    -24.50344 -129.54315 
    -24.27896 -130.17659 
    -24.00950 -130.79228 
    -23.70066 -131.38895 
    -23.35418 -131.96422 
    -22.97181 -132.51585 
    -22.55546 -133.04179 
    -22.10701 -133.54010 
    -21.62848 -134.00897 
    -21.12187 -134.44670 
    -20.58924 -134.85168 
    -20.03272 -135.22243 
    -19.45448 -135.55754 
    -18.85678 -135.85573 
    -18.24190 -136.11577 
    -17.61224 -136.33661 
    -16.97025 -136.51720 
    -16.31839 -136.65633 
    -15.65895 -136.74986 
    -14.99373 -136.77202 
    -14.33098 -136.56561 
    -13.70758 -136.14647 
    -13.10720 -135.92508 
    -12.52025 -135.73006 
    -11.93884 -135.55469 
    -11.35484 -135.39751 
    -10.76100 -135.25464 
    -10.14686 -135.12961 
    -9.51122 -135.00504 
    -8.81476 -134.93008 
    -8.19316 -134.68590 
    -7.68907 -134.26660 
    -7.21433 -133.81638 
    -6.77090 -133.33730 
    -6.36049 -132.83167 
    -5.98470 -132.30185 
    -5.64488 -131.75027 
    -5.34223 -131.17952 
    -5.07776 -130.59215 
    -4.85228 -129.99080 
    -4.66638 -129.37813 
    -4.52051 -128.75682 
    -4.41312 -128.12985 
    -4.32060 -127.50252 
    -4.23982 -126.87280 
    -4.19427 -126.23792 
    -4.18398 -125.59952 
    -4.20907 -124.95922 
    -4.26980 -124.31864 
    -4.36657 -123.67949 
    -4.49995 -123.04362 
    -4.67068 -122.41313 
    -4.87957 -121.79042 
    -5.12748 -121.17825 
    -5.41519 -120.57979 
    -5.74325 -119.99857 
    -6.11189 -119.43850 
    -6.52086 -118.90372 
    -6.96933 -118.39856 
    -7.45580 -117.92726 
    -7.97809 -117.49392 
    -8.53329 -117.10223 
    -9.11790 -116.75537 
    -9.72787 -116.45582 
    -10.22820 -115.87549 
    -10.52734 -114.53153 
    -11.33762 -114.57956 
    -12.21901 -115.16660 
    -12.92353 -115.09685 
    -13.63360 -115.15351 
    -14.33098 -115.31200 
    -15.00417 -115.53784 
    -15.64991 -115.79752 
    -16.27122 -116.06680 
    -16.88814 -116.27841 
    -17.49363 -116.50427 
    -18.08264 -116.76229 
    -18.65393 -117.05116 
    -19.20626 -117.36980 
    -19.73835 -117.71726 
    -20.24885 -118.09267 
    -20.74522 -118.48443 
    -21.25826 -118.86111 
    -21.74918 -119.27176 
    -22.21525 -119.71548 
    -22.65369 -120.19111 
    -23.06175 -120.69720 
    -23.43679 -121.23196 
    -23.77625 -121.79330 
    -24.07762 -122.37894 
    -24.31776 -122.99301 
    -24.40585 -123.65112 
    -24.33440 -124.32966 
    -24.28837 -124.98000 
    -24.26705 -125.61279 
Cell 18 100 13.62889 -127.06293 
    3.50730 -127.06293 
    3.51789 -127.69906 
    3.56896 -128.33379 
    3.66042 -128.96451 
    3.79197 -129.58862 
    3.96317 -130.20351 
    4.17338 -130.80663 
    4.42181 -131.39545 
    4.70749 -131.96751 
    5.02928 -132.52040 
    5.38589 -133.05182 
    5.77587 -133.55951 
    6.19764 -134.04134 
    6.64944 -134.49529 
    7.12940 -134.91946 
    7.63554 -135.31207 
    8.16573 -135.67149 
    8.71776 -135.99625 
    9.28932 -136.28499 
    9.87801 -136.53656 
    10.48138 -136.74997 
    11.09689 -136.92444 
    11.72198 -137.05928 
    12.35407 -137.15414 
    12.99057 -137.20877 
    13.62889 -137.22318 
    14.26651 -137.19759 
    14.90097 -137.13245 
    15.52992 -137.02847 
    16.15117 -136.88655 
    16.76272 -136.70786 
    17.36280 -136.49371 
    17.94994 -136.24562 
    18.52295 -135.96519 
    19.08103 -135.65411 
    19.62363 -135.31398 
    20.15055 -134.94626 
    20.66180 -134.55222 
    20.96481 -133.95180 
    21.23897 -133.35854 
    21.49455 -132.77766 
    21.73408 -132.20663 
    21.96479 -131.64563 
    22.19269 -131.09274 
    22.42289 -130.54472 
    22.65982 -129.99725 
    22.90719 -129.44519 
    23.16782 -128.88257 
    23.44269 -128.30270 
    23.74436 -127.69934 
    24.14418 -127.06293 
    24.67340 -126.36806 
    25.41853 -125.57355 
    25.34724 -124.82753 
    25.20116 -124.09167 
    24.98087 -123.37444 
    24.68907 -122.68389 
    24.33039 -122.02718 
    23.91102 -121.41028 
    23.43748 -120.83821 
    22.90978 -120.31997 
    22.28762 -119.89980 
    21.64656 -119.53383 
    21.02099 -119.19113 
    20.40321 -118.87418 
    19.80686 -118.55968 
    19.23356 -118.23138 
    18.65987 -117.91162 
    18.08223 -117.59909 
    17.47652 -117.34493 
    16.84596 -117.16181 
    16.20792 -117.01828 
    15.56488 -116.91409 
    14.91922 -116.84894 
    14.27317 -116.82246 
    13.62889 -116.77361 
    12.98085 -116.76272 
    12.33168 -116.79443 
    11.68443 -116.86969 
    11.04239 -116.98916 
    10.40900 -117.15313 
    9.78781 -117.36147 
    9.18237 -117.61359 
    8.59615 -117.90841 
    8.03246 -118.24436 
    7.49435 -118.61945 
    6.98455 -119.03130 
    6.50542 -119.47720 
    6.05892 -119.95425 
    5.64662 -120.45942 
    5.26970 -120.98962 
    4.92900 -121.54181 
    4.62511 -122.11306 
    4.35835 -122.70055 
    4.12606 -123.30049 
    3.92600 -123.91027 
    3.76471 -124.53024 
    3.64229 -125.15788 
    3.55873 -125.79077 
    3.51396 -126.42655 
Cell 19 100 24.91530 -109.79450 
    13.72740 -109.79450 
    13.78414 -110.49481 
    13.89207 -111.18706 
    14.04932 -111.86730 
    14.25362 -112.53196 
    14.50239 -113.17786 
    14.79286 -113.80226 
    15.12214 -114.40282 
    15.48732 -114.97758 
    15.88554 -115.52496 
    16.31403 -116.04369 
    16.77018 -116.53273 
    17.25157 -116.99123 
    17.75855 -117.41566 
    18.34236 -117.73983 
    18.91468 -118.05365 
    19.47379 -118.36894 
    20.03148 -118.67813 
    20.59615 -118.97317 
    21.16391 -119.26942 
    21.73449 -119.58403 
    22.31581 -119.91883 
    22.94113 -120.14349 
    23.59344 -120.25811 
    24.25249 -120.32952 
    24.91530 -120.35728 
    25.57884 -120.34120 
    26.24009 -120.28130 
    26.89602 -120.17782 
    27.54365 -120.03123 
    28.18000 -119.84222 
    28.80220 -119.61168 
    29.40743 -119.34076 
    29.99298 -119.03076 
    30.55624 -118.68320 
    31.09476 -118.29979 
    31.60620 -117.88241 
    32.08843 -117.43311 
    32.53947 -116.95408 
    32.95760 -116.44767 
    33.34129 -115.91634 
    33.68930 -115.36266 
    34.00070 -114.78924 
    34.27486 -114.19878 
    34.51152 -113.59391 
    34.71078 -112.97725 
    34.87313 -112.35123 
    34.99936 -111.71814 
    35.09057 -111.07994 
    35.14801 -110.43829 
    35.17297 -109.79450 
    35.16660 -109.14954 
    35.12968 -108.50413 
    35.06243 -107.85883 
    34.96439 -107.21433 
    34.83427 -106.57163 
    34.66999 -105.93235 
    34.46884 -105.29895 
    34.22768 -104.67498 
    33.94337 -104.06512 
    33.68750 -103.42113 
    33.42958 -102.75089 
    33.13591 -102.07484 
    32.79853 -101.39971 
    32.40938 -100.73572 
    31.96150 -100.09624 
    31.45017 -99.49719 
    30.87399 -98.95570 
    30.23547 -98.48858 
    29.54127 -98.11063 
    28.80183 -97.83299 
    28.03042 -97.66192 
    27.24189 -97.59811 
    26.45118 -97.63676 
    25.67194 -97.76815 
    24.91530 -97.97902 
    24.18924 -98.25403 
    23.49826 -98.57748 
    22.84371 -98.93484 
    22.22433 -99.31387 
    21.63713 -99.70533 
    21.07385 -100.09210 
    20.44550 -100.29568 
    19.82619 -100.53745 
    19.21851 -100.81779 
    18.62528 -101.13703 
    18.04959 -101.49529 
    17.49475 -101.89243 
    16.96430 -102.32801 
    16.46189 -102.80123 
    15.99127 -103.31082 
    15.55620 -103.85504 
    15.16031 -104.43166 
    14.80702 -105.03791 
    14.49945 -105.67058 
    14.24030 -106.32599 
    14.03178 -107.00009 
    13.87552 -107.68855 
    13.77255 -108.38685 
    13.72326 -109.09036 
Cell 20 100 59.19582 -109.14024 
    49.11026 -109.14024 
    49.12509 -109.77384 
    49.17987 -110.40556 
    49.27447 -111.03284 
    49.40860 -111.65318 
    49.58178 -112.26403 
    49.79340 -112.86292 
    50.04263 -113.44740 
    50.32853 -114.01508 
    50.64995 -114.56361 
    51.00563 -115.09076 
    51.39414 -115.59435 
    51.81391 -116.07231 
    52.26320 -116.52273 
    52.74023 -116.94371 
    53.24304 -117.33354 
    53.76957 -117.69064 
    54.31767 -118.01356 
    54.88509 -118.30099 
    55.46951 -118.55182 
    56.06853 -118.76504 
    56.67971 -118.93983 
    57.30056 -119.07555 
    57.92855 -119.17169 
    58.56115 -119.22797 
    59.19582 -119.24425 
    59.83001 -119.22054 
    60.46124 -119.15707 
    61.08700 -119.05419 
    61.68010 -118.81590 
    62.23814 -118.50355 
    62.78621 -118.20855 
    63.33219 -117.93049 
    63.87557 -117.65269 
    64.42217 -117.37566 
    64.98332 -117.10606 
    65.59467 -116.87514 
    66.09650 -116.48873 
    66.54948 -116.04580 
    66.97338 -115.57440 
    67.36841 -115.07798 
    67.73335 -114.55833 
    68.06697 -114.01720 
    68.36808 -113.45638 
    68.63554 -112.87770 
    68.86829 -112.28302 
    69.13931 -111.69330 
    69.41640 -111.08992 
    69.69713 -110.46687 
    69.97338 -109.81831 
    70.22589 -109.14024 
    70.42561 -108.43372 
    70.53902 -107.70726 
    70.53645 -106.97691 
    70.40057 -106.26335 
    70.13188 -105.58690 
    69.74871 -104.96206 
    69.28187 -104.39411 
    68.83508 -103.84102 
    68.68993 -103.11510 
    68.50016 -102.38024 
    68.25191 -101.64839 
    67.93211 -100.93632 
    67.53088 -100.26430 
    67.04361 -99.65389 
    66.47221 -99.12515 
    65.82539 -98.69371 
    65.11760 -98.36855 
    64.36708 -98.15076 
    63.59324 -98.03364 
    62.81414 -98.00417 
    62.04449 -98.04538 
    61.29440 -98.13906 
    60.57211 -98.24577 
    59.88032 -98.26032 
    59.19582 -98.32113 
    58.52169 -98.42535 
    57.86049 -98.57009 
    57.21427 -98.75262 
    56.58465 -98.97042 
    55.97293 -99.22123 
    55.38021 -99.50313 
    54.80745 -99.81448 
    54.25556 -100.15395 
    53.72551 -100.52042 
    53.21831 -100.91291 
    52.73508 -101.33055 
    52.27703 -101.77248 
    51.84547 -102.23782 
    51.44178 -102.72555 
    51.06737 -103.23459 
    50.71315 -103.75698 
    50.38981 -104.29910 
    50.10034 -104.86024 
    49.84599 -105.43839 
    49.62788 -106.03143 
    49.44698 -106.63717 
    49.30415 -107.25331 
    49.20008 -107.87749 
    49.13533 -108.50729 
Cell 21 100 65.55382 -128.64500 
    55.54321 -128.64500 
    55.56435 -129.27348 
    55.62493 -129.89931 
    55.72471 -130.52000 
    55.86326 -131.13312 
    56.04005 -131.73621 
    56.22366 -132.33908 
    56.40945 -132.94801 
    56.63562 -133.54782 
    56.90083 -134.13635 
    57.20507 -134.71072 
    57.54803 -135.26797 
    57.92908 -135.80511 
    58.34722 -136.31924 
    58.80124 -136.80746 
    59.28962 -137.26694 
    59.81053 -137.69498 
    60.36196 -138.08896 
    60.94158 -138.44650 
    61.54692 -138.76526 
    62.17529 -139.04305 
    62.82534 -139.27171 
    63.49354 -139.44536 
    64.17326 -139.57318 
    64.86113 -139.65498 
    65.55382 -139.69180 
    66.24873 -139.69025 
    66.94437 -139.65237 
    67.63966 -139.57936 
    68.33212 -139.46576 
    69.01066 -139.28407 
    69.67377 -139.05080 
    70.31902 -138.77158 
    70.84461 -138.26892 
    70.97935 -137.19427 
    71.32616 -136.58995 
    71.68743 -136.05927 
    72.01925 -135.52998 
    72.30805 -134.98766 
    72.57350 -134.45219 
    72.83173 -133.93271 
    73.09058 -133.42798 
    73.35549 -132.93402 
    73.62975 -132.44527 
    73.91398 -131.95503 
    74.20982 -131.45750 
    74.51129 -130.94489 
    74.80869 -130.41046 
    75.09870 -129.85080 
    75.42878 -129.26628 
    75.77732 -128.64500 
    75.98638 -127.98864 
    75.88091 -127.34039 
    75.78793 -126.69274 
    75.67315 -126.04680 
    75.51493 -125.40844 
    75.31316 -124.78101 
    75.06803 -124.16795 
    74.78021 -123.57275 
    74.45074 -122.99884 
    74.08114 -122.44955 
    73.67330 -121.92798 
    73.22955 -121.43701 
    72.75252 -120.97916 
    72.24513 -120.55659 
    71.71051 -120.17105 
    71.18810 -119.76681 
    70.70837 -119.26891 
    70.19962 -118.77217 
    69.65407 -118.28896 
    69.06509 -117.83842 
    68.42958 -117.44464 
    67.74982 -117.13316 
    67.03423 -116.92634 
    66.29659 -116.83888 
    65.55382 -116.89057 
    64.83241 -117.17857 
    64.14774 -117.51475 
    63.49412 -117.84770 
    62.86402 -118.16892 
    62.25560 -118.49415 
    61.66465 -118.82210 
    61.11167 -119.20496 
    60.58841 -119.61297 
    60.08306 -120.02447 
    59.59325 -120.44099 
    59.11973 -120.86753 
    58.66475 -121.30889 
    58.23132 -121.76872 
    57.82259 -122.24918 
    57.44152 -122.75108 
    57.09069 -123.27415 
    56.77225 -123.81730 
    56.48796 -124.37894 
    56.23922 -124.95709 
    56.02718 -125.54961 
    55.85277 -126.15420 
    55.71671 -126.76847 
    55.61953 -127.39001 
    55.56163 -128.01634 
Cell 22 100 76.32160 -92.77055 
    64.18828 -92.77055 
    64.20780 -93.53268 
    64.30154 -94.28903 
    64.46686 -95.03196 
    64.69955 -95.75459 
    64.99416 -96.45105 
    65.34435 -97.11674 
    65.74332 -97.74831 
    66.18419 -98.34364 
    66.66033 -98.90177 
    67.16571 -99.42269 
    67.69505 -99.90704 
    68.24397 -100.35594 
    68.80901 -100.77065 
    69.38754 -101.15240 
    69.97770 -101.50218 
    70.57820 -101.82069 
    71.18819 -102.10818 
    71.80704 -102.36449 
    72.43417 -102.58909 
    73.06896 -102.78114 
    73.71065 -102.93954 
    74.35819 -103.06312 
    75.01029 -103.15062 
    75.66538 -103.20087 
    76.32160 -103.21928 
    76.97802 -103.20399 
    77.63230 -103.14578 
    78.28153 -103.04488 
    78.92284 -102.90170 
    79.55337 -102.71689 
    80.17031 -102.49128 
    80.77096 -102.22591 
    81.35266 -101.92201 
    81.91287 -101.58098 
    82.44917 -101.20441 
    82.95924 -100.79407 
    83.44093 -100.35186 
    83.89223 -99.87984 
    84.31136 -99.38025 
    84.69677 -98.85546 
    85.04727 -98.30802 
    85.36227 -97.74070 
    85.64211 -97.15644 
    85.88852 -96.55836 
    86.10532 -95.94947 
    86.29898 -95.33230 
    86.47893 -94.70816 
    86.65693 -94.07620 
    86.84524 -93.43264 
    87.05319 -92.77055 
    87.28268 -92.08093 
    87.52371 -91.35539 
    87.75185 -90.59011 
    87.92949 -89.79015 
    88.01171 -88.97220 
    87.95598 -88.16417 
    87.73293 -87.40079 
    87.33464 -86.71608 
    86.77738 -86.13511 
    86.09763 -85.66785 
    85.34293 -85.30745 
    84.83615 -84.77486 
    84.42431 -84.14204 
    83.96505 -83.53120 
    83.45805 -82.94806 
    82.90376 -82.39873 
    82.30347 -81.88955 
    81.65952 -81.42689 
    80.97520 -81.01689 
    80.25484 -80.66530 
    79.50368 -80.37717 
    78.72781 -80.15672 
    77.93400 -80.00710 
    77.12944 -79.93029 
    76.32160 -79.92698 
    75.51794 -79.99661 
    74.72566 -80.13736 
    73.95155 -80.34626 
    73.20170 -80.61933 
    72.48145 -80.95177 
    71.79520 -81.33817 
    71.14642 -81.77274 
    70.53761 -82.24951 
    69.97036 -82.76260 
    69.44545 -83.30634 
    68.96294 -83.87544 
    68.52232 -84.46516 
    68.12271 -85.07127 
    67.76292 -85.69019 
    67.44166 -86.31889 
    66.95813 -86.82831 
    66.45589 -87.34682 
    65.98581 -87.90689 
    65.55523 -88.50784 
    65.17168 -89.14772 
    64.84254 -89.82323 
    64.57457 -90.52968 
    64.37353 -91.26115 
    64.24384 -92.01068 
Cell 23 100 94.02364 -120.91639 
    82.46012 -120.91639 
    82.62886 -121.63329 
    82.84695 -122.32833 
    83.10712 -122.99883 
    83.40269 -123.64339 
    83.72786 -124.26169 
    84.08080 -124.85303 
    84.70274 -125.30247 
    85.36109 -125.67867 
    85.94130 -126.04559 
    86.45356 -126.41637 
    86.94695 -126.77074 
    87.43359 -127.10486 
    87.91006 -127.42667 
    88.37691 -127.74211 
    88.83669 -128.05562 
    89.29297 -128.37073 
    89.74998 -128.69014 
    90.21247 -129.01553 
    90.68562 -129.34726 
    91.17487 -129.68398 
    91.68684 -130.01762 
    92.22639 -130.33786 
    92.78963 -130.68456 
    93.37566 -131.21564 
    94.02364 -131.64209 
    94.69875 -131.64706 
    95.37411 -131.60655 
    96.04649 -131.52055 
    96.71261 -131.38925 
    97.36924 -131.21310 
    98.01317 -130.99280 
    98.64124 -130.72929 
    99.25037 -130.42380 
    99.83759 -130.07773 
    100.40006 -129.69279 
    100.93504 -129.27084 
    101.43999 -128.81401 
    101.91251 -128.32454 
    102.35043 -127.80492 
    102.75175 -127.25774 
    103.11470 -126.68575 
    103.43774 -126.09184 
    103.71958 -125.47895 
    103.95914 -124.85014 
    104.15562 -124.20847 
    104.30846 -123.55708 
    104.41735 -122.89909 
    104.48226 -122.23763 
    104.50340 -121.57572 
    104.48122 -120.91639 
    104.41645 -120.26253 
    104.31004 -119.61691 
    104.16320 -118.98216 
    103.97734 -118.36071 
    103.75410 -117.75477 
    103.49529 -117.16630 
    103.20287 -116.59697 
    102.87894 -116.04815 
    102.52562 -115.52087 
    102.14509 -115.01581 
    101.73942 -114.53334 
    101.31332 -114.07092 
    100.86911 -113.62670 
    100.39787 -113.21126 
    99.90171 -112.82592 
    99.39410 -112.45390 
    98.86945 -112.10190 
    98.32722 -111.77079 
    97.76721 -111.46119 
    97.18905 -111.17426 
    96.59234 -110.91195 
    95.97691 -110.67697 
    95.34297 -110.47277 
    94.69135 -110.30347 
    94.02364 -110.17370 
    93.34239 -110.08834 
    92.65118 -110.05225 
    91.95456 -110.06992 
    91.25805 -110.14514 
    90.56789 -110.28070 
    89.89083 -110.47811 
    89.23379 -110.73744 
    88.60352 -111.05724 
    88.00627 -111.43455 
    87.44745 -111.86504 
    86.90345 -112.30956 
    86.26597 -112.65532 
    85.64794 -113.05109 
    85.05762 -113.49905 
    84.50400 -113.99997 
    83.99631 -114.55286 
    83.54347 -115.15488 
    83.15346 -115.80128 
    82.83276 -116.48561 
    82.58588 -117.20004 
    82.41516 -117.93584 
    82.32050 -118.68390 
    82.29956 -119.43530 
    82.34806 -120.18182 
Cell 24 100 -98.98186 -105.89633 
    -109.15333 -105.89633 
    -109.14362 -106.53565 
    -109.09312 -107.17368 
    -109.00188 -107.80775 
    -108.87019 -108.43522 
    -108.69852 -109.05347 
    -108.48754 -109.65990 
    -108.23808 -110.25198 
    -107.95116 -110.82725 
    -107.62797 -111.38332 
    -107.26983 -111.91789 
    -106.87827 -112.42881 
    -106.45492 -112.91401 
    -106.00159 -113.37158 
    -105.52016 -113.79977 
    -105.01263 -114.19699 
    -104.48113 -114.56181 
    -103.92781 -114.89297 
    -103.35487 -115.18944 
    -102.76455 -115.45033 
    -102.15912 -115.67493 
    -101.54079 -115.86271 
    -100.91177 -116.01332 
    -100.27423 -116.12653 
    -99.63025 -116.20222 
    -98.98186 -116.24043 
    -98.33102 -116.24120 
    -97.67961 -116.20467 
    -97.02949 -116.13102 
    -96.38245 -116.02039 
    -95.74027 -115.87292 
    -95.10477 -115.68872 
    -94.47782 -115.46790 
    -93.86137 -115.21048 
    -93.25747 -114.91652 
    -92.66859 -114.58580 
    -92.17461 -114.12489 
    -91.91385 -113.42300 
    -91.70124 -112.73328 
    -91.48595 -112.09749 
    -91.24615 -111.51665 
    -90.98230 -110.97301 
    -90.70227 -110.44807 
    -90.40202 -109.93370 
    -90.05929 -109.42903 
    -89.68553 -108.91689 
    -89.33424 -108.37341 
    -88.96451 -107.80724 
    -88.54802 -107.21443 
    -88.01834 -106.58610 
    -87.35196 -105.89633 
    -86.67997 -105.12236 
    -86.64607 -104.33796 
    -86.84831 -103.58173 
    -87.26370 -102.88762 
    -87.83226 -102.27361 
    -88.47784 -101.73750 
    -88.91911 -101.16116 
    -88.78775 -100.29208 
    -88.56349 -99.28464 
    -90.16583 -99.49111 
    -90.64696 -99.00111 
    -91.15498 -98.54640 
    -91.68652 -98.12759 
    -92.23846 -97.74496 
    -92.80786 -97.39856 
    -93.39208 -97.08825 
    -93.98869 -96.81379 
    -94.59552 -96.57489 
    -95.21061 -96.37124 
    -95.83217 -96.20258 
    -96.45854 -96.06867 
    -97.08819 -95.96938 
    -97.71213 -95.84539 
    -98.34114 -95.71243 
    -98.98186 -95.58783 
    -99.63781 -95.47022 
    -100.31234 -95.36451 
    -101.00636 -95.28352 
    -101.71606 -95.24734 
    -102.43127 -95.28014 
    -103.13583 -95.40459 
    -103.81014 -95.63570 
    -104.43540 -95.97637 
    -104.99822 -96.41606 
    -105.49372 -96.93352 
    -105.92603 -97.50227 
    -106.30606 -98.09685 
    -106.64757 -98.69775 
    -106.96313 -99.29366 
    -107.26131 -99.88096 
    -107.54566 -100.46158 
    -107.81534 -101.04008 
    -108.10729 -101.60223 
    -108.37133 -102.17878 
    -108.59874 -102.77162 
    -108.78841 -103.37844 
    -108.93939 -103.99683 
    -109.05093 -104.62431 
    -109.12238 -105.25835 
