99 25 
Cell 0 100 -122.32505 -144.52072 
    -132.32515 -144.52072 
    -132.30540 -145.14864 
    -132.24626 -145.77406 
    -132.14798 -146.39455 
    -132.01093 -147.00763 
    -131.83565 -147.61090 
    -131.62283 -148.20197 
    -131.38208 -148.78264 
    -131.11290 -149.35188 
    -130.81067 -149.90585 
    -130.47328 -150.44075 
    -130.10193 -150.95432 
    -129.69791 -151.44429 
    -129.26266 -151.90854 
    -128.79784 -152.34497 
    -128.30516 -152.75163 
    -127.78654 -153.12665 
    -127.24403 -153.46829 
    -126.67977 -153.77498 
    -126.09606 -154.04521 
    -125.49528 -154.27768 
    -124.87992 -154.47128 
    -124.25254 -154.62498 
    -123.61579 -154.73801 
    -122.97238 -154.80974 
    -122.32505 -154.83974 
    -121.67658 -154.82777 
    -121.02979 -154.77380 
    -120.38745 -154.67796 
    -119.75238 -154.54062 
    -119.12732 -154.36232 
    -118.51501 -154.14380 
    -117.91810 -153.88597 
    -117.33919 -153.58998 
    -116.78078 -153.25710 
    -116.24529 -152.88879 
    -115.73502 -152.48669 
    -115.25214 -152.05261 
    -114.79869 -151.58844 
    -114.37657 -151.09628 
    -113.98753 -150.57829 
    -113.63313 -150.03677 
    -113.31482 -149.47414 
    -113.03381 -148.89285 
    -112.79116 -148.29546 
    -112.56222 -147.69286 
    -112.36309 -147.07852 
    -112.19804 -146.45256 
    -112.06716 -145.81659 
    -111.97059 -145.17216 
    -111.98953 -144.52072 
    -112.42490 -143.89786 
    -112.76914 -143.31352 
    -113.05940 -142.75320 
    -113.31645 -142.20772 
    -113.55474 -141.67107 
    -113.78514 -141.13953 
    -114.01231 -140.60904 
    -114.24575 -140.07909 
    -114.49184 -139.54962 
    -114.75292 -139.01926 
    -115.02823 -138.48427 
    -115.32272 -137.94510 
    -115.64294 -137.40500 
    -116.01089 -136.88821 
    -116.39992 -136.36548 
    -116.77100 -135.76895 
    -117.02019 -134.87119 
    -117.48732 -134.24004 
    -118.20826 -134.12289 
    -118.93437 -134.08528 
    -119.62327 -133.99796 
    -120.29766 -133.89275 
    -120.96684 -133.76932 
    -121.63827 -133.60469 
    -122.32505 -133.34087 
    -123.04702 -133.04541 
    -123.81904 -132.69458 
    -124.60836 -132.55121 
    -125.31229 -132.88623 
    -125.98527 -133.25572 
    -126.57766 -133.77986 
    -127.07128 -134.43448 
    -127.51277 -135.08430 
    -128.02583 -135.53772 
    -128.52403 -135.98856 
    -129.11870 -136.30861 
    -129.91231 -136.44112 
    -129.91125 -137.39680 
    -130.21613 -137.99266 
    -130.56395 -138.53481 
    -130.88145 -139.09067 
    -131.16832 -139.65910 
    -131.42407 -140.23904 
    -131.64813 -140.82945 
    -131.83981 -141.42918 
    -132.01102 -142.03378 
    -132.14806 -142.64688 
    -132.24632 -143.26738 
    -132.30542 -143.89281 
Cell 1 100 -105.29658 -137.08649 
    -115.86972 -137.08649 
    -115.45293 -137.72546 
    -115.11427 -138.32675 
    -114.81332 -138.90190 
    -114.53650 -139.45891 
    -114.28001 -140.00539 
    -114.03922 -140.54794 
    -113.80604 -141.09074 
    -113.57036 -141.63503 
    -113.32742 -142.18301 
    -113.06878 -142.73331 
    -112.78553 -143.28189 
    -112.46944 -143.82225 
    -112.11253 -144.34474 
    -111.68629 -144.81032 
    -111.18852 -145.19604 
    -110.66919 -145.55237 
    -110.12831 -145.87537 
    -109.56802 -146.16374 
    -108.99052 -146.41632 
    -108.39812 -146.63205 
    -107.79317 -146.81007 
    -107.17807 -146.94963 
    -106.55528 -147.05014 
    -105.92728 -147.11121 
    -105.29658 -147.13254 
    -104.66570 -147.11406 
    -104.03716 -147.05580 
    -103.41349 -146.95799 
    -102.79718 -146.82101 
    -102.19070 -146.64542 
    -101.59647 -146.43188 
    -101.01690 -146.18127 
    -100.45428 -145.89458 
    -99.91090 -145.57297 
    -99.38890 -145.21771 
    -98.89039 -144.83025 
    -98.41735 -144.41211 
    -97.97168 -143.96503 
    -97.55515 -143.49075 
    -97.16739 -142.99269 
    -96.80374 -142.47620 
    -96.46912 -141.93942 
    -96.34208 -141.30016 
    -96.31960 -140.64072 
    -96.26888 -140.01976 
    -96.22694 -139.41518 
    -96.19565 -138.82259 
    -96.17806 -138.23843 
    -96.17615 -137.66029 
    -96.19154 -137.08649 
    -96.22021 -136.51544 
    -96.22715 -135.94075 
    -96.23763 -135.35840 
    -96.25243 -134.76434 
    -96.27991 -134.15680 
    -96.31859 -133.53185 
    -96.36273 -132.88254 
    -96.39981 -132.19545 
    -96.40718 -131.44511 
    -96.28752 -130.54103 
    -96.74200 -130.00952 
    -97.24339 -129.52403 
    -97.78448 -129.08691 
    -98.35760 -128.69870 
    -98.95523 -128.35837 
    -99.57053 -128.06367 
    -100.19767 -127.81161 
    -100.83205 -127.59890 
    -101.47031 -127.42245 
    -102.11015 -127.27966 
    -102.70518 -126.99369 
    -103.31778 -126.71326 
    -103.95701 -126.48270 
    -104.61968 -126.32756 
    -105.29658 -126.26876 
    -105.97424 -126.31547 
    -106.63399 -126.49983 
    -107.26554 -126.76482 
    -107.87372 -127.04920 
    -108.45465 -127.36694 
    -109.02503 -127.66948 
    -109.54101 -128.06660 
    -110.00223 -128.52693 
    -110.46902 -128.93600 
    -110.94041 -129.31842 
    -111.41576 -129.68967 
    -111.89400 -130.06094 
    -112.37375 -130.44058 
    -112.85341 -130.83493 
    -113.33403 -131.24693 
    -113.81463 -131.68077 
    -114.29560 -132.13924 
    -114.78507 -132.62154 
    -115.30315 -133.12460 
    -115.91940 -133.63493 
    -116.71030 -134.15594 
    -117.03837 -134.84662 
    -116.80898 -135.63213 
    -116.38239 -136.38904 
Cell 2 100 -86.24380 -138.50336 
    -96.18604 -138.50336 
    -96.21191 -139.13049 
    -96.25139 -139.76761 
    -96.30173 -140.42200 
    -96.33506 -141.09436 
    -96.28533 -141.76605 
    -95.96015 -142.35033 
    -95.61721 -142.91415 
    -95.25615 -143.45793 
    -94.87623 -143.98166 
    -94.47655 -144.48480 
    -94.06480 -144.97346 
    -93.66943 -145.47649 
    -93.24130 -145.95494 
    -92.78175 -146.40639 
    -92.29242 -146.82857 
    -91.77518 -147.21942 
    -91.23206 -147.57697 
    -90.66520 -147.89931 
    -90.07694 -148.18477 
    -89.46974 -148.43179 
    -88.84619 -148.63901 
    -88.20898 -148.80522 
    -87.56092 -148.92946 
    -86.90488 -149.01088 
    -86.24380 -149.04893 
    -85.58068 -149.04326 
    -84.91856 -148.99368 
    -84.26047 -148.90034 
    -83.60944 -148.76350 
    -82.96849 -148.58372 
    -82.34058 -148.36176 
    -81.72863 -148.09859 
    -81.13544 -147.79541 
    -80.56377 -147.45364 
    -80.01622 -147.07487 
    -79.49528 -146.66092 
    -79.00328 -146.21371 
    -78.54242 -145.73543 
    -78.11470 -145.22833 
    -77.72197 -144.69482 
    -77.36584 -144.13748 
    -77.04778 -143.55891 
    -76.76896 -142.96187 
    -76.48181 -142.36839 
    -76.22644 -141.75819 
    -76.00563 -141.13206 
    -75.82140 -140.49153 
    -75.67613 -139.83836 
    -75.57256 -139.17473 
    -75.51352 -138.50336 
    -75.50188 -137.82753 
    -75.54018 -137.15117 
    -75.63042 -136.47874 
    -75.77380 -135.81512 
    -75.97058 -135.16539 
    -76.21989 -134.53461 
    -76.51976 -133.92757 
    -76.86717 -133.34851 
    -77.25826 -132.80096 
    -77.68855 -132.28760 
    -78.15316 -131.81020 
    -78.64723 -131.36971 
    -79.16604 -130.96631 
    -79.70527 -130.59964 
    -80.26114 -130.26894 
    -80.83046 -129.97330 
    -81.41061 -129.71181 
    -81.96240 -129.40492 
    -82.53052 -129.12468 
    -83.11391 -128.87056 
    -83.71171 -128.64151 
    -84.32343 -128.43645 
    -84.94906 -128.25444 
    -85.58896 -128.09496 
    -86.24380 -127.95800 
    -86.91691 -127.80460 
    -87.61481 -127.65064 
    -88.32645 -127.58569 
    -89.03445 -127.63450 
    -89.77471 -127.63632 
    -90.53852 -127.65614 
    -91.29347 -127.77226 
    -92.02410 -127.98903 
    -92.77678 -128.20903 
    -93.51465 -128.49590 
    -94.22736 -128.85289 
    -94.90392 -129.28127 
    -95.53332 -129.77992 
    -96.10519 -130.34531 
    -96.36783 -131.14781 
    -96.40117 -132.05730 
    -96.35864 -132.94267 
    -96.30389 -133.76944 
    -96.26273 -134.53659 
    -96.24020 -135.25533 
    -96.22717 -135.94006 
    -96.21591 -136.60107 
    -96.18723 -137.24722 
    -96.17687 -137.87842 
Cell 3 100 -55.83806 -155.40887 
    -65.96935 -155.40887 
    -65.92422 -156.04344 
    -65.84212 -156.67268 
    -65.72371 -157.29466 
    -65.56957 -157.90750 
    -65.38025 -158.50932 
    -65.15624 -159.09821 
    -64.89810 -159.67221 
    -64.60646 -160.22934 
    -64.28208 -160.76761 
    -63.92823 -161.28673 
    -63.54319 -161.78311 
    -63.12775 -162.25435 
    -62.68353 -162.69856 
    -62.21230 -163.11401 
    -61.71591 -163.49904 
    -61.19633 -163.85216 
    -60.65560 -164.17194 
    -60.09585 -164.45714 
    -59.51931 -164.70663 
    -58.92823 -164.91943 
    -58.32496 -165.09471 
    -57.71187 -165.23175 
    -57.09139 -165.33002 
    -56.46597 -165.38914 
    -55.83806 -165.40887 
    -55.21015 -165.38914 
    -54.58472 -165.33002 
    -53.96424 -165.23175 
    -53.35075 -165.09628 
    -52.74620 -164.92464 
    -52.15300 -164.71628 
    -51.57315 -164.47226 
    -51.00848 -164.19385 
    -50.46055 -163.88248 
    -49.93071 -163.53964 
    -49.42003 -163.16695 
    -48.92931 -162.76595 
    -48.45912 -162.33815 
    -48.00990 -161.88490 
    -47.58199 -161.40726 
    -47.17586 -160.90607 
    -46.79225 -160.38185 
    -46.43232 -159.83488 
    -46.09788 -159.26529 
    -45.79146 -158.67322 
    -45.51643 -158.05902 
    -45.27692 -157.42352 
    -45.07771 -156.76822 
    -44.92396 -156.09554 
    -44.82084 -155.40887 
    -44.77317 -154.71274 
    -44.78495 -154.01254 
    -44.85894 -153.31450 
    -44.99641 -152.62521 
    -45.19695 -151.95137 
    -45.45839 -151.29927 
    -45.77701 -150.67450 
    -46.14782 -150.08162 
    -46.56491 -149.52396 
    -47.02191 -149.00357 
    -47.51246 -148.52135 
    -48.03055 -148.07713 
    -48.57087 -147.67010 
    -49.12892 -147.29892 
    -49.70116 -146.96216 
    -50.28493 -146.65854 
    -50.87935 -146.38901 
    -51.48896 -146.16656 
    -52.12835 -146.03922 
    -52.75207 -145.91119 
    -53.38643 -145.86040 
    -54.01532 -145.85376 
    -54.62958 -145.84279 
    -55.23505 -145.82442 
    -55.83806 -145.80891 
    -56.44271 -145.79820 
    -57.05381 -145.78525 
    -57.68007 -145.75272 
    -58.32886 -145.70782 
    -58.97693 -145.74843 
    -59.59312 -145.92465 
    -60.19046 -146.15956 
    -60.77035 -146.43707 
    -61.33885 -146.74103 
    -61.88746 -147.08260 
    -62.41286 -147.46130 
    -62.91164 -147.87628 
    -63.38045 -148.32610 
    -63.81613 -148.80884 
    -64.21581 -149.32208 
    -64.57713 -149.86290 
    -64.89819 -150.42802 
    -65.17774 -151.01396 
    -65.41508 -151.61707 
    -65.61007 -152.23375 
    -65.76299 -152.86058 
    -65.87449 -153.49432 
    -65.94541 -154.13202 
    -65.97672 -154.77101 
Cell 4 100 -54.94438 -136.23531 
    -66.99849 -136.23531 
    -66.83807 -136.98360 
    -66.62782 -137.71127 
    -66.37198 -138.41524 
    -66.07478 -139.09311 
    -65.74028 -139.74310 
    -65.37233 -140.36403 
    -64.97444 -140.95509 
    -64.54975 -141.51590 
    -64.10100 -142.04628 
    -63.63054 -142.54617 
    -63.14037 -143.01563 
    -62.63218 -143.45464 
    -62.10740 -143.86314 
    -61.56726 -144.24100 
    -61.01289 -144.58789 
    -60.44536 -144.90347 
    -59.86555 -145.18689 
    -59.27551 -145.43941 
    -58.68345 -145.67912 
    -58.02893 -145.72858 
    -57.39188 -145.76768 
    -56.76728 -145.79132 
    -56.15310 -145.80333 
    -55.54717 -145.81639 
    -54.94438 -145.83324 
    -54.33960 -145.84796 
    -53.72890 -145.85678 
    -53.10398 -145.88301 
    -52.44379 -145.97447 
    -51.73333 -146.11789 
    -51.02179 -146.14264 
    -50.39373 -145.90591 
    -49.78124 -145.62701 
    -49.18732 -145.30698 
    -48.61491 -144.94708 
    -48.06684 -144.54883 
    -47.54583 -144.11395 
    -47.05446 -143.64442 
    -46.59518 -143.14236 
    -46.17020 -142.61012 
    -45.78159 -142.05019 
    -45.43119 -141.46523 
    -45.12062 -140.85802 
    -44.85128 -140.23145 
    -44.62432 -139.58850 
    -44.44065 -138.93221 
    -44.30095 -138.26566 
    -44.20565 -137.59192 
    -44.15495 -136.91412 
    -44.14883 -136.23531 
    -44.18705 -135.55852 
    -44.26916 -134.88672 
    -44.39455 -134.22282 
    -44.56240 -133.56967 
    -44.77174 -132.93002 
    -45.02146 -132.30655 
    -45.31027 -131.70184 
    -45.63678 -131.11841 
    -45.99947 -130.55869 
    -46.39665 -130.02502 
    -46.82647 -129.51959 
    -47.28695 -129.04451 
    -47.77603 -128.60179 
    -48.29150 -128.19336 
    -48.83092 -127.82085 
    -49.38024 -127.46763 
    -49.90640 -127.07126 
    -50.48842 -126.76591 
    -51.13820 -126.62198 
    -51.78645 -126.51620 
    -52.44794 -126.51234 
    -53.08370 -126.48129 
    -53.70672 -126.43827 
    -54.32506 -126.39146 
    -54.94438 -126.34908 
    -55.56831 -126.31822 
    -56.19927 -126.30180 
    -56.84231 -126.28598 
    -57.50541 -126.26077 
    -58.19264 -126.23819 
    -58.91373 -126.20987 
    -59.69179 -126.14655 
    -60.56664 -126.00845 
    -61.37940 -126.09534 
    -62.16264 -126.30022 
    -62.89556 -126.62399 
    -63.55821 -127.06251 
    -64.16636 -127.57529 
    -64.73106 -128.13905 
    -65.24607 -128.75069 
    -65.70608 -129.40572 
    -66.10680 -130.09871 
    -66.44491 -130.82356 
    -66.71815 -131.57375 
    -66.92532 -132.34247 
    -67.06625 -133.12294 
    -67.14184 -133.90852 
    -67.15389 -134.69289 
    -67.10502 -135.47023 
Cell 5 100 -7.06107 -143.91451 
    -17.47239 -143.91451 
    -17.48794 -144.57051 
    -17.46031 -145.22823 
    -17.38923 -145.88470 
    -17.27468 -146.53691 
    -17.11683 -147.18182 
    -16.91612 -147.81639 
    -16.67318 -148.43762 
    -16.38890 -149.04251 
    -16.06440 -149.62819 
    -15.70101 -150.19179 
    -15.30027 -150.73056 
    -14.86396 -151.24190 
    -14.39405 -151.72333 
    -13.89268 -152.17250 
    -13.36220 -152.58725 
    -12.80508 -152.96561 
    -12.22395 -153.30574 
    -11.62160 -153.60612 
    -11.00090 -153.86537 
    -10.36480 -154.08234 
    -9.71635 -154.25613 
    -9.05863 -154.38609 
    -8.39476 -154.47176 
    -7.72787 -154.51297 
    -7.06107 -154.50977 
    -6.39746 -154.46242 
    -5.74005 -154.37144 
    -5.09184 -154.23758 
    -4.45570 -154.06175 
    -3.83442 -153.84512 
    -3.23065 -153.58905 
    -2.64693 -153.29504 
    -2.08565 -152.96477 
    -1.54906 -152.60005 
    -1.03919 -152.20291 
    -0.55800 -151.77536 
    -0.10717 -151.31966 
    0.31619 -150.84222 
    0.74563 -150.37277 
    1.09876 -149.84297 
    1.35459 -149.25523 
    1.60210 -148.67712 
    1.83851 -148.10233 
    2.06161 -147.52643 
    2.26970 -146.94626 
    2.46293 -146.35986 
    2.64138 -145.76535 
    2.80519 -145.16090 
    2.95649 -144.54475 
    3.09947 -143.91451 
    3.24267 -143.26625 
    3.63892 -142.56279 
    4.19090 -141.76808 
    4.67282 -140.90175 
    4.72204 -140.08594 
    4.64274 -139.28064 
    4.42034 -138.51176 
    4.05147 -137.80533 
    3.54714 -137.18233 
    2.93078 -136.65500 
    2.23392 -136.22502 
    1.49054 -135.88400 
    0.73169 -135.61606 
    -0.01860 -135.40163 
    -0.74518 -135.22142 
    -1.44167 -135.05974 
    -2.08980 -134.87178 
    -2.68116 -134.60672 
    -3.28560 -134.37875 
    -3.90078 -134.18813 
    -4.52445 -134.03500 
    -5.14096 -133.84891 
    -5.76398 -133.64696 
    -6.40339 -133.46092 
    -7.06107 -133.12248 
    -7.76744 -132.68709 
    -8.43878 -133.00885 
    -9.11560 -133.14430 
    -9.78176 -133.31815 
    -10.43304 -133.53665 
    -11.07553 -133.77516 
    -11.70937 -134.03638 
    -12.33796 -134.31587 
    -12.92765 -134.67026 
    -13.44767 -135.12411 
    -13.88683 -135.66357 
    -14.28680 -136.21989 
    -14.65499 -136.78334 
    -14.99764 -137.34882 
    -15.31869 -137.91499 
    -15.61956 -138.48312 
    -15.89940 -139.05560 
    -16.21913 -139.60506 
    -16.51281 -140.17230 
    -16.77059 -140.75969 
    -16.99094 -141.36494 
    -17.17244 -141.98566 
    -17.31386 -142.61928 
    -17.41413 -143.26315 
Cell 6 100 11.01441 -150.50264 
    0.65620 -150.50264 
    0.31626 -151.17570 
    0.15458 -151.87456 
    0.13221 -152.57854 
    0.20935 -153.27690 
    0.36084 -153.96419 
    0.57796 -154.63472 
    0.84368 -155.28862 
    1.15465 -155.92308 
    1.50935 -156.53473 
    1.90596 -157.12032 
    2.34238 -157.67676 
    2.81634 -158.20114 
    3.32522 -158.69080 
    3.86629 -159.14323 
    4.43659 -159.55623 
    5.03298 -159.92786 
    5.65224 -160.25639 
    6.29096 -160.54048 
    6.94571 -160.77899 
    7.61300 -160.97110 
    8.28927 -161.11635 
    8.97102 -161.21445 
    9.65474 -161.26553 
    10.33699 -161.26991 
    11.01441 -161.22827 
    11.68374 -161.14140 
    12.34187 -161.01056 
    12.98580 -160.83702 
    13.61272 -160.62239 
    14.22002 -160.36850 
    14.80523 -160.07715 
    15.39858 -159.81947 
    15.99553 -159.56326 
    16.57957 -159.27194 
    17.14874 -158.94582 
    17.70092 -158.58524 
    18.23390 -158.19061 
    18.74530 -157.76242 
    19.23259 -157.30132 
    19.69310 -156.80807 
    20.12402 -156.28378 
    20.52244 -155.72972 
    20.88540 -155.14758 
    21.20995 -154.53934 
    21.49321 -153.90741 
    21.73245 -153.25456 
    21.92519 -152.58398 
    22.06926 -151.89919 
    22.16288 -151.20404 
    22.20472 -150.50264 
    22.19399 -149.79929 
    22.13043 -149.09836 
    22.01435 -148.40428 
    21.84664 -147.72139 
    21.62872 -147.05385 
    21.36250 -146.40553 
    21.05035 -145.78009 
    20.69500 -145.18069 
    20.29945 -144.61017 
    19.86692 -144.07091 
    19.40075 -143.56485 
    18.90430 -143.09354 
    18.38091 -142.65811 
    17.83381 -142.25941 
    17.26610 -141.89793 
    16.68072 -141.57397 
    16.08040 -141.28764 
    15.46771 -141.03889 
    14.84501 -140.82764 
    14.21452 -140.65372 
    13.57830 -140.51695 
    12.93832 -140.41716 
    12.32620 -140.11876 
    11.68988 -139.76634 
    11.01441 -139.37393 
    10.28921 -138.97585 
    9.51492 -138.63297 
    8.70955 -138.42015 
    7.90802 -138.40404 
    7.15335 -138.61951 
    6.48250 -139.05634 
    5.91352 -139.66269 
    5.44058 -140.36389 
    4.99538 -141.01817 
    4.43621 -141.44852 
    4.00727 -142.03247 
    3.60873 -142.61638 
    3.26542 -143.22586 
    3.09177 -143.94847 
    2.93493 -144.63255 
    2.77467 -145.27354 
    2.60681 -145.88052 
    2.42905 -146.46268 
    2.24015 -147.02866 
    2.03846 -147.58618 
    1.82201 -148.14244 
    1.59021 -148.70488 
    1.34341 -149.28091 
    1.07584 -149.87737 
Cell 7 100 32.63305 -133.06805 
    22.22359 -133.06805 
    22.20372 -133.72421 
    22.22708 -134.38263 
    22.29399 -135.04033 
    22.40456 -135.69429 
    22.55867 -136.34142 
    22.75595 -136.97867 
    22.99580 -137.60300 
    23.27740 -138.21136 
    23.59966 -138.80081 
    23.96130 -139.36845 
    24.36077 -139.91147 
    24.79636 -140.42720 
    25.26608 -140.91307 
    25.76781 -141.36671 
    26.29920 -141.78584 
    26.85776 -142.16846 
    27.44082 -142.51268 
    28.04559 -142.81689 
    28.66918 -143.07964 
    29.30856 -143.29977 
    29.96067 -143.47630 
    30.62235 -143.60852 
    31.29043 -143.69598 
    31.96172 -143.73846 
    32.63305 -143.73598 
    33.30125 -143.68880 
    33.96322 -143.59744 
    34.61592 -143.46263 
    35.25640 -143.28532 
    35.88181 -143.06670 
    36.48942 -142.80812 
    37.07663 -142.51115 
    37.64103 -142.17754 
    38.18029 -141.80910 
    38.69233 -141.40793 
    39.17521 -140.97618 
    39.62722 -140.51608 
    40.09772 -140.07785 
    40.55074 -139.61813 
    40.97888 -139.13165 
    41.38079 -138.61954 
    41.75504 -138.08292 
    42.10019 -137.52295 
    42.41465 -136.94087 
    42.69679 -136.33797 
    42.94486 -135.71568 
    43.15700 -135.07561 
    43.33130 -134.41956 
    43.46577 -133.74959 
    43.55847 -133.06805 
    43.60746 -132.37761 
    43.61095 -131.68123 
    43.56734 -130.98222 
    43.47526 -130.28424 
    43.33372 -129.59119 
    43.14212 -128.90721 
    42.90034 -128.23663 
    42.60877 -127.58385 
    42.26835 -126.95331 
    41.88060 -126.34931 
    41.44760 -125.77602 
    40.97195 -125.23730 
    40.45675 -124.73666 
    39.90551 -124.27715 
    39.39302 -123.76375 
    38.83695 -123.29227 
    38.22698 -122.89273 
    37.57166 -122.57298 
    36.88169 -122.33720 
    36.16898 -122.18559 
    35.44546 -122.11443 
    34.72213 -122.11670 
    34.00816 -122.18295 
    33.31369 -122.24961 
    32.63305 -122.08051 
    31.93297 -121.94070 
    31.21533 -121.84563 
    30.48429 -121.80389 
    29.74606 -121.82397 
    29.00869 -121.91342 
    28.28175 -122.07792 
    27.57568 -122.32059 
    26.92464 -122.68450 
    26.44580 -123.31851 
    25.99959 -123.93789 
    25.60090 -124.56764 
    25.27918 -125.23698 
    24.99323 -125.89378 
    24.72319 -126.52445 
    24.46910 -127.13660 
    24.23001 -127.73532 
    24.00281 -128.32355 
    23.78337 -128.90372 
    23.56667 -129.47842 
    23.34671 -130.05075 
    23.11594 -130.62448 
    22.86392 -131.20448 
    22.59304 -131.79971 
    22.28614 -132.41708 
Cell 8 100 46.26407 -149.18391 
    36.23230 -149.18391 
    36.25438 -149.81367 
    36.30751 -150.44173 
    36.39828 -151.06592 
    36.52810 -151.68369 
    36.69677 -152.29251 
    36.90373 -152.88994 
    37.14822 -153.47350 
    37.42934 -154.04085 
    37.74604 -154.58961 
    38.09707 -155.11758 
    38.48111 -155.62253 
    38.89664 -156.10239 
    39.34201 -156.55515 
    39.81547 -156.97893 
    40.31510 -157.37196 
    40.83891 -157.73259 
    41.38477 -158.05933 
    41.95047 -158.35077 
    42.53371 -158.60571 
    43.13211 -158.82309 
    43.74322 -159.00198 
    44.36453 -159.14163 
    44.99350 -159.24147 
    45.62755 -159.30109 
    46.26407 -159.32022 
    46.90044 -159.29883 
    47.53407 -159.23701 
    48.16235 -159.13504 
    48.78270 -158.99333 
    49.39260 -158.81255 
    49.98956 -158.59343 
    50.57116 -158.33694 
    51.13504 -158.04417 
    51.67892 -157.71635 
    52.20062 -157.35487 
    52.69807 -156.96129 
    53.16927 -156.53722 
    53.61238 -156.08444 
    54.02566 -155.60486 
    54.40750 -155.10046 
    54.75644 -154.57333 
    55.07113 -154.02563 
    55.35041 -153.45963 
    55.59324 -152.87759 
    55.79874 -152.28192 
    55.96619 -151.67500 
    56.09501 -151.05927 
    56.18527 -150.43726 
    56.24551 -149.81189 
    56.26636 -149.18391 
    56.24773 -148.55580 
    56.18967 -147.93002 
    56.09241 -147.30905 
    55.95631 -146.69537 
    55.78191 -146.09138 
    55.56988 -145.49948 
    55.32104 -144.92203 
    55.03637 -144.36130 
    54.71921 -143.81812 
    54.37277 -143.29260 
    53.99780 -142.78601 
    53.59666 -142.29816 
    53.17145 -141.82829 
    52.72369 -141.37558 
    52.25389 -140.93962 
    51.76147 -140.52139 
    51.24483 -140.12393 
    50.70193 -139.75296 
    50.23200 -139.16206 
    49.73806 -138.49208 
    49.03564 -138.38934 
    48.26053 -138.71808 
    47.59911 -138.61597 
    46.93094 -138.58432 
    46.26407 -138.44232 
    45.58648 -138.41399 
    44.93326 -138.64949 
    44.32449 -139.01627 
    43.71582 -139.25916 
    43.11838 -139.50249 
    42.53664 -139.76950 
    41.97042 -140.05946 
    41.42025 -140.37305 
    40.88741 -140.71165 
    40.37373 -141.07657 
    39.88145 -141.46866 
    39.41089 -141.88602 
    38.96683 -142.33134 
    38.55167 -142.80367 
    38.16705 -143.30109 
    37.81449 -143.82166 
    37.49537 -144.36328 
    37.21095 -144.92384 
    36.96232 -145.50110 
    36.73934 -146.08914 
    36.51258 -146.68016 
    36.34087 -147.29097 
    36.25426 -147.91939 
    36.23040 -148.55264 
Cell 9 100 67.86303 -151.02899 
    57.04260 -151.02899 
    57.03915 -151.70998 
    57.04662 -152.39542 
    57.08908 -153.08423 
    57.17602 -153.77295 
    57.33068 -154.45116 
    57.53164 -155.11948 
    57.77852 -155.77440 
    58.07059 -156.41243 
    58.40676 -157.03012 
    58.78564 -157.62410 
    59.20551 -158.19112 
    59.66430 -158.72812 
    60.15971 -159.23219 
    60.68920 -159.70067 
    61.24997 -160.13109 
    61.83906 -160.52126 
    62.45330 -160.86925 
    63.08944 -161.17339 
    63.74402 -161.43240 
    64.41358 -161.64529 
    65.09456 -161.81146 
    65.78345 -161.93053 
    66.47675 -162.00258 
    67.17102 -162.02814 
    67.86303 -162.00786 
    68.54968 -161.94301 
    69.22816 -161.83508 
    69.89592 -161.68576 
    70.55080 -161.49716 
    71.19099 -161.27141 
    71.81508 -161.01074 
    72.42207 -160.71742 
    73.01130 -160.39366 
    73.58237 -160.04123 
    74.13517 -159.66185 
    74.66950 -159.25661 
    75.18520 -158.82632 
    75.68169 -158.37120 
    76.15798 -157.89117 
    76.61243 -157.38580 
    77.04269 -156.85458 
    77.44556 -156.29703 
    77.81171 -155.71048 
    78.11430 -155.08775 
    78.38349 -154.44730 
    78.61948 -153.79077 
    78.80731 -153.11673 
    78.93784 -152.42807 
    79.00880 -151.73022 
    79.01801 -151.02899 
    78.96358 -150.33061 
    78.84710 -149.64139 
    78.67126 -148.96721 
    78.43935 -148.31345 
    78.15931 -147.68353 
    78.01951 -147.00775 
    77.83781 -146.33522 
    77.61123 -145.66988 
    77.33823 -145.01584 
    77.01765 -144.37776 
    76.64888 -143.76070 
    76.23199 -143.17001 
    75.76785 -142.61121 
    75.25822 -142.08975 
    74.70570 -141.61086 
    74.11383 -141.17931 
    73.48689 -140.79922 
    72.82986 -140.47392 
    72.14822 -140.20583 
    71.44775 -139.99634 
    70.73437 -139.84586 
    70.01389 -139.75380 
    69.29185 -139.71870 
    68.57338 -139.73834 
    67.86303 -139.80991 
    67.16475 -139.93015 
    66.48182 -140.09563 
    65.81689 -140.30280 
    65.17203 -140.54822 
    64.54875 -140.82869 
    63.94821 -141.14128 
    63.37123 -141.48343 
    62.81844 -141.85292 
    62.29039 -142.24791 
    61.78758 -142.66685 
    61.31061 -143.10847 
    60.86013 -143.57166 
    60.32781 -143.95296 
    59.78185 -144.34366 
    59.23188 -144.75810 
    58.68789 -145.20627 
    58.16821 -145.69922 
    57.69783 -146.24561 
    57.30408 -146.84840 
    57.01064 -147.50284 
    56.83167 -148.19662 
    56.76820 -148.91254 
    56.80806 -149.63243 
    56.92943 -150.34111 
Cell 10 100 82.97900 -134.36848 
    71.55439 -134.36848 
    71.06023 -135.11836 
    70.92187 -135.89166 
    71.29723 -136.59689 
    71.72585 -137.25780 
    72.18290 -137.87634 
    72.65491 -138.45609 
    73.13242 -139.00192 
    73.61008 -139.51909 
    74.08607 -140.01210 
    74.56133 -140.48428 
    75.03851 -140.93742 
    75.52116 -141.37186 
    76.01288 -141.78665 
    76.51679 -142.17995 
    77.03525 -142.54935 
    77.56966 -142.89223 
    78.12055 -143.20596 
    78.68761 -143.48814 
    79.26987 -143.73666 
    79.86585 -143.94974 
    80.47372 -144.12592 
    81.09132 -144.26407 
    81.71635 -144.36334 
    82.34632 -144.42455 
    82.97900 -144.44730 
    83.61206 -144.43071 
    84.24311 -144.37498 
    84.86981 -144.28050 
    85.48988 -144.14777 
    86.10114 -143.97746 
    86.70148 -143.77040 
    87.28893 -143.52754 
    87.86161 -143.24994 
    88.41782 -142.93869 
    88.95592 -142.59503 
    89.47448 -142.22017 
    89.97211 -141.81540 
    90.44758 -141.38194 
    90.89970 -140.92107 
    91.32737 -140.43393 
    91.72950 -139.92172 
    92.10498 -139.38554 
    92.45267 -138.82646 
    92.77133 -138.24554 
    93.05963 -137.64388 
    93.31608 -137.02260 
    93.53902 -136.38292 
    93.72668 -135.72623 
    93.87708 -135.05414 
    93.98815 -134.36848 
    94.05775 -133.67146 
    94.08368 -132.96564 
    94.06383 -132.25394 
    93.99621 -131.53975 
    93.87909 -130.82683 
    93.71105 -130.11935 
    93.49113 -129.42184 
    93.21849 -128.73927 
    92.75385 -128.16518 
    92.19422 -127.67323 
    91.47445 -127.34044 
    90.77481 -127.04773 
    90.13725 -126.74571 
    89.53538 -126.44318 
    88.95410 -126.14445 
    88.38398 -125.85159 
    87.81892 -125.56468 
    87.25462 -125.28233 
    86.68766 -125.00146 
    86.11510 -124.71656 
    85.53361 -124.41894 
    84.93880 -124.09483 
    84.32360 -123.72485 
    83.66810 -123.41551 
    82.97900 -123.21188 
    82.28453 -123.33025 
    81.60481 -123.49072 
    80.94210 -123.69068 
    80.29824 -123.92764 
    79.67480 -124.19920 
    79.07303 -124.50314 
    78.49400 -124.83739 
    77.93864 -125.20013 
    77.40779 -125.58967 
    76.85433 -125.93861 
    76.23331 -126.21435 
    75.60092 -126.51163 
    75.15559 -127.02182 
    74.81570 -127.61522 
    74.50702 -128.21323 
    74.22849 -128.81525 
    73.93338 -129.39561 
    73.62999 -129.96918 
    73.32706 -130.54701 
    73.03213 -131.13655 
    72.74863 -131.74178 
    72.47488 -132.36472 
    72.20174 -133.00700 
    71.90904 -133.67203 
Cell 11 100 117.75198 -142.93185 
    107.58694 -142.93185 
    107.59751 -143.57072 
    107.64891 -144.20818 
    107.74102 -144.84155 
    107.87355 -145.46820 
    108.04604 -146.08551 
    108.25782 -146.69086 
    108.50809 -147.28169 
    108.79585 -147.85553 
    109.11992 -148.40993 
    109.47897 -148.94254 
    109.87154 -149.45113 
    110.29597 -149.93352 
    110.75048 -150.38770 
    111.23317 -150.81174 
    111.74200 -151.20389 
    112.27480 -151.56250 
    112.82933 -151.88611 
    113.40324 -152.17339 
    113.99409 -152.42317 
    114.59940 -152.63448 
    115.21660 -152.80650 
    115.84309 -152.93858 
    116.47625 -153.03027 
    117.11343 -153.08130 
    117.75198 -153.09155 
    118.38926 -153.06116 
    119.02267 -152.99039 
    119.64963 -152.87971 
    120.26768 -152.72986 
    120.87441 -152.54173 
    121.46762 -152.31650 
    122.04525 -152.05553 
    122.60556 -151.76050 
    123.14713 -151.43326 
    123.66899 -151.07593 
    124.17065 -150.69070 
    124.65220 -150.27985 
    125.11423 -149.84547 
    125.55783 -149.38942 
    125.98427 -148.91296 
    126.39478 -148.41675 
    126.79008 -147.90059 
    127.16988 -147.36359 
    127.53242 -146.80420 
    127.87402 -146.22070 
    128.18892 -145.61160 
    128.46933 -144.97630 
    128.70595 -144.31566 
    128.88863 -143.63251 
    129.00749 -142.93185 
    129.05406 -142.22078 
    129.02234 -141.50807 
    128.90962 -140.80342 
    129.03848 -140.03397 
    129.22519 -139.20398 
    128.86693 -138.53113 
    128.07280 -138.07524 
    127.28257 -137.69237 
    126.80849 -137.18442 
    126.30904 -136.71478 
    125.79226 -136.28035 
    125.26403 -135.87756 
    124.72806 -135.50308 
    124.18617 -135.15425 
    123.66336 -134.79553 
    123.14690 -134.43082 
    122.61156 -134.09230 
    122.05925 -133.77844 
    121.49098 -133.48820 
    120.90681 -133.22227 
    120.30608 -132.98425 
    119.68832 -132.78114 
    119.05431 -132.62282 
    118.40704 -132.51999 
    117.75198 -132.48141 
    117.09637 -132.51128 
    116.42546 -132.43141 
    115.70511 -132.20181 
    114.94462 -131.99792 
    114.17223 -131.91452 
    113.43916 -132.03893 
    112.79760 -132.40327 
    112.27268 -132.96506 
    111.84960 -133.63121 
    111.48567 -134.30704 
    111.13644 -134.93504 
    110.77599 -135.50319 
    110.40099 -136.02881 
    110.02220 -136.53723 
    109.62824 -137.02962 
    109.26187 -137.54387 
    108.92826 -138.08098 
    108.62888 -138.63885 
    108.36510 -139.21533 
    108.13813 -139.80812 
    107.94902 -140.41489 
    107.79868 -141.03316 
    107.68786 -141.66046 
    107.61714 -142.29422 
Cell 12 100 -118.55540 -124.34506 
    -128.56836 -124.34506 
    -128.85400 -124.99300 
    -129.20354 -125.69023 
    -129.49721 -126.43232 
    -129.72989 -127.21418 
    -129.89713 -128.03021 
    -129.99498 -128.87431 
    -130.02049 -129.74013 
    -129.97127 -130.62099 
    -129.84575 -131.51013 
    -129.64288 -132.40059 
    -129.36241 -133.28539 
    -129.00464 -134.15755 
    -128.57059 -135.01015 
    -125.87840 -133.19705 
    -124.52811 -132.56578 
    -123.85054 -132.68886 
    -123.28021 -132.93944 
    -122.71367 -133.18182 
    -122.14455 -133.41020 
    -121.56951 -133.62155 
    -120.97466 -133.76740 
    -120.37404 -133.87866 
    -119.77192 -133.97476 
    -119.16636 -134.05588 
    -118.55540 -134.10490 
    -117.93747 -134.16690 
    -117.26794 -134.53645 
    -116.68683 -134.14049 
    -116.13390 -133.77623 
    -115.61803 -133.38536 
    -115.14149 -132.96762 
    -114.70016 -132.53787 
    -114.27914 -132.12355 
    -113.86784 -131.73149 
    -113.45897 -131.35971 
    -113.04830 -131.00200 
    -112.63197 -130.65288 
    -112.20583 -130.30771 
    -111.76611 -129.96165 
    -111.31139 -129.60815 
    -110.84307 -129.23946 
    -110.36706 -128.84665 
    -109.89529 -128.42020 
    -109.41018 -127.96591 
    -108.75870 -127.52821 
    -107.92156 -127.07537 
    -106.82956 -126.58189 
    -105.48575 -125.99614 
    -105.78884 -125.14827 
    -106.14362 -124.34506 
    -106.40752 -123.58078 
    -106.59138 -122.83366 
    -106.78466 -122.09967 
    -106.80055 -121.32693 
    -107.06170 -120.61053 
    -107.63106 -120.01981 
    -108.36492 -119.54979 
    -109.10472 -119.14951 
    -109.71109 -118.73228 
    -109.97399 -118.11030 
    -110.27020 -117.49094 
    -110.60571 -116.87979 
    -110.98682 -116.28533 
    -111.41901 -115.71865 
    -111.90577 -115.19262 
    -112.44752 -114.72057 
    -113.04113 -114.31464 
    -113.67993 -113.98416 
    -114.35436 -113.73444 
    -115.05309 -113.56606 
    -115.76444 -113.47499 
    -116.47772 -113.45347 
    -117.18426 -113.49130 
    -117.87797 -113.57750 
    -118.55540 -113.70174 
    -119.21535 -113.85555 
    -119.85813 -114.03291 
    -120.48487 -114.23046 
    -121.09676 -114.44713 
    -121.69462 -114.68356 
    -122.27854 -114.94150 
    -122.84790 -115.22305 
    -123.40138 -115.53027 
    -123.93719 -115.86474 
    -124.45460 -116.22552 
    -124.95233 -116.61250 
    -125.42465 -117.03005 
    -125.86969 -117.47649 
    -126.28567 -117.95004 
    -126.67094 -118.44878 
    -127.02399 -118.97073 
    -127.34342 -119.51381 
    -127.62798 -120.07584 
    -127.87654 -120.65456 
    -128.08813 -121.24769 
    -128.26196 -121.85284 
    -128.39734 -122.46761 
    -128.49374 -123.08956 
    -128.55083 -123.71620 
Cell 13 100 -79.18292 -111.49369 
    -89.30217 -111.49369 
    -89.35538 -112.13369 
    -89.30683 -112.77264 
    -89.21743 -113.40788 
    -89.08741 -114.03673 
    -88.91718 -114.65654 
    -88.70733 -115.26467 
    -88.45866 -115.85852 
    -88.17214 -116.43555 
    -87.84892 -116.99329 
    -87.49028 -117.52934 
    -87.09772 -118.04137 
    -86.67287 -118.52721 
    -86.21751 -118.98477 
    -85.73358 -119.41208 
    -85.22312 -119.80731 
    -84.68832 -120.16881 
    -84.13145 -120.49503 
    -83.55490 -120.78461 
    -82.96114 -121.03638 
    -82.35271 -121.24931 
    -81.73222 -121.42255 
    -81.10230 -121.55544 
    -80.46565 -121.64752 
    -79.82495 -121.69849 
    -79.18292 -121.70825 
    -78.54225 -121.67690 
    -77.90561 -121.60468 
    -77.27563 -121.49204 
    -76.65491 -121.33963 
    -76.04597 -121.14824 
    -75.45124 -120.91884 
    -74.87309 -120.65256 
    -74.31374 -120.35070 
    -73.76050 -120.03807 
    -73.21648 -119.70580 
    -72.69099 -119.34109 
    -72.18591 -118.94475 
    -71.70319 -118.51763 
    -71.24479 -118.06068 
    -70.81283 -117.57492 
    -70.40948 -117.06149 
    -70.03701 -116.52170 
    -69.69774 -115.95708 
    -69.39403 -115.36938 
    -69.12824 -114.76066 
    -68.90265 -114.13322 
    -68.71942 -113.48971 
    -68.58050 -112.83308 
    -68.48758 -112.16659 
    -68.44199 -111.49369 
    -68.44469 -110.81810 
    -68.49616 -110.14364 
    -68.59642 -109.47421 
    -68.74501 -108.81369 
    -68.94096 -108.16588 
    -69.18286 -107.53439 
    -69.46887 -106.92261 
    -69.73089 -106.29739 
    -69.99548 -105.66316 
    -70.30089 -105.04051 
    -70.64812 -104.43308 
    -71.03792 -103.84502 
    -71.47059 -103.28089 
    -71.94588 -102.74561 
    -72.46285 -102.24431 
    -73.01978 -101.78214 
    -73.61414 -101.36412 
    -74.24258 -100.99492 
    -74.90095 -100.67865 
    -75.58445 -100.41872 
    -76.28773 -100.21765 
    -77.00507 -100.07700 
    -77.73059 -99.99729 
    -78.45842 -99.97805 
    -79.18292 -100.01783 
    -79.89885 -100.11434 
    -80.60149 -100.26460 
    -81.28674 -100.46506 
    -81.95123 -100.71188 
    -82.59219 -101.00105 
    -83.20759 -101.32855 
    -83.79591 -101.69059 
    -84.35618 -102.08358 
    -84.81660 -102.61644 
    -85.22607 -103.17600 
    -85.63024 -103.70021 
    -86.02666 -104.20585 
    -86.40888 -104.70806 
    -86.75731 -105.22762 
    -87.10069 -105.74110 
    -87.44087 -106.25304 
    -87.75004 -106.78388 
    -88.01965 -107.33544 
    -88.24789 -107.90462 
    -88.43992 -108.48592 
    -88.60526 -109.07445 
    -88.75377 -109.66795 
    -88.89255 -110.26708 
    -89.03725 -110.87371 
Cell 14 100 -55.81387 -117.61732 
    -66.62288 -117.61732 
    -66.62571 -118.29754 
    -66.58665 -118.97823 
    -66.50471 -119.65671 
    -66.37917 -120.33002 
    -66.20963 -120.99510 
    -65.99606 -121.64874 
    -65.73889 -122.28768 
    -65.43887 -122.90871 
    -65.09711 -123.50864 
    -64.71509 -124.08443 
    -64.29452 -124.63313 
    -63.83743 -125.15195 
    -63.34606 -125.63829 
    -62.82288 -126.08976 
    -62.11292 -126.28722 
    -61.18071 -126.07410 
    -60.43809 -126.02875 
    -59.81804 -126.12662 
    -59.20647 -126.18604 
    -58.60964 -126.22181 
    -58.02871 -126.24358 
    -57.46300 -126.26237 
    -56.90865 -126.28345 
    -56.36000 -126.29785 
    -55.81387 -126.31184 
    -55.26551 -126.33320 
    -54.70875 -126.36520 
    -54.13740 -126.40567 
    -53.54618 -126.44936 
    -52.93137 -126.48873 
    -52.29172 -126.51325 
    -51.61306 -126.54449 
    -50.82542 -126.69126 
    -50.00311 -126.77361 
    -49.29095 -126.59534 
    -48.64833 -126.27896 
    -48.03567 -125.90026 
    -47.45007 -125.47145 
    -46.88890 -125.00069 
    -46.35497 -124.48961 
    -45.85178 -123.93945 
    -45.38344 -123.35149 
    -45.08332 -122.66673 
    -44.80678 -121.97533 
    -44.51049 -121.29001 
    -44.18568 -120.60293 
    -43.82752 -119.90384 
    -43.54468 -119.16727 
    -43.43502 -118.39613 
    -43.38861 -117.61732 
    -43.40650 -116.83672 
    -43.48890 -116.06031 
    -43.63513 -115.29410 
    -43.84367 -114.54389 
    -44.11221 -113.81522 
    -44.43768 -113.11317 
    -44.81638 -112.44229 
    -45.24408 -111.80653 
    -45.71619 -111.20914 
    -46.22784 -110.65266 
    -46.77408 -110.13895 
    -47.34995 -109.66917 
    -47.95067 -109.24387 
    -48.53755 -108.82176 
    -49.02858 -108.27818 
    -49.60492 -107.83359 
    -50.25546 -107.50661 
    -50.95856 -107.29928 
    -51.68815 -107.19696 
    -52.42046 -107.17347 
    -53.13896 -107.19923 
    -53.83601 -107.24902 
    -54.50769 -107.27787 
    -55.16379 -107.28468 
    -55.81387 -107.32408 
    -56.45694 -107.39592 
    -57.09201 -107.49973 
    -57.72369 -107.60568 
    -58.36126 -107.69588 
    -58.99855 -107.81586 
    -59.63463 -107.96717 
    -60.26764 -108.15257 
    -60.89438 -108.37589 
    -61.51006 -108.64156 
    -62.10822 -108.95389 
    -62.68112 -109.31624 
    -63.22031 -109.73026 
    -63.71754 -110.19527 
    -64.16570 -110.70808 
    -64.55969 -111.26311 
    -64.89696 -111.85301 
    -65.21117 -112.45110 
    -65.51155 -113.05393 
    -65.78181 -113.67073 
    -66.01666 -114.30223 
    -66.21431 -114.94694 
    -66.37425 -115.60281 
    -66.49613 -116.26783 
    -66.57932 -116.94001 
Cell 15 100 -58.76372 -95.25357 
    -69.23980 -95.25357 
    -69.12751 -95.90560 
    -69.02880 -96.55035 
    -68.92171 -97.19131 
    -68.77699 -97.82454 
    -68.59539 -98.44807 
    -68.37766 -99.06000 
    -68.12449 -99.65841 
    -67.83659 -100.24142 
    -67.51466 -100.80708 
    -67.15943 -101.35341 
    -66.77175 -101.87839 
    -66.35255 -102.37995 
    -65.90289 -102.85601 
    -65.42401 -103.30448 
    -64.91732 -103.72327 
    -64.38441 -104.11036 
    -63.82708 -104.46378 
    -63.24731 -104.78169 
    -62.64729 -105.06234 
    -62.02936 -105.30416 
    -61.39603 -105.50574 
    -60.74997 -105.66586 
    -60.09397 -105.78353 
    -59.43089 -105.85795 
    -58.76372 -105.88857 
    -58.09547 -105.87505 
    -57.42921 -105.81732 
    -56.76799 -105.71556 
    -56.11488 -105.57014 
    -55.47289 -105.38171 
    -54.84500 -105.15114 
    -54.23410 -104.87952 
    -53.64299 -104.56815 
    -53.07436 -104.21857 
    -52.53077 -103.83249 
    -52.01466 -103.41178 
    -51.52827 -102.95854 
    -51.07372 -102.47497 
    -50.65289 -101.96343 
    -50.26752 -101.42642 
    -49.85864 -100.90491 
    -49.46349 -100.36642 
    -49.10180 -99.80013 
    -48.77707 -99.20757 
    -48.49285 -98.59077 
    -48.25259 -97.95237 
    -48.05951 -97.29551 
    -47.91643 -96.62390 
    -47.82560 -95.94174 
    -47.78861 -95.25357 
    -47.80624 -94.56419 
    -47.87848 -93.87845 
    -48.00446 -93.20113 
    -48.18253 -92.53678 
    -48.41035 -91.88956 
    -48.68502 -91.26313 
    -49.00323 -90.66063 
    -49.36140 -90.08460 
    -49.75586 -89.53701 
    -49.73271 -88.69216 
    -49.25933 -87.39085 
    -50.69260 -87.67428 
    -51.62733 -87.65408 
    -52.15343 -87.26310 
    -52.64635 -86.83374 
    -53.13413 -86.38275 
    -53.64703 -85.94633 
    -54.18589 -85.52519 
    -54.75186 -85.12077 
    -55.34617 -84.73544 
    -55.96996 -84.37260 
    -56.62400 -84.03674 
    -57.30839 -83.73345 
    -58.02231 -83.46921 
    -58.76372 -83.25120 
    -59.52918 -83.08693 
    -60.31375 -82.98385 
    -61.11097 -82.94884 
    -61.91304 -82.98778 
    -62.71103 -83.10500 
    -63.49527 -83.30305 
    -64.25580 -83.58231 
    -64.98290 -83.94093 
    -65.66756 -84.37488 
    -66.30194 -84.87811 
    -66.87980 -85.44292 
    -67.39672 -86.06036 
    -67.85023 -86.72077 
    -68.23976 -87.41431 
    -68.56655 -88.13140 
    -68.83328 -88.86324 
    -69.04382 -89.60204 
    -69.20270 -90.34136 
    -69.31483 -91.07610 
    -69.38504 -91.80250 
    -69.41780 -92.51807 
    -69.41696 -93.22136 
    -69.38564 -93.91171 
    -69.32609 -94.58904 
Cell 16 100 -34.45772 -125.28921 
    -45.41017 -125.28921 
    -45.31815 -125.97249 
    -45.17468 -126.64307 
    -44.98457 -127.29731 
    -44.75277 -127.93253 
    -44.48397 -128.54694 
    -44.18237 -129.13947 
    -43.85149 -129.70958 
    -43.49409 -130.25699 
    -43.11926 -130.78598 
    -42.77472 -131.33186 
    -42.39795 -131.85794 
    -41.99458 -132.36679 
    -41.56463 -132.85730 
    -41.10915 -133.32941 
    -40.62918 -133.78349 
    -40.12107 -134.21321 
    -39.58454 -134.61485 
    -39.02001 -134.98457 
    -38.42714 -135.31480 
    -37.80892 -135.60315 
    -37.16883 -135.84828 
    -36.51013 -136.04834 
    -35.83622 -136.20116 
    -35.15086 -136.30630 
    -34.45772 -136.36237 
    -33.76074 -136.36732 
    -33.06408 -136.32103 
    -32.37186 -136.22368 
    -31.68812 -136.07607 
    -31.01696 -135.87878 
    -30.36295 -135.63141 
    -29.72828 -135.33977 
    -29.11617 -135.00545 
    -28.52962 -134.63040 
    -27.97148 -134.21675 
    -27.44442 -133.76683 
    -26.95085 -133.28320 
    -26.49305 -132.76852 
    -26.07294 -132.22571 
    -25.69221 -131.65771 
    -25.35238 -131.06763 
    -25.05456 -130.45863 
    -24.82393 -129.82253 
    -24.65213 -129.17151 
    -24.55019 -128.50836 
    -24.55951 -127.83064 
    -24.59641 -127.17035 
    -24.57474 -126.53772 
    -24.53637 -125.91341 
    -24.51957 -125.28921 
    -24.52747 -124.66444 
    -24.55924 -124.03874 
    -24.61388 -123.41140 
    -24.69048 -122.78140 
    -24.82780 -122.16026 
    -24.99431 -121.54238 
    -25.18604 -120.92628 
    -25.40195 -120.31076 
    -25.64208 -119.69463 
    -25.90780 -119.07733 
    -26.20197 -118.45946 
    -26.52876 -117.84341 
    -26.89331 -117.23393 
    -27.30110 -116.63834 
    -27.75704 -116.06651 
    -28.26460 -115.53040 
    -28.82490 -115.04315 
    -29.43616 -114.61786 
    -30.09342 -114.26624 
    -30.78875 -113.99728 
    -31.51196 -113.81622 
    -32.25154 -113.72399 
    -32.99583 -113.71717 
    -33.73416 -113.78859 
    -34.45772 -113.92831 
    -35.16011 -114.12492 
    -35.83753 -114.36685 
    -36.48849 -114.64355 
    -37.11341 -114.94595 
    -37.71837 -115.25394 
    -38.29672 -115.59299 
    -38.85023 -115.95465 
    -39.38707 -116.32275 
    -39.97159 -116.60074 
    -40.54547 -116.91013 
    -41.10703 -117.25156 
    -41.65398 -117.62597 
    -42.18323 -118.03447 
    -42.69091 -118.47813 
    -43.17228 -118.95771 
    -43.62196 -119.47340 
    -43.92117 -120.08663 
    -44.22769 -120.69181 
    -44.51751 -121.30625 
    -44.78830 -121.93260 
    -45.04498 -122.57086 
    -45.32420 -123.21632 
    -45.42361 -123.90389 
    -45.44645 -124.59785 
Cell 17 100 -14.41595 -124.71529 
    -24.52682 -124.71529 
    -24.52124 -125.35107 
    -24.54135 -125.99442 
    -24.57872 -126.65395 
    -24.58766 -127.32694 
    -24.54667 -128.00696 
    -24.31926 -128.63629 
    -24.05097 -129.24919 
    -23.74364 -129.84323 
    -23.39897 -130.41609 
    -23.01872 -130.96556 
    -22.60471 -131.48962 
    -22.15884 -131.98636 
    -21.68306 -132.45398 
    -21.17933 -132.89081 
    -20.64967 -133.29527 
    -20.09617 -133.66588 
    -19.52093 -134.00121 
    -18.92617 -134.29999 
    -18.31414 -134.56099 
    -17.68719 -134.78314 
    -17.04773 -134.96541 
    -16.39827 -135.10695 
    -15.74134 -135.20679 
    -15.07953 -135.26256 
    -14.41595 -135.26262 
    -13.75817 -135.17044 
    -13.13544 -134.85161 
    -12.55918 -134.44882 
    -11.99060 -134.16142 
    -11.42538 -133.91934 
    -10.86050 -133.69534 
    -10.28785 -133.48795 
    -9.69845 -133.29640 
    -9.07225 -133.13562 
    -8.40284 -132.99162 
    -7.80587 -132.70551 
    -7.28899 -132.30473 
    -6.84283 -131.82693 
    -6.42956 -131.32222 
    -6.05081 -130.79292 
    -5.70798 -130.24155 
    -5.40234 -129.67056 
    -5.13492 -129.08261 
    -4.90658 -128.48032 
    -4.71796 -127.86636 
    -4.56955 -127.24342 
    -4.46141 -126.61423 
    -4.39171 -125.98165 
    -4.32284 -125.35030 
    -4.27719 -124.71529 
    -4.26683 -124.07677 
    -4.29186 -123.43633 
    -4.35254 -122.79559 
    -4.44928 -122.15629 
    -4.58266 -121.52026 
    -4.75339 -120.88962 
    -4.96232 -120.26675 
    -5.21029 -119.65443 
    -5.49806 -119.05583 
    -5.82621 -118.47448 
    -6.19495 -117.91429 
    -6.60404 -117.37942 
    -7.05264 -116.87416 
    -7.53925 -116.40279 
    -8.06168 -115.96939 
    -8.61704 -115.57767 
    -9.20181 -115.23080 
    -9.81193 -114.93125 
    -10.31322 -114.35297 
    -10.61235 -113.00902 
    -11.42262 -113.05704 
    -12.30412 -113.64466 
    -13.00859 -113.57487 
    -13.71862 -113.63149 
    -14.41595 -113.78993 
    -15.08911 -114.01573 
    -15.73482 -114.27535 
    -16.35612 -114.54458 
    -16.97333 -114.75497 
    -17.57882 -114.98100 
    -18.16782 -115.23917 
    -18.73907 -115.52820 
    -19.29135 -115.84698 
    -19.82336 -116.19458 
    -20.33377 -116.57012 
    -20.82207 -116.97163 
    -21.33252 -117.34990 
    -21.82067 -117.76180 
    -22.28384 -118.20641 
    -22.71929 -118.68256 
    -23.12434 -119.18878 
    -23.49635 -119.72330 
    -23.83286 -120.28403 
    -24.13152 -120.86863 
    -24.38876 -121.47494 
    -24.59636 -122.10141 
    -24.69465 -122.75453 
    -24.61251 -123.42717 
    -24.55728 -124.07726 
Cell 18 100 15.32295 -124.64646 
    5.20399 -124.64646 
    5.21971 -125.28210 
    5.27002 -125.91644 
    5.36066 -126.54687 
    5.49137 -127.17078 
    5.66171 -127.78558 
    5.87107 -128.38872 
    6.11865 -128.97768 
    6.40350 -129.54997 
    6.72450 -130.10321 
    7.08037 -130.63504 
    7.46967 -131.14325 
    7.89083 -131.62569 
    8.34210 -132.08031 
    8.82162 -132.50522 
    9.32741 -132.89861 
    9.85736 -133.25887 
    10.40925 -133.58446 
    10.98077 -133.87405 
    11.56954 -134.12650 
    12.17309 -134.34074 
    12.78888 -134.51601 
    13.41436 -134.65164 
    14.04693 -134.74722 
    14.68399 -134.80251 
    15.32295 -134.81749 
    15.96128 -134.79239 
    16.59650 -134.72768 
    17.22627 -134.62399 
    17.84836 -134.48228 
    18.46078 -134.30370 
    19.06173 -134.08954 
    19.64973 -133.84134 
    20.22359 -133.56070 
    20.78247 -133.24928 
    21.32583 -132.90872 
    21.85346 -132.54050 
    22.36526 -132.14575 
    22.69704 -131.57120 
    22.96607 -130.96941 
    23.21432 -130.37988 
    23.44319 -129.79973 
    23.66035 -129.22998 
    23.87202 -128.66936 
    24.08338 -128.11496 
    24.29886 -127.56291 
    24.52230 -127.00845 
    24.75676 -126.44605 
    25.00382 -125.86944 
    25.26398 -125.27190 
    25.56302 -124.64646 
    25.97529 -123.97627 
    26.51025 -123.23318 
    27.04776 -122.40984 
    26.90082 -121.67377 
    26.67966 -120.95644 
    26.38698 -120.26590 
    26.02744 -119.60931 
    25.60734 -118.99257 
    25.13422 -118.42004 
    24.61631 -117.89444 
    24.06204 -117.41685 
    23.47955 -116.98690 
    22.87627 -116.60299 
    22.25860 -116.26270 
    21.63187 -115.96297 
    21.00029 -115.70040 
    20.39878 -115.41356 
    19.79117 -115.15100 
    19.17071 -114.92813 
    18.54014 -114.74496 
    17.90209 -114.60136 
    17.25904 -114.49712 
    16.61335 -114.43192 
    15.96726 -114.40540 
    15.32295 -114.35855 
    14.67501 -114.34774 
    14.02593 -114.37952 
    13.37879 -114.45483 
    12.73687 -114.57434 
    12.10360 -114.73833 
    11.48253 -114.94668 
    10.87721 -115.19879 
    10.29111 -115.49358 
    9.72753 -115.82950 
    9.18953 -116.20454 
    8.67983 -116.61631 
    8.20080 -117.06213 
    7.75438 -117.53910 
    7.34215 -118.04417 
    6.96528 -118.57426 
    6.62463 -119.12634 
    6.32076 -119.69747 
    6.05402 -120.28484 
    5.82272 -120.88506 
    5.62263 -121.49464 
    5.46129 -122.11442 
    5.33880 -122.74188 
    5.25514 -123.37460 
    5.21025 -124.01022 
Cell 19 100 24.05595 -105.37461 
    12.86924 -105.37461 
    12.92610 -106.07484 
    13.03414 -106.76699 
    13.19149 -107.44712 
    13.39587 -108.11166 
    13.64470 -108.75742 
    13.93522 -109.38169 
    14.26453 -109.98210 
    14.62973 -110.55672 
    15.02794 -111.10396 
    15.45641 -111.62254 
    15.91253 -112.11143 
    16.39383 -112.56982 
    16.89806 -112.99699 
    17.42311 -113.39233 
    17.95672 -113.76948 
    18.48349 -114.15540 
    19.03587 -114.50610 
    19.61077 -114.82108 
    20.20554 -115.09962 
    20.81777 -115.34070 
    21.44539 -115.54205 
    22.08632 -115.69976 
    22.73705 -115.81474 
    23.39458 -115.88670 
    24.05595 -115.91518 
    24.71815 -115.90000 
    25.37818 -115.84115 
    26.03303 -115.73886 
    26.67973 -115.59358 
    27.31534 -115.40598 
    27.93697 -115.17696 
    28.54182 -114.90759 
    29.12719 -114.59917 
    29.69048 -114.25321 
    30.22921 -113.87138 
    30.74107 -113.45554 
    31.22390 -113.00771 
    31.67573 -112.53006 
    32.09480 -112.02493 
    32.47959 -111.49475 
    32.82885 -110.94206 
    33.14160 -110.36949 
    33.41721 -109.77969 
    33.65540 -109.17530 
    33.85624 -108.55892 
    34.02018 -107.93299 
    34.14802 -107.29977 
    34.24080 -106.66125 
    34.29977 -106.01910 
    34.32619 -105.37461 
    34.32118 -104.72878 
    34.28550 -104.08232 
    34.21936 -103.43584 
    34.12227 -102.79002 
    33.99293 -102.14589 
    33.82925 -101.50509 
    33.62850 -100.87011 
    33.38754 -100.24452 
    33.10323 -99.63303 
    32.83675 -98.99499 
    32.57865 -98.32402 
    32.28472 -97.64728 
    31.94699 -96.97150 
    31.55741 -96.30690 
    31.10902 -95.66689 
    30.59712 -95.06736 
    30.02031 -94.52547 
    29.38112 -94.05804 
    28.68622 -93.67986 
    27.94605 -93.40209 
    27.17390 -93.23098 
    26.38463 -93.16723 
    25.59320 -93.20602 
    24.81325 -93.33766 
    24.05595 -93.54886 
    23.32926 -93.82427 
    22.63772 -94.14822 
    21.98268 -94.50615 
    21.36287 -94.88579 
    20.77533 -95.27792 
    20.21395 -95.67084 
    19.58556 -95.87457 
    18.96624 -96.11648 
    18.35856 -96.39697 
    17.76536 -96.71636 
    17.18971 -97.07476 
    16.63494 -97.47204 
    16.10455 -97.90775 
    15.60223 -98.38110 
    15.13173 -98.89079 
    14.69677 -99.43510 
    14.30101 -100.01179 
    13.94786 -100.61811 
    13.64043 -101.25082 
    13.38143 -101.90625 
    13.17305 -102.58036 
    13.01694 -103.26881 
    12.91411 -103.96707 
    12.86496 -104.67053 
Cell 20 100 63.22131 -104.63923 
    53.13288 -104.63923 
    53.14815 -105.27298 
    53.20338 -105.90479 
    53.29844 -106.53212 
    53.43302 -107.15244 
    53.60666 -107.76321 
    53.81871 -108.36198 
    54.06837 -108.94627 
    54.35465 -109.51372 
    54.67644 -110.06197 
    55.03244 -110.58879 
    55.42123 -111.09202 
    55.84122 -111.56960 
    56.29070 -112.01958 
    56.76785 -112.44012 
    57.27073 -112.82951 
    57.79728 -113.18614 
    58.34533 -113.50860 
    58.91265 -113.79559 
    59.49692 -114.04598 
    60.09573 -114.25878 
    60.70665 -114.43319 
    61.32719 -114.56854 
    61.95484 -114.66438 
    62.58706 -114.72039 
    63.22131 -114.73644 
    63.85507 -114.71256 
    64.48584 -114.64897 
    65.11114 -114.54604 
    65.72855 -114.40430 
    66.33574 -114.22444 
    66.93040 -114.00731 
    67.51034 -113.75387 
    68.07345 -113.46523 
    68.61772 -113.14260 
    69.14125 -112.78733 
    69.64225 -112.40080 
    70.11901 -111.98454 
    70.56996 -111.54007 
    70.99360 -111.06902 
    71.38853 -110.57306 
    71.75344 -110.05388 
    72.08707 -109.51322 
    72.38827 -108.95287 
    72.65588 -108.37463 
    72.89281 -107.78168 
    73.16710 -107.19287 
    73.44405 -106.58932 
    73.72460 -105.96610 
    74.00066 -105.31741 
    74.25296 -104.63923 
    74.45246 -103.93262 
    74.56564 -103.20611 
    74.56283 -102.47572 
    74.42672 -101.76217 
    74.15780 -101.08575 
    73.77439 -100.46097 
    73.30733 -99.89311 
    72.86058 -99.34000 
    72.71543 -98.61408 
    72.52567 -97.87922 
    72.27743 -97.14736 
    71.95763 -96.43528 
    71.55640 -95.76325 
    71.06913 -95.15285 
    70.49766 -94.62420 
    69.81907 -94.24284 
    69.11804 -93.91312 
    68.39260 -93.64969 
    67.61875 -93.53256 
    66.83966 -93.50310 
    66.07001 -93.54430 
    65.31992 -93.63798 
    64.59748 -93.74574 
    63.90575 -93.76034 
    63.22131 -93.82118 
    62.54726 -93.92542 
    61.88613 -94.07018 
    61.23998 -94.25272 
    60.61043 -94.47051 
    59.99879 -94.72131 
    59.40613 -95.00318 
    58.83343 -95.31451 
    58.28161 -95.65395 
    57.75161 -96.02036 
    57.24446 -96.41280 
    56.76127 -96.83038 
    56.30326 -97.27225 
    55.87173 -97.73751 
    55.46806 -98.22518 
    55.08938 -98.73103 
    54.73349 -99.25269 
    54.41021 -99.79528 
    54.12085 -100.35688 
    53.86667 -100.93546 
    53.64877 -101.52892 
    53.46815 -102.13504 
    53.32563 -102.75153 
    53.22192 -103.37601 
    53.15754 -104.00607 
Cell 21 100 64.95265 -127.35921 
    54.94415 -127.35921 
    54.96511 -127.98757 
    55.02552 -128.61330 
    55.12511 -129.23392 
    55.26346 -129.84697 
    55.44003 -130.45004 
    55.65410 -131.04076 
    55.85782 -131.63890 
    56.07993 -132.23703 
    56.34090 -132.82439 
    56.64079 -133.39813 
    56.97936 -133.95529 
    57.35603 -134.49290 
    57.76991 -135.00804 
    58.21983 -135.49779 
    58.70431 -135.95932 
    59.22163 -136.38985 
    59.76979 -136.78679 
    60.34657 -137.14763 
    60.94949 -137.47005 
    61.57587 -137.75188 
    62.22338 -137.98901 
    62.88879 -138.17833 
    63.56773 -138.32198 
    64.25682 -138.41907 
    64.95265 -138.46935 
    65.65197 -138.47459 
    66.35189 -138.43530 
    67.04960 -138.35179 
    67.74184 -138.22240 
    68.42243 -138.03809 
    69.08846 -137.80505 
    69.73679 -137.52600 
    70.33043 -137.14136 
    70.77478 -136.53342 
    70.96732 -135.63768 
    71.19828 -134.90887 
    71.54631 -134.38074 
    71.83337 -133.82063 
    72.08908 -133.26297 
    72.32553 -132.71591 
    72.55452 -132.18350 
    72.78465 -131.66489 
    73.02270 -131.15668 
    73.27367 -130.65373 
    73.53616 -130.14816 
    73.80789 -129.63286 
    74.08321 -129.10095 
    74.35273 -128.54671 
    74.63346 -127.96828 
    74.96234 -127.35921 
    75.39118 -126.70247 
    75.26588 -126.05634 
    75.18533 -125.40722 
    75.07072 -124.76133 
    74.91269 -124.12299 
    74.71109 -123.49557 
    74.46616 -122.88249 
    74.17850 -122.28725 
    73.84921 -121.71328 
    73.47977 -121.16389 
    73.07208 -120.64223 
    72.62846 -120.15114 
    72.15156 -119.69315 
    71.64427 -119.27042 
    71.10973 -118.88472 
    70.58643 -118.48180 
    70.10667 -117.98409 
    69.59789 -117.48756 
    69.05235 -117.00455 
    68.46341 -116.55421 
    67.82796 -116.16063 
    67.14828 -115.84934 
    66.43279 -115.64269 
    65.69528 -115.55540 
    64.95265 -115.59140 
    64.22182 -115.74304 
    63.51674 -115.99283 
    62.84627 -116.31715 
    62.21352 -116.69098 
    61.61666 -117.09210 
    61.05075 -117.50412 
    60.50975 -117.91757 
    59.98846 -118.32939 
    59.48357 -118.74131 
    58.99399 -119.15781 
    58.52064 -119.58424 
    58.06581 -120.02546 
    57.63250 -120.48513 
    57.22389 -120.96542 
    56.84291 -121.46713 
    56.49215 -121.99001 
    56.17375 -122.53297 
    55.88947 -123.09440 
    55.64072 -123.67236 
    55.42864 -124.26467 
    55.25417 -124.86906 
    55.11802 -125.48315 
    55.02074 -126.10452 
    54.96270 -126.73069 
Cell 22 100 74.53125 -84.82969 
    62.39642 -84.82969 
    62.41580 -85.59193 
    62.50941 -86.34840 
    62.67461 -87.09146 
    62.90719 -87.81424 
    63.20172 -88.51087 
    63.55185 -89.17673 
    63.95079 -89.80847 
    64.39164 -90.40398 
    64.86780 -90.96230 
    65.37321 -91.48340 
    65.90263 -91.96790 
    66.45186 -92.41674 
    67.01810 -92.83038 
    67.60133 -93.20653 
    68.20428 -93.53802 
    68.83253 -93.80944 
    69.45139 -94.06991 
    70.04263 -94.36848 
    70.64276 -94.65089 
    71.27774 -94.84296 
    71.91960 -95.00138 
    72.56733 -95.12494 
    73.21960 -95.21240 
    73.87486 -95.26260 
    74.53125 -95.28127 
    75.18784 -95.26587 
    75.84228 -95.20753 
    76.49165 -95.10648 
    77.13308 -94.96314 
    77.76370 -94.77815 
    78.38073 -94.55236 
    78.98143 -94.28680 
    79.56316 -93.98270 
    80.12337 -93.64147 
    80.65965 -93.26472 
    81.16969 -92.85417 
    81.65131 -92.41177 
    82.10252 -91.93959 
    82.52154 -91.43983 
    82.90681 -90.91489 
    83.25717 -90.36732 
    83.57201 -89.79989 
    83.85167 -89.21555 
    84.09789 -88.61739 
    84.31449 -88.00845 
    84.50795 -87.39127 
    84.68769 -86.76714 
    84.86549 -86.13521 
    85.05361 -85.49170 
    85.26138 -84.82969 
    85.49070 -84.14018 
    85.73156 -83.41476 
    85.95955 -82.64963 
    86.13705 -81.84982 
    86.21917 -81.03205 
    86.16335 -80.22421 
    85.94024 -79.46103 
    85.54192 -78.77652 
    84.98466 -78.19576 
    84.30492 -77.72870 
    83.55027 -77.36851 
    83.04601 -76.83380 
    82.63416 -76.20097 
    82.17490 -75.59011 
    81.66788 -75.00695 
    81.11357 -74.45761 
    80.51328 -73.94843 
    79.86930 -73.48575 
    79.18497 -73.07574 
    78.46458 -72.72414 
    77.71340 -72.43602 
    76.93752 -72.21558 
    76.14368 -72.06596 
    75.33911 -71.98914 
    74.53125 -71.98584 
    73.72756 -72.05548 
    72.93527 -72.19625 
    72.16115 -72.40516 
    71.41129 -72.67825 
    70.69102 -73.01070 
    70.00478 -73.39712 
    69.35599 -73.83170 
    68.74718 -74.30850 
    68.17992 -74.82161 
    67.65501 -75.36537 
    67.17251 -75.93449 
    66.73190 -76.52423 
    66.33230 -77.13036 
    65.97253 -77.74930 
    65.65128 -78.37801 
    65.16785 -78.88749 
    64.66544 -79.40591 
    64.19519 -79.96591 
    63.76443 -80.56681 
    63.38071 -81.20666 
    63.05138 -81.88216 
    62.78323 -82.58863 
    62.58201 -83.32015 
    62.45215 -84.06974 
Cell 23 100 91.92487 -117.69842 
    80.36971 -117.69842 
    80.53823 -118.41480 
    80.75602 -119.10938 
    81.01585 -119.77943 
    81.31101 -120.42359 
    81.63573 -121.04156 
    81.98533 -121.63376 
    82.35632 -122.20103 
    82.74657 -122.74423 
    83.17870 -123.24891 
    83.90323 -123.52647 
    84.50690 -123.83509 
    85.04928 -124.15503 
    85.58782 -124.44669 
    86.11784 -124.71793 
    86.63715 -124.97633 
    87.14610 -125.22857 
    87.64751 -125.47891 
    88.14530 -125.73041 
    88.64394 -125.98513 
    89.14818 -126.24419 
    89.66312 -126.50739 
    90.19389 -126.77254 
    90.74553 -127.03386 
    91.32225 -127.27676 
    91.92487 -127.54870 
    92.57340 -128.00655 
    93.27834 -128.41223 
    93.95267 -128.32848 
    94.62101 -128.19917 
    95.28009 -128.02472 
    95.92667 -127.80579 
    96.55753 -127.54333 
    97.16959 -127.23851 
    97.75979 -126.89278 
    98.32525 -126.50778 
    98.86321 -126.08543 
    99.37106 -125.62780 
    99.84637 -125.13721 
    100.28692 -124.61610 
    100.69067 -124.06714 
    101.05581 -123.49309 
    101.38078 -122.89684 
    101.66423 -122.28141 
    101.90509 -121.64986 
    102.10252 -121.00533 
    102.25594 -120.35099 
    102.36507 -119.68999 
    102.42982 -119.02551 
    102.45044 -118.36063 
    102.42738 -117.69842 
    102.36136 -117.04181 
    102.25339 -116.39362 
    102.10467 -115.75652 
    101.91665 -115.13297 
    101.69102 -114.52521 
    101.42960 -113.93523 
    101.13440 -113.36475 
    100.80756 -112.81512 
    100.45127 -112.28740 
    100.06772 -111.78230 
    99.65905 -111.30015 
    99.22733 -110.84096 
    98.77470 -110.40410 
    98.30192 -109.98989 
    97.80983 -109.59847 
    97.30054 -109.22772 
    96.77391 -108.87804 
    96.23003 -108.54951 
    95.66868 -108.24264 
    95.08952 -107.95863 
    94.49220 -107.69933 
    93.87654 -107.46741 
    93.24276 -107.26628 
    92.59167 -107.10000 
    91.92487 -106.97318 
    91.24490 -106.89061 
    90.55530 -106.85714 
    89.86062 -106.87720 
    89.16631 -106.95454 
    88.47861 -107.09193 
    87.80422 -107.29083 
    87.15000 -107.55131 
    86.52269 -107.87189 
    85.92846 -108.24958 
    85.37267 -108.68009 
    84.80955 -109.09747 
    84.17262 -109.44311 
    83.55512 -109.83870 
    82.96530 -110.28642 
    82.41214 -110.78702 
    81.90488 -111.33954 
    81.45242 -111.94114 
    81.06271 -112.58707 
    80.74226 -113.27091 
    80.49559 -113.98482 
    80.32498 -114.72007 
    80.23036 -115.46757 
    80.20941 -116.21841 
    80.25782 -116.96439 
Cell 24 100 -96.92274 -103.91675 
    -107.09402 -103.91675 
    -107.08334 -104.55600 
    -107.03188 -105.19382 
    -106.93970 -105.82758 
    -106.80712 -106.45463 
    -106.63464 -107.07233 
    -106.42290 -107.67813 
    -106.17278 -108.26949 
    -105.88529 -108.84396 
    -105.56163 -109.39915 
    -105.20314 -109.93282 
    -104.81135 -110.44277 
    -104.38789 -110.92699 
    -103.93456 -111.38358 
    -103.45325 -111.81078 
    -102.94599 -112.20705 
    -102.41486 -112.57095 
    -101.86201 -112.90125 
    -101.28965 -113.19691 
    -100.70002 -113.45707 
    -100.09534 -113.68103 
    -99.47786 -113.86828 
    -98.84974 -114.01846 
    -98.21314 -114.13135 
    -97.57014 -114.20685 
    -96.92274 -114.24497 
    -96.27289 -114.24580 
    -95.62247 -114.20945 
    -94.97330 -114.13609 
    -94.32716 -114.02586 
    -93.68584 -113.87891 
    -93.05112 -113.69534 
    -92.42486 -113.47522 
    -91.80900 -113.21860 
    -91.20560 -112.92551 
    -90.61689 -112.59600 
    -90.04530 -112.23013 
    -89.49939 -111.82182 
    -89.17387 -111.19343 
    -88.95088 -110.51164 
    -88.79023 -109.82536 
    -88.63132 -109.17863 
    -88.46287 -108.56760 
    -88.27483 -107.98615 
    -88.05643 -107.42716 
    -87.79781 -106.88162 
    -87.49065 -106.33849 
    -87.12976 -105.78486 
    -86.74082 -105.20303 
    -86.31458 -104.58416 
    -85.80001 -103.91675 
    -85.23001 -103.18111 
    -84.59444 -102.35931 
    -84.78751 -101.60183 
    -85.20230 -100.90746 
    -85.77031 -100.29311 
    -86.41537 -99.75659 
    -86.85394 -99.17873 
    -86.73019 -98.31335 
    -86.50607 -97.30612 
    -88.09920 -97.50607 
    -88.58006 -97.01508 
    -89.08794 -96.55939 
    -89.61948 -96.13957 
    -90.17153 -95.75594 
    -90.74118 -95.40857 
    -91.32576 -95.09733 
    -91.92285 -94.82199 
    -92.53027 -94.58228 
    -93.14604 -94.37791 
    -93.76837 -94.20860 
    -94.39559 -94.07417 
    -95.02615 -93.97446 
    -95.65320 -93.86729 
    -96.28211 -93.73435 
    -96.92274 -93.60976 
    -97.57860 -93.49214 
    -98.25303 -93.38642 
    -98.94696 -93.30539 
    -99.65657 -93.26918 
    -100.37170 -93.30193 
    -101.07619 -93.42632 
    -101.75043 -93.65736 
    -102.37564 -93.99796 
    -102.93842 -94.43756 
    -103.43388 -94.95493 
    -103.86617 -95.52358 
    -104.24618 -96.11807 
    -104.58768 -96.71889 
    -104.90325 -97.31469 
    -105.20146 -97.90190 
    -105.48586 -98.48243 
    -105.75578 -99.06075 
    -106.05408 -99.61987 
    -106.31743 -100.19713 
    -106.54406 -100.79060 
    -106.73289 -101.39793 
    -106.88298 -102.01673 
    -106.99357 -102.64451 
    -107.06406 -103.27871 
