126 25 
Cell 0 100 -124.08375 -140.98018 
    -134.08386 -140.98018 
    -134.06412 -141.60809 
    -134.00497 -142.23352 
    -133.90669 -142.85400 
    -133.76964 -143.46709 
    -133.59435 -144.07036 
    -133.38153 -144.66144 
    -133.13203 -145.23798 
    -132.85625 -145.80290 
    -132.55516 -146.35629 
    -132.21902 -146.89081 
    -131.84897 -147.40413 
    -131.44626 -147.89403 
    -131.01231 -148.35835 
    -130.54877 -148.79504 
    -130.05733 -149.20210 
    -129.53989 -149.57768 
    -128.99847 -149.92003 
    -128.43523 -150.22754 
    -127.85241 -150.49872 
    -127.25239 -150.73225 
    -126.63765 -150.92697 
    -126.01075 -151.08189 
    -125.37433 -151.19618 
    -124.73108 -151.26920 
    -124.08375 -151.30048 
    -123.43512 -151.28981 
    -122.78800 -151.23709 
    -122.14519 -151.14247 
    -121.50949 -151.00626 
    -120.88367 -150.82901 
    -120.27047 -150.61143 
    -119.67256 -150.35443 
    -119.09255 -150.05913 
    -118.53297 -149.72681 
    -117.99625 -149.35890 
    -117.48470 -148.95706 
    -117.00051 -148.52306 
    -116.54576 -148.05882 
    -116.12235 -147.56642 
    -115.73206 -147.04803 
    -115.37649 -146.50598 
    -115.05706 -145.94264 
    -114.77503 -145.36052 
    -114.53148 -144.76219 
    -114.30967 -144.15598 
    -114.11016 -143.54095 
    -113.94481 -142.91429 
    -113.81375 -142.27759 
    -113.71706 -141.63240 
    -113.92180 -140.98018 
    -114.33123 -140.36659 
    -114.65858 -139.78951 
    -114.93543 -139.23505 
    -115.18163 -138.69450 
    -115.41087 -138.16219 
    -115.63348 -137.63448 
    -115.85719 -137.10905 
    -116.08427 -136.58243 
    -116.32452 -136.05603 
    -116.58218 -135.52998 
    -116.85328 -134.99861 
    -117.14279 -134.46219 
    -117.46487 -133.93179 
    -117.83362 -133.42506 
    -118.21931 -132.90848 
    -118.58434 -132.31448 
    -118.81131 -131.38965 
    -119.18307 -130.56570 
    -119.95065 -130.54114 
    -120.66935 -130.47173 
    -121.35729 -130.36134 
    -122.03358 -130.23280 
    -122.70744 -130.08559 
    -123.38535 -129.87930 
    -124.08375 -129.58148 
    -124.82183 -129.24872 
    -125.59119 -129.04761 
    -126.34465 -129.12810 
    -127.06596 -129.36523 
    -127.70274 -129.84209 
    -128.30017 -130.33072 
    -128.82574 -130.90292 
    -129.26613 -131.55347 
    -129.78069 -132.00325 
    -130.27814 -132.45433 
    -130.87741 -132.76805 
    -131.67102 -132.90056 
    -131.66997 -133.85625 
    -131.96716 -134.45845 
    -132.31425 -135.00037 
    -132.63106 -135.55589 
    -132.91728 -136.12390 
    -133.17244 -136.70337 
    -133.39597 -137.29321 
    -133.59448 -137.88995 
    -133.76973 -138.49324 
    -133.90677 -139.10634 
    -134.00504 -139.72684 
    -134.06413 -140.35226 
Cell 1 100 -107.10923 -133.71829 
    -117.62023 -133.71829 
    -117.20867 -134.35370 
    -116.87822 -134.95241 
    -116.58434 -135.52576 
    -116.31293 -136.08141 
    -116.06460 -136.62805 
    -115.83067 -137.17134 
    -115.60003 -137.71376 
    -115.36909 -138.25919 
    -115.12980 -138.80830 
    -114.87340 -139.35928 
    -114.59135 -139.90804 
    -114.27642 -140.44873 
    -113.92463 -140.97594 
    -113.50091 -141.44450 
    -112.99769 -141.82306 
    -112.47849 -142.17889 
    -111.93780 -142.50142 
    -111.37775 -142.78937 
    -110.80056 -143.04153 
    -110.20851 -143.25691 
    -109.60396 -143.43460 
    -108.98929 -143.57390 
    -108.36696 -143.67421 
    -107.73943 -143.73511 
    -107.10923 -143.75636 
    -106.47885 -143.73784 
    -105.85082 -143.67961 
    -105.22765 -143.58191 
    -104.61182 -143.44508 
    -104.00579 -143.26970 
    -103.41199 -143.05644 
    -102.83281 -142.80615 
    -102.27055 -142.51982 
    -101.72746 -142.19861 
    -101.20570 -141.84380 
    -100.70738 -141.45679 
    -100.23447 -141.03915 
    -99.78887 -140.59256 
    -99.37234 -140.11880 
    -98.98249 -139.62271 
    -98.61877 -139.10649 
    -98.28406 -138.56998 
    -97.97825 -138.01500 
    -97.95530 -137.34259 
    -97.95312 -136.69330 
    -97.93491 -136.07385 
    -97.92636 -135.47002 
    -97.92918 -134.87801 
    -97.94629 -134.29477 
    -97.97943 -133.71829 
    -98.02998 -133.14706 
    -98.06218 -132.57539 
    -98.09631 -131.99898 
    -98.14488 -131.41663 
    -98.20506 -130.82515 
    -98.28056 -130.22278 
    -98.37198 -129.60686 
    -98.47529 -128.97174 
    -98.58025 -128.30563 
    -98.67271 -127.58880 
    -98.67329 -126.73948 
    -99.05419 -126.15411 
    -99.59525 -125.71671 
    -100.16836 -125.32822 
    -100.76602 -124.98761 
    -101.38138 -124.69265 
    -102.00862 -124.44032 
    -102.64314 -124.22737 
    -103.28156 -124.05069 
    -103.92158 -123.90769 
    -104.51598 -123.61828 
    -105.12901 -123.33757 
    -105.76868 -123.10679 
    -106.43184 -122.95149 
    -107.10923 -122.89259 
    -107.78671 -122.94995 
    -108.44470 -123.14696 
    -109.08107 -123.38155 
    -109.68473 -123.68739 
    -110.25172 -124.04668 
    -110.77147 -124.46854 
    -111.24012 -124.93971 
    -111.71230 -125.34534 
    -112.18561 -125.71921 
    -112.66288 -126.07435 
    -113.14309 -126.42461 
    -113.62560 -126.77907 
    -114.10941 -127.14468 
    -114.59546 -127.52515 
    -115.08357 -127.92460 
    -115.57162 -128.34790 
    -116.06338 -128.79570 
    -116.57002 -129.26639 
    -117.11842 -129.75537 
    -117.79216 -130.24719 
    -118.55577 -130.77931 
    -118.78651 -131.49072 
    -118.59594 -132.26718 
    -118.13248 -133.02477 
Cell 2 100 -88.23291 -133.95576 
    -97.96578 -133.95576 
    -97.93832 -134.56638 
    -97.92773 -135.18051 
    -97.93111 -135.80580 
    -97.94595 -136.44965 
    -97.95454 -137.11452 
    -97.95235 -137.80396 
    -97.60934 -138.36798 
    -97.24818 -138.91196 
    -96.86814 -139.43585 
    -96.46832 -139.93915 
    -96.07680 -140.44479 
    -95.67989 -140.94894 
    -95.24992 -141.42812 
    -94.78844 -141.88004 
    -94.29714 -142.30247 
    -93.77793 -142.69331 
    -93.23283 -143.05060 
    -92.66407 -143.37245 
    -92.07398 -143.65720 
    -91.46506 -143.90327 
    -90.83991 -144.10936 
    -90.20126 -144.27423 
    -89.55194 -144.39694 
    -88.89484 -144.47672 
    -88.23291 -144.51300 
    -87.56918 -144.50546 
    -86.90668 -144.45399 
    -86.24845 -144.35869 
    -85.59753 -144.21989 
    -84.95693 -144.03819 
    -84.32961 -143.81436 
    -83.71848 -143.54942 
    -83.12633 -143.24460 
    -82.55589 -142.90131 
    -82.00975 -142.52121 
    -81.49039 -142.10608 
    -81.00010 -141.65793 
    -80.54105 -141.17891 
    -80.11522 -140.67130 
    -79.72443 -140.13753 
    -79.37027 -139.58017 
    -79.05416 -139.00183 
    -78.76984 -138.40875 
    -78.48261 -137.81618 
    -78.22828 -137.20647 
    -78.00843 -136.58096 
    -77.82508 -135.94116 
    -77.68060 -135.28883 
    -77.57770 -134.62613 
    -77.51923 -133.95576 
    -77.50802 -133.28101 
    -77.54661 -132.60577 
    -77.63700 -131.93449 
    -77.78039 -131.27202 
    -77.97703 -130.62343 
    -78.22606 -129.99377 
    -78.52551 -129.38780 
    -78.87238 -128.80977 
    -79.26279 -128.26315 
    -79.69228 -127.75064 
    -80.15603 -127.27399 
    -80.64912 -126.83411 
    -81.16689 -126.43121 
    -81.70502 -126.06490 
    -82.25976 -125.73443 
    -82.82792 -125.43887 
    -83.40128 -125.16707 
    -83.95267 -124.85978 
    -84.52058 -124.57948 
    -85.10378 -124.32528 
    -85.70139 -124.09612 
    -86.31294 -123.89094 
    -86.93842 -123.70879 
    -87.57818 -123.54914 
    -88.23291 -123.41200 
    -88.90538 -123.26718 
    -89.60290 -123.11124 
    -90.31438 -123.04428 
    -91.02249 -123.09106 
    -91.76366 -123.08923 
    -92.52750 -123.10886 
    -93.28252 -123.22482 
    -94.01323 -123.44141 
    -94.76603 -123.66122 
    -95.50404 -123.94793 
    -96.21690 -124.30478 
    -96.89363 -124.73303 
    -97.52322 -125.23159 
    -98.09529 -125.79690 
    -98.60074 -126.42310 
    -98.67288 -127.33035 
    -98.58558 -128.26434 
    -98.44634 -129.14969 
    -98.31921 -129.96233 
    -98.21938 -130.71097 
    -98.14549 -131.41064 
    -98.09180 -132.07509 
    -98.05431 -132.71504 
    -98.01286 -133.34047 
Cell 3 100 -51.82158 -153.09972 
    -61.95264 -153.09972 
    -61.90730 -153.73425 
    -61.82499 -154.36343 
    -61.70638 -154.98534 
    -61.55206 -155.59808 
    -61.36256 -156.19977 
    -61.13839 -156.78850 
    -60.88012 -157.36234 
    -60.58836 -157.91930 
    -60.26486 -158.45798 
    -59.91175 -158.97757 
    -59.52671 -159.47395 
    -59.11127 -159.94519 
    -58.66705 -160.38940 
    -58.19582 -160.80486 
    -57.69944 -161.18988 
    -57.17985 -161.54300 
    -56.63912 -161.86278 
    -56.07938 -162.14798 
    -55.50283 -162.39748 
    -54.91175 -162.61028 
    -54.30848 -162.78555 
    -53.69540 -162.92259 
    -53.07492 -163.02086 
    -52.44949 -163.07999 
    -51.82158 -163.09972 
    -51.19368 -163.07999 
    -50.56825 -163.02086 
    -49.94777 -162.92259 
    -49.33469 -162.78555 
    -48.73141 -162.61028 
    -48.13885 -162.40125 
    -47.55929 -162.15756 
    -46.99485 -161.87952 
    -46.44712 -161.56853 
    -45.91742 -161.22610 
    -45.40683 -160.85382 
    -44.91614 -160.45326 
    -44.44593 -160.02591 
    -43.99663 -159.57307 
    -43.56860 -159.09586 
    -43.16229 -158.59506 
    -42.77845 -158.07123 
    -42.41825 -157.52458 
    -42.08349 -156.95531 
    -41.77672 -156.36349 
    -41.50130 -155.74951 
    -41.26139 -155.11418 
    -41.06176 -154.45900 
    -40.90757 -153.78636 
    -40.80401 -153.09972 
    -40.75591 -152.40352 
    -40.76725 -151.70323 
    -40.84083 -151.00502 
    -40.97792 -150.31554 
    -41.17809 -149.64143 
    -41.43921 -148.98904 
    -41.75755 -148.36394 
    -42.12812 -147.77069 
    -42.54502 -147.21263 
    -43.00188 -146.69183 
    -43.49235 -146.20917 
    -44.01041 -145.76453 
    -44.55074 -145.35706 
    -45.10888 -144.98544 
    -45.68125 -144.64827 
    -46.26517 -144.34421 
    -46.85868 -144.07224 
    -47.46041 -143.83174 
    -48.06933 -143.62260 
    -48.68460 -143.44507 
    -49.30538 -143.29976 
    -49.93073 -143.18753 
    -50.55951 -143.10934 
    -51.19033 -143.06619 
    -51.82158 -143.04056 
    -52.45409 -143.04626 
    -53.08623 -143.08899 
    -53.71603 -143.16869 
    -54.34147 -143.28540 
    -54.96244 -143.43314 
    -55.57896 -143.60968 
    -56.17656 -143.84491 
    -56.75527 -144.12537 
    -57.32386 -144.42952 
    -57.87254 -144.77129 
    -58.39798 -145.15022 
    -58.89677 -145.56541 
    -59.36557 -146.01544 
    -59.80120 -146.49841 
    -60.20082 -147.01184 
    -60.56203 -147.55286 
    -60.88298 -148.11818 
    -61.16239 -148.70427 
    -61.39958 -149.30753 
    -61.59439 -149.92435 
    -61.74712 -150.55127 
    -61.85842 -151.18509 
    -61.92913 -151.82283 
    -61.96022 -152.46185 
Cell 4 100 -63.14127 -130.66768 
    -75.19576 -130.66768 
    -75.03438 -131.41592 
    -74.82320 -132.14345 
    -74.56645 -132.84715 
    -74.26837 -133.52463 
    -73.93306 -134.17415 
    -73.56437 -134.79448 
    -73.16582 -135.38487 
    -72.74056 -135.94493 
    -72.29134 -136.47449 
    -71.82052 -136.97353 
    -71.33010 -137.44208 
    -70.82178 -137.88016 
    -70.29698 -138.28775 
    -69.75695 -138.66467 
    -69.20280 -139.01067 
    -68.63558 -139.32533 
    -68.05633 -139.60814 
    -67.48652 -139.90181 
    -66.91998 -140.21164 
    -66.33131 -140.48563 
    -65.72274 -140.72185 
    -65.09674 -140.91866 
    -64.45596 -141.07455 
    -63.80317 -141.18825 
    -63.14127 -141.25868 
    -62.47328 -141.28505 
    -61.80230 -141.26671 
    -61.13149 -141.20331 
    -60.46402 -141.09485 
    -59.80314 -140.94136 
    -59.15213 -140.74310 
    -58.51439 -140.50027 
    -57.89306 -140.21414 
    -57.29124 -139.88583 
    -56.71201 -139.51680 
    -56.15829 -139.10864 
    -55.63291 -138.66327 
    -55.13850 -138.18279 
    -54.67751 -137.66951 
    -54.25225 -137.12593 
    -53.86474 -136.55475 
    -53.51682 -135.95877 
    -53.21006 -135.34094 
    -52.94581 -134.70435 
    -52.72513 -134.05209 
    -52.54884 -133.38734 
    -52.41751 -132.71335 
    -52.33143 -132.03328 
    -52.29067 -131.35034 
    -52.29504 -130.66768 
    -52.34415 -129.98839 
    -52.43739 -129.31546 
    -52.57396 -128.65186 
    -52.75287 -128.00040 
    -52.97298 -127.36381 
    -53.23302 -126.74473 
    -53.53152 -126.14568 
    -53.86696 -125.56908 
    -54.23764 -125.01727 
    -54.64175 -124.49242 
    -55.07737 -123.99664 
    -55.54246 -123.53193 
    -56.03486 -123.10013 
    -56.55228 -122.70296 
    -57.07093 -122.31258 
    -57.57181 -121.89162 
    -58.09829 -121.49454 
    -58.64982 -121.12288 
    -59.22584 -120.77844 
    -59.82568 -120.46336 
    -60.44851 -120.18010 
    -61.09322 -119.93145 
    -61.75832 -119.72050 
    -62.44184 -119.55054 
    -63.14127 -119.42500 
    -63.85349 -119.34723 
    -64.57475 -119.32047 
    -65.30069 -119.34756 
    -66.02958 -119.41843 
    -66.77441 -119.48601 
    -67.52148 -119.60452 
    -68.26627 -119.77648 
    -69.00367 -120.00401 
    -69.72803 -120.28860 
    -70.43328 -120.63108 
    -71.11307 -121.03143 
    -71.76093 -121.48868 
    -72.37045 -122.00091 
    -72.93549 -122.56519 
    -73.45037 -123.17767 
    -73.91007 -123.83359 
    -74.31036 -124.52742 
    -74.64794 -125.25305 
    -74.92055 -126.00393 
    -75.12699 -126.77328 
    -75.26714 -127.55428 
    -75.34188 -128.34029 
    -75.35303 -129.12497 
    -75.30323 -129.90251 
Cell 5 100 -4.76112 -140.51944 
    -15.19701 -140.51944 
    -15.21506 -141.17714 
    -15.18970 -141.83687 
    -15.12063 -142.49562 
    -15.00778 -143.15033 
    -14.85131 -143.79794 
    -14.65163 -144.43536 
    -14.40936 -145.05956 
    -14.12537 -145.66748 
    -13.80079 -146.25618 
    -13.43693 -146.82278 
    -13.03537 -147.36449 
    -12.59787 -147.87865 
    -12.12643 -148.36270 
    -11.62322 -148.81430 
    -11.09060 -149.23122 
    -10.53110 -149.61148 
    -9.94738 -149.95322 
    -9.34225 -150.25484 
    -8.71864 -150.51500 
    -8.07954 -150.73250 
    -7.42805 -150.90646 
    -6.76730 -151.03619 
    -6.10045 -151.12129 
    -5.43067 -151.16154 
    -4.76112 -151.15703 
    -4.09494 -151.10803 
    -3.43521 -151.01512 
    -2.78492 -150.87904 
    -2.14700 -150.70076 
    -1.52425 -150.48149 
    -0.91938 -150.22258 
    -0.33490 -149.92563 
    0.22675 -149.59233 
    0.76334 -149.22459 
    1.27281 -148.82443 
    1.75326 -148.39397 
    2.19081 -147.92250 
    2.53980 -147.37546 
    2.85868 -146.82309 
    3.16765 -146.28003 
    3.46481 -145.73976 
    3.74903 -145.19794 
    4.01971 -144.65138 
    4.27698 -144.09787 
    4.52102 -143.53539 
    4.75669 -142.96320 
    4.98487 -142.37859 
    5.21144 -141.77927 
    5.44767 -141.16173 
    5.75861 -140.51944 
    6.33384 -139.82141 
    6.60295 -139.08382 
    6.81869 -138.31047 
    6.96527 -137.50862 
    7.01198 -136.69412 
    6.93240 -135.88965 
    6.70983 -135.12163 
    6.34090 -134.41605 
    5.83661 -133.79391 
    5.22042 -133.26743 
    4.52382 -132.83827 
    3.78080 -132.49803 
    3.02241 -132.23082 
    2.27267 -132.01704 
    1.54672 -131.83745 
    0.85093 -131.67627 
    0.21160 -131.47409 
    -0.37994 -131.20895 
    -0.98457 -130.98096 
    -1.59993 -130.79030 
    -2.22378 -130.63718 
    -2.84093 -130.45343 
    -3.46398 -130.25150 
    -4.10341 -130.06546 
    -4.76112 -129.76820 
    -5.49271 -128.89122 
    -6.15714 -129.46880 
    -6.83507 -129.64743 
    -7.52732 -129.74579 
    -8.20032 -129.93468 
    -8.82356 -130.25890 
    -9.42683 -130.60429 
    -10.01394 -130.96460 
    -10.58863 -131.33676 
    -11.11981 -131.76747 
    -11.58696 -132.26842 
    -11.98691 -132.82475 
    -12.35509 -133.38823 
    -12.69772 -133.95372 
    -13.01875 -134.51991 
    -13.31959 -135.08807 
    -13.59941 -135.66055 
    -13.92330 -136.20804 
    -14.21989 -136.77444 
    -14.48067 -137.36137 
    -14.70403 -137.96654 
    -14.88855 -138.58752 
    -15.03293 -139.22180 
    -15.13606 -139.86670 
Cell 6 100 12.29763 -149.50102 
    1.53843 -149.50102 
    1.43721 -150.18430 
    1.41607 -150.87569 
    1.46543 -151.56737 
    1.57526 -152.25406 
    1.73901 -152.93173 
    1.95410 -153.59631 
    2.21555 -154.24529 
    2.52166 -154.87541 
    2.87100 -155.48334 
    3.26185 -156.06590 
    3.69217 -156.62009 
    4.15978 -157.14297 
    4.66221 -157.63191 
    5.19678 -158.08449 
    5.76066 -158.49840 
    6.35079 -158.87175 
    6.96405 -159.20277 
    7.59714 -159.49007 
    8.24671 -159.73248 
    8.90935 -159.92909 
    9.58157 -160.07938 
    10.25995 -160.18295 
    10.94100 -160.23991 
    11.62134 -160.25041 
    12.29763 -160.21509 
    12.96665 -160.13467 
    13.62525 -160.01018 
    14.27045 -159.84290 
    14.89942 -159.63429 
    15.50948 -159.38608 
    16.09814 -159.10001 
    16.68223 -158.81877 
    17.27930 -158.56264 
    17.86347 -158.27138 
    18.43276 -157.94530 
    18.98508 -157.58476 
    19.51820 -157.19014 
    20.02974 -156.76196 
    20.51718 -156.30083 
    20.97783 -155.80756 
    21.40887 -155.28319 
    21.80742 -154.72906 
    22.17049 -154.14684 
    22.49514 -153.53850 
    22.77848 -152.90646 
    23.01780 -152.25349 
    23.21060 -151.58278 
    23.35471 -150.89786 
    23.44834 -150.20256 
    23.49019 -149.50102 
    23.47945 -148.79752 
    23.41586 -148.09647 
    23.29973 -147.40225 
    23.13196 -146.71924 
    22.91396 -146.05157 
    22.64765 -145.40317 
    22.33539 -144.77762 
    21.97992 -144.17815 
    21.58425 -143.60756 
    21.15159 -143.06825 
    20.68528 -142.56216 
    20.18869 -142.09084 
    19.66515 -141.65541 
    19.11791 -141.25673 
    18.55006 -140.89529 
    17.96455 -140.57140 
    17.36411 -140.28513 
    16.75131 -140.03647 
    16.12852 -139.82532 
    15.49793 -139.65150 
    14.86164 -139.51486 
    14.22161 -139.41521 
    13.60946 -139.11685 
    12.97311 -138.76463 
    12.29763 -138.37241 
    11.57245 -137.97452 
    10.79820 -137.63181 
    9.99290 -137.41919 
    9.19145 -137.40324 
    8.43689 -137.61888 
    7.76616 -138.05585 
    7.19733 -138.66232 
    6.72455 -139.36363 
    6.27870 -140.01671 
    5.76579 -140.51073 
    5.43221 -141.20215 
    5.16408 -141.90456 
    4.91195 -142.56540 
    4.66471 -143.18652 
    4.41691 -143.77534 
    4.16460 -144.33965 
    3.90339 -144.88625 
    3.63105 -145.42284 
    3.34553 -145.95663 
    3.04545 -146.49481 
    2.73077 -147.04466 
    2.38956 -147.61096 
    2.01418 -148.20192 
    1.72836 -148.83606 
Cell 7 100 35.80409 -127.88616 
    25.38609 -127.88616 
    25.36570 -128.54289 
    25.38862 -129.20193 
    25.45518 -129.86032 
    25.56548 -130.51498 
    25.71941 -131.16287 
    25.91660 -131.80089 
    26.15647 -132.42598 
    26.43817 -133.03513 
    26.76063 -133.62532 
    27.12255 -134.19366 
    27.52241 -134.73737 
    27.95845 -135.25371 
    28.42870 -135.74014 
    28.93103 -136.19426 
    29.46307 -136.61382 
    30.02232 -136.99677 
    30.60611 -137.34125 
    31.21165 -137.64560 
    31.83600 -137.90842 
    32.47615 -138.12849 
    33.12901 -138.30489 
    33.79143 -138.43689 
    34.46021 -138.52403 
    35.13216 -138.56613 
    35.80409 -138.56316 
    36.47283 -138.51544 
    37.13526 -138.42346 
    37.78835 -138.28799 
    38.42912 -138.10999 
    39.05474 -137.89064 
    39.66246 -137.63130 
    40.24970 -137.33357 
    40.81401 -136.99918 
    41.35310 -136.63000 
    41.86488 -136.22812 
    42.34742 -135.79568 
    42.79898 -135.33496 
    43.26894 -134.89612 
    43.72193 -134.43637 
    44.15005 -133.94986 
    44.55192 -133.43770 
    44.92614 -132.90105 
    45.27124 -132.34106 
    45.58567 -131.75896 
    45.86777 -131.15605 
    46.11579 -130.53375 
    46.32788 -129.89368 
    46.50213 -129.23764 
    46.63657 -128.56769 
    46.72922 -127.88616 
    46.77817 -127.19573 
    46.78162 -126.49937 
    46.73797 -125.80042 
    46.64587 -125.10246 
    46.50431 -124.40945 
    46.31269 -123.72552 
    46.07089 -123.05497 
    45.77930 -122.40224 
    45.43888 -121.77174 
    45.05114 -121.16779 
    44.61814 -120.59454 
    44.14251 -120.05586 
    43.62732 -119.55526 
    43.07611 -119.09580 
    42.55689 -118.59173 
    42.00151 -118.12058 
    41.39228 -117.72128 
    40.73772 -117.40166 
    40.04853 -117.16593 
    39.33659 -117.01425 
    38.61383 -116.94295 
    37.89123 -116.94497 
    37.17796 -117.01088 
    36.48468 -117.06839 
    35.80409 -116.89826 
    35.10399 -116.75845 
    34.38632 -116.66341 
    33.65527 -116.62168 
    32.91702 -116.64178 
    32.17964 -116.73125 
    31.45268 -116.89577 
    30.74661 -117.13847 
    30.07191 -117.45937 
    29.47629 -117.91515 
    29.06367 -118.60876 
    28.67993 -119.27453 
    28.33659 -119.93409 
    28.04667 -120.60146 
    27.81169 -121.27427 
    27.58925 -121.91773 
    27.37877 -122.53929 
    27.17930 -123.14465 
    26.98832 -123.73778 
    26.80244 -124.32215 
    26.61752 -124.90126 
    26.42853 -125.47893 
    26.22849 -126.05952 
    26.00918 -126.64877 
    25.76455 -127.25452 
Cell 8 100 46.48314 -147.53061 
    36.45138 -147.53061 
    36.47345 -148.16037 
    36.52659 -148.78842 
    36.61736 -149.41261 
    36.74717 -150.03038 
    36.91585 -150.63921 
    37.12280 -151.23663 
    37.36730 -151.82019 
    37.64842 -152.38754 
    37.96511 -152.93631 
    38.31614 -153.46428 
    38.70019 -153.96922 
    39.11572 -154.44908 
    39.56109 -154.90184 
    40.03454 -155.32562 
    40.53418 -155.71866 
    41.05798 -156.07928 
    41.60384 -156.40602 
    42.16954 -156.69746 
    42.75278 -156.95241 
    43.35118 -157.16978 
    43.96229 -157.34868 
    44.58361 -157.48833 
    45.21258 -157.58817 
    45.84662 -157.64778 
    46.48314 -157.66692 
    47.11952 -157.64552 
    47.75314 -157.58371 
    48.38142 -157.48174 
    49.00177 -157.34003 
    49.61168 -157.15924 
    50.20863 -156.94012 
    50.79023 -156.68364 
    51.35411 -156.39087 
    51.89799 -156.06305 
    52.41969 -155.70157 
    52.91714 -155.30798 
    53.38835 -154.88391 
    53.83146 -154.43114 
    54.24473 -153.95155 
    54.62658 -153.44716 
    54.97551 -152.92003 
    55.29020 -152.37233 
    55.56949 -151.80632 
    55.81232 -151.22429 
    56.01782 -150.62862 
    56.18527 -150.02170 
    56.31409 -149.40596 
    56.40434 -148.78395 
    56.46458 -148.15858 
    56.48544 -147.53061 
    56.46680 -146.90250 
    56.40875 -146.27672 
    56.31149 -145.65575 
    56.17539 -145.04207 
    56.00099 -144.43808 
    55.78895 -143.84618 
    55.54012 -143.26872 
    55.25545 -142.70799 
    54.93829 -142.16481 
    54.59185 -141.63930 
    54.21687 -141.13271 
    53.81573 -140.64485 
    53.39053 -140.17499 
    52.94276 -139.72227 
    52.47297 -139.28632 
    51.98055 -138.86809 
    51.46391 -138.47063 
    50.92101 -138.09966 
    50.45108 -137.50876 
    49.95713 -136.83878 
    49.25471 -136.73604 
    48.47961 -137.06477 
    47.81818 -136.96266 
    47.15001 -136.93102 
    46.48314 -136.78902 
    45.80556 -136.76068 
    45.15234 -136.99619 
    44.54356 -137.36296 
    43.93489 -137.60583 
    43.33746 -137.84918 
    42.75571 -138.11620 
    42.18950 -138.40614 
    41.63933 -138.71976 
    41.10648 -139.05835 
    40.59281 -139.42326 
    40.10053 -139.81535 
    39.62996 -140.23271 
    39.18590 -140.67804 
    38.77074 -141.15036 
    38.38613 -141.64778 
    38.03357 -142.16835 
    37.71445 -142.70998 
    37.43002 -143.27054 
    37.18140 -143.84779 
    36.95841 -144.43584 
    36.73166 -145.02686 
    36.55994 -145.63766 
    36.47334 -146.26608 
    36.44948 -146.89934 
Cell 9 100 68.64814 -150.14171 
    57.81445 -150.14171 
    57.79125 -150.82477 
    57.80058 -151.51207 
    57.85237 -152.20111 
    57.95055 -152.88838 
    58.10441 -153.56757 
    58.30517 -154.23679 
    58.55228 -154.89246 
    58.84488 -155.53110 
    59.18178 -156.14925 
    59.56150 -156.74353 
    59.98229 -157.31071 
    60.44202 -157.84776 
    60.93839 -158.35176 
    61.46880 -158.82004 
    62.03048 -159.25014 
    62.62043 -159.63986 
    63.23548 -159.98729 
    63.87234 -160.29080 
    64.52757 -160.54909 
    65.19765 -160.76122 
    65.87908 -160.92647 
    66.56830 -161.04463 
    67.26180 -161.11571 
    67.95617 -161.14029 
    68.64814 -161.11908 
    69.33464 -161.05328 
    70.01284 -160.94440 
    70.68021 -160.79420 
    71.33459 -160.60475 
    71.97418 -160.37822 
    72.59758 -160.11685 
    73.20380 -159.82298 
    73.79219 -159.49870 
    74.36236 -159.14587 
    74.91422 -158.76624 
    75.44759 -158.36084 
    75.96233 -157.93053 
    76.45783 -157.47549 
    76.93317 -156.99568 
    77.38671 -156.49065 
    77.81612 -155.95988 
    78.21815 -155.40286 
    78.58675 -154.81847 
    78.90831 -154.20399 
    79.19173 -153.56752 
    79.43374 -152.91098 
    79.62510 -152.23567 
    79.75912 -151.54535 
    79.83235 -150.84535 
    79.84206 -150.14171 
    79.78645 -149.44095 
    79.66621 -148.74980 
    79.48331 -148.07478 
    79.24114 -147.42189 
    78.94559 -146.79587 
    78.80462 -146.12047 
    78.62292 -145.44794 
    78.39635 -144.78259 
    78.12335 -144.12856 
    77.80277 -143.49048 
    77.43400 -142.87341 
    77.01711 -142.28273 
    76.55297 -141.72392 
    76.04333 -141.20247 
    75.49081 -140.72357 
    74.89894 -140.29202 
    74.27201 -139.91193 
    73.61498 -139.58664 
    72.93333 -139.31854 
    72.23286 -139.10905 
    71.51948 -138.95857 
    70.79900 -138.86652 
    70.07697 -138.83142 
    69.35849 -138.85106 
    68.64814 -138.92261 
    67.94986 -139.04286 
    67.26693 -139.20833 
    66.60201 -139.41550 
    65.95713 -139.66093 
    65.33386 -139.94141 
    64.73331 -140.25400 
    64.15633 -140.59615 
    63.60355 -140.96564 
    63.07549 -141.36063 
    62.57269 -141.77957 
    62.09571 -142.22119 
    61.64523 -142.68437 
    61.11292 -143.06567 
    60.56697 -143.45638 
    60.01699 -143.87082 
    59.47300 -144.31898 
    58.95332 -144.81194 
    58.48294 -145.35832 
    58.08919 -145.96112 
    57.79575 -146.61555 
    57.61678 -147.30934 
    57.55331 -148.02525 
    57.59317 -148.74515 
    57.71454 -149.45383 
Cell 10 100 83.19513 -130.63432 
    72.05684 -130.63432 
    71.82391 -131.34973 
    71.49659 -132.11220 
    71.49805 -132.86566 
    71.92604 -133.52774 
    72.38261 -134.14752 
    72.85431 -134.72855 
    73.33167 -135.27571 
    73.80935 -135.79420 
    74.28552 -136.28853 
    74.76111 -136.76199 
    75.23880 -137.21637 
    75.72210 -137.65196 
    76.21461 -138.06783 
    76.71944 -138.46208 
    77.23893 -138.83232 
    77.77448 -139.17590 
    78.32656 -139.49020 
    78.89489 -139.77280 
    79.47845 -140.02158 
    80.07577 -140.23473 
    80.68495 -140.41081 
    81.30386 -140.54872 
    81.93016 -140.64760 
    82.56142 -140.70686 
    83.19513 -140.72879 
    83.82912 -140.71144 
    84.46101 -140.65485 
    85.08844 -140.55939 
    85.70911 -140.42561 
    86.32082 -140.25420 
    86.92147 -140.04599 
    87.50908 -139.80194 
    88.08179 -139.52312 
    88.63786 -139.21068 
    89.17568 -138.86584 
    89.69381 -138.48988 
    90.19088 -138.08405 
    90.66565 -137.64961 
    91.11696 -137.18784 
    91.54372 -136.69992 
    91.94483 -136.18706 
    92.31924 -135.65034 
    92.66578 -135.09087 
    92.98326 -134.50972 
    93.27036 -133.90796 
    93.52559 -133.28673 
    93.74734 -132.64726 
    93.93384 -131.99094 
    94.08314 -131.31934 
    94.19318 -130.63432 
    94.26182 -129.93806 
    94.28690 -129.23311 
    94.26633 -128.52238 
    94.19810 -127.80923 
    94.08052 -127.09744 
    93.91216 -126.39115 
    93.69206 -125.69484 
    93.41978 -125.01328 
    93.09544 -124.35140 
    92.71983 -123.71422 
    92.29446 -123.10670 
    91.81850 -122.53644 
    91.15347 -122.15955 
    90.47898 -121.82965 
    89.71933 -121.65453 
    88.95627 -121.55621 
    88.25317 -121.43377 
    87.58627 -121.30267 
    86.94192 -121.17102 
    86.31194 -121.04177 
    85.69071 -120.91464 
    85.07334 -120.78838 
    84.45509 -120.66068 
    83.83108 -120.52612 
    83.19513 -120.37615 
    82.53849 -120.19739 
    81.85030 -119.98889 
    81.16071 -119.96950 
    80.51743 -120.20538 
    79.89442 -120.47581 
    79.29295 -120.77854 
    78.71407 -121.11159 
    78.15870 -121.47309 
    77.62768 -121.86143 
    77.07423 -122.20963 
    76.45270 -122.48412 
    75.81966 -122.78024 
    75.17493 -123.10286 
    74.52220 -123.45945 
    74.20423 -124.10205 
    73.92738 -124.75283 
    73.67546 -125.40084 
    73.46004 -126.05334 
    73.23489 -126.69079 
    73.01237 -127.32574 
    72.80146 -127.96568 
    72.60612 -128.61436 
    72.42443 -129.27367 
    72.24728 -129.94554 
Cell 11 100 121.17168 -139.62730 
    111.00665 -139.62730 
    111.01721 -140.26617 
    111.06861 -140.90363 
    111.16072 -141.53700 
    111.29325 -142.16365 
    111.46574 -142.78096 
    111.67752 -143.38631 
    111.92780 -143.97714 
    112.21555 -144.55098 
    112.53962 -145.10538 
    112.89867 -145.63799 
    113.29124 -146.14658 
    113.71567 -146.62897 
    114.17018 -147.08315 
    114.65287 -147.50719 
    115.16170 -147.89934 
    115.69450 -148.25795 
    116.24903 -148.58156 
    116.82294 -148.86884 
    117.41380 -149.11862 
    118.01910 -149.32993 
    118.63630 -149.50195 
    119.26279 -149.63403 
    119.89595 -149.72572 
    120.53313 -149.77675 
    121.17168 -149.78700 
    121.80896 -149.75661 
    122.44237 -149.68584 
    123.06933 -149.57516 
    123.68738 -149.42531 
    124.29411 -149.23718 
    124.88732 -149.01195 
    125.46495 -148.75098 
    126.02526 -148.45595 
    126.56683 -148.12871 
    127.08869 -147.77138 
    127.59035 -147.38615 
    128.07190 -146.97530 
    128.53394 -146.54092 
    128.97752 -146.08487 
    129.40396 -145.60841 
    129.81448 -145.11220 
    130.20978 -144.59604 
    130.58958 -144.05904 
    130.95212 -143.49965 
    131.29372 -142.91615 
    131.60861 -142.30705 
    131.88904 -141.67175 
    132.12564 -141.01111 
    132.30832 -140.32796 
    132.42720 -139.62730 
    132.47377 -138.91624 
    132.44203 -138.20352 
    132.32933 -137.49887 
    132.45819 -136.72942 
    132.64490 -135.89943 
    132.28662 -135.22659 
    131.49251 -134.77069 
    130.70227 -134.38782 
    130.22820 -133.87987 
    129.72874 -133.41023 
    129.21196 -132.97580 
    128.68373 -132.57301 
    128.14777 -132.19853 
    127.60587 -131.84970 
    127.08306 -131.49098 
    126.56660 -131.12627 
    126.03126 -130.78775 
    125.47895 -130.47389 
    124.91068 -130.18364 
    124.32651 -129.91772 
    123.72578 -129.67969 
    123.10802 -129.47659 
    122.47401 -129.31828 
    121.82674 -129.21544 
    121.17168 -129.17685 
    120.51607 -129.20673 
    119.84516 -129.12686 
    119.12481 -128.89726 
    118.36432 -128.69337 
    117.59193 -128.60997 
    116.85886 -128.73438 
    116.21730 -129.09872 
    115.69238 -129.66051 
    115.26930 -130.32666 
    114.90537 -131.00249 
    114.55614 -131.63049 
    114.19569 -132.19864 
    113.82069 -132.72426 
    113.44190 -133.23268 
    113.04794 -133.72507 
    112.68157 -134.23932 
    112.34796 -134.77643 
    112.04858 -135.33430 
    111.78481 -135.91078 
    111.55783 -136.50357 
    111.36872 -137.11034 
    111.21838 -137.72861 
    111.10756 -138.35591 
    111.03684 -138.98967 
Cell 12 100 -119.84258 -120.74084 
    -129.85318 -120.74084 
    -129.83127 -121.36928 
    -130.20117 -122.04944 
    -130.57434 -122.78804 
    -130.88631 -123.57639 
    -131.13141 -124.40881 
    -131.30446 -125.27892 
    -131.40135 -126.17999 
    -131.41849 -127.10474 
    -131.35338 -128.04581 
    -131.20392 -128.99533 
    -130.96904 -129.94545 
    -130.64838 -130.88815 
    -130.24229 -131.81541 
    -126.94416 -129.32520 
    -125.90191 -129.08080 
    -125.18208 -129.15456 
    -124.57981 -129.35783 
    -124.01622 -129.61028 
    -123.44986 -129.85179 
    -122.86345 -130.03812 
    -122.26663 -130.18188 
    -121.66657 -130.30255 
    -121.06388 -130.40842 
    -120.45610 -130.49232 
    -119.84258 -130.54460 
    -119.22453 -130.56438 
    -118.57138 -130.80339 
    -118.00134 -130.39296 
    -117.46339 -130.00719 
    -116.95960 -129.61375 
    -116.49477 -129.19647 
    -116.05559 -128.78860 
    -115.63090 -128.40189 
    -115.21261 -128.03651 
    -114.79491 -127.68837 
    -114.37372 -127.35157 
    -113.94538 -127.02073 
    -113.50605 -126.69125 
    -113.05222 -126.35833 
    -112.58323 -126.01508 
    -112.10200 -125.65317 
    -111.61659 -125.26312 
    -111.13791 -124.83695 
    -110.65870 -124.37701 
    -110.05396 -123.92136 
    -109.24137 -123.46277 
    -107.97169 -123.00534 
    -106.18161 -122.46663 
    -106.55885 -121.57658 
    -106.99590 -120.74084 
    -107.38686 -119.95720 
    -107.73663 -119.21151 
    -108.10659 -118.50208 
    -108.08577 -117.72221 
    -108.34706 -117.00572 
    -108.91659 -116.41494 
    -109.65061 -115.94487 
    -110.39058 -115.54456 
    -110.99765 -115.12768 
    -111.26064 -114.50571 
    -111.55694 -113.88637 
    -111.89253 -113.27525 
    -112.27373 -112.68083 
    -112.70600 -112.11420 
    -113.19283 -111.58824 
    -113.73463 -111.11626 
    -114.32830 -110.71040 
    -114.96715 -110.38001 
    -115.64160 -110.13038 
    -116.34035 -109.96208 
    -117.05171 -109.87112 
    -117.76498 -109.84969 
    -118.47150 -109.88761 
    -119.16518 -109.97390 
    -119.84258 -110.09822 
    -120.50248 -110.25210 
    -121.14520 -110.42954 
    -121.77187 -110.62716 
    -122.38369 -110.84388 
    -122.98147 -111.08036 
    -123.56530 -111.33833 
    -124.13457 -111.61991 
    -124.68796 -111.92714 
    -125.22367 -112.26160 
    -125.74033 -112.62331 
    -126.23789 -113.01025 
    -126.71005 -113.42773 
    -127.15494 -113.87408 
    -127.57078 -114.34753 
    -127.95593 -114.84615 
    -128.30887 -115.36798 
    -128.62820 -115.91091 
    -128.91269 -116.47278 
    -129.16119 -117.05135 
    -129.37277 -117.64430 
    -129.54659 -118.24928 
    -129.68196 -118.86388 
    -129.77841 -119.48566 
    -129.83554 -120.11214 
Cell 13 100 -74.08269 -105.30880 
    -83.79767 -105.30880 
    -83.85586 -105.92368 
    -83.98318 -106.55952 
    -84.12302 -107.22410 
    -83.99339 -107.85343 
    -83.82347 -108.47377 
    -83.61388 -109.08247 
    -83.36541 -109.67692 
    -83.07899 -110.25456 
    -82.75579 -110.81292 
    -82.39712 -111.34959 
    -82.00443 -111.86224 
    -81.57939 -112.34867 
    -81.12377 -112.80679 
    -80.63950 -113.23463 
    -80.12865 -113.63035 
    -79.59339 -113.99228 
    -79.03602 -114.31887 
    -78.45892 -114.60877 
    -77.86459 -114.86078 
    -77.25555 -115.07388 
    -76.63444 -115.24721 
    -76.00390 -115.38013 
    -75.36662 -115.47215 
    -74.72531 -115.52299 
    -74.08269 -115.53254 
    -73.44145 -115.50089 
    -72.80429 -115.42833 
    -72.17385 -115.31529 
    -71.55271 -115.16241 
    -70.94341 -114.97051 
    -70.34839 -114.74055 
    -69.77001 -114.47369 
    -69.21053 -114.17123 
    -68.66125 -113.85162 
    -68.11723 -113.51954 
    -67.59174 -113.15501 
    -67.08662 -112.75886 
    -66.60381 -112.33192 
    -66.14533 -111.87514 
    -65.71326 -111.38954 
    -65.30978 -110.87625 
    -64.93716 -110.33659 
    -64.59773 -109.77208 
    -64.29385 -109.18447 
    -64.02788 -108.57581 
    -63.80210 -107.94840 
    -63.61868 -107.30492 
    -63.47956 -106.64828 
    -63.38645 -105.98175 
    -63.34068 -105.30880 
    -63.34319 -104.63313 
    -63.39449 -103.95856 
    -63.49461 -103.28902 
    -63.64305 -102.62836 
    -63.83889 -101.98038 
    -64.08069 -101.34873 
    -64.36662 -100.73677 
    -64.62957 -100.11191 
    -64.89416 -99.47758 
    -65.19956 -98.85483 
    -65.54681 -98.24730 
    -65.93663 -97.65914 
    -66.36934 -97.09492 
    -66.84468 -96.55956 
    -67.36171 -96.05817 
    -67.91872 -95.59593 
    -68.51315 -95.17785 
    -69.14166 -94.80859 
    -69.80013 -94.49229 
    -70.48373 -94.23233 
    -71.18710 -94.03124 
    -71.90455 -93.89059 
    -72.63017 -93.81089 
    -73.35809 -93.79168 
    -74.08269 -93.83149 
    -74.79871 -93.92805 
    -75.50143 -94.07835 
    -76.18675 -94.27889 
    -76.85130 -94.52579 
    -77.49232 -94.81503 
    -78.10776 -95.14264 
    -78.69612 -95.50476 
    -79.25640 -95.89786 
    -79.78797 -96.31871 
    -80.29047 -96.76453 
    -80.76365 -97.23290 
    -81.20737 -97.72178 
    -81.57381 -98.27416 
    -81.74020 -98.97395 
    -82.01118 -99.54841 
    -82.32188 -100.08005 
    -82.62061 -100.61504 
    -82.89377 -101.16262 
    -83.13368 -101.72526 
    -83.33946 -102.30109 
    -83.48322 -102.89515 
    -83.57888 -103.49730 
    -83.66148 -104.09872 
    -83.73473 -104.70155 
Cell 14 100 -48.95144 -112.56725 
    -59.48103 -112.56725 
    -59.47102 -113.22909 
    -59.42149 -113.88993 
    -59.33160 -114.54737 
    -59.20074 -115.19883 
    -59.02859 -115.84151 
    -58.81521 -116.47260 
    -58.56096 -117.08915 
    -58.26658 -117.68829 
    -57.93310 -118.26719 
    -57.56185 -118.82309 
    -57.15442 -119.35335 
    -56.71259 -119.85547 
    -56.23571 -120.32422 
    -55.72835 -120.75913 
    -55.19426 -121.15976 
    -54.63643 -121.52538 
    -54.05717 -121.85455 
    -53.45864 -122.14555 
    -52.84319 -122.39671 
    -52.21338 -122.60648 
    -51.57208 -122.77399 
    -50.92214 -122.89804 
    -50.26667 -122.97837 
    -49.60875 -123.01492 
    -48.95144 -123.01662 
    -48.29272 -123.03719 
    -47.63051 -123.02346 
    -46.96622 -122.97411 
    -46.30126 -122.88901 
    -45.63704 -122.76791 
    -45.00799 -122.52725 
    -44.62648 -121.75826 
    -44.22961 -121.15621 
    -43.82291 -120.64851 
    -43.41222 -120.19132 
    -42.99945 -119.76197 
    -42.58323 -119.34870 
    -42.16301 -118.94201 
    -41.73972 -118.53330 
    -41.31018 -118.11895 
    -40.86984 -117.69599 
    -40.41343 -117.26105 
    -39.93477 -116.81017 
    -39.42094 -116.34064 
    -38.85093 -115.84911 
    -38.20541 -115.32636 
    -37.58520 -114.73547 
    -36.90764 -114.08874 
    -36.47333 -113.35231 
    -36.42236 -112.56725 
    -36.43652 -111.77988 
    -36.51608 -110.99630 
    -36.66042 -110.22262 
    -36.86804 -109.46477 
    -37.13664 -108.72839 
    -37.46316 -108.01872 
    -37.84386 -107.34043 
    -38.27452 -106.69757 
    -38.75047 -106.09352 
    -39.26678 -105.53094 
    -39.81844 -105.01178 
    -40.40039 -104.53729 
    -41.00775 -104.10809 
    -41.63585 -103.72423 
    -42.19058 -103.26173 
    -42.76392 -102.81728 
    -43.41145 -102.49005 
    -44.11160 -102.28207 
    -44.83833 -102.17874 
    -45.56793 -102.15388 
    -46.28391 -102.17793 
    -46.96943 -102.17724 
    -47.63612 -102.15543 
    -48.29716 -102.16791 
    -48.95144 -102.21391 
    -49.59785 -102.29282 
    -50.23533 -102.40417 
    -50.86278 -102.54763 
    -51.49754 -102.65083 
    -52.13512 -102.76886 
    -52.77174 -102.91827 
    -53.40551 -103.10186 
    -54.03325 -103.32348 
    -54.65011 -103.58759 
    -55.24965 -103.89851 
    -55.82408 -104.25966 
    -56.36494 -104.67267 
    -56.86396 -105.13690 
    -57.31399 -105.64915 
    -57.70990 -106.20386 
    -58.04911 -106.79369 
    -58.33175 -107.41039 
    -58.56033 -108.04565 
    -58.75122 -108.68725 
    -58.96590 -109.31336 
    -59.14289 -109.95053 
    -59.28293 -110.59641 
    -59.38622 -111.24903 
    -59.45247 -111.90659 
Cell 15 100 -61.20567 -85.33621 
    -71.68175 -85.33621 
    -71.56947 -85.98824 
    -71.47075 -86.63300 
    -71.36366 -87.27396 
    -71.21894 -87.90718 
    -71.03734 -88.53071 
    -70.81961 -89.14264 
    -70.56644 -89.74105 
    -70.27853 -90.32406 
    -69.95660 -90.88972 
    -69.60138 -91.43605 
    -69.21370 -91.96103 
    -68.79449 -92.46259 
    -68.34484 -92.93865 
    -67.86597 -93.38712 
    -67.35927 -93.80592 
    -66.82636 -94.19300 
    -66.26904 -94.54642 
    -65.68927 -94.86433 
    -65.08924 -95.14498 
    -64.47131 -95.38680 
    -63.83798 -95.58838 
    -63.19193 -95.74850 
    -62.53592 -95.86617 
    -61.87284 -95.94059 
    -61.20567 -95.97121 
    -60.53743 -95.95769 
    -59.87116 -95.89996 
    -59.20994 -95.79820 
    -58.55683 -95.65278 
    -57.91484 -95.46436 
    -57.28695 -95.23378 
    -56.67605 -94.96216 
    -56.08494 -94.65079 
    -55.51631 -94.30122 
    -54.97272 -93.91513 
    -54.45662 -93.49442 
    -53.97023 -93.04118 
    -53.51567 -92.55761 
    -53.09484 -92.04607 
    -52.70948 -91.50906 
    -52.30059 -90.98755 
    -51.90544 -90.44906 
    -51.54375 -89.88277 
    -51.21902 -89.29021 
    -50.93480 -88.67342 
    -50.69454 -88.03501 
    -50.50146 -87.37815 
    -50.35838 -86.70654 
    -50.26756 -86.02438 
    -50.23056 -85.33621 
    -50.24820 -84.64683 
    -50.32043 -83.96109 
    -50.44641 -83.28378 
    -50.62448 -82.61942 
    -50.85230 -81.97220 
    -51.12697 -81.34577 
    -51.44518 -80.74327 
    -51.80335 -80.16724 
    -52.19781 -79.61965 
    -52.17466 -78.77480 
    -51.70129 -77.47350 
    -53.13455 -77.75692 
    -54.06928 -77.73672 
    -54.59538 -77.34574 
    -55.08831 -76.91638 
    -55.57608 -76.46539 
    -56.08898 -76.02898 
    -56.62785 -75.60783 
    -57.19381 -75.20341 
    -57.78812 -74.81808 
    -58.41191 -74.45524 
    -59.06595 -74.11938 
    -59.75034 -73.81609 
    -60.46426 -73.55185 
    -61.20567 -73.33384 
    -61.97113 -73.16957 
    -62.75570 -73.06649 
    -63.55293 -73.03149 
    -64.35500 -73.07042 
    -65.15298 -73.18764 
    -65.93722 -73.38570 
    -66.69775 -73.66495 
    -67.42485 -74.02357 
    -68.10950 -74.45752 
    -68.74389 -74.96075 
    -69.32175 -75.52556 
    -69.83868 -76.14300 
    -70.29218 -76.80341 
    -70.68172 -77.49695 
    -71.00850 -78.21404 
    -71.27524 -78.94588 
    -71.48576 -79.68468 
    -71.64465 -80.42400 
    -71.75678 -81.15874 
    -71.82700 -81.88514 
    -71.85976 -82.60071 
    -71.85892 -83.30400 
    -71.82758 -83.99435 
    -71.76804 -84.67168 
Cell 16 100 -34.12520 -124.27076 
    -45.07656 -124.27076 
    -44.98460 -124.95397 
    -44.84121 -125.62450 
    -44.65118 -126.27869 
    -44.41946 -126.91387 
    -44.15074 -127.52825 
    -43.88130 -128.13347 
    -43.61654 -128.73705 
    -43.31942 -129.32532 
    -42.99036 -129.89676 
    -42.63947 -130.45674 
    -42.25233 -130.99409 
    -41.83152 -131.50748 
    -41.37845 -131.99469 
    -40.89487 -132.45389 
    -40.38268 -132.88344 
    -39.84281 -133.28026 
    -39.27707 -133.64197 
    -38.68758 -133.96629 
    -38.07637 -134.25027 
    -37.44640 -134.49234 
    -36.80076 -134.69136 
    -36.14258 -134.84621 
    -35.47506 -134.95596 
    -34.80151 -135.02028 
    -34.12520 -135.03870 
    -33.44950 -135.01080 
    -32.77776 -134.93684 
    -32.11334 -134.81732 
    -31.45947 -134.65311 
    -30.81936 -134.44511 
    -30.19624 -134.19418 
    -29.59267 -133.90288 
    -29.01138 -133.57278 
    -28.45488 -133.20576 
    -27.92556 -132.80383 
    -27.42563 -132.36916 
    -26.95711 -131.90401 
    -26.52181 -131.41081 
    -26.12135 -130.89212 
    -25.75714 -130.35051 
    -25.43034 -129.78868 
    -25.14196 -129.20934 
    -24.89871 -128.61241 
    -24.69896 -128.00287 
    -24.54567 -127.38334 
    -24.43784 -126.75805 
    -24.33430 -126.13847 
    -24.26888 -125.51590 
    -24.23844 -124.89278 
    -24.23689 -124.27076 
    -24.26707 -123.65054 
    -24.31917 -123.03197 
    -24.37620 -122.41104 
    -24.45991 -121.78914 
    -24.56813 -121.16547 
    -24.69749 -120.53806 
    -24.85422 -119.90816 
    -25.07001 -119.29263 
    -25.31003 -118.67648 
    -25.57564 -118.05914 
    -25.86971 -117.44122 
    -26.19639 -116.82511 
    -26.56086 -116.21555 
    -26.96857 -115.61987 
    -27.42444 -115.04795 
    -27.93194 -114.51174 
    -28.49221 -114.02438 
    -29.10344 -113.59898 
    -29.76068 -113.24724 
    -30.45601 -112.97816 
    -31.17924 -112.79699 
    -31.91885 -112.70464 
    -32.66319 -112.69772 
    -33.40158 -112.76904 
    -34.12520 -112.90867 
    -34.82768 -113.10519 
    -35.50519 -113.34705 
    -36.15624 -113.62368 
    -36.78733 -113.90245 
    -37.30905 -114.47189 
    -37.81414 -114.95359 
    -38.29860 -115.40183 
    -38.78458 -115.79538 
    -39.25087 -116.19399 
    -39.70090 -116.59647 
    -40.13843 -117.00201 
    -40.56876 -117.40907 
    -40.99678 -117.81792 
    -41.42619 -118.23086 
    -41.86098 -118.65039 
    -42.30517 -119.07959 
    -42.75969 -119.52391 
    -43.21980 -119.99117 
    -43.67890 -120.48819 
    -44.12247 -121.02245 
    -44.52287 -121.60109 
    -44.85729 -122.22350 
    -45.08990 -122.88560 
    -45.11279 -123.57948 
Cell 17 100 -14.48071 -122.27534 
    -24.39446 -122.27534 
    -24.33174 -122.89511 
    -24.27864 -123.51311 
    -24.24337 -124.13766 
    -24.23816 -124.78062 
    -24.26589 -125.45473 
    -24.34113 -126.17935 
    -24.13581 -126.81868 
    -23.82536 -127.41261 
    -23.47762 -127.98495 
    -23.09438 -128.53354 
    -22.67754 -129.05634 
    -22.22900 -129.55147 
    -21.75079 -130.01718 
    -21.24487 -130.45180 
    -20.71332 -130.85379 
    -20.15825 -131.22171 
    -19.58181 -131.55420 
    -18.98620 -131.84999 
    -18.37372 -132.10796 
    -17.74669 -132.32698 
    -17.10754 -132.50618 
    -16.45877 -132.64471 
    -15.80295 -132.74196 
    -15.14270 -132.79738 
    -14.48071 -132.81049 
    -13.81976 -132.78075 
    -13.16294 -132.70653 
    -12.51507 -132.57957 
    -11.88783 -132.37393 
    -11.32502 -131.98753 
    -10.81906 -131.52361 
    -10.30358 -131.15218 
    -9.78200 -130.82227 
    -9.25678 -130.50693 
    -8.71961 -130.20482 
    -8.15490 -129.92194 
    -7.47276 -129.73804 
    -6.94367 -129.35309 
    -6.53263 -128.85056 
    -6.15580 -128.32373 
    -5.81458 -127.77502 
    -5.51020 -127.20692 
    -5.24367 -126.62196 
    -5.01584 -126.02274 
    -4.82735 -125.41190 
    -4.67867 -124.79208 
    -4.57000 -124.16590 
    -4.47192 -123.53974 
    -4.39097 -122.91013 
    -4.34524 -122.27534 
    -4.33476 -121.63701 
    -4.35967 -120.99675 
    -4.42020 -120.35619 
    -4.51677 -119.71703 
    -4.64995 -119.08113 
    -4.82049 -118.45058 
    -5.02920 -117.82780 
    -5.27694 -117.21552 
    -5.56449 -116.61694 
    -5.89241 -116.03558 
    -6.26093 -115.47535 
    -6.66980 -114.94041 
    -7.11819 -114.43506 
    -7.60461 -113.96357 
    -8.12687 -113.53003 
    -8.68207 -113.13815 
    -9.26670 -112.79108 
    -9.87671 -112.49134 
    -10.37798 -111.91302 
    -10.67711 -110.56908 
    -11.48738 -110.61711 
    -12.36893 -111.20499 
    -13.07339 -111.13528 
    -13.78340 -111.19199 
    -14.48071 -111.35051 
    -15.15383 -111.57639 
    -15.79949 -111.83607 
    -16.42073 -112.10538 
    -17.03865 -112.31282 
    -17.64433 -112.53872 
    -18.23353 -112.79679 
    -18.80500 -113.08575 
    -19.35750 -113.40449 
    -19.88974 -113.75207 
    -20.40037 -114.12762 
    -20.91782 -114.49421 
    -21.43094 -114.87409 
    -21.92155 -115.28792 
    -22.38692 -115.73476 
    -22.82426 -116.21339 
    -23.23087 -116.72232 
    -23.60410 -117.25971 
    -23.94145 -117.82345 
    -24.24059 -118.41113 
    -24.49941 -119.02007 
    -24.71603 -119.64735 
    -24.75279 -120.31583 
    -24.60295 -120.99660 
    -24.48475 -121.64594 
Cell 18 100 18.00244 -120.60837 
    7.88476 -120.60837 
    7.90507 -121.24364 
    7.95574 -121.87756 
    8.04669 -122.50753 
    8.17765 -123.13094 
    8.34817 -123.74523 
    8.55764 -124.34783 
    8.80526 -124.93623 
    9.09009 -125.50797 
    9.41101 -126.06066 
    9.76672 -126.59196 
    10.15580 -127.09967 
    10.57667 -127.58163 
    11.02760 -128.03581 
    11.50674 -128.46033 
    12.01209 -128.85338 
    12.54156 -129.21335 
    13.09294 -129.53871 
    13.66394 -129.82816 
    14.25216 -130.08049 
    14.85515 -130.29472 
    15.47040 -130.47003 
    16.09534 -130.60577 
    16.72738 -130.70152 
    17.36394 -130.75705 
    18.00244 -130.77232 
    18.64035 -130.74759 
    19.27520 -130.68327 
    19.90464 -130.58005 
    20.52647 -130.43881 
    21.13869 -130.26073 
    21.73951 -130.04712 
    22.32744 -129.79945 
    22.90131 -129.51938 
    23.46026 -129.20851 
    24.00376 -128.86847 
    24.53159 -128.50076 
    25.04375 -128.10660 
    25.51802 -127.66597 
    25.83259 -127.08604 
    26.07456 -126.47310 
    26.29373 -125.87018 
    26.49460 -125.27698 
    26.68385 -124.69353 
    26.86731 -124.11821 
    27.04945 -123.54792 
    27.23400 -122.97863 
    27.42403 -122.40563 
    27.62180 -121.82357 
    27.82835 -121.22655 
    28.04426 -120.60837 
    28.32582 -119.95888 
    28.68928 -119.25831 
    29.13778 -118.48419 
    29.58698 -117.63396 
    29.36602 -116.91611 
    29.07347 -116.22504 
    28.71399 -115.56789 
    28.29389 -114.95059 
    27.82069 -114.37752 
    27.30263 -113.85138 
    26.74816 -113.37328 
    26.16541 -112.94283 
    25.56183 -112.55843 
    24.94387 -112.21761 
    24.31679 -111.91742 
    23.68460 -111.65472 
    23.07796 -111.37602 
    22.47040 -111.11348 
    21.84997 -110.89062 
    21.21945 -110.70744 
    20.58143 -110.56385 
    19.93842 -110.45960 
    19.29277 -110.39439 
    18.64672 -110.36785 
    18.00244 -110.31936 
    17.35443 -110.30861 
    16.70530 -110.34045 
    16.05811 -110.41583 
    15.41614 -110.53541 
    14.78285 -110.69948 
    14.16176 -110.90791 
    13.55643 -111.16011 
    12.97033 -111.45499 
    12.40676 -111.79099 
    11.86878 -112.16611 
    11.35911 -112.57796 
    10.88011 -113.02386 
    10.43375 -113.50089 
    10.02157 -114.00602 
    9.64477 -114.53617 
    9.30420 -115.08829 
    9.00040 -115.65945 
    8.73374 -116.24685 
    8.50272 -116.84717 
    8.30277 -117.45676 
    8.14157 -118.07652 
    8.01920 -118.70396 
    7.93567 -119.33664 
    7.89091 -119.97221 
Cell 19 100 22.56243 -97.99796 
    11.37573 -97.99796 
    11.43259 -98.69818 
    11.54063 -99.39034 
    11.69798 -100.07046 
    11.90236 -100.73500 
    12.15119 -101.38077 
    12.44171 -102.00503 
    12.77102 -102.60544 
    13.13622 -103.18005 
    13.53443 -103.72729 
    13.96290 -104.24587 
    14.41901 -104.73477 
    14.90032 -105.19315 
    15.40455 -105.62032 
    15.92960 -106.01567 
    16.46338 -106.39257 
    16.98952 -106.77946 
    17.54097 -107.13194 
    18.11544 -107.44828 
    18.71049 -107.72683 
    19.32355 -107.96618 
    19.95196 -108.16508 
    20.59293 -108.32244 
    21.24362 -108.43742 
    21.90111 -108.50939 
    22.56243 -108.53790 
    23.22459 -108.52274 
    23.88459 -108.46392 
    24.53941 -108.36166 
    25.18608 -108.21642 
    25.82167 -108.02887 
    26.44328 -107.79987 
    27.04813 -107.53055 
    27.63349 -107.22218 
    28.19677 -106.87626 
    28.73551 -106.49447 
    29.24738 -106.07867 
    29.73022 -105.63088 
    30.18208 -105.15328 
    30.60118 -104.64819 
    30.98599 -104.11803 
    31.33528 -103.56538 
    31.64807 -102.99283 
    31.92372 -102.40305 
    32.16195 -101.79868 
    32.36283 -101.18230 
    32.52682 -100.55637 
    32.65470 -99.92316 
    32.74752 -99.28463 
    32.80654 -98.64246 
    32.83300 -97.99796 
    32.82803 -97.35210 
    32.79238 -96.70561 
    32.72627 -96.05910 
    32.62921 -95.41325 
    32.49989 -94.76908 
    32.33623 -94.12823 
    32.13550 -93.49321 
    31.89454 -92.86758 
    31.61024 -92.25604 
    31.34331 -91.61827 
    31.08520 -90.94730 
    30.79128 -90.27055 
    30.45354 -89.59477 
    30.06396 -88.93017 
    29.61556 -88.29015 
    29.10366 -87.69061 
    28.52685 -87.14872 
    27.88765 -86.68129 
    27.19274 -86.30312 
    26.45257 -86.02534 
    25.68041 -85.85423 
    24.89113 -85.79048 
    24.09969 -85.82927 
    23.31974 -85.96091 
    22.56243 -86.17210 
    21.83574 -86.44753 
    21.14420 -86.77148 
    20.48914 -87.12941 
    19.86934 -87.50906 
    19.28179 -87.90119 
    18.72043 -88.29418 
    18.09204 -88.49790 
    17.47272 -88.73981 
    16.86505 -89.02032 
    16.27184 -89.33971 
    15.69619 -89.69810 
    15.14142 -90.09538 
    14.61103 -90.53110 
    14.10871 -91.00443 
    13.63821 -91.51413 
    13.20326 -92.05845 
    12.80750 -92.63514 
    12.45434 -93.24146 
    12.14692 -93.87416 
    11.88791 -94.52959 
    11.67954 -95.20370 
    11.52343 -95.89215 
    11.42060 -96.59042 
    11.37145 -97.29388 
Cell 20 100 70.09344 -97.11938 
    60.00469 -97.11938 
    60.01993 -97.75315 
    60.07513 -98.38499 
    60.17017 -99.01234 
    60.30474 -99.63269 
    60.47836 -100.24351 
    60.69040 -100.84230 
    60.94005 -101.42664 
    61.22633 -101.99411 
    61.54812 -102.54240 
    61.90413 -103.06926 
    62.29293 -103.57253 
    62.71295 -104.05013 
    63.16244 -104.50014 
    63.63961 -104.92072 
    64.14252 -105.31012 
    64.66910 -105.66678 
    65.21719 -105.98926 
    65.78454 -106.27627 
    66.36884 -106.52666 
    66.96769 -106.73946 
    67.57864 -106.91387 
    68.19923 -107.04923 
    68.82690 -107.14506 
    69.45916 -107.20106 
    70.09344 -107.21709 
    70.72723 -107.19319 
    71.35802 -107.12958 
    71.98335 -107.02662 
    72.60079 -106.88485 
    73.20798 -106.70496 
    73.80266 -106.48779 
    74.38261 -106.23431 
    74.94572 -105.94563 
    75.48999 -105.62298 
    76.01352 -105.26766 
    76.51451 -104.88111 
    76.99126 -104.46481 
    77.44218 -104.02030 
    77.86581 -103.54923 
    78.26071 -103.05324 
    78.62559 -102.53404 
    78.95920 -101.99336 
    79.26035 -101.43300 
    79.52792 -100.85475 
    79.76499 -100.26186 
    80.03930 -99.67304 
    80.31626 -99.06948 
    80.59684 -98.44627 
    80.87291 -97.79756 
    81.12523 -97.11938 
    81.32475 -96.41277 
    81.43793 -95.68623 
    81.43513 -94.95583 
    81.29903 -94.24227 
    81.03011 -93.56583 
    80.64672 -92.94104 
    80.17966 -92.37316 
    79.73270 -91.82015 
    79.58755 -91.09423 
    79.39780 -90.35937 
    79.14955 -89.62751 
    78.82976 -88.91544 
    78.42854 -88.24341 
    77.94125 -87.63300 
    77.36986 -87.10426 
    76.72304 -86.67281 
    76.01525 -86.34765 
    75.26472 -86.12984 
    74.49088 -86.01272 
    73.71179 -85.98325 
    72.94214 -86.02445 
    72.19205 -86.11813 
    71.46962 -86.22581 
    70.77789 -86.24042 
    70.09344 -86.30126 
    69.41939 -86.40550 
    68.75826 -86.55027 
    68.11210 -86.73281 
    67.48255 -86.95061 
    66.87090 -87.20141 
    66.27824 -87.48328 
    65.70554 -87.79462 
    65.15372 -88.13406 
    64.62373 -88.50048 
    64.11658 -88.89293 
    63.63339 -89.31052 
    63.17538 -89.75239 
    62.74385 -90.21765 
    62.34019 -90.70532 
    61.96152 -91.21119 
    61.60561 -91.73283 
    61.28229 -92.27541 
    60.99290 -92.83699 
    60.73868 -93.41557 
    60.52075 -94.00903 
    60.34009 -94.61514 
    60.19753 -95.23163 
    60.09378 -95.85612 
    60.02938 -96.48620 
Cell 21 100 64.16106 -125.48426 
    54.15498 -125.48426 
    54.17576 -126.11248 
    54.23596 -126.73809 
    54.33532 -127.35862 
    54.47345 -127.97162 
    54.64978 -128.57466 
    54.85306 -129.16956 
    55.05407 -129.76968 
    55.28505 -130.36388 
    55.55434 -130.94624 
    55.86184 -131.51399 
    56.20723 -132.06424 
    56.58980 -132.59415 
    57.00854 -133.10092 
    57.46222 -133.58176 
    57.94935 -134.03394 
    58.46810 -134.45493 
    59.01650 -134.84218 
    59.59229 -135.19337 
    60.19302 -135.50638 
    60.81605 -135.77914 
    61.45862 -136.00955 
    62.11771 -136.19583 
    62.79001 -136.33720 
    63.47224 -136.43268 
    64.16106 -136.48146 
    64.85307 -136.48349 
    65.54491 -136.43861 
    66.23321 -136.34685 
    66.91451 -136.20825 
    67.58492 -136.02180 
    68.24110 -135.78928 
    68.87977 -135.51202 
    69.49222 -135.18161 
    70.06046 -134.78024 
    70.55879 -134.28999 
    70.96393 -133.70752 
    71.25175 -133.03510 
    71.47781 -132.35515 
    71.67382 -131.69936 
    71.90240 -131.10867 
    72.08959 -130.51587 
    72.25092 -129.93170 
    72.40120 -129.36179 
    72.55306 -128.80690 
    72.71204 -128.26263 
    72.88136 -127.72326 
    73.06263 -127.18233 
    73.25526 -126.63313 
    73.45453 -126.06895 
    73.64792 -125.48426 
    73.88077 -124.87274 
    74.15322 -124.22195 
    74.39203 -123.53260 
    74.27763 -122.88676 
    74.11982 -122.24847 
    73.91844 -121.62104 
    73.67372 -121.00794 
    73.38629 -120.41264 
    73.05721 -119.83859 
    72.68795 -119.28911 
    72.28045 -118.76732 
    71.83699 -118.27608 
    71.36023 -117.81792 
    70.85307 -117.39501 
    70.31862 -117.00910 
    69.79424 -116.60779 
    69.31442 -116.11032 
    68.80563 -115.61404 
    68.26009 -115.13127 
    67.67120 -114.68116 
    67.03581 -114.28781 
    66.35623 -113.97674 
    65.64088 -113.77030 
    64.90352 -113.68320 
    64.16106 -113.71936 
    63.43042 -113.87115 
    62.72555 -114.12105 
    62.05529 -114.44547 
    61.42277 -114.81935 
    60.82616 -115.22050 
    60.26048 -115.63253 
    59.71973 -116.04595 
    59.19867 -116.45772 
    58.69400 -116.86955 
    58.20462 -117.28594 
    57.72885 -117.70905 
    57.27120 -118.14731 
    56.83957 -118.60893 
    56.43447 -119.09228 
    56.05430 -119.59436 
    55.70362 -120.11701 
    55.38527 -120.65973 
    55.10100 -121.22092 
    54.85223 -121.79864 
    54.64011 -122.39072 
    54.46557 -122.99488 
    54.32932 -123.60876 
    54.23190 -124.22992 
    54.17372 -124.85591 
Cell 22 100 71.46566 -71.48832 
    59.33233 -71.48832 
    59.35186 -72.25046 
    59.44561 -73.00681 
    59.61092 -73.74973 
    59.84361 -74.47236 
    60.13821 -75.16883 
    60.48841 -75.83452 
    60.88738 -76.46608 
    61.32825 -77.06141 
    61.80439 -77.61954 
    62.30977 -78.14046 
    62.83911 -78.62482 
    63.38803 -79.07372 
    63.95306 -79.48843 
    64.53159 -79.87017 
    65.12176 -80.21996 
    65.72227 -80.53846 
    66.33225 -80.82594 
    66.95110 -81.08226 
    67.57822 -81.30686 
    68.21302 -81.49891 
    68.85471 -81.65732 
    69.50225 -81.78089 
    70.15435 -81.86839 
    70.80944 -81.91865 
    71.46566 -81.93706 
    72.12208 -81.92177 
    72.77636 -81.86356 
    73.42559 -81.76265 
    74.06689 -81.61947 
    74.69743 -81.43466 
    75.31437 -81.20905 
    75.91502 -80.94369 
    76.49672 -80.63979 
    77.05693 -80.29875 
    77.59322 -79.92219 
    78.10329 -79.51184 
    78.58498 -79.06963 
    79.03629 -78.59762 
    79.45542 -78.09803 
    79.84083 -77.57323 
    80.19134 -77.02580 
    80.50634 -76.45847 
    80.78617 -75.87422 
    81.03258 -75.27613 
    81.24937 -74.66724 
    81.44303 -74.05007 
    81.62298 -73.42593 
    81.80098 -72.79398 
    81.98929 -72.15041 
    82.19725 -71.48832 
    82.42674 -70.79871 
    82.66777 -70.07317 
    82.89590 -69.30788 
    83.07355 -68.50792 
    83.15577 -67.68997 
    83.10004 -66.88194 
    82.87698 -66.11856 
    82.47870 -65.43385 
    81.92144 -64.85288 
    81.24169 -64.38562 
    80.48699 -64.02522 
    79.98021 -63.49263 
    79.56837 -62.85981 
    79.10912 -62.24897 
    78.60211 -61.66583 
    78.04781 -61.11650 
    77.44753 -60.60733 
    76.80358 -60.14466 
    76.11926 -59.73466 
    75.39890 -59.38307 
    74.64774 -59.09495 
    73.87187 -58.87450 
    73.07806 -58.72488 
    72.27350 -58.64806 
    71.46566 -58.64475 
    70.66199 -58.71439 
    69.86972 -58.85514 
    69.09560 -59.06404 
    68.34576 -59.33710 
    67.62550 -59.66954 
    66.93926 -60.05594 
    66.29048 -60.49051 
    65.68167 -60.96729 
    65.11442 -61.48037 
    64.58951 -62.02411 
    64.10699 -62.59322 
    63.66639 -63.18293 
    63.26677 -63.78905 
    62.90698 -64.40797 
    62.58572 -65.03667 
    62.10219 -65.54608 
    61.59995 -66.06460 
    61.12987 -66.62466 
    60.69929 -67.22561 
    60.31574 -67.86549 
    59.98660 -68.54100 
    59.71862 -69.24745 
    59.51759 -69.97893 
    59.38790 -70.72845 
Cell 23 100 87.91168 -112.14256 
    76.37112 -112.14256 
    76.53937 -112.85804 
    76.75678 -113.55175 
    77.01612 -114.22099 
    77.31071 -114.86443 
    77.63476 -115.48173 
    77.98360 -116.07336 
    78.35378 -116.64016 
    78.74296 -117.18310 
    79.14983 -117.70300 
    79.57386 -118.20034 
    80.01509 -118.67519 
    80.47388 -119.12712 
    80.95033 -119.55565 
    81.46650 -119.93344 
    82.14591 -120.07845 
    82.76141 -120.25808 
    83.36341 -120.41583 
    83.95419 -120.55266 
    84.53277 -120.67672 
    85.10066 -120.79397 
    85.66096 -120.90855 
    86.21774 -121.02250 
    86.77544 -121.13686 
    87.33856 -121.25206 
    87.91168 -121.36664 
    88.49893 -121.47657 
    89.10329 -121.57516 
    89.72650 -121.65618 
    90.39387 -121.81003 
    91.16932 -122.16854 
    91.93079 -122.29368 
    92.56613 -122.03377 
    93.18294 -121.73093 
    93.77811 -121.38657 
    94.34869 -121.00233 
    94.89182 -120.58009 
    95.40482 -120.12193 
    95.88519 -119.63017 
    96.33061 -119.10730 
    96.73898 -118.55596 
    97.10843 -117.97899 
    97.43731 -117.37932 
    97.72423 -116.75999 
    97.96806 -116.12415 
    98.16789 -115.47500 
    98.32316 -114.81577 
    98.43348 -114.14970 
    98.49882 -113.48002 
    98.51936 -112.80994 
    98.49558 -112.14256 
    98.42824 -111.48091 
    98.31831 -110.82790 
    98.16705 -110.18624 
    97.97596 -109.55849 
    97.74673 -108.94695 
    97.48129 -108.35368 
    97.18169 -107.78042 
    96.85013 -107.22860 
    96.48888 -106.69930 
    96.10021 -106.19324 
    95.68634 -105.71080 
    95.24936 -105.25202 
    94.79115 -104.81667 
    94.31330 -104.40433 
    93.81709 -104.01446 
    93.30341 -103.64654 
    92.77277 -103.30026 
    92.22532 -102.97561 
    91.66092 -102.67307 
    91.07927 -102.39372 
    90.48006 -102.13938 
    89.86314 -101.91263 
    89.22876 -101.71678 
    88.57774 -101.55584 
    87.91168 -101.43428 
    87.23310 -101.35686 
    86.54552 -101.32832 
    85.85346 -101.35300 
    85.16235 -101.43460 
    84.47833 -101.57581 
    83.80807 -101.77804 
    83.15838 -102.04128 
    82.53589 -102.36403 
    81.94671 -102.74326 
    81.39613 -103.17467 
    80.80378 -103.55058 
    80.16779 -103.89616 
    79.55122 -104.29156 
    78.96230 -104.73898 
    78.40999 -105.23917 
    77.90352 -105.79118 
    77.45177 -106.39217 
    77.06270 -107.03741 
    76.74278 -107.72048 
    76.49654 -108.43356 
    76.32626 -109.16792 
    76.23185 -109.91451 
    76.21099 -110.66441 
    76.25937 -111.40945 
Cell 24 100 -93.28329 -101.08527 
    -103.47018 -101.08527 
    -103.45742 -101.72537 
    -103.40380 -102.36379 
    -103.30942 -102.99786 
    -103.17461 -103.62493 
    -102.99991 -104.24239 
    -102.78602 -104.84766 
    -102.53382 -105.43824 
    -102.24436 -106.01166 
    -101.91888 -106.56558 
    -101.55874 -107.09774 
    -101.16550 -107.60600 
    -100.74082 -108.08836 
    -100.28651 -108.54294 
    -99.80449 -108.96804 
    -99.29677 -109.36211 
    -98.76546 -109.72378 
    -98.21272 -110.05185 
    -97.64073 -110.34531 
    -97.05176 -110.60332 
    -96.44800 -110.82523 
    -95.83167 -111.01056 
    -95.20496 -111.15897 
    -94.56996 -111.27028 
    -93.92875 -111.34441 
    -93.28329 -111.38139 
    -92.63552 -111.38132 
    -91.98727 -111.34436 
    -91.34033 -111.27064 
    -90.69646 -111.16034 
    -90.05738 -111.01360 
    -89.42488 -110.83052 
    -88.80075 -110.61117 
    -88.18690 -110.35557 
    -87.58539 -110.06374 
    -86.99837 -109.73573 
    -86.42827 -109.37157 
    -85.87766 -108.97148 
    -85.34932 -108.53577 
    -84.84631 -108.06496 
    -84.37429 -107.55804 
    -84.06259 -106.93690 
    -83.91798 -106.23390 
    -83.81942 -105.53864 
    -83.75108 -104.85934 
    -83.67467 -104.20731 
    -83.58945 -103.57423 
    -83.49241 -102.95298 
    -83.34895 -102.34027 
    -83.13309 -101.72387 
    -82.85519 -101.08527 
    -82.50452 -100.40713 
    -82.08240 -99.67027 
    -81.71763 -98.87901 
    -81.56777 -98.07724 
    -82.13432 -97.46275 
    -82.77795 -96.92591 
    -83.21521 -96.34760 
    -83.09091 -95.48196 
    -82.86726 -94.47506 
    -84.45483 -94.67102 
    -84.93420 -94.17830 
    -85.44080 -93.72068 
    -85.97132 -93.29881 
    -86.52262 -92.91302 
    -87.09179 -92.56340 
    -87.67618 -92.24988 
    -88.27337 -91.97225 
    -88.88117 -91.73029 
    -89.49761 -91.52374 
    -90.12088 -91.35236 
    -90.74929 -91.21598 
    -91.38127 -91.11449 
    -92.01411 -91.03866 
    -92.64286 -90.90585 
    -93.28329 -90.78137 
    -93.93896 -90.66383 
    -94.61317 -90.55817 
    -95.30690 -90.47718 
    -96.01629 -90.44097 
    -96.73120 -90.47370 
    -97.43549 -90.59804 
    -98.10953 -90.82901 
    -98.73454 -91.16950 
    -99.29713 -91.60899 
    -99.79243 -92.12621 
    -100.22458 -92.69470 
    -100.60448 -93.28901 
    -100.94588 -93.88963 
    -101.26138 -94.48523 
    -101.55954 -95.07223 
    -101.84391 -95.65254 
    -102.14138 -96.21550 
    -102.43981 -96.77654 
    -102.70249 -97.35595 
    -102.92818 -97.95146 
    -103.11582 -98.56071 
    -103.26450 -99.18126 
    -103.37347 -99.81059 
    -103.44216 -100.44614 
