111 25 
Cell 0 100 -123.07795 -142.94882 
    -133.07805 -142.94882 
    -133.05830 -143.57674 
    -132.99918 -144.20216 
    -132.90088 -144.82265 
    -132.76382 -145.43573 
    -132.58855 -146.03900 
    -132.37573 -146.63007 
    -132.13029 -147.20853 
    -131.85840 -147.77591 
    -131.55664 -148.32956 
    -131.21979 -148.86421 
    -130.84898 -149.37758 
    -130.44553 -149.86743 
    -130.01086 -150.33162 
    -129.54660 -150.76808 
    -129.05450 -151.17485 
    -128.53645 -151.55003 
    -127.99446 -151.89192 
    -127.43070 -152.19888 
    -126.84745 -152.46948 
    -126.24707 -152.70238 
    -125.63206 -152.89641 
    -125.00497 -153.05063 
    -124.36845 -153.16418 
    -123.72520 -153.23647 
    -123.07795 -153.26703 
    -122.42950 -153.25565 
    -121.78264 -153.20224 
    -121.14018 -153.10695 
    -120.50491 -152.97017 
    -119.87959 -152.79237 
    -119.26694 -152.57431 
    -118.66965 -152.31693 
    -118.09031 -152.02130 
    -117.53143 -151.68874 
    -116.99542 -151.32069 
    -116.48461 -150.91881 
    -116.00116 -150.48483 
    -115.54713 -150.02072 
    -115.12444 -149.52853 
    -114.73482 -149.01045 
    -114.37988 -148.46878 
    -114.06102 -147.90591 
    -113.77952 -147.32433 
    -113.53642 -146.72658 
    -113.31041 -146.12248 
    -113.11105 -145.50789 
    -112.94582 -144.88162 
    -112.81480 -144.24536 
    -112.71811 -143.60060 
    -112.78367 -142.94882 
    -113.21792 -142.32848 
    -113.56035 -141.74646 
    -113.84913 -141.18832 
    -114.10497 -140.64494 
    -114.34232 -140.11044 
    -114.57185 -139.58102 
    -114.79774 -139.05244 
    -115.03078 -138.52486 
    -115.27672 -137.99802 
    -115.53644 -137.46959 
    -115.81205 -136.93794 
    -116.10719 -136.40285 
    -116.42384 -135.86290 
    -116.79116 -135.34940 
    -117.17966 -134.83054 
    -117.55663 -134.24863 
    -117.84533 -133.43074 
    -118.23978 -132.66721 
    -118.95322 -132.53094 
    -119.67591 -132.47844 
    -120.36532 -132.38383 
    -121.04095 -132.27048 
    -121.71234 -132.13887 
    -122.38657 -131.95964 
    -123.07795 -131.68265 
    -123.80618 -131.37381 
    -124.58440 -131.02408 
    -125.35121 -131.03194 
    -126.05577 -131.35098 
    -126.72369 -131.72838 
    -127.32961 -132.21036 
    -127.82284 -132.86542 
    -128.26389 -133.51564 
    -128.77747 -133.96782 
    -129.27536 -134.41881 
    -129.87160 -134.73671 
    -130.66521 -134.86920 
    -130.66415 -135.82491 
    -130.96609 -136.42319 
    -131.31358 -136.96529 
    -131.63075 -137.52104 
    -131.91730 -138.08936 
    -132.17274 -138.66914 
    -132.39653 -139.25934 
    -132.58867 -139.85860 
    -132.76393 -140.46188 
    -132.90096 -141.07498 
    -132.99922 -141.69548 
    -133.05833 -142.32091 
Cell 1 100 -106.11416 -135.51086 
    -116.67566 -135.51086 
    -116.25609 -136.14894 
    -115.91618 -136.74915 
    -115.61254 -137.32278 
    -115.33546 -137.87849 
    -115.07813 -138.42343 
    -114.83665 -138.96434 
    -114.60397 -139.50587 
    -114.36897 -140.04898 
    -114.12679 -140.59583 
    -113.86936 -141.14536 
    -113.58773 -141.69354 
    -113.27352 -142.23396 
    -112.91828 -142.75652 
    -112.50478 -143.23579 
    -112.00449 -143.61823 
    -111.48523 -143.97430 
    -110.94443 -144.29709 
    -110.38425 -144.58527 
    -109.80689 -144.83765 
    -109.21465 -145.05321 
    -108.60989 -145.23108 
    -107.99499 -145.37050 
    -107.37241 -145.47092 
    -106.74463 -145.53191 
    -106.11416 -145.55319 
    -105.48351 -145.53470 
    -104.85521 -145.47644 
    -104.23177 -145.37868 
    -103.61568 -145.24178 
    -103.00941 -145.06627 
    -102.41540 -144.85286 
    -101.83601 -144.60240 
    -101.27356 -144.31589 
    -100.73031 -143.99445 
    -100.20844 -143.63940 
    -99.71001 -143.25215 
    -99.23704 -142.83426 
    -98.79140 -142.38739 
    -98.37488 -141.91336 
    -97.98613 -141.41621 
    -97.62246 -140.89986 
    -97.28779 -140.36320 
    -97.09642 -139.75429 
    -97.09531 -139.08168 
    -97.05383 -138.45474 
    -97.02000 -137.84586 
    -96.99743 -137.24997 
    -96.98826 -136.66374 
    -96.99232 -136.08476 
    -97.01296 -135.51086 
    -97.05134 -134.94067 
    -97.07264 -134.36865 
    -97.09022 -133.78946 
    -97.12114 -133.20186 
    -97.16142 -132.60194 
    -97.21342 -131.98682 
    -97.27629 -131.35208 
    -97.34230 -130.68849 
    -97.39449 -129.97720 
    -97.38643 -129.16978 
    -97.55877 -128.43323 
    -98.06013 -127.94762 
    -98.60120 -127.51038 
    -99.17432 -127.12203 
    -99.77196 -126.78157 
    -100.38728 -126.48675 
    -101.01447 -126.23456 
    -101.64891 -126.02174 
    -102.28725 -125.84518 
    -102.92716 -125.70229 
    -103.52191 -125.41472 
    -104.13470 -125.13416 
    -104.77414 -124.90350 
    -105.43703 -124.74828 
    -106.11416 -124.68943 
    -106.79157 -124.74361 
    -107.45135 -124.92593 
    -108.08423 -125.18341 
    -108.69223 -125.46992 
    -109.27023 -125.79746 
    -109.82349 -126.14216 
    -110.30058 -126.61426 
    -110.76682 -127.04769 
    -111.23585 -127.44038 
    -111.70769 -127.81203 
    -112.18192 -128.17621 
    -112.66051 -128.53970 
    -113.14159 -128.91167 
    -113.62251 -129.29942 
    -114.10195 -129.70740 
    -114.58130 -130.13745 
    -115.06380 -130.59076 
    -115.55468 -131.06850 
    -116.07597 -131.56671 
    -116.70464 -132.06981 
    -117.54369 -132.57626 
    -117.86880 -133.26855 
    -117.62435 -134.05678 
    -117.19036 -134.81401 
Cell 2 100 -87.15218 -136.49870 
    -96.98942 -136.49870 
    -96.99536 -137.11798 
    -97.01617 -137.74481 
    -97.05006 -138.38683 
    -97.09329 -139.05115 
    -97.09638 -139.72977 
    -96.87022 -140.34634 
    -96.52721 -140.91026 
    -96.16608 -141.45413 
    -95.78608 -141.97794 
    -95.38631 -142.48114 
    -94.98445 -142.97812 
    -94.58821 -143.48160 
    -94.15902 -143.96022 
    -93.69836 -144.41167 
    -93.20795 -144.83376 
    -92.68966 -145.22437 
    -92.14551 -145.58153 
    -91.57768 -145.90337 
    -90.98853 -146.18820 
    -90.38053 -146.43452 
    -89.75626 -146.64093 
    -89.11845 -146.80626 
    -88.46990 -146.92949 
    -87.81349 -147.00992 
    -87.15218 -147.04692 
    -86.48897 -147.04016 
    -85.82688 -146.98952 
    -85.16896 -146.89511 
    -84.51824 -146.75723 
    -83.87772 -146.57646 
    -83.25036 -146.35358 
    -82.63908 -146.08955 
    -82.04665 -145.78563 
    -81.47584 -145.44319 
    -80.92921 -145.06389 
    -80.40926 -144.64949 
    -79.91831 -144.20200 
    -79.45852 -143.72354 
    -79.03188 -143.21640 
    -78.64024 -142.68300 
    -78.28516 -142.12589 
    -77.96812 -141.54768 
    -77.68576 -140.95326 
    -77.39799 -140.36066 
    -77.14310 -139.75085 
    -76.92274 -139.12518 
    -76.73888 -138.48515 
    -76.59393 -137.83252 
    -76.49059 -137.16948 
    -76.43174 -136.49870 
    -76.42020 -135.82350 
    -76.45850 -135.14778 
    -76.54868 -134.47598 
    -76.69193 -133.81297 
    -76.88849 -133.16383 
    -77.13751 -132.53362 
    -77.43702 -131.92709 
    -77.78401 -131.34851 
    -78.17463 -130.80138 
    -78.60439 -130.28836 
    -79.06844 -129.81125 
    -79.56192 -129.37097 
    -80.08011 -128.96771 
    -80.61871 -128.60107 
    -81.17394 -128.27036 
    -81.74264 -127.97462 
    -82.31982 -127.70866 
    -82.87130 -127.40137 
    -83.43932 -127.12106 
    -84.02261 -126.86687 
    -84.62032 -126.63775 
    -85.23197 -126.43259 
    -85.85754 -126.25050 
    -86.49738 -126.09091 
    -87.15218 -125.95384 
    -87.82518 -125.80173 
    -88.52312 -125.64664 
    -89.23492 -125.58060 
    -89.94322 -125.62833 
    -90.68312 -125.63161 
    -91.44696 -125.65133 
    -92.20197 -125.76737 
    -92.93269 -125.98401 
    -93.68545 -126.20393 
    -94.42342 -126.49072 
    -95.13622 -126.84766 
    -95.81289 -127.27599 
    -96.44240 -127.77461 
    -97.01439 -128.33998 
    -97.41651 -129.04123 
    -97.39284 -129.99979 
    -97.32040 -130.90868 
    -97.23655 -131.75336 
    -97.16721 -132.53348 
    -97.11805 -133.26060 
    -97.08540 -133.94829 
    -97.06373 -134.60797 
    -97.03046 -135.25079 
    -96.99972 -135.87915 
Cell 3 100 -54.05295 -154.46248 
    -64.18401 -154.46248 
    -64.13867 -155.09702 
    -64.05636 -155.72620 
    -63.93775 -156.34810 
    -63.78343 -156.96085 
    -63.59393 -157.56253 
    -63.36976 -158.15126 
    -63.11148 -158.72510 
    -62.81973 -159.28206 
    -62.49623 -159.82074 
    -62.14312 -160.34033 
    -61.75808 -160.83672 
    -61.34264 -161.30795 
    -60.89842 -161.75217 
    -60.42719 -162.16762 
    -59.93081 -162.55264 
    -59.41122 -162.90576 
    -58.87049 -163.22554 
    -58.31075 -163.51074 
    -57.73420 -163.76024 
    -57.14312 -163.97304 
    -56.53985 -164.14832 
    -55.92677 -164.28535 
    -55.30629 -164.38362 
    -54.68086 -164.44275 
    -54.05295 -164.46248 
    -53.42505 -164.44275 
    -52.79962 -164.38362 
    -52.17914 -164.28535 
    -51.56606 -164.14832 
    -50.96278 -163.97304 
    -50.37022 -163.76401 
    -49.79065 -163.52032 
    -49.22622 -163.24228 
    -48.67849 -162.93129 
    -48.14879 -162.58887 
    -47.63820 -162.21658 
    -47.14751 -161.81602 
    -46.67730 -161.38867 
    -46.22800 -160.93584 
    -45.79996 -160.45862 
    -45.39366 -159.95784 
    -45.00982 -159.43399 
    -44.64962 -158.88736 
    -44.31486 -158.31807 
    -44.00809 -157.72626 
    -43.73267 -157.11227 
    -43.49276 -156.47694 
    -43.29313 -155.82176 
    -43.13894 -155.14912 
    -43.03538 -154.46248 
    -42.98727 -153.76628 
    -42.99862 -153.06599 
    -43.07220 -152.36778 
    -43.20929 -151.67830 
    -43.40946 -151.00420 
    -43.67058 -150.35181 
    -43.98892 -149.72670 
    -44.35949 -149.13345 
    -44.77639 -148.57539 
    -45.23325 -148.05460 
    -45.72372 -147.57193 
    -46.24178 -147.12730 
    -46.78211 -146.71982 
    -47.34025 -146.34821 
    -47.91262 -146.01103 
    -48.49654 -145.70697 
    -49.09005 -145.43500 
    -49.69178 -145.19452 
    -50.30070 -144.98537 
    -50.91597 -144.80783 
    -51.53675 -144.66252 
    -52.16210 -144.55029 
    -52.79087 -144.47211 
    -53.42170 -144.42896 
    -54.05295 -144.40332 
    -54.68546 -144.40903 
    -55.31760 -144.45175 
    -55.94740 -144.53146 
    -56.57284 -144.64816 
    -57.19381 -144.79590 
    -57.81033 -144.97244 
    -58.40793 -145.20767 
    -58.98664 -145.48813 
    -59.55523 -145.79228 
    -60.10391 -146.13406 
    -60.62934 -146.51299 
    -61.12814 -146.92818 
    -61.59694 -147.37820 
    -62.03257 -147.86118 
    -62.43219 -148.37460 
    -62.79340 -148.91562 
    -63.11435 -149.48094 
    -63.39376 -150.06703 
    -63.63095 -150.67029 
    -63.82576 -151.28711 
    -63.97849 -151.91403 
    -64.08979 -152.54785 
    -64.16050 -153.18559 
    -64.19159 -153.82462 
Cell 4 100 -58.63740 -133.97166 
    -70.69327 -133.97166 
    -70.53205 -134.72002 
    -70.32101 -135.44765 
    -70.06438 -136.15147 
    -69.76642 -136.82912 
    -69.43120 -137.47878 
    -69.06258 -138.09927 
    -68.66407 -138.68985 
    -68.23883 -139.25009 
    -67.78961 -139.77983 
    -67.31876 -140.27904 
    -66.82831 -140.74777 
    -66.31992 -141.18602 
    -65.79503 -141.59377 
    -65.25489 -141.97084 
    -64.70061 -142.31696 
    -64.13325 -142.63173 
    -63.55384 -142.91464 
    -62.96548 -143.16931 
    -62.39484 -143.46187 
    -61.80862 -143.73169 
    -61.20229 -143.96124 
    -60.57874 -144.14848 
    -59.94079 -144.28902 
    -59.29234 -144.38165 
    -58.63740 -144.42944 
    -57.97900 -144.43660 
    -57.31944 -144.40443 
    -56.65929 -144.34126 
    -55.99648 -144.25740 
    -55.33020 -144.15019 
    -54.66561 -144.00327 
    -54.02818 -143.76675 
    -53.40791 -143.48407 
    -52.80672 -143.15935 
    -52.22767 -142.79390 
    -51.67369 -142.38934 
    -51.14759 -141.94751 
    -50.65202 -141.47043 
    -50.18948 -140.96039 
    -49.76227 -140.41983 
    -49.37246 -139.85138 
    -49.02190 -139.25783 
    -48.71223 -138.64209 
    -48.44483 -138.00719 
    -48.22082 -137.35622 
    -48.04106 -136.69234 
    -47.90617 -136.01875 
    -47.81651 -135.33867 
    -47.77218 -134.65524 
    -47.77309 -133.97166 
    -47.81886 -133.29102 
    -47.90895 -132.61635 
    -48.04260 -131.95059 
    -48.21888 -131.29665 
    -48.43670 -130.65726 
    -48.69478 -130.03510 
    -48.99174 -129.43275 
    -49.32605 -128.85271 
    -49.69601 -128.29729 
    -50.09987 -127.76878 
    -50.53570 -127.26936 
    -51.00145 -126.80103 
    -51.49494 -126.36572 
    -52.01388 -125.96519 
    -52.55582 -125.60109 
    -53.08587 -125.22385 
    -53.66221 -124.92183 
    -54.25096 -124.64999 
    -54.84650 -124.39694 
    -55.44254 -124.13889 
    -56.04523 -123.87582 
    -56.65988 -123.60513 
    -57.29189 -123.32078 
    -57.94992 -123.04452 
    -58.63740 -122.85857 
    -59.34561 -122.71503 
    -60.07232 -122.61313 
    -60.79626 -122.65453 
    -61.52476 -122.72615 
    -62.27009 -122.79140 
    -63.01687 -122.91039 
    -63.76165 -123.08208 
    -64.49904 -123.30939 
    -65.22339 -123.59382 
    -65.92866 -123.93612 
    -66.60848 -124.33628 
    -67.25641 -124.79336 
    -67.86601 -125.30543 
    -68.43115 -125.86957 
    -68.94617 -126.48191 
    -69.40601 -127.13770 
    -69.80645 -127.83143 
    -70.14420 -128.55698 
    -70.41698 -129.30780 
    -70.62361 -130.07712 
    -70.76394 -130.85809 
    -70.83887 -131.64410 
    -70.85020 -132.42883 
    -70.80058 -133.20642 
Cell 5 100 -6.05643 -142.42726 
    -16.47811 -142.42726 
    -16.49515 -143.08401 
    -16.46891 -143.74266 
    -16.39910 -144.40024 
    -16.28567 -145.05368 
    -16.12877 -145.69997 
    -15.92883 -146.33601 
    -15.68648 -146.95882 
    -15.40258 -147.56535 
    -15.07826 -148.15269 
    -14.71484 -148.71796 
    -14.31386 -149.25841 
    -13.87711 -149.77136 
    -13.40655 -150.25435 
    -12.90435 -150.70497 
    -12.37286 -151.12108 
    -11.81457 -151.50064 
    -11.23214 -151.84184 
    -10.62836 -152.14311 
    -10.00613 -152.40306 
    -9.36843 -152.62056 
    -8.71833 -152.79466 
    -8.05892 -152.92471 
    -7.39338 -153.01028 
    -6.72483 -153.05118 
    -6.05643 -153.04747 
    -5.39129 -152.99940 
    -4.73246 -152.90753 
    -4.08295 -152.77260 
    -3.44565 -152.59557 
    -2.82337 -152.37759 
    -2.21878 -152.12006 
    -1.63443 -151.82448 
    -1.07273 -151.49257 
    -0.53590 -151.12622 
    -0.02604 -150.72739 
    0.45496 -150.29819 
    0.90539 -149.84085 
    1.32422 -149.35815 
    1.70449 -148.84766 
    1.98793 -148.27182 
    2.26433 -147.70776 
    2.52926 -147.14728 
    2.78075 -146.58572 
    3.01871 -146.02036 
    3.24252 -145.44867 
    3.45187 -144.86858 
    3.64778 -144.27844 
    3.83252 -143.67651 
    4.01065 -143.06062 
    4.19118 -142.42726 
    4.49057 -141.76370 
    5.07173 -141.02144 
    5.52609 -140.21777 
    5.67490 -139.41518 
    5.72170 -138.60031 
    5.64217 -137.79546 
    5.41959 -137.02705 
    5.05062 -136.32111 
    4.54623 -135.69861 
    3.92990 -135.17177 
    3.23311 -134.74229 
    2.48987 -134.40175 
    1.73121 -134.13426 
    0.98118 -133.92026 
    0.25491 -133.74045 
    -0.44123 -133.57912 
    -1.08432 -133.38303 
    -1.67578 -133.11790 
    -2.28032 -132.88989 
    -2.89561 -132.69925 
    -3.51938 -132.54611 
    -4.13627 -132.36142 
    -4.75931 -132.15947 
    -5.39873 -131.97343 
    -6.05643 -131.65897 
    -6.78549 -130.83923 
    -7.45132 -131.38554 
    -8.12443 -131.58643 
    -8.80215 -131.73338 
    -9.45357 -131.97194 
    -10.08564 -132.25064 
    -10.70489 -132.54880 
    -11.31305 -132.86551 
    -11.90917 -133.20482 
    -12.43725 -133.64482 
    -12.88225 -134.17625 
    -13.28221 -134.73259 
    -13.65040 -135.29605 
    -13.99304 -135.86153 
    -14.31408 -136.42772 
    -14.61493 -136.99586 
    -14.89476 -137.56834 
    -15.21351 -138.11827 
    -15.50871 -138.68484 
    -15.76810 -139.27174 
    -15.99010 -139.87672 
    -16.17327 -140.49738 
    -16.31636 -141.13113 
    -16.41828 -141.77534 
Cell 6 100 11.60614 -150.05769 
    0.98164 -150.05769 
    0.78803 -150.73831 
    0.71270 -151.43385 
    0.73471 -152.13153 
    0.83244 -152.82391 
    0.99216 -153.50638 
    1.20888 -154.17426 
    1.47295 -154.82602 
    1.78202 -155.45856 
    2.13458 -156.06853 
    2.52887 -156.65271 
    2.96283 -157.20807 
    3.43419 -157.73167 
    3.94040 -158.22087 
    4.47878 -158.67320 
    5.04639 -159.08641 
    5.64014 -159.45860 
    6.25685 -159.78801 
    6.89315 -160.07330 
    7.54566 -160.31329 
    8.21091 -160.50714 
    8.88538 -160.65437 
    9.56559 -160.75464 
    10.24805 -160.80809 
    10.92935 -160.81494 
    11.60614 -160.77588 
    12.27518 -160.69167 
    12.93333 -160.56346 
    13.57761 -160.39252 
    14.20522 -160.18044 
    14.81350 -159.92891 
    15.39997 -159.63982 
    15.99046 -159.37485 
    16.58746 -159.11867 
    17.17155 -158.82738 
    17.74077 -158.50128 
    18.29301 -158.14073 
    18.82605 -157.74612 
    19.33752 -157.31793 
    19.82487 -156.85683 
    20.28545 -156.36357 
    20.71643 -155.83925 
    21.11490 -155.28519 
    21.47792 -154.70300 
    21.80251 -154.09473 
    22.08582 -153.46274 
    22.32510 -152.80986 
    22.51787 -152.13922 
    22.66196 -151.45436 
    22.75560 -150.75916 
    22.79745 -150.05769 
    22.78672 -149.35428 
    22.72315 -148.65329 
    22.60706 -147.95915 
    22.43933 -147.27620 
    22.22137 -146.60860 
    21.95512 -145.96024 
    21.64293 -145.33475 
    21.28753 -144.73531 
    20.89193 -144.16475 
    20.45934 -143.62546 
    19.99311 -143.11938 
    19.49660 -142.64806 
    18.97314 -142.21263 
    18.42598 -141.81393 
    17.85821 -141.45247 
    17.27277 -141.12852 
    16.67240 -140.84221 
    16.05965 -140.59351 
    15.43690 -140.38229 
    14.80637 -140.20840 
    14.17011 -140.07170 
    13.53010 -139.97197 
    12.91796 -139.67354 
    12.28162 -139.32123 
    11.60614 -138.92889 
    10.88094 -138.53090 
    10.10666 -138.18810 
    9.30131 -137.97536 
    8.49981 -137.95932 
    7.74518 -138.17488 
    7.07438 -138.61177 
    6.50546 -139.21820 
    6.03259 -139.91943 
    5.58715 -140.57327 
    5.05575 -141.04185 
    4.61417 -141.60583 
    4.27216 -142.24779 
    4.04113 -142.95367 
    3.84412 -143.63640 
    3.64849 -144.27612 
    3.44768 -144.88017 
    3.23895 -145.45779 
    3.01990 -146.01730 
    2.78877 -146.56665 
    2.54444 -147.11337 
    2.28483 -147.66440 
    2.00984 -148.22710 
    1.72341 -148.80922 
    1.31273 -149.41008 
Cell 7 100 34.03660 -130.77576 
    23.62179 -130.77576 
    23.60181 -131.43225 
    23.62511 -132.09103 
    23.69201 -132.74910 
    23.80261 -133.40340 
    23.95679 -134.05089 
    24.15418 -134.68848 
    24.39419 -135.31313 
    24.67598 -135.92180 
    24.99848 -136.51152 
    25.36037 -137.07941 
    25.76014 -137.62263 
    26.19604 -138.13853 
    26.66609 -138.62456 
    27.16817 -139.07826 
    27.69992 -139.49745 
    28.25883 -139.88007 
    28.84224 -140.22424 
    29.44736 -140.52838 
    30.07128 -140.79100 
    30.71098 -141.01096 
    31.36337 -141.18729 
    32.02531 -141.31927 
    32.69363 -141.40646 
    33.36512 -141.44865 
    34.03660 -141.44585 
    34.70491 -141.39833 
    35.36695 -141.30663 
    36.01968 -141.17146 
    36.66014 -140.99380 
    37.28550 -140.77483 
    37.89300 -140.51591 
    38.48008 -140.21863 
    39.04427 -139.88469 
    39.58332 -139.51599 
    40.09511 -139.11458 
    40.57771 -138.68260 
    41.02940 -138.22234 
    41.50128 -137.78555 
    41.95428 -137.32584 
    42.38241 -136.83934 
    42.78430 -136.32722 
    43.15854 -135.79059 
    43.50367 -135.23062 
    43.81812 -134.64853 
    44.10024 -134.04564 
    44.34829 -133.42336 
    44.56042 -132.78328 
    44.73470 -132.12724 
    44.86916 -131.45729 
    44.96184 -130.77576 
    45.01082 -130.08531 
    45.01431 -129.38895 
    44.97068 -128.68997 
    44.87860 -127.99200 
    44.73705 -127.29897 
    44.54545 -126.61501 
    44.30367 -125.94444 
    44.01210 -125.29168 
    43.67168 -124.66115 
    43.28394 -124.05717 
    42.85094 -123.48389 
    42.37531 -122.94519 
    41.86012 -122.44456 
    41.30889 -121.98506 
    40.79373 -121.47536 
    40.23802 -121.00388 
    39.62841 -120.60429 
    38.97344 -120.28444 
    38.28381 -120.04852 
    37.57141 -119.89674 
    36.84818 -119.82535 
    36.12511 -119.82737 
    35.41137 -119.89334 
    34.71722 -119.95752 
    34.03660 -119.78811 
    33.33652 -119.64830 
    32.61886 -119.55324 
    31.88783 -119.51151 
    31.14959 -119.53159 
    30.41221 -119.62105 
    29.68527 -119.78556 
    28.97920 -120.02824 
    28.30451 -120.34913 
    27.80771 -120.96059 
    27.36744 -121.59644 
    26.97238 -122.23658 
    26.62874 -122.88718 
    26.35929 -123.56629 
    26.10327 -124.21274 
    25.86290 -124.83722 
    25.63637 -125.44482 
    25.42005 -126.03877 
    25.21208 -126.62325 
    25.00813 -127.20114 
    24.80310 -127.77562 
    24.59068 -128.35045 
    24.36240 -128.93030 
    24.10863 -129.52156 
    23.72982 -130.12730 
Cell 8 100 46.36143 -148.44911 
    36.32967 -148.44911 
    36.35174 -149.07887 
    36.40488 -149.70692 
    36.49565 -150.33112 
    36.62547 -150.94888 
    36.79414 -151.55771 
    37.00109 -152.15514 
    37.24559 -152.73869 
    37.52671 -153.30605 
    37.84340 -153.85481 
    38.19444 -154.38278 
    38.57848 -154.88773 
    38.99401 -155.36758 
    39.43938 -155.82034 
    39.91283 -156.24413 
    40.41247 -156.63716 
    40.93628 -156.99779 
    41.48213 -157.32452 
    42.04784 -157.61597 
    42.63108 -157.87091 
    43.22948 -158.08829 
    43.84058 -158.26718 
    44.46190 -158.40683 
    45.09087 -158.50667 
    45.72491 -158.56628 
    46.36143 -158.58542 
    46.99781 -158.56403 
    47.63144 -158.50221 
    48.25971 -158.40024 
    48.88007 -158.25853 
    49.48997 -158.07774 
    50.08693 -157.85863 
    50.66852 -157.60214 
    51.23240 -157.30937 
    51.77628 -156.98155 
    52.29799 -156.62007 
    52.79543 -156.22649 
    53.26664 -155.80241 
    53.70975 -155.34964 
    54.12302 -154.87006 
    54.50487 -154.36566 
    54.85380 -153.83853 
    55.16850 -153.29083 
    55.44778 -152.72482 
    55.69061 -152.14279 
    55.89611 -151.54712 
    56.06356 -150.94020 
    56.19238 -150.32446 
    56.28263 -149.70245 
    56.34287 -149.07709 
    56.36372 -148.44911 
    56.34509 -147.82100 
    56.28704 -147.19522 
    56.18978 -146.57425 
    56.05368 -145.96057 
    55.87928 -145.35658 
    55.66724 -144.76468 
    55.41841 -144.18723 
    55.13374 -143.62650 
    54.81658 -143.08331 
    54.47014 -142.55780 
    54.09517 -142.05121 
    53.69402 -141.56335 
    53.26882 -141.09349 
    52.82105 -140.64078 
    52.35126 -140.20482 
    51.85884 -139.78659 
    51.34220 -139.38913 
    50.79930 -139.01816 
    50.32937 -138.42726 
    49.83542 -137.75728 
    49.13301 -137.65454 
    48.35790 -137.98328 
    47.69648 -137.88116 
    47.02831 -137.84952 
    46.36143 -137.70752 
    45.68385 -137.67918 
    45.03063 -137.91469 
    44.42185 -138.28146 
    43.81319 -138.52435 
    43.21575 -138.76768 
    42.63401 -139.03470 
    42.06779 -139.32466 
    41.51762 -139.63824 
    40.98477 -139.97685 
    40.47110 -140.34177 
    39.97882 -140.73386 
    39.50826 -141.15121 
    39.06419 -141.59654 
    38.64903 -142.06886 
    38.26442 -142.56628 
    37.91186 -143.08685 
    37.59274 -143.62848 
    37.30831 -144.18904 
    37.05969 -144.76630 
    36.83670 -145.35434 
    36.60995 -145.94536 
    36.43823 -146.55617 
    36.35163 -147.18459 
    36.32777 -147.81784 
Cell 9 100 68.21197 -150.63464 
    57.38414 -150.63464 
    57.36968 -151.31679 
    57.37818 -152.00327 
    57.42585 -152.69220 
    57.51905 -153.38011 
    57.67327 -154.05887 
    57.87412 -154.72769 
    58.12112 -155.38303 
    58.41349 -156.02141 
    58.75008 -156.63934 
    59.12943 -157.23349 
    59.54980 -157.80061 
    60.00912 -158.33763 
    60.50505 -158.84167 
    61.03506 -159.31003 
    61.59634 -159.74026 
    62.18590 -160.13020 
    62.80061 -160.47786 
    63.43715 -160.78165 
    64.09209 -161.04027 
    64.76194 -161.25273 
    65.44317 -161.41840 
    66.13224 -161.53694 
    66.82565 -161.60849 
    67.51997 -161.63350 
    68.21197 -161.61267 
    68.89854 -161.54730 
    69.57686 -161.43884 
    70.24440 -161.28903 
    70.89900 -161.09996 
    71.53886 -160.87376 
    72.16257 -160.61272 
    72.76912 -160.31908 
    73.35787 -159.99501 
    73.92845 -159.64240 
    74.48073 -159.26285 
    75.01452 -158.85751 
    75.52969 -158.42723 
    76.02561 -157.97215 
    76.50139 -157.49225 
    76.95533 -156.98706 
    77.38511 -156.45610 
    77.78752 -155.89885 
    78.15502 -155.31349 
    78.46819 -154.69537 
    78.74532 -154.05714 
    78.98467 -153.40060 
    79.17448 -152.72586 
    79.30695 -152.03627 
    79.37917 -151.33722 
    79.38866 -150.63464 
    79.33358 -149.93494 
    79.21500 -149.24464 
    79.03522 -148.56999 
    78.79760 -147.91672 
    78.50890 -147.28897 
    78.36845 -146.61340 
    78.18674 -145.94087 
    77.96017 -145.27553 
    77.68717 -144.62149 
    77.36659 -143.98341 
    76.99782 -143.36635 
    76.58093 -142.77567 
    76.11679 -142.21686 
    75.60715 -141.69540 
    75.05464 -141.21651 
    74.46277 -140.78496 
    73.83583 -140.40488 
    73.17880 -140.07957 
    72.49716 -139.81148 
    71.79669 -139.60199 
    71.08331 -139.45151 
    70.36282 -139.35945 
    69.64079 -139.32436 
    68.92232 -139.34399 
    68.21197 -139.41556 
    67.51369 -139.53580 
    66.83076 -139.70128 
    66.16583 -139.90845 
    65.52097 -140.15387 
    64.89769 -140.43434 
    64.29715 -140.74693 
    63.72017 -141.08908 
    63.16738 -141.45857 
    62.63932 -141.85356 
    62.13652 -142.27251 
    61.65955 -142.71413 
    61.20906 -143.17731 
    60.67675 -143.55861 
    60.13079 -143.94931 
    59.58082 -144.36375 
    59.03683 -144.81192 
    58.51715 -145.30487 
    58.04676 -145.85126 
    57.65302 -146.45406 
    57.35958 -147.10849 
    57.18061 -147.80228 
    57.11714 -148.51819 
    57.15699 -149.23808 
    57.27837 -149.94676 
Cell 10 100 83.00684 -132.80476 
    71.72150 -132.80476 
    71.34779 -133.53828 
    71.02024 -134.31902 
    71.31805 -135.03452 
    71.74649 -135.69594 
    72.20344 -136.31500 
    72.67540 -136.89526 
    73.15294 -137.44167 
    73.63068 -137.95935 
    74.10683 -138.45288 
    74.58230 -138.92555 
    75.05976 -139.37917 
    75.54275 -139.81401 
    76.03484 -140.22919 
    76.53919 -140.62282 
    77.05811 -140.99249 
    77.59303 -141.33557 
    78.14443 -141.64946 
    78.71201 -141.93173 
    79.29482 -142.18027 
    79.89134 -142.39328 
    80.49973 -142.56935 
    81.11783 -142.70731 
    81.74335 -142.80635 
    82.37380 -142.86670 
    83.00684 -142.88911 
    83.64023 -142.87218 
    84.27156 -142.81606 
    84.89849 -142.72113 
    85.51874 -142.58794 
    86.13010 -142.41716 
    86.73049 -142.20963 
    87.31792 -141.96628 
    87.89054 -141.68819 
    88.44662 -141.37648 
    88.98454 -141.03236 
    89.50285 -140.65709 
    90.00019 -140.25192 
    90.47531 -139.81813 
    90.92706 -139.35693 
    91.35431 -138.86955 
    91.75599 -138.35715 
    92.13100 -137.82082 
    92.47821 -137.26166 
    92.79639 -136.68073 
    93.08420 -136.07910 
    93.34016 -135.45790 
    93.56264 -134.81839 
    93.74986 -134.16193 
    93.89984 -133.49010 
    94.01054 -132.80476 
    94.07980 -132.10811 
    94.10545 -131.40268 
    94.08537 -130.69142 
    94.01759 -129.97769 
    93.90035 -129.26524 
    93.73226 -128.55827 
    93.51234 -127.86125 
    93.24014 -127.17896 
    92.91579 -126.51636 
    92.51783 -125.89463 
    91.90726 -125.44170 
    91.26488 -125.04995 
    90.50060 -124.82472 
    89.79159 -124.60342 
    89.13304 -124.37278 
    88.50507 -124.14094 
    87.89552 -123.91228 
    87.29655 -123.68867 
    86.70275 -123.46998 
    86.10999 -123.25426 
    85.51464 -123.03755 
    84.91283 -122.81322 
    84.29968 -122.57089 
    83.66811 -122.29416 
    83.00684 -121.99496 
    82.31270 -121.77171 
    81.63326 -121.93176 
    80.97077 -122.13129 
    80.32708 -122.36778 
    79.70374 -122.63885 
    79.10201 -122.94229 
    78.52297 -123.27605 
    77.96754 -123.63830 
    77.43654 -124.02737 
    76.88293 -124.37593 
    76.26163 -124.65120 
    75.62891 -124.94806 
    74.98511 -125.27185 
    74.64590 -125.88800 
    74.33443 -126.50389 
    74.05824 -127.12581 
    73.79821 -127.74227 
    73.52429 -128.34262 
    73.24871 -128.94125 
    72.98051 -129.54701 
    72.72501 -130.16484 
    72.48249 -130.79713 
    72.24655 -131.44543 
    72.00208 -132.11240 
Cell 11 100 119.27184 -141.46317 
    109.10681 -141.46317 
    109.11738 -142.10204 
    109.16878 -142.73949 
    109.26089 -143.37286 
    109.39342 -143.99951 
    109.56590 -144.61682 
    109.77769 -145.22217 
    110.02796 -145.81300 
    110.31571 -146.38684 
    110.63979 -146.94124 
    110.99884 -147.47385 
    111.39140 -147.98244 
    111.81583 -148.46483 
    112.27035 -148.91901 
    112.75304 -149.34305 
    113.26186 -149.73520 
    113.79467 -150.09381 
    114.34920 -150.41742 
    114.92311 -150.70470 
    115.51396 -150.95448 
    116.11927 -151.16579 
    116.73647 -151.33781 
    117.36296 -151.46989 
    117.99612 -151.56158 
    118.63329 -151.61261 
    119.27184 -151.62286 
    119.90913 -151.59247 
    120.54253 -151.52170 
    121.16949 -151.41103 
    121.78754 -151.26117 
    122.39428 -151.07304 
    122.98749 -150.84781 
    123.56512 -150.58684 
    124.12543 -150.29181 
    124.66700 -149.96457 
    125.18886 -149.60724 
    125.69052 -149.22202 
    126.17207 -148.81116 
    126.63410 -148.37679 
    127.07770 -147.92073 
    127.50414 -147.44427 
    127.91465 -146.94806 
    128.30994 -146.43190 
    128.68974 -145.89490 
    129.05229 -145.33551 
    129.39389 -144.75201 
    129.70879 -144.14291 
    129.98920 -143.50761 
    130.22581 -142.84697 
    130.40849 -142.16382 
    130.52736 -141.46317 
    130.57393 -140.75209 
    130.54221 -140.03938 
    130.42949 -139.33473 
    130.55835 -138.56528 
    130.74506 -137.73529 
    130.38680 -137.06244 
    129.59267 -136.60655 
    128.80243 -136.22368 
    128.32837 -135.71573 
    127.82891 -135.24609 
    127.31213 -134.81166 
    126.78390 -134.40887 
    126.24792 -134.03439 
    125.70604 -133.68556 
    125.18323 -133.32684 
    124.66676 -132.96213 
    124.13142 -132.62361 
    123.57912 -132.30975 
    123.01085 -132.01952 
    122.42667 -131.75359 
    121.82595 -131.51556 
    121.20819 -131.31245 
    120.57417 -131.15413 
    119.92690 -131.05130 
    119.27184 -131.01273 
    118.61623 -131.04259 
    117.94533 -130.96272 
    117.22498 -130.73312 
    116.46449 -130.52924 
    115.69209 -130.44583 
    114.95902 -130.57024 
    114.31747 -130.93459 
    113.79255 -131.49637 
    113.36947 -132.16252 
    113.00554 -132.83835 
    112.65631 -133.46635 
    112.29586 -134.03450 
    111.92085 -134.56012 
    111.54207 -135.06854 
    111.14811 -135.56093 
    110.78174 -136.07518 
    110.44813 -136.61229 
    110.14875 -137.17017 
    109.88497 -137.74664 
    109.65800 -138.33943 
    109.46889 -138.94620 
    109.31854 -139.56447 
    109.20773 -140.19177 
    109.13701 -140.82553 
Cell 12 100 -119.15557 -122.73391 
    -129.16789 -122.73391 
    -129.24820 -123.36888 
    -129.63666 -124.05798 
    -129.97000 -124.79688 
    -130.24242 -125.58053 
    -130.44884 -126.40331 
    -130.58476 -127.25904 
    -130.64656 -128.14116 
    -130.63129 -129.04274 
    -130.53690 -129.95671 
    -130.36176 -130.87569 
    -130.10526 -131.79227 
    -129.76729 -132.69897 
    -129.34856 -133.58835 
    -126.48476 -131.59337 
    -125.18318 -131.03021 
    -124.45390 -131.08272 
    -123.88574 -131.33806 
    -123.31851 -131.58063 
    -122.75056 -131.81381 
    -122.17175 -132.01675 
    -121.57716 -132.16537 
    -120.97682 -132.28123 
    -120.37445 -132.38231 
    -119.76785 -132.46582 
    -119.15557 -132.51625 
    -118.53416 -132.61098 
    -117.83408 -133.19461 
    -117.30547 -132.43248 
    -116.75129 -132.09798 
    -116.24236 -131.69987 
    -115.77304 -131.27719 
    -115.33447 -130.85417 
    -114.91373 -130.44978 
    -114.50218 -130.06647 
    -114.09397 -129.70061 
    -113.68214 -129.35016 
    -113.26263 -129.00926 
    -112.83191 -128.67223 
    -112.38788 -128.33264 
    -111.93056 -127.98318 
    -111.46052 -127.61734 
    -110.98166 -127.22756 
    -110.50520 -126.80447 
    -110.03034 -126.34684 
    -109.42677 -125.89499 
    -108.62426 -125.43790 
    -107.51942 -124.95363 
    -105.77015 -124.42488 
    -106.10938 -123.55470 
    -106.50448 -122.73391 
    -106.83063 -121.95849 
    -107.09581 -121.21041 
    -107.37582 -120.48680 
    -107.40032 -119.71568 
    -107.66154 -118.99928 
    -108.23098 -118.40855 
    -108.96492 -117.93855 
    -109.70478 -117.53829 
    -110.31124 -117.12112 
    -110.57418 -116.49916 
    -110.87041 -115.87983 
    -111.20595 -115.26871 
    -111.58708 -114.67429 
    -112.01930 -114.10764 
    -112.50607 -113.58166 
    -113.04783 -113.10965 
    -113.64145 -112.70375 
    -114.28025 -112.37332 
    -114.95467 -112.12364 
    -115.65339 -111.95530 
    -116.36472 -111.86427 
    -117.07798 -111.84279 
    -117.78448 -111.88065 
    -118.47816 -111.96688 
    -119.15557 -112.09115 
    -119.81548 -112.24496 
    -120.45822 -112.42236 
    -121.08492 -112.61992 
    -121.69677 -112.83659 
    -122.29459 -113.07302 
    -122.87846 -113.33095 
    -123.44778 -113.61250 
    -124.00123 -113.91970 
    -124.53699 -114.25415 
    -125.05405 -114.61536 
    -125.55172 -115.00230 
    -126.02399 -115.41978 
    -126.46899 -115.86616 
    -126.88493 -116.33963 
    -127.27019 -116.83830 
    -127.62321 -117.36018 
    -127.94264 -117.90318 
    -128.22720 -118.46513 
    -128.47577 -119.04378 
    -128.68741 -119.63683 
    -128.86125 -120.24191 
    -128.99667 -120.85662 
    -129.09312 -121.47851 
    -129.15027 -122.10509 
Cell 13 100 -76.93107 -108.77702 
    -86.78286 -108.77702 
    -87.00430 -109.41077 
    -87.05731 -110.05627 
    -86.96808 -110.69169 
    -86.83820 -111.32074 
    -86.66808 -111.94077 
    -86.45834 -112.54913 
    -86.20973 -113.14323 
    -85.92324 -113.72051 
    -85.60001 -114.27850 
    -85.24135 -114.81480 
    -84.84872 -115.32708 
    -84.42379 -115.81316 
    -83.96832 -116.27093 
    -83.48424 -116.69844 
    -82.97361 -117.09386 
    -82.43861 -117.45552 
    -81.88154 -117.78188 
    -81.30476 -118.07159 
    -80.71076 -118.32344 
    -80.10209 -118.53642 
    -79.48135 -118.70969 
    -78.85117 -118.84258 
    -78.21427 -118.93462 
    -77.57333 -118.98553 
    -76.93107 -118.99520 
    -76.29018 -118.96371 
    -75.65334 -118.89134 
    -75.02318 -118.77853 
    -74.40230 -118.62593 
    -73.79322 -118.43433 
    -73.19839 -118.20470 
    -72.62016 -117.93818 
    -72.06076 -117.63608 
    -71.50900 -117.32085 
    -70.96497 -116.98866 
    -70.43947 -116.62402 
    -69.93437 -116.22775 
    -69.45160 -115.80071 
    -68.99316 -115.34383 
    -68.56116 -114.85812 
    -68.15775 -114.34474 
    -67.78521 -113.80500 
    -67.44587 -113.24042 
    -67.14209 -112.65276 
    -66.87622 -112.04404 
    -66.65055 -111.41661 
    -66.46725 -110.77310 
    -66.32825 -110.11647 
    -66.23524 -109.44994 
    -66.18959 -108.77702 
    -66.19221 -108.10139 
    -66.24362 -107.42689 
    -66.34383 -106.75740 
    -66.49236 -106.09682 
    -66.68827 -105.44894 
    -66.93014 -104.81738 
    -67.21613 -104.20552 
    -67.47857 -103.58047 
    -67.74316 -102.94620 
    -68.04857 -102.32351 
    -68.39581 -101.71604 
    -68.78562 -101.12794 
    -69.21832 -100.56377 
    -69.69363 -100.02846 
    -70.21062 -99.52712 
    -70.76759 -99.06493 
    -71.36198 -98.64689 
    -71.99045 -98.27766 
    -72.64886 -97.96139 
    -73.33240 -97.70145 
    -74.03572 -97.50037 
    -74.75311 -97.35972 
    -75.47866 -97.28002 
    -76.20653 -97.26080 
    -76.93107 -97.30059 
    -77.64703 -97.39713 
    -78.34970 -97.54740 
    -79.03499 -97.74789 
    -79.69949 -97.99475 
    -80.34048 -98.28395 
    -80.95589 -98.61150 
    -81.54423 -98.97357 
    -82.10449 -99.36661 
    -82.63605 -99.78741 
    -83.13821 -100.23363 
    -83.45657 -100.88904 
    -83.79184 -101.47105 
    -84.13766 -102.00957 
    -84.48048 -102.53162 
    -84.84684 -103.02588 
    -85.22278 -103.51495 
    -85.54224 -104.04300 
    -85.80139 -104.60297 
    -86.00800 -105.18322 
    -86.17736 -105.77272 
    -86.31948 -106.36649 
    -86.44429 -106.96228 
    -86.55881 -107.56076 
    -86.66547 -108.16459 
Cell 14 100 -52.17035 -115.12574 
    -62.91052 -115.12574 
    -62.90081 -115.80084 
    -62.84995 -116.47489 
    -62.75713 -117.14528 
    -62.62178 -117.80921 
    -62.44366 -118.46374 
    -62.22290 -119.10583 
    -61.96000 -119.73240 
    -61.65581 -120.34042 
    -61.31152 -120.92690 
    -60.92863 -121.48901 
    -60.50889 -122.02398 
    -60.05430 -122.52927 
    -59.30490 -122.72327 
    -58.58028 -122.87402 
    -57.92981 -123.05296 
    -57.35442 -123.29453 
    -56.79781 -123.54307 
    -56.24618 -123.78732 
    -55.69524 -124.02859 
    -55.14127 -124.26933 
    -54.57988 -124.51023 
    -54.00854 -124.76192 
    -53.42367 -125.04683 
    -52.81303 -125.34088 
    -52.17035 -125.49199 
    -51.51419 -125.55508 
    -50.85250 -125.55756 
    -50.18888 -125.51295 
    -49.52523 -125.42777 
    -48.86305 -125.30455 
    -48.20361 -125.14458 
    -47.54840 -124.94788 
    -46.89913 -124.71405 
    -46.25768 -124.44261 
    -45.62624 -124.13293 
    -45.18736 -123.56672 
    -44.90175 -122.86601 
    -44.59116 -122.24306 
    -44.26177 -121.66829 
    -43.91996 -121.12000 
    -43.56818 -120.58484 
    -43.20358 -120.05527 
    -42.82793 -119.52195 
    -42.43665 -118.97958 
    -42.02176 -118.42321 
    -41.57003 -117.84744 
    -41.05979 -117.24519 
    -40.44212 -116.60735 
    -39.75687 -115.90673 
    -39.70597 -115.12574 
    -39.71969 -114.34241 
    -39.79829 -113.56278 
    -39.94117 -112.79290 
    -40.14685 -112.03864 
    -40.41307 -111.30557 
    -40.73680 -110.59888 
    -41.11436 -109.92319 
    -41.54155 -109.28251 
    -42.01378 -108.68019 
    -42.52618 -108.11884 
    -43.07379 -107.60041 
    -43.65163 -107.12613 
    -44.25487 -106.69662 
    -44.87888 -106.31188 
    -45.40371 -105.81226 
    -45.97829 -105.36861 
    -46.62695 -105.04234 
    -47.32811 -104.83546 
    -48.05571 -104.73335 
    -48.78600 -104.70981 
    -49.50252 -104.73525 
    -50.18966 -104.74261 
    -50.85539 -104.71679 
    -51.51600 -104.72514 
    -52.17035 -104.76698 
    -52.81736 -104.84180 
    -53.45594 -104.94918 
    -54.08499 -105.08882 
    -54.71480 -105.21574 
    -55.35172 -105.33447 
    -55.98758 -105.48450 
    -56.62054 -105.66859 
    -57.24740 -105.89062 
    -57.86335 -106.15501 
    -58.46194 -106.46611 
    -59.03541 -106.82730 
    -59.57532 -107.24024 
    -60.07339 -107.70428 
    -60.52252 -108.21622 
    -60.91757 -108.77051 
    -61.25599 -109.35982 
    -61.57842 -109.95361 
    -61.88295 -110.55534 
    -62.14660 -111.17587 
    -62.37042 -111.81154 
    -62.55532 -112.45933 
    -62.70189 -113.11674 
    -62.81025 -113.78161 
    -62.88002 -114.45194 
Cell 15 100 -59.84903 -90.84586 
    -70.32511 -90.84586 
    -70.21282 -91.49789 
    -70.11411 -92.14264 
    -70.00703 -92.78359 
    -69.86230 -93.41682 
    -69.68070 -94.04035 
    -69.46297 -94.65228 
    -69.20980 -95.25069 
    -68.92190 -95.83370 
    -68.59997 -96.39937 
    -68.24474 -96.94569 
    -67.85706 -97.47067 
    -67.43786 -97.97224 
    -66.98820 -98.44830 
    -66.50932 -98.89677 
    -66.00263 -99.31556 
    -65.46973 -99.70264 
    -64.91239 -100.05607 
    -64.33263 -100.37398 
    -63.73260 -100.65462 
    -63.11467 -100.89645 
    -62.48134 -101.09802 
    -61.83529 -101.25815 
    -61.17928 -101.37582 
    -60.51620 -101.45023 
    -59.84903 -101.48085 
    -59.18079 -101.46733 
    -58.51452 -101.40961 
    -57.85330 -101.30785 
    -57.20019 -101.16242 
    -56.55820 -100.97400 
    -55.93031 -100.74342 
    -55.31941 -100.47180 
    -54.72830 -100.16044 
    -54.15967 -99.81086 
    -53.61609 -99.42477 
    -53.09998 -99.00407 
    -52.61359 -98.55083 
    -52.15903 -98.06725 
    -51.73820 -97.55572 
    -51.35284 -97.01871 
    -50.94395 -96.49719 
    -50.54880 -95.95870 
    -50.18711 -95.39241 
    -49.86238 -94.79985 
    -49.57816 -94.18306 
    -49.33791 -93.54465 
    -49.14482 -92.88779 
    -49.00174 -92.21619 
    -48.91092 -91.53403 
    -48.87392 -90.84586 
    -48.89156 -90.15647 
    -48.96379 -89.47073 
    -49.08977 -88.79342 
    -49.26784 -88.12907 
    -49.49566 -87.48184 
    -49.77033 -86.85542 
    -50.08854 -86.25291 
    -50.44671 -85.67689 
    -50.84118 -85.12930 
    -50.81802 -84.28445 
    -50.34464 -82.98314 
    -51.77791 -83.26656 
    -52.71264 -83.24637 
    -53.23874 -82.85538 
    -53.73167 -82.42603 
    -54.21944 -81.97504 
    -54.73234 -81.53862 
    -55.27121 -81.11748 
    -55.83717 -80.71306 
    -56.43148 -80.32772 
    -57.05527 -79.96488 
    -57.70931 -79.62903 
    -58.39370 -79.32574 
    -59.10762 -79.06149 
    -59.84903 -78.84348 
    -60.61449 -78.67921 
    -61.39906 -78.57613 
    -62.19629 -78.54113 
    -62.99836 -78.58006 
    -63.79634 -78.69729 
    -64.58058 -78.89534 
    -65.34111 -79.17459 
    -66.06821 -79.53322 
    -66.75287 -79.96716 
    -67.38725 -80.47039 
    -67.96511 -81.03520 
    -68.48203 -81.65264 
    -68.93554 -82.31306 
    -69.32507 -83.00659 
    -69.65186 -83.72369 
    -69.91859 -84.45552 
    -70.12913 -85.19433 
    -70.28801 -85.93365 
    -70.40014 -86.66838 
    -70.47035 -87.39478 
    -70.50311 -88.11035 
    -70.50227 -88.81364 
    -70.47095 -89.50400 
    -70.41140 -90.18133 
Cell 16 100 -34.37198 -124.76770 
    -45.32306 -124.76770 
    -45.23109 -125.45090 
    -45.08767 -126.12141 
    -44.89763 -126.77557 
    -44.66590 -127.41073 
    -44.39718 -128.02509 
    -44.11427 -128.62494 
    -43.81673 -129.21205 
    -43.49688 -129.78415 
    -43.15455 -130.34129 
    -42.81021 -130.89842 
    -42.43081 -131.43454 
    -42.02004 -131.94971 
    -41.57874 -132.44212 
    -41.10831 -132.91052 
    -40.61034 -133.35406 
    -40.08392 -133.76826 
    -39.53003 -134.15015 
    -38.95016 -134.49681 
    -38.34542 -134.80345 
    -37.71877 -135.06805 
    -37.07348 -135.28934 
    -36.41277 -135.46590 
    -35.73994 -135.59618 
    -35.05851 -135.67976 
    -34.37198 -135.71577 
    -33.68398 -135.70317 
    -32.99825 -135.64195 
    -32.31849 -135.53250 
    -31.64834 -135.37561 
    -30.99141 -135.17204 
    -30.35153 -134.92221 
    -29.73119 -134.62990 
    -29.13338 -134.29668 
    -28.56089 -133.92453 
    -28.01634 -133.51550 
    -27.50218 -133.07187 
    -27.02065 -132.59607 
    -26.57380 -132.09068 
    -26.16338 -131.55846 
    -25.79100 -131.00215 
    -25.45792 -130.42473 
    -25.16526 -129.82913 
    -24.92683 -129.21225 
    -24.73842 -128.58189 
    -24.60608 -127.94083 
    -24.55740 -127.28766 
    -24.56786 -126.63794 
    -24.51933 -126.01238 
    -24.48418 -125.38979 
    -24.47379 -124.76770 
    -24.48701 -124.14579 
    -24.52386 -123.52359 
    -24.58324 -122.90040 
    -24.66373 -122.27505 
    -24.76013 -121.64462 
    -24.90982 -121.02136 
    -25.10143 -120.40531 
    -25.31722 -119.78980 
    -25.55723 -119.17368 
    -25.82283 -118.55638 
    -26.11688 -117.93848 
    -26.44355 -117.32240 
    -26.80800 -116.71288 
    -27.21568 -116.11721 
    -27.67152 -115.54531 
    -28.17900 -115.00912 
    -28.73923 -114.52176 
    -29.35043 -114.09637 
    -30.00764 -113.74463 
    -30.70294 -113.47556 
    -31.42613 -113.29437 
    -32.16571 -113.20202 
    -32.91002 -113.19508 
    -33.64838 -113.26639 
    -34.37198 -113.40600 
    -35.07444 -113.60250 
    -35.75193 -113.84433 
    -36.40296 -114.12093 
    -37.03262 -114.40522 
    -37.63945 -114.71148 
    -38.21965 -115.04961 
    -38.77511 -115.41058 
    -39.30826 -115.78865 
    -39.88517 -116.08031 
    -40.36105 -116.52446 
    -40.80921 -116.98643 
    -41.23827 -117.45586 
    -41.64268 -117.94005 
    -42.02916 -118.43314 
    -42.40221 -118.93340 
    -42.76827 -119.43925 
    -43.13108 -119.95235 
    -43.49302 -120.47567 
    -43.85079 -121.01478 
    -44.20269 -121.57352 
    -44.54160 -122.15659 
    -44.85305 -122.76833 
    -45.12328 -123.40950 
    -45.35930 -124.07644 
Cell 17 100 -14.49212 -123.61562 
    -24.51841 -123.61562 
    -24.48492 -124.24431 
    -24.47561 -124.87682 
    -24.49171 -125.52314 
    -24.53341 -126.19378 
    -24.56383 -126.88811 
    -24.39188 -127.53521 
    -24.12279 -128.14746 
    -23.81475 -128.74077 
    -23.46945 -129.31281 
    -23.08869 -129.86139 
    -22.67429 -130.38449 
    -22.22815 -130.88023 
    -21.75222 -131.34683 
    -21.24846 -131.78262 
    -20.71892 -132.18608 
    -20.16566 -132.55568 
    -19.59079 -132.89005 
    -18.99651 -133.18791 
    -18.38507 -133.44807 
    -17.75881 -133.66943 
    -17.12014 -133.85106 
    -16.47153 -133.99205 
    -15.81556 -134.09169 
    -15.15484 -134.14922 
    -14.49212 -134.16267 
    -13.83081 -134.12683 
    -13.17743 -134.02246 
    -12.55908 -133.74899 
    -12.00873 -133.28778 
    -11.45955 -132.94890 
    -10.91243 -132.65688 
    -10.36540 -132.38535 
    -9.81144 -132.12973 
    -9.23893 -131.89334 
    -8.62252 -131.69443 
    -7.94291 -131.53226 
    -7.37711 -131.19234 
    -6.92848 -130.71835 
    -6.51525 -130.21466 
    -6.13640 -129.68640 
    -5.79337 -129.13602 
    -5.48738 -128.56601 
    -5.21949 -127.97899 
    -4.99057 -127.37755 
    -4.80128 -126.76436 
    -4.65210 -126.14211 
    -4.54322 -125.51347 
    -4.47453 -124.88113 
    -4.40046 -124.25053 
    -4.35477 -123.61562 
    -4.34435 -122.97717 
    -4.36931 -122.33681 
    -4.42992 -121.69615 
    -4.52658 -121.05690 
    -4.65987 -120.42092 
    -4.83051 -119.79031 
    -5.03934 -119.16747 
    -5.28721 -118.55517 
    -5.57488 -117.95657 
    -5.90293 -117.37521 
    -6.27158 -116.81499 
    -6.68057 -116.28008 
    -7.12908 -115.77477 
    -7.61561 -115.30334 
    -8.13797 -114.86987 
    -8.69326 -114.47807 
    -9.27797 -114.13111 
    -9.88806 -113.83148 
    -10.38939 -113.25330 
    -10.68853 -111.90935 
    -11.49880 -111.95737 
    -12.38032 -112.54514 
    -13.08478 -112.47538 
    -13.79480 -112.53204 
    -14.49212 -112.69052 
    -15.16526 -112.91635 
    -15.81095 -113.17601 
    -16.43222 -113.44527 
    -17.04977 -113.65423 
    -17.65535 -113.88020 
    -18.24444 -114.13834 
    -18.81580 -114.42734 
    -19.36817 -114.74612 
    -19.90029 -115.09371 
    -20.41080 -115.46927 
    -20.90722 -115.86110 
    -21.41793 -116.24038 
    -21.90623 -116.65331 
    -22.36942 -117.09895 
    -22.80476 -117.57613 
    -23.20956 -118.08336 
    -23.58121 -118.61885 
    -23.91723 -119.18050 
    -24.21531 -119.76594 
    -24.47318 -120.37257 
    -24.68813 -120.99773 
    -24.75819 -121.65726 
    -24.65646 -122.33157 
    -24.57554 -122.98122 
Cell 18 100 16.53074 -122.82895 
    6.41269 -122.82895 
    6.43142 -123.46434 
    6.48181 -124.09843 
    6.57250 -124.72858 
    6.70323 -125.35223 
    6.87355 -125.96676 
    7.08285 -126.56963 
    7.33034 -127.15833 
    7.61508 -127.73037 
    7.93594 -128.28337 
    8.29163 -128.81500 
    8.68074 -129.32303 
    9.10167 -129.80530 
    9.55271 -130.25980 
    10.03198 -130.68460 
    10.53751 -131.07791 
    11.06718 -131.43813 
    11.61880 -131.76372 
    12.19006 -132.05334 
    12.77857 -132.30585 
    13.38186 -132.52019 
    13.99741 -132.69559 
    14.62267 -132.83138 
    15.25504 -132.92712 
    15.89192 -132.98262 
    16.53074 -132.99782 
    17.16894 -132.97298 
    17.80408 -132.90851 
    18.43378 -132.80508 
    19.05585 -132.66365 
    19.66828 -132.48532 
    20.26928 -132.27144 
    20.85736 -132.02348 
    21.43133 -131.74310 
    21.99034 -131.43192 
    22.53388 -131.09157 
    23.06170 -130.72353 
    23.57380 -130.32904 
    23.94177 -129.78838 
    24.24281 -129.20892 
    24.48831 -128.61046 
    24.71236 -128.02116 
    24.92212 -127.44215 
    25.12406 -126.87266 
    25.32346 -126.31023 
    25.52476 -125.75128 
    25.73094 -125.19115 
    25.94468 -124.62476 
    26.16908 -124.04655 
    26.40535 -123.45020 
    26.65950 -122.82895 
    27.01383 -122.16941 
    27.47100 -121.44687 
    28.07966 -120.62587 
    28.11265 -119.85522 
    27.89148 -119.13762 
    27.59875 -118.44681 
    27.23913 -117.78996 
    26.81893 -117.17297 
    26.34566 -116.60020 
    25.82758 -116.07440 
    25.27312 -115.59662 
    24.69042 -115.16649 
    24.08695 -114.78240 
    23.46912 -114.44188 
    22.84221 -114.14195 
    22.21023 -113.87950 
    21.60643 -113.59628 
    20.99885 -113.33372 
    20.37840 -113.11085 
    19.74786 -112.92767 
    19.10982 -112.78407 
    18.46679 -112.67982 
    17.82111 -112.61460 
    17.17504 -112.58807 
    16.53074 -112.54070 
    15.88278 -112.52993 
    15.23368 -112.56174 
    14.58654 -112.63710 
    13.94461 -112.75665 
    13.31134 -112.92068 
    12.69028 -113.12907 
    12.08497 -113.38123 
    11.49889 -113.67606 
    10.93533 -114.01201 
    10.39736 -114.38708 
    9.88769 -114.79888 
    9.40868 -115.24474 
    8.96230 -115.72172 
    8.55011 -116.22680 
    8.17328 -116.75690 
    7.83267 -117.30899 
    7.52885 -117.88012 
    7.26214 -118.46748 
    7.03112 -119.06779 
    6.83109 -119.67735 
    6.66981 -120.29710 
    6.54737 -120.92452 
    6.46376 -121.55720 
    6.41892 -122.19276 
Cell 19 100 23.39218 -102.09608 
    12.20548 -102.09608 
    12.26234 -102.79630 
    12.37038 -103.48846 
    12.52772 -104.16858 
    12.73210 -104.83312 
    12.98094 -105.47889 
    13.27146 -106.10315 
    13.60077 -106.70356 
    13.96597 -107.27818 
    14.36418 -107.82542 
    14.79265 -108.34399 
    15.24876 -108.83289 
    15.73007 -109.29128 
    16.23430 -109.71844 
    16.75934 -110.11380 
    17.29313 -110.49070 
    17.81927 -110.87757 
    18.37073 -111.23006 
    18.94520 -111.54638 
    19.54025 -111.82494 
    20.15331 -112.06429 
    20.78170 -112.26321 
    21.42267 -112.42057 
    22.07336 -112.53555 
    22.73085 -112.60752 
    23.39218 -112.63603 
    24.05434 -112.62087 
    24.71433 -112.56205 
    25.36916 -112.45979 
    26.01583 -112.31455 
    26.65142 -112.12700 
    27.27303 -111.89800 
    27.87788 -111.62868 
    28.46324 -111.32031 
    29.02652 -110.97439 
    29.56526 -110.59260 
    30.07713 -110.17680 
    30.55997 -109.72900 
    31.01182 -109.25140 
    31.43092 -108.74631 
    31.81574 -108.21616 
    32.16503 -107.66350 
    32.47781 -107.09095 
    32.75347 -106.50117 
    32.99169 -105.89680 
    33.19258 -105.28042 
    33.35656 -104.65450 
    33.48444 -104.02128 
    33.57727 -103.38275 
    33.63628 -102.74059 
    33.66275 -102.09608 
    33.65778 -101.45022 
    33.62213 -100.80373 
    33.55602 -100.15722 
    33.45895 -99.51137 
    33.32964 -98.86720 
    33.16598 -98.22636 
    32.96524 -97.59134 
    32.72429 -96.96571 
    32.43998 -96.35416 
    32.17305 -95.71639 
    31.91495 -95.04543 
    31.62102 -94.36868 
    31.28329 -93.69290 
    30.89370 -93.02829 
    30.44531 -92.38828 
    29.93341 -91.78874 
    29.35659 -91.24684 
    28.71739 -90.77941 
    28.02249 -90.40124 
    27.28231 -90.12347 
    26.51015 -89.95235 
    25.72087 -89.88860 
    24.92944 -89.92740 
    24.14948 -90.05904 
    23.39218 -90.27023 
    22.66548 -90.54566 
    21.97394 -90.86961 
    21.31889 -91.22754 
    20.69909 -91.60719 
    20.11154 -91.99932 
    19.55018 -92.39230 
    18.92179 -92.59603 
    18.30247 -92.83794 
    17.69479 -93.11844 
    17.10159 -93.43783 
    16.52594 -93.79623 
    15.97116 -94.19350 
    15.44078 -94.62922 
    14.93846 -95.10255 
    14.46796 -95.61225 
    14.03300 -96.15657 
    13.63724 -96.73326 
    13.28409 -97.33958 
    12.97666 -97.97228 
    12.71766 -98.62772 
    12.50929 -99.30183 
    12.35318 -99.99027 
    12.25035 -100.68854 
    12.20120 -101.39200 
Cell 20 100 66.27512 -101.29784 
    56.18637 -101.29784 
    56.20161 -101.93162 
    56.25681 -102.56345 
    56.35185 -103.19081 
    56.48642 -103.81116 
    56.66004 -104.42197 
    56.87208 -105.02077 
    57.12173 -105.60510 
    57.40801 -106.17258 
    57.72980 -106.72087 
    58.08581 -107.24773 
    58.47461 -107.75099 
    58.89463 -108.22859 
    59.34412 -108.67861 
    59.82129 -109.09918 
    60.32420 -109.48859 
    60.85077 -109.84525 
    61.39886 -110.16772 
    61.96622 -110.45473 
    62.55051 -110.70512 
    63.14936 -110.91793 
    63.76032 -111.09234 
    64.38091 -111.22770 
    65.00858 -111.32352 
    65.64084 -111.37952 
    66.27512 -111.39555 
    66.90891 -111.37166 
    67.53970 -111.30804 
    68.16503 -111.20509 
    68.78247 -111.06332 
    69.38966 -110.88342 
    69.98434 -110.66625 
    70.56429 -110.41278 
    71.12740 -110.12410 
    71.67167 -109.80145 
    72.19520 -109.44613 
    72.69619 -109.05958 
    73.17294 -108.64327 
    73.62386 -108.19877 
    74.04749 -107.72770 
    74.44239 -107.23170 
    74.80727 -106.71251 
    75.14088 -106.17183 
    75.44203 -105.61147 
    75.70960 -105.03322 
    75.94667 -104.44032 
    76.22099 -103.85151 
    76.49794 -103.24795 
    76.77852 -102.62473 
    77.05459 -101.97603 
    77.30691 -101.29784 
    77.50642 -100.59123 
    77.61961 -99.86470 
    77.61681 -99.13430 
    77.48071 -98.42074 
    77.21180 -97.74430 
    76.82840 -97.11951 
    76.36134 -96.55163 
    75.91438 -95.99862 
    75.76923 -95.27270 
    75.57948 -94.53783 
    75.33123 -93.80598 
    75.01144 -93.09390 
    74.61021 -92.42188 
    74.12293 -91.81147 
    73.55154 -91.28272 
    72.90472 -90.85127 
    72.19693 -90.52612 
    71.44640 -90.30831 
    70.67256 -90.19118 
    69.89347 -90.16172 
    69.12382 -90.20292 
    68.37373 -90.29659 
    67.65130 -90.40428 
    66.95957 -90.41888 
    66.27512 -90.47973 
    65.60107 -90.58397 
    64.93993 -90.72874 
    64.29378 -90.91129 
    63.66423 -91.12907 
    63.05258 -91.37988 
    62.45993 -91.66175 
    61.88723 -91.97308 
    61.33540 -92.31252 
    60.80540 -92.67895 
    60.29826 -93.07140 
    59.81507 -93.48898 
    59.35706 -93.93085 
    58.92553 -94.39612 
    58.52187 -94.88379 
    58.14320 -95.38966 
    57.78729 -95.91130 
    57.46397 -96.45387 
    57.17458 -97.01546 
    56.92036 -97.59403 
    56.70243 -98.18749 
    56.52177 -98.79361 
    56.37921 -99.41010 
    56.27546 -100.03459 
    56.21106 -100.66467 
Cell 21 100 64.56693 -126.48895 
    54.55922 -126.48895 
    54.58012 -127.11726 
    54.64044 -127.74295 
    54.73994 -128.36354 
    54.87822 -128.97658 
    55.05470 -129.57965 
    55.26868 -130.17038 
    55.47672 -130.76646 
    55.70179 -131.36259 
    55.96545 -131.94760 
    56.26772 -132.51868 
    56.60830 -133.07289 
    56.98661 -133.60733 
    57.40171 -134.11913 
    57.85241 -134.60541 
    58.33725 -135.06337 
    58.85445 -135.49036 
    59.40208 -135.88376 
    59.97787 -136.24117 
    60.57938 -136.56032 
    61.20396 -136.83910 
    61.84898 -137.07465 
    62.51134 -137.26469 
    63.18735 -137.40944 
    63.87368 -137.50780 
    64.56693 -137.55923 
    65.26373 -137.56424 
    65.96082 -137.52280 
    66.65501 -137.43507 
    67.34285 -137.30046 
    68.01963 -137.11528 
    68.68211 -136.88274 
    69.32703 -136.60468 
    69.93602 -136.25529 
    70.46515 -135.78305 
    70.84901 -135.13548 
    71.02841 -134.29955 
    71.29805 -133.65686 
    71.58270 -133.07719 
    71.84200 -132.50740 
    72.06619 -131.93748 
    72.27105 -131.37813 
    72.46932 -130.83331 
    72.67205 -130.30293 
    72.88346 -129.78169 
    73.10605 -129.26347 
    73.34060 -128.74164 
    73.58514 -128.20927 
    73.83311 -127.65954 
    74.07540 -127.08717 
    74.34200 -126.48895 
    74.66482 -125.85365 
    74.87059 -125.18729 
    74.79905 -124.53706 
    74.68452 -123.89119 
    74.52657 -123.25286 
    74.32506 -122.62543 
    74.08020 -122.01234 
    73.79263 -121.41707 
    73.46342 -120.84306 
    73.09404 -120.29363 
    72.68642 -119.77191 
    72.24286 -119.28076 
    71.76600 -118.82271 
    71.25876 -118.39991 
    70.72424 -118.01412 
    70.20043 -117.61196 
    69.72065 -117.11435 
    69.21188 -116.61790 
    68.66634 -116.13499 
    68.07743 -115.68473 
    67.44201 -115.29123 
    66.76237 -114.98002 
    66.04694 -114.77345 
    65.30949 -114.68622 
    64.56693 -114.72227 
    63.83617 -114.87396 
    63.13117 -115.12379 
    62.46078 -115.44814 
    61.82811 -115.82198 
    61.23135 -116.22311 
    60.66552 -116.63512 
    60.12461 -117.04855 
    59.60340 -117.46034 
    59.09859 -117.87223 
    58.60908 -118.28868 
    58.13580 -118.71505 
    57.68103 -119.15621 
    57.24778 -119.61581 
    56.83920 -120.09602 
    56.45825 -120.59765 
    56.10752 -121.12045 
    55.78913 -121.66331 
    55.50484 -122.22466 
    55.25608 -122.80252 
    55.04398 -123.39475 
    54.86948 -123.99906 
    54.73328 -124.61308 
    54.63594 -125.23437 
    54.57785 -125.86049 
Cell 22 100 73.16969 -78.89803 
    61.03636 -78.89803 
    61.05589 -79.66016 
    61.14963 -80.41651 
    61.31495 -81.15944 
    61.54763 -81.88206 
    61.84224 -82.57854 
    62.19243 -83.24422 
    62.59141 -83.87579 
    63.03227 -84.47112 
    63.50842 -85.02925 
    64.01379 -85.55017 
    64.54313 -86.03453 
    65.09206 -86.48342 
    65.65709 -86.89813 
    66.23562 -87.27988 
    66.82578 -87.62966 
    67.42629 -87.94817 
    68.03629 -88.23564 
    68.65512 -88.49196 
    69.28225 -88.71657 
    69.91705 -88.90862 
    70.55873 -89.06702 
    71.20628 -89.19060 
    71.85838 -89.27810 
    72.51347 -89.32835 
    73.16969 -89.34676 
    73.82610 -89.33147 
    74.48038 -89.27326 
    75.12962 -89.17236 
    75.77092 -89.02917 
    76.40145 -88.84437 
    77.01839 -88.61876 
    77.61904 -88.35339 
    78.20074 -88.04949 
    78.76096 -87.70846 
    79.29725 -87.33189 
    79.80732 -86.92155 
    80.28901 -86.47934 
    80.74032 -86.00732 
    81.15945 -85.50774 
    81.54485 -84.98294 
    81.89536 -84.43551 
    82.21037 -83.86818 
    82.49020 -83.28393 
    82.73660 -82.68584 
    82.95340 -82.07695 
    83.14706 -81.45978 
    83.32700 -80.83564 
    83.50500 -80.20368 
    83.69331 -79.56012 
    83.90128 -78.89803 
    84.13077 -78.20841 
    84.37180 -77.48287 
    84.59993 -76.71759 
    84.77757 -75.91763 
    84.85979 -75.09968 
    84.80406 -74.29165 
    84.58101 -73.52827 
    84.18272 -72.84356 
    83.62547 -72.26259 
    82.94572 -71.79533 
    82.19102 -71.43493 
    81.68423 -70.90234 
    81.27239 -70.26952 
    80.81313 -69.65868 
    80.30614 -69.07554 
    79.75184 -68.52621 
    79.15156 -68.01703 
    78.50761 -67.55437 
    77.82329 -67.14437 
    77.10292 -66.79278 
    76.35176 -66.50465 
    75.57590 -66.28421 
    74.78208 -66.13458 
    73.97752 -66.05777 
    73.16969 -66.05446 
    72.36602 -66.12409 
    71.57375 -66.26485 
    70.79963 -66.47374 
    70.04978 -66.74681 
    69.32953 -67.07925 
    68.64329 -67.46565 
    67.99451 -67.90022 
    67.38570 -68.37699 
    66.81844 -68.89008 
    66.29353 -69.43382 
    65.81102 -70.00292 
    65.37041 -70.59264 
    64.97079 -71.19875 
    64.61101 -71.81767 
    64.28974 -72.44637 
    63.80621 -72.95579 
    63.30397 -73.47430 
    62.83389 -74.03437 
    62.40331 -74.63531 
    62.01977 -75.27520 
    61.69062 -75.95071 
    61.42265 -76.65716 
    61.22161 -77.38863 
    61.09192 -78.13816 
Cell 23 100 90.21577 -115.24374 
    78.66705 -115.24374 
    78.83543 -115.95972 
    79.05304 -116.65392 
    79.31264 -117.32362 
    79.60753 -117.96747 
    79.93194 -118.58516 
    80.28119 -119.17712 
    80.65181 -119.74419 
    81.04147 -120.28735 
    81.44883 -120.80741 
    81.87354 -121.30472 
    82.32904 -121.76820 
    83.02007 -122.00095 
    83.61679 -122.27094 
    84.19292 -122.52412 
    84.76009 -122.75285 
    85.31653 -122.96371 
    85.86165 -123.16386 
    86.39713 -123.35876 
    86.92619 -123.55228 
    87.45288 -123.74704 
    87.98177 -123.94463 
    88.51766 -124.14558 
    89.06565 -124.34790 
    89.63046 -124.54699 
    90.21577 -124.73582 
    90.82457 -124.92020 
    91.47042 -125.17530 
    92.20298 -125.66107 
    92.91655 -125.76257 
    93.57735 -125.58962 
    94.22583 -125.37199 
    94.85875 -125.11057 
    95.47297 -124.80653 
    96.06542 -124.46130 
    96.63318 -124.07654 
    97.17345 -123.65412 
    97.68359 -123.19614 
    98.16113 -122.70492 
    98.60381 -122.18292 
    99.00957 -121.63280 
    99.37657 -121.05736 
    99.70320 -120.45950 
    99.98813 -119.84225 
    100.23021 -119.20873 
    100.42863 -118.56210 
    100.58276 -117.90553 
    100.69231 -117.24224 
    100.75722 -116.57543 
    100.77769 -115.90823 
    100.75419 -115.24374 
    100.68748 -114.58492 
    100.57853 -113.93462 
    100.42857 -113.29554 
    100.23910 -112.67018 
    100.01178 -112.06082 
    99.74850 -111.46947 
    99.45127 -110.89784 
    99.12228 -110.34734 
    98.76375 -109.81903 
    98.37789 -109.31361 
    97.96690 -108.83145 
    97.53281 -108.37258 
    97.07748 -107.93676 
    96.60243 -107.52359 
    96.10886 -107.13261 
    95.59768 -106.76321 
    95.06934 -106.41513 
    94.52395 -106.08840 
    93.96133 -105.78353 
    93.38116 -105.50166 
    92.78312 -105.24460 
    92.16701 -105.01501 
    91.53307 -104.81625 
    90.88213 -104.65236 
    90.21577 -104.52785 
    89.53654 -104.44756 
    88.84794 -104.41623 
    88.15453 -104.43829 
    87.46174 -104.51746 
    86.77576 -104.65646 
    86.10328 -104.85676 
    85.45113 -105.11837 
    84.82602 -105.43980 
    84.23407 -105.81808 
    83.68062 -106.24887 
    83.10387 -106.64692 
    82.46736 -106.99251 
    81.85027 -107.38800 
    81.26084 -107.83557 
    80.70805 -108.33598 
    80.20113 -108.88825 
    79.74897 -109.48956 
    79.35954 -110.13519 
    79.03931 -110.81866 
    78.79282 -111.53220 
    78.62233 -112.26704 
    78.52779 -113.01414 
    78.50687 -113.76456 
    78.55524 -114.51012 
Cell 24 100 -95.34938 -102.57572 
    -105.52506 -102.57572 
    -105.51348 -103.21519 
    -105.46111 -103.85313 
    -105.36800 -104.48688 
    -105.23451 -105.11379 
    -105.06114 -105.73126 
    -104.84856 -106.33671 
    -104.59763 -106.92762 
    -104.30941 -107.50153 
    -103.98508 -108.05610 
    -103.62601 -108.58904 
    -103.23373 -109.09822 
    -102.80988 -109.58160 
    -102.35628 -110.03731 
    -101.87481 -110.46361 
    -101.36749 -110.85895 
    -100.83643 -111.22192 
    -100.28375 -111.55131 
    -99.71169 -111.84609 
    -99.12245 -112.10542 
    -98.51828 -112.32859 
    -97.90138 -112.51512 
    -97.27395 -112.66467 
    -96.63810 -112.77700 
    -95.99591 -112.85205 
    -95.34938 -112.88982 
    -94.70044 -112.89041 
    -94.05094 -112.85394 
    -93.40270 -112.78057 
    -92.75750 -112.67045 
    -92.11708 -112.52372 
    -91.48324 -112.34048 
    -90.85780 -112.12080 
    -90.24271 -111.86472 
    -89.64000 -111.57227 
    -89.05190 -111.24346 
    -88.48080 -110.87841 
    -87.92932 -110.47728 
    -87.40099 -110.03976 
    -87.00957 -109.47501 
    -86.78917 -108.79508 
    -86.65309 -108.09455 
    -86.53242 -107.42288 
    -86.40689 -106.78374 
    -86.27235 -106.16957 
    -86.12038 -105.57441 
    -85.93980 -104.99168 
    -85.71384 -104.41380 
    -85.41390 -103.83086 
    -85.00126 -103.22677 
    -84.51317 -102.57572 
    -84.04449 -101.86448 
    -83.57105 -101.08777 
    -83.21547 -100.26105 
    -83.62966 -99.56661 
    -84.19707 -98.95212 
    -84.84158 -98.41539 
    -85.27891 -97.83692 
    -85.15727 -96.97256 
    -84.93333 -95.96549 
    -86.52209 -96.16232 
    -87.00245 -95.67054 
    -87.50992 -95.21398 
    -88.04117 -94.79327 
    -88.59304 -94.40871 
    -89.16263 -94.06039 
    -89.74727 -93.74821 
    -90.34454 -93.47194 
    -90.95225 -93.23133 
    -91.56842 -93.02611 
    -92.19126 -92.85602 
    -92.81908 -92.72086 
    -93.45033 -92.62051 
    -94.08000 -92.52755 
    -94.70884 -92.39465 
    -95.34938 -92.27010 
    -96.00516 -92.15251 
    -96.67950 -92.04680 
    -97.37334 -91.96577 
    -98.08286 -91.92956 
    -98.79790 -91.96229 
    -99.50230 -92.08664 
    -100.17646 -92.31765 
    -100.80159 -92.65819 
    -101.36430 -93.09774 
    -101.85970 -93.61504 
    -102.29194 -94.18361 
    -102.67191 -94.77802 
    -103.01338 -95.37875 
    -103.32893 -95.97446 
    -103.62713 -96.56158 
    -103.91152 -97.14202 
    -104.19122 -97.71488 
    -104.48975 -98.27459 
    -104.75270 -98.85268 
    -104.97883 -99.44693 
    -105.16705 -100.05497 
    -105.31646 -100.67440 
    -105.42629 -101.30271 
    -105.49596 -101.93736 
