131 25 
Cell 0 100 -124.43870 -140.32082 
    -134.43881 -140.32082 
    -134.41907 -140.94873 
    -134.35992 -141.57416 
    -134.26164 -142.19464 
    -134.12459 -142.80772 
    -133.94931 -143.41100 
    -133.73650 -144.00208 
    -133.48698 -144.57861 
    -133.20839 -145.14200 
    -132.90636 -145.69455 
    -132.57056 -146.22896 
    -132.20082 -146.74220 
    -131.79845 -147.23209 
    -131.36485 -147.69643 
    -130.90164 -148.13316 
    -130.41052 -148.54033 
    -129.89340 -148.91605 
    -129.35228 -149.25858 
    -128.78929 -149.56630 
    -128.20671 -149.83772 
    -127.60690 -150.07153 
    -126.99232 -150.26654 
    -126.36555 -150.42177 
    -125.72923 -150.53638 
    -125.08602 -150.60973 
    -124.43870 -150.64136 
    -123.79003 -150.63103 
    -123.14284 -150.57863 
    -122.49991 -150.48433 
    -121.86405 -150.34842 
    -121.23804 -150.17143 
    -120.62461 -149.95410 
    -120.02644 -149.69734 
    -119.44615 -149.40222 
    -118.88628 -149.07004 
    -118.34923 -148.70226 
    -117.83734 -148.30049 
    -117.35282 -147.86652 
    -116.89773 -147.40227 
    -116.47398 -146.90981 
    -116.08337 -146.39131 
    -115.72748 -145.84912 
    -115.40776 -145.28561 
    -115.12547 -144.70329 
    -114.88167 -144.10471 
    -114.66169 -143.49756 
    -114.46206 -142.88239 
    -114.29662 -142.25552 
    -114.16548 -141.61862 
    -114.06874 -140.97324 
    -114.33816 -140.32082 
    -114.73940 -139.71059 
    -115.05800 -139.13576 
    -115.32816 -138.58290 
    -115.56896 -138.04346 
    -115.79364 -137.51186 
    -116.01220 -136.98453 
    -116.23284 -136.45944 
    -116.45869 -135.93376 
    -116.69550 -135.40685 
    -116.94973 -134.87976 
    -117.22091 -134.34975 
    -117.50686 -133.81139 
    -117.83384 -133.28735 
    -118.20266 -132.78275 
    -118.58745 -132.26727 
    -118.94363 -131.66199 
    -119.13087 -130.66589 
    -119.57232 -129.97923 
    -120.30656 -129.88422 
    -121.02287 -129.80795 
    -121.70930 -129.69052 
    -122.38499 -129.55490 
    -123.05900 -129.39932 
    -123.73786 -129.18140 
    -124.43870 -128.86954 
    -125.18056 -128.52916 
    -125.95025 -128.35567 
    -126.69979 -128.46777 
    -127.40773 -128.75719 
    -128.03773 -129.24411 
    -128.62964 -129.73572 
    -129.17963 -130.24582 
    -129.61972 -130.89656 
    -130.13474 -131.34529 
    -130.63202 -131.79645 
    -131.23236 -132.10869 
    -132.02597 -132.24120 
    -132.02492 -133.19688 
    -132.32021 -133.80066 
    -132.66710 -134.34253 
    -132.98372 -134.89798 
    -133.26973 -135.46591 
    -133.52472 -136.04526 
    -133.74811 -136.63496 
    -133.94943 -137.23059 
    -134.12469 -137.83388 
    -134.26172 -138.44698 
    -134.35999 -139.06746 
    -134.41910 -139.69290 
Cell 1 100 -107.44012 -133.16469 
    -117.92349 -133.16469 
    -117.51488 -133.79854 
    -117.19662 -134.39723 
    -116.90601 -134.97040 
    -116.64142 -135.52718 
    -116.39790 -136.07524 
    -116.16564 -136.61937 
    -115.93803 -137.16350 
    -115.70954 -137.71083 
    -115.47159 -138.26160 
    -115.21536 -138.81372 
    -114.93222 -139.36269 
    -114.61396 -139.90137 
    -114.28380 -140.45245 
    -113.83221 -140.89139 
    -113.32785 -141.26845 
    -112.80869 -141.62421 
    -112.26806 -141.94666 
    -111.70807 -142.23453 
    -111.13094 -142.48663 
    -110.53897 -142.70197 
    -109.93449 -142.87962 
    -109.31992 -143.01888 
    -108.69767 -143.11917 
    -108.07024 -143.18007 
    -107.44012 -143.20132 
    -106.80984 -143.18282 
    -106.18189 -143.12462 
    -105.55880 -143.02695 
    -104.94305 -142.89017 
    -104.33709 -142.71484 
    -103.74336 -142.50165 
    -103.16423 -142.25142 
    -102.60201 -141.96518 
    -102.05896 -141.64404 
    -101.53724 -141.28931 
    -101.03893 -140.90240 
    -100.56603 -140.48486 
    -100.12041 -140.03835 
    -99.70387 -139.56467 
    -99.31371 -139.06886 
    -98.94998 -138.55269 
    -98.61523 -138.01622 
    -98.30939 -137.46129 
    -98.21118 -136.81868 
    -98.23306 -136.15625 
    -98.22231 -135.53142 
    -98.21950 -134.92361 
    -98.22847 -134.32838 
    -98.25169 -133.74278 
    -98.28992 -133.16469 
    -98.34329 -132.59238 
    -98.37793 -132.01987 
    -98.42042 -131.44409 
    -98.47211 -130.86209 
    -98.54053 -130.27304 
    -98.62701 -129.67532 
    -98.72631 -129.06427 
    -98.83858 -128.43594 
    -98.95850 -127.78209 
    -99.07198 -127.08488 
    -99.14299 -126.30070 
    -99.38467 -125.60011 
    -99.92572 -125.16266 
    -100.49885 -124.77412 
    -101.09652 -124.43347 
    -101.71191 -124.13846 
    -102.33917 -123.88609 
    -102.97372 -123.67310 
    -103.61217 -123.49639 
    -104.25224 -123.35336 
    -104.84653 -123.06329 
    -105.45963 -122.78256 
    -106.09940 -122.55176 
    -106.76264 -122.39645 
    -107.44012 -122.33755 
    -108.11758 -122.39696 
    -108.77647 -122.58639 
    -109.41512 -122.81135 
    -110.01646 -123.13055 
    -110.58098 -123.49815 
    -111.07935 -123.97305 
    -111.55410 -124.42204 
    -112.02892 -124.81771 
    -112.50498 -125.18375 
    -112.98275 -125.53593 
    -113.46416 -125.88288 
    -113.94968 -126.23273 
    -114.43685 -126.59432 
    -114.92467 -126.97294 
    -115.41449 -127.37097 
    -115.90739 -127.79119 
    -116.40520 -128.23610 
    -116.91972 -128.70393 
    -117.48093 -129.18925 
    -118.18037 -129.67499 
    -118.92989 -130.21461 
    -119.07849 -130.94455 
    -118.91219 -131.71542 
    -118.43386 -132.47302 
Cell 2 100 -88.58546 -133.09775 
    -98.29616 -133.09775 
    -98.25412 -133.70605 
    -98.22896 -134.31599 
    -98.21955 -134.93556 
    -98.22301 -135.57225 
    -98.23057 -136.23163 
    -98.22585 -136.91464 
    -97.96221 -137.51012 
    -97.60107 -138.05412 
    -97.22104 -138.57805 
    -96.82122 -139.08138 
    -96.43240 -139.58931 
    -96.03539 -140.09370 
    -95.60529 -140.57312 
    -95.14366 -141.02525 
    -94.65219 -141.44789 
    -94.13277 -141.83890 
    -93.58745 -142.19633 
    -93.01844 -142.51833 
    -92.42809 -142.80315 
    -91.81891 -143.04929 
    -91.19349 -143.25537 
    -90.55457 -143.42024 
    -89.90499 -143.54289 
    -89.24763 -143.62262 
    -88.58546 -143.65878 
    -87.92149 -143.65111 
    -87.25878 -143.59947 
    -86.60036 -143.50397 
    -85.94928 -143.36497 
    -85.30855 -143.18304 
    -84.68112 -142.95897 
    -84.06991 -142.69379 
    -83.47772 -142.38869 
    -82.90727 -142.04514 
    -82.36115 -141.66476 
    -81.84184 -141.24937 
    -81.35165 -140.80098 
    -80.89272 -140.32172 
    -80.46704 -139.81389 
    -80.07642 -139.27992 
    -79.72245 -138.72238 
    -79.40656 -138.14389 
    -79.12225 -137.55080 
    -78.83516 -136.95816 
    -78.58099 -136.34840 
    -78.36131 -135.72287 
    -78.17812 -135.08305 
    -78.03381 -134.43073 
    -77.93106 -133.76807 
    -77.87276 -133.09775 
    -77.86169 -132.42307 
    -77.90042 -131.74791 
    -77.99094 -131.07674 
    -78.13445 -130.41438 
    -78.33118 -129.76593 
    -78.58029 -129.13643 
    -78.87980 -128.53061 
    -79.22671 -127.95273 
    -79.61714 -127.40628 
    -80.04664 -126.89394 
    -80.51036 -126.41745 
    -81.00342 -125.97774 
    -81.52112 -125.57499 
    -82.05917 -125.20882 
    -82.61381 -124.87848 
    -83.18186 -124.58305 
    -83.75408 -124.30951 
    -84.30544 -124.00224 
    -84.87332 -123.72196 
    -85.45649 -123.46777 
    -86.05406 -123.23862 
    -86.66559 -123.03345 
    -87.29103 -122.85130 
    -87.93076 -122.69164 
    -88.58546 -122.55450 
    -89.25769 -122.41285 
    -89.95499 -122.25674 
    -90.66630 -122.18959 
    -91.37424 -122.23616 
    -92.11609 -122.23158 
    -92.87991 -122.25118 
    -93.63491 -122.36711 
    -94.36560 -122.58371 
    -95.11839 -122.80350 
    -95.85639 -123.09017 
    -96.56926 -123.44699 
    -97.24599 -123.87521 
    -97.87559 -124.37373 
    -98.44769 -124.93900 
    -98.95322 -125.56513 
    -99.13367 -126.40365 
    -99.02767 -127.35709 
    -98.87128 -128.25761 
    -98.72311 -129.08397 
    -98.60276 -129.84293 
    -98.50836 -130.54997 
    -98.44051 -131.21779 
    -98.38979 -131.85916 
    -98.34988 -132.48343 
Cell 3 100 -51.07779 -152.64546 
    -61.20885 -152.64546 
    -61.16351 -153.28000 
    -61.08120 -153.90918 
    -60.96259 -154.53108 
    -60.80827 -155.14383 
    -60.61877 -155.74551 
    -60.39460 -156.33424 
    -60.13633 -156.90808 
    -59.84457 -157.46504 
    -59.52107 -158.00372 
    -59.16796 -158.52332 
    -58.78292 -159.01970 
    -58.36748 -159.49094 
    -57.92326 -159.93515 
    -57.45203 -160.35060 
    -56.95565 -160.73563 
    -56.43606 -161.08875 
    -55.89533 -161.40852 
    -55.33559 -161.69373 
    -54.75904 -161.94322 
    -54.16796 -162.15602 
    -53.56469 -162.33130 
    -52.95161 -162.46834 
    -52.33113 -162.56660 
    -51.70570 -162.62573 
    -51.07779 -162.64546 
    -50.44989 -162.62573 
    -49.82446 -162.56660 
    -49.20398 -162.46834 
    -48.59090 -162.33130 
    -47.98763 -162.15602 
    -47.39506 -161.94699 
    -46.81550 -161.70331 
    -46.25106 -161.42526 
    -45.70333 -161.11427 
    -45.17363 -160.77185 
    -44.66304 -160.39957 
    -44.17235 -159.99901 
    -43.70214 -159.57166 
    -43.25284 -159.11882 
    -42.82481 -158.64160 
    -42.41850 -158.14081 
    -42.03466 -157.61697 
    -41.67446 -157.07034 
    -41.33970 -156.50105 
    -41.03293 -155.90924 
    -40.75751 -155.29526 
    -40.51760 -154.65993 
    -40.31797 -154.00475 
    -40.16378 -153.33211 
    -40.06022 -152.64546 
    -40.01212 -151.94926 
    -40.02346 -151.24898 
    -40.09704 -150.55077 
    -40.23413 -149.86128 
    -40.43430 -149.18718 
    -40.69542 -148.53479 
    -41.01376 -147.90968 
    -41.38433 -147.31644 
    -41.80123 -146.75838 
    -42.25809 -146.23758 
    -42.74856 -145.75491 
    -43.26662 -145.31029 
    -43.80695 -144.90280 
    -44.36509 -144.53119 
    -44.93746 -144.19402 
    -45.52138 -143.88995 
    -46.11489 -143.61798 
    -46.71662 -143.37750 
    -47.32554 -143.16835 
    -47.94081 -142.99081 
    -48.56159 -142.84550 
    -49.18694 -142.73328 
    -49.81572 -142.65509 
    -50.44654 -142.61194 
    -51.07779 -142.58630 
    -51.71030 -142.59201 
    -52.34244 -142.63474 
    -52.97224 -142.71443 
    -53.59768 -142.83115 
    -54.21865 -142.97888 
    -54.83517 -143.15543 
    -55.43277 -143.39066 
    -56.01148 -143.67111 
    -56.58007 -143.97527 
    -57.12875 -144.31705 
    -57.65419 -144.69597 
    -58.15298 -145.11116 
    -58.62178 -145.56119 
    -59.05741 -146.04416 
    -59.45703 -146.55759 
    -59.81824 -147.09860 
    -60.13919 -147.66393 
    -60.41860 -148.25002 
    -60.65579 -148.85327 
    -60.85060 -149.47009 
    -61.00333 -150.09702 
    -61.11463 -150.73083 
    -61.18534 -151.36858 
    -61.21643 -152.00760 
Cell 4 100 -64.64127 -129.56845 
    -76.69576 -129.56845 
    -76.53439 -130.31670 
    -76.32320 -131.04422 
    -76.06646 -131.74792 
    -75.76838 -132.42540 
    -75.43307 -133.07492 
    -75.06438 -133.69525 
    -74.66583 -134.28564 
    -74.24057 -134.84570 
    -73.79135 -135.37526 
    -73.32053 -135.87430 
    -72.83012 -136.34285 
    -72.32179 -136.78093 
    -71.79700 -137.18852 
    -71.25697 -137.56544 
    -70.70281 -137.91144 
    -70.13559 -138.22610 
    -69.55634 -138.50891 
    -68.98642 -138.80235 
    -68.41994 -139.11229 
    -67.83128 -139.38629 
    -67.22272 -139.62254 
    -66.59675 -139.81941 
    -65.95598 -139.97540 
    -65.30318 -140.08923 
    -64.64127 -140.15982 
    -63.97326 -140.18629 
    -63.30223 -140.16806 
    -62.63138 -140.10469 
    -61.96391 -139.99609 
    -61.30309 -139.84233 
    -60.65218 -139.64377 
    -60.01446 -139.40094 
    -59.39313 -139.11479 
    -58.79132 -138.78650 
    -58.21209 -138.41747 
    -57.65839 -138.00931 
    -57.13300 -137.56395 
    -56.63859 -137.08347 
    -56.17761 -136.57021 
    -55.75233 -136.02664 
    -55.36483 -135.45546 
    -55.01690 -134.85950 
    -54.71014 -134.24168 
    -54.44588 -133.60509 
    -54.22520 -132.95284 
    -54.04891 -132.28810 
    -53.91757 -131.61411 
    -53.83148 -130.93405 
    -53.79071 -130.25111 
    -53.79507 -129.56845 
    -53.84418 -128.88916 
    -53.93740 -128.21623 
    -54.07396 -127.55263 
    -54.25286 -126.90116 
    -54.47297 -126.26457 
    -54.73300 -125.64548 
    -55.03150 -125.04643 
    -55.36693 -124.46983 
    -55.73760 -123.91801 
    -56.14170 -123.39315 
    -56.57732 -122.89737 
    -57.04241 -122.43265 
    -57.53481 -122.00083 
    -58.05223 -121.60366 
    -58.57095 -121.21336 
    -59.07182 -120.79240 
    -59.59830 -120.39532 
    -60.14983 -120.02365 
    -60.72585 -119.67921 
    -61.32569 -119.36414 
    -61.94852 -119.08087 
    -62.59323 -118.83223 
    -63.25832 -118.62128 
    -63.94184 -118.45132 
    -64.64127 -118.32577 
    -65.35349 -118.24801 
    -66.07476 -118.22124 
    -66.80070 -118.24834 
    -67.52959 -118.31921 
    -68.27442 -118.38679 
    -69.02149 -118.50529 
    -69.76628 -118.67725 
    -70.50368 -118.90478 
    -71.22803 -119.18938 
    -71.93329 -119.53186 
    -72.61308 -119.93220 
    -73.26093 -120.38945 
    -73.87045 -120.90168 
    -74.43549 -121.46597 
    -74.95038 -122.07845 
    -75.41008 -122.73436 
    -75.81036 -123.42819 
    -76.14795 -124.15382 
    -76.42056 -124.90471 
    -76.62700 -125.67406 
    -76.76714 -126.45506 
    -76.84189 -127.24106 
    -76.85304 -128.02574 
    -76.80324 -128.80328 
Cell 5 100 -4.32288 -139.87233 
    -14.76205 -139.87233 
    -14.78045 -140.53026 
    -14.75542 -141.19026 
    -14.68663 -141.84932 
    -14.57403 -142.50438 
    -14.41777 -143.15236 
    -14.21823 -143.79018 
    -13.97607 -144.41478 
    -13.69214 -145.02312 
    -13.36755 -145.61226 
    -13.00364 -146.17926 
    -12.60197 -146.72139 
    -12.16432 -147.23593 
    -11.69268 -147.72037 
    -11.18922 -148.17230 
    -10.65631 -148.58955 
    -10.09648 -148.97006 
    -9.51241 -149.31204 
    -8.90689 -149.61385 
    -8.28288 -149.87415 
    -7.64337 -150.09174 
    -6.99145 -150.26573 
    -6.33027 -150.39545 
    -5.66300 -150.48047 
    -4.99281 -150.52060 
    -4.32288 -150.51591 
    -3.65634 -150.46671 
    -2.99627 -150.37354 
    -2.34569 -150.23714 
    -1.70751 -150.05853 
    -1.08455 -149.83888 
    -0.47951 -149.57959 
    0.10509 -149.28224 
    0.66680 -148.94852 
    1.20340 -148.58037 
    1.71283 -148.17978 
    2.19319 -147.74890 
    2.58795 -147.23161 
    2.93216 -146.68527 
    3.25894 -146.14456 
    3.57472 -145.61028 
    3.87815 -145.07686 
    4.16857 -144.54054 
    4.44556 -143.99844 
    4.71077 -143.44901 
    4.96621 -142.89053 
    5.21300 -142.32072 
    5.45558 -141.73767 
    5.70237 -141.13881 
    5.97068 -140.51994 
    6.44061 -139.87233 
    6.78459 -139.17351 
    7.04031 -138.43683 
    7.25581 -137.66357 
    7.40229 -136.86182 
    7.44892 -136.04744 
    7.36928 -135.24307 
    7.14666 -134.47517 
    6.77769 -133.76974 
    6.27339 -133.14774 
    5.65720 -132.62138 
    4.96061 -132.19235 
    4.21764 -131.85225 
    3.45928 -131.58516 
    2.70961 -131.37151 
    1.98374 -131.19202 
    1.28804 -131.03093 
    0.65008 -130.82655 
    0.05851 -130.56140 
    -0.54614 -130.33337 
    -1.16154 -130.14272 
    -1.78543 -129.98959 
    -2.40268 -129.80626 
    -3.02573 -129.60431 
    -3.66517 -129.41829 
    -4.32288 -129.12703 
    -5.05425 -128.24750 
    -5.71834 -128.82613 
    -6.39684 -129.00026 
    -7.10262 -129.04596 
    -7.76985 -129.26366 
    -8.40273 -129.56781 
    -9.00057 -129.93175 
    -9.58105 -130.30777 
    -10.14748 -130.69423 
    -10.68009 -131.12239 
    -11.14874 -131.62128 
    -11.54869 -132.17763 
    -11.91687 -132.74110 
    -12.25949 -133.30659 
    -12.58052 -133.87280 
    -12.88136 -134.44095 
    -13.16117 -135.01344 
    -13.48547 -135.56075 
    -13.78247 -136.12701 
    -14.04366 -136.71385 
    -14.26745 -137.31900 
    -14.45239 -137.94002 
    -14.59719 -138.57439 
    -14.70072 -139.21941 
Cell 6 100 12.51604 -149.31409 
    1.73991 -149.31409 
    1.65667 -149.99730 
    1.64595 -150.68730 
    1.70043 -151.37727 
    1.81230 -152.06235 
    1.97647 -152.73860 
    2.19082 -153.40213 
    2.45128 -154.05020 
    2.75630 -154.67955 
    3.10447 -155.28685 
    3.49406 -155.86894 
    3.92308 -156.42281 
    4.38937 -156.94554 
    4.89047 -157.43449 
    5.42371 -157.88724 
    5.98630 -158.30151 
    6.57520 -158.67535 
    7.18729 -159.00705 
    7.81932 -159.29514 
    8.46792 -159.53845 
    9.12972 -159.73611 
    9.80125 -159.88751 
    10.47906 -159.99231 
    11.15971 -160.05052 
    11.83982 -160.06233 
    12.51604 -160.02832 
    13.18515 -159.94923 
    13.84401 -159.82603 
    14.48963 -159.66002 
    15.11917 -159.45262 
    15.72996 -159.20551 
    16.31947 -158.92044 
    16.90069 -158.63194 
    17.49778 -158.37582 
    18.08197 -158.08458 
    18.65128 -157.75851 
    19.20362 -157.39798 
    19.73676 -157.00337 
    20.24833 -156.57518 
    20.73578 -156.11404 
    21.19645 -155.62077 
    21.62752 -155.09641 
    22.02608 -154.54228 
    22.38917 -153.96002 
    22.71383 -153.35168 
    22.99720 -152.71962 
    23.23653 -152.06664 
    23.42934 -151.39590 
    23.57345 -150.71097 
    23.66710 -150.01566 
    23.70895 -149.31409 
    23.69820 -148.61057 
    23.63461 -147.90948 
    23.51848 -147.21526 
    23.35069 -146.53223 
    23.13268 -145.86453 
    22.86636 -145.21611 
    22.55409 -144.59055 
    22.19860 -143.99106 
    21.80291 -143.42046 
    21.37023 -142.88115 
    20.90390 -142.37505 
    20.40729 -141.90372 
    19.88373 -141.46829 
    19.33646 -141.06961 
    18.76860 -140.70818 
    18.18307 -140.38428 
    17.58261 -140.09804 
    16.96979 -139.84940 
    16.34697 -139.63826 
    15.71638 -139.46445 
    15.08008 -139.32784 
    14.44003 -139.22820 
    13.82788 -138.92984 
    13.19152 -138.57765 
    12.51604 -138.18546 
    11.79085 -137.78760 
    11.01662 -137.44492 
    10.21132 -137.23233 
    9.40988 -137.21640 
    8.65534 -137.43207 
    7.98463 -137.86906 
    7.41582 -138.47556 
    6.94306 -139.17688 
    6.49712 -139.82979 
    6.04865 -140.41249 
    5.71973 -141.09877 
    5.43892 -141.77773 
    5.17133 -142.41693 
    4.90721 -143.01952 
    4.64137 -143.59280 
    4.37072 -144.14491 
    4.09159 -144.68271 
    3.80072 -145.21297 
    3.49632 -145.74294 
    3.17725 -146.27974 
    2.84100 -146.82996 
    2.49904 -147.40324 
    2.14903 -148.00443 
    1.90224 -148.64632 
Cell 7 100 36.39333 -126.91467 
    26.01182 -126.91467 
    25.95489 -127.57140 
    25.97763 -128.23048 
    26.04402 -128.88892 
    26.15416 -129.54364 
    26.30793 -130.19162 
    26.50499 -130.82974 
    26.74472 -131.45496 
    27.02631 -132.06424 
    27.34868 -132.65457 
    27.71054 -133.22308 
    28.11034 -133.76695 
    28.54635 -134.28348 
    29.01660 -134.77010 
    29.51893 -135.22440 
    30.05101 -135.64412 
    30.61032 -136.02724 
    31.19419 -136.37187 
    31.79982 -136.67638 
    32.42429 -136.93932 
    33.06458 -137.15952 
    33.71758 -137.33604 
    34.38015 -137.46811 
    35.04910 -137.55533 
    35.72123 -137.59746 
    36.39333 -137.59451 
    37.06224 -137.54680 
    37.72486 -137.45480 
    38.37812 -137.31929 
    39.01906 -137.14122 
    39.64484 -136.92178 
    40.25271 -136.66235 
    40.84008 -136.36449 
    41.40450 -136.02995 
    41.94370 -135.66064 
    42.45555 -135.25861 
    42.93815 -134.82600 
    43.38975 -134.36511 
    43.85826 -133.92471 
    44.31125 -133.46495 
    44.73936 -132.97842 
    45.14123 -132.46626 
    45.51545 -131.92960 
    45.86055 -131.36961 
    46.17496 -130.78749 
    46.45706 -130.18457 
    46.70507 -129.56227 
    46.91716 -128.92220 
    47.09140 -128.26616 
    47.22582 -127.59620 
    47.31847 -126.91467 
    47.36740 -126.22424 
    47.37085 -125.52789 
    47.32719 -124.82893 
    47.23508 -124.13098 
    47.09351 -123.43797 
    46.90188 -122.75404 
    46.66007 -122.08351 
    46.36848 -121.43079 
    46.02806 -120.80029 
    45.64031 -120.19635 
    45.20731 -119.62312 
    44.73167 -119.08445 
    44.21649 -118.58385 
    43.66528 -118.12440 
    43.14483 -117.62202 
    42.58952 -117.15105 
    41.98035 -116.75191 
    41.32589 -116.43245 
    40.63681 -116.19685 
    39.92500 -116.04530 
    39.20239 -115.97410 
    38.47995 -115.97620 
    37.76685 -116.04218 
    37.07392 -116.09705 
    36.39333 -115.92669 
    35.69323 -115.78689 
    34.97556 -115.69183 
    34.24450 -115.65011 
    33.50624 -115.67022 
    32.76885 -115.75969 
    32.04190 -115.92422 
    31.33582 -116.16692 
    30.66112 -116.48782 
    30.04569 -116.91239 
    29.62393 -117.59740 
    29.24622 -118.27530 
    28.90704 -118.94258 
    28.61386 -119.60928 
    28.37282 -120.27953 
    28.15860 -120.93179 
    27.95574 -121.56001 
    27.76363 -122.17046 
    27.58007 -122.76747 
    27.40024 -123.35406 
    27.22030 -123.93418 
    27.03762 -124.51254 
    26.84646 -125.09351 
    26.63879 -125.68239 
    26.41393 -126.28682 
Cell 8 100 46.52371 -147.22444 
    36.49195 -147.22444 
    36.51402 -147.85420 
    36.56716 -148.48225 
    36.65792 -149.10645 
    36.78774 -149.72421 
    36.95642 -150.33304 
    37.16337 -150.93047 
    37.40787 -151.51402 
    37.68899 -152.08138 
    38.00568 -152.63014 
    38.35671 -153.15811 
    38.74076 -153.66306 
    39.15628 -154.14291 
    39.60166 -154.59567 
    40.07511 -155.01945 
    40.57475 -155.41249 
    41.09855 -155.77312 
    41.64441 -156.09985 
    42.21011 -156.39130 
    42.79335 -156.64624 
    43.39175 -156.86362 
    44.00286 -157.04251 
    44.62418 -157.18216 
    45.25315 -157.28200 
    45.88719 -157.34161 
    46.52371 -157.36075 
    47.16009 -157.33936 
    47.79371 -157.27754 
    48.42199 -157.17557 
    49.04234 -157.03386 
    49.65224 -156.85307 
    50.24920 -156.63396 
    50.83080 -156.37747 
    51.39468 -156.08470 
    51.93856 -155.75688 
    52.46026 -155.39540 
    52.95771 -155.00182 
    53.42892 -154.57774 
    53.87202 -154.12497 
    54.28530 -153.64539 
    54.66714 -153.14099 
    55.01608 -152.61386 
    55.33077 -152.06616 
    55.61006 -151.50015 
    55.85289 -150.91812 
    56.05839 -150.32245 
    56.22584 -149.71553 
    56.35466 -149.09979 
    56.44491 -148.47778 
    56.50515 -147.85242 
    56.52600 -147.22444 
    56.50737 -146.59633 
    56.44931 -145.97055 
    56.35205 -145.34958 
    56.21596 -144.73590 
    56.04155 -144.13191 
    55.82952 -143.54001 
    55.58068 -142.96255 
    55.29602 -142.40182 
    54.97886 -141.85864 
    54.63242 -141.33313 
    54.25744 -140.82654 
    53.85630 -140.33868 
    53.43110 -139.86882 
    52.98333 -139.41611 
    52.51353 -138.98015 
    52.02111 -138.56192 
    51.50448 -138.16446 
    50.96158 -137.79349 
    50.49165 -137.20259 
    49.99770 -136.53261 
    49.29528 -136.42987 
    48.52018 -136.75861 
    47.85875 -136.65649 
    47.19058 -136.62485 
    46.52371 -136.48285 
    45.84613 -136.45451 
    45.19291 -136.69002 
    44.58413 -137.05679 
    43.97546 -137.29968 
    43.37803 -137.54301 
    42.79628 -137.81003 
    42.23007 -138.09999 
    41.67990 -138.41357 
    41.14705 -138.75218 
    40.63338 -139.11710 
    40.14109 -139.50919 
    39.67053 -139.92654 
    39.22647 -140.37187 
    38.81131 -140.84419 
    38.42670 -141.34161 
    38.07413 -141.86218 
    37.75502 -142.40381 
    37.47059 -142.96437 
    37.22197 -143.54163 
    36.99898 -144.12967 
    36.77222 -144.72069 
    36.60051 -145.33150 
    36.51391 -145.95992 
    36.49005 -146.59317 
Cell 9 100 68.79353 -149.97740 
    57.95847 -149.97740 
    57.93321 -150.66068 
    57.94273 -151.34818 
    57.99549 -152.03723 
    58.09485 -152.72435 
    58.24862 -153.40364 
    58.44936 -154.07295 
    58.69649 -154.72871 
    58.98915 -155.36740 
    59.32613 -155.98560 
    59.70593 -156.57993 
    60.12682 -157.14713 
    60.58665 -157.68419 
    61.08311 -158.18817 
    61.61362 -158.65642 
    62.17540 -159.08649 
    62.76543 -159.47617 
    63.38057 -159.82353 
    64.01750 -160.12698 
    64.67279 -160.38519 
    65.34294 -160.59723 
    66.02441 -160.76239 
    66.71367 -160.88045 
    67.40719 -160.95145 
    68.10156 -160.97595 
    68.79353 -160.95459 
    69.48002 -160.88872 
    70.15819 -160.77974 
    70.82552 -160.62946 
    71.47985 -160.43991 
    72.11938 -160.21329 
    72.74270 -159.95186 
    73.34885 -159.65793 
    73.93715 -159.33360 
    74.50721 -158.98071 
    75.05898 -158.60106 
    75.59227 -158.19566 
    76.10689 -157.76534 
    76.60229 -157.31032 
    77.07752 -156.83052 
    77.53098 -156.32553 
    77.96030 -155.79480 
    78.36224 -155.23784 
    78.73110 -154.65367 
    79.05463 -154.04005 
    79.33952 -153.40401 
    79.58216 -152.74745 
    79.77389 -152.07202 
    79.90828 -151.38152 
    79.98174 -150.68130 
    79.99149 -149.97740 
    79.93577 -149.27640 
    79.81514 -148.58505 
    79.63151 -147.90994 
    79.38826 -147.25714 
    79.09112 -146.63152 
    78.95001 -145.95616 
    78.76831 -145.28363 
    78.54174 -144.61829 
    78.26874 -143.96425 
    77.94816 -143.32617 
    77.57938 -142.70911 
    77.16250 -142.11842 
    76.69836 -141.55962 
    76.18872 -141.03816 
    75.63621 -140.55927 
    75.04433 -140.12772 
    74.41740 -139.74763 
    73.76037 -139.42233 
    73.07873 -139.15424 
    72.37826 -138.94475 
    71.66487 -138.79427 
    70.94439 -138.70221 
    70.22236 -138.66711 
    69.50388 -138.68675 
    68.79353 -138.75830 
    68.09525 -138.87856 
    67.41232 -139.04404 
    66.74740 -139.25121 
    66.10253 -139.49663 
    65.47926 -139.77710 
    64.87872 -140.08969 
    64.30173 -140.43184 
    63.74894 -140.80133 
    63.22089 -141.19632 
    62.71809 -141.61526 
    62.24111 -142.05688 
    61.79063 -142.52007 
    61.25832 -142.90137 
    60.71236 -143.29207 
    60.16239 -143.70651 
    59.61840 -144.15468 
    59.09872 -144.64763 
    58.62833 -145.19402 
    58.23458 -145.79681 
    57.94114 -146.45125 
    57.76218 -147.14503 
    57.69870 -147.86095 
    57.73856 -148.58084 
    57.85994 -149.28952 
Cell 10 100 83.28994 -129.84081 
    72.19344 -129.84081 
    72.00349 -130.55089 
    71.73187 -131.30093 
    71.59026 -132.07263 
    72.01804 -132.73494 
    72.47444 -133.35497 
    72.94599 -133.93626 
    73.42325 -134.48372 
    73.90086 -135.00250 
    74.37700 -135.49713 
    74.85259 -135.97090 
    75.33032 -136.42557 
    75.81371 -136.86145 
    76.30633 -137.27759 
    76.81131 -137.67212 
    77.33099 -138.04260 
    77.86674 -138.38641 
    78.41906 -138.70090 
    78.98764 -138.98366 
    79.57149 -139.23254 
    80.16909 -139.44579 
    80.77857 -139.62195 
    81.39777 -139.75987 
    82.02438 -139.85872 
    82.65594 -139.91794 
    83.28994 -139.93936 
    83.92419 -139.92191 
    84.55631 -139.86517 
    85.18394 -139.76953 
    85.80480 -139.63556 
    86.41668 -139.46393 
    87.01747 -139.25548 
    87.60519 -139.01117 
    88.17796 -138.73209 
    88.73407 -138.41939 
    89.27190 -138.07428 
    89.79000 -137.69803 
    90.28700 -137.29192 
    90.76168 -136.85724 
    91.21286 -136.39522 
    91.63946 -135.90709 
    92.04039 -135.39401 
    92.41458 -134.85712 
    92.76089 -134.29750 
    93.07813 -133.71622 
    93.36496 -133.11438 
    93.61993 -132.49309 
    93.84140 -131.85361 
    94.02762 -131.19730 
    94.17664 -130.52574 
    94.28642 -129.84081 
    94.35481 -129.14467 
    94.37966 -128.43985 
    94.35886 -127.72929 
    94.29045 -127.01635 
    94.17270 -126.30478 
    94.00420 -125.59872 
    93.78400 -124.90267 
    93.51163 -124.22138 
    93.18726 -123.55978 
    92.81165 -122.92287 
    92.38631 -122.31563 
    91.91338 -121.74285 
    91.37579 -121.23024 
    90.67348 -120.91563 
    89.97764 -120.63598 
    89.19841 -120.53054 
    88.44531 -120.46321 
    87.74365 -120.37619 
    87.07491 -120.28107 
    86.42757 -120.18414 
    85.79394 -120.08838 
    85.16825 -119.99433 
    84.54569 -119.90051 
    83.92143 -119.80341 
    83.28994 -119.69700 
    82.64387 -119.57171 
    81.97253 -119.41245 
    81.26949 -119.24920 
    80.61313 -119.41531 
    79.99028 -119.68549 
    79.38893 -119.98799 
    78.81015 -120.32077 
    78.25484 -120.68201 
    77.72385 -121.07006 
    77.17053 -121.41817 
    76.54896 -121.69235 
    75.91583 -121.98818 
    75.27100 -122.31052 
    74.61731 -122.66618 
    74.15693 -123.20528 
    73.90058 -123.88214 
    73.64983 -124.54111 
    73.44055 -125.20603 
    73.23927 -125.86147 
    73.03696 -126.50941 
    72.84457 -127.15890 
    72.66770 -127.81450 
    72.50601 -128.47847 
    72.35275 -129.15269 
Cell 11 100 121.80495 -139.01535 
    111.63992 -139.01535 
    111.65049 -139.65422 
    111.70189 -140.29167 
    111.79400 -140.92505 
    111.92653 -141.55170 
    112.09901 -142.16901 
    112.31080 -142.77435 
    112.56107 -143.36519 
    112.84882 -143.93903 
    113.17290 -144.49342 
    113.53195 -145.02603 
    113.92451 -145.53462 
    114.34895 -146.01701 
    114.80346 -146.47119 
    115.28615 -146.89523 
    115.79498 -147.28738 
    116.32778 -147.64600 
    116.88231 -147.96960 
    117.45622 -148.25688 
    118.04707 -148.50667 
    118.65238 -148.71797 
    119.26958 -148.89000 
    119.89607 -149.02208 
    120.52923 -149.11377 
    121.16640 -149.16479 
    121.80495 -149.17505 
    122.44224 -149.14465 
    123.07565 -149.07388 
    123.70261 -148.96321 
    124.32066 -148.81335 
    124.92739 -148.62523 
    125.52060 -148.39999 
    126.09823 -148.13902 
    126.65854 -147.84399 
    127.20011 -147.51675 
    127.72197 -147.15942 
    128.22363 -146.77420 
    128.70517 -146.36334 
    129.16722 -145.92897 
    129.61081 -145.47292 
    130.03725 -144.99646 
    130.44775 -144.50024 
    130.84305 -143.98409 
    131.22285 -143.44708 
    131.58540 -142.88770 
    131.92700 -142.30420 
    132.24190 -141.69510 
    132.52231 -141.05980 
    132.75893 -140.39915 
    132.94160 -139.71600 
    133.06047 -139.01535 
    133.10704 -138.30428 
    133.07532 -137.59157 
    132.96260 -136.88692 
    133.09146 -136.11746 
    133.27817 -135.28748 
    132.91991 -134.61462 
    132.12578 -134.15874 
    131.33554 -133.77586 
    130.86148 -133.26791 
    130.36203 -132.79828 
    129.84525 -132.36385 
    129.31700 -131.96106 
    128.78104 -131.58658 
    128.23915 -131.23775 
    127.71634 -130.87903 
    127.19987 -130.51431 
    126.66454 -130.17580 
    126.11223 -129.86194 
    125.54396 -129.57170 
    124.95979 -129.30577 
    124.35906 -129.06775 
    123.74130 -128.86464 
    123.10728 -128.70631 
    122.46001 -128.60349 
    121.80495 -128.56491 
    121.14935 -128.59477 
    120.47844 -128.51491 
    119.75809 -128.28531 
    118.99760 -128.08142 
    118.22520 -127.99802 
    117.49213 -128.12242 
    116.85058 -128.48677 
    116.32566 -129.04855 
    115.90258 -129.71471 
    115.53865 -130.39053 
    115.18942 -131.01854 
    114.82897 -131.58669 
    114.45396 -132.11230 
    114.07518 -132.62073 
    113.68122 -133.11311 
    113.31485 -133.62737 
    112.98124 -134.16447 
    112.68186 -134.72235 
    112.41808 -135.29883 
    112.19111 -135.89162 
    112.00200 -136.49838 
    111.85165 -137.11665 
    111.74084 -137.74396 
    111.67012 -138.37772 
Cell 12 100 -120.04972 -120.08981 
    -130.06001 -120.08981 
    -130.03818 -120.71822 
    -130.39066 -121.39617 
    -130.77440 -122.13565 
    -131.09676 -122.92620 
    -131.35188 -123.76210 
    -131.53445 -124.63693 
    -131.64021 -125.54388 
    -131.66542 -126.47559 
    -131.60744 -127.42455 
    -131.46405 -128.38280 
    -131.23413 -129.34235 
    -130.91719 -130.29504 
    -130.51358 -131.23268 
    -127.12406 -128.64122 
    -126.06802 -128.37328 
    -125.37735 -128.48480 
    -124.78825 -128.70915 
    -124.22574 -128.96429 
    -123.65932 -129.20660 
    -123.07310 -129.39479 
    -122.47463 -129.53421 
    -121.87482 -129.65730 
    -121.27202 -129.76534 
    -120.66354 -129.84621 
    -120.04972 -129.91745 
    -119.41182 -130.22888 
    -118.78394 -130.10953 
    -118.21631 -129.70087 
    -117.67821 -129.32626 
    -117.17819 -128.92746 
    -116.71342 -128.51634 
    -116.27227 -128.11729 
    -115.84506 -127.73805 
    -115.42388 -127.37897 
    -115.00274 -127.03638 
    -114.57806 -126.70392 
    -114.14500 -126.37770 
    -113.69986 -126.05272 
    -113.24127 -125.72224 
    -112.76981 -125.37897 
    -112.28703 -125.01617 
    -111.79868 -124.62585 
    -111.31792 -124.19868 
    -110.83349 -123.73877 
    -110.24110 -123.27682 
    -109.42650 -122.81738 
    -108.03891 -122.38099 
    -106.32939 -121.82309 
    -106.71732 -120.92861 
    -107.16605 -120.08981 
    -107.57528 -119.30498 
    -107.94899 -118.56113 
    -108.34434 -117.85688 
    -108.29288 -117.07116 
    -108.55424 -116.35470 
    -109.12384 -115.76395 
    -109.85793 -115.29391 
    -110.59796 -114.89365 
    -111.20494 -114.47674 
    -111.46796 -113.85479 
    -111.76427 -113.23549 
    -112.09988 -112.62441 
    -112.48109 -112.03003 
    -112.91338 -111.46344 
    -113.40019 -110.93752 
    -113.94200 -110.46558 
    -114.53566 -110.05976 
    -115.17449 -109.72941 
    -115.84893 -109.47981 
    -116.54765 -109.31155 
    -117.25899 -109.22061 
    -117.97223 -109.19921 
    -118.67871 -109.23716 
    -119.37236 -109.32346 
    -120.04972 -109.44780 
    -120.70958 -109.60169 
    -121.35226 -109.77914 
    -121.97889 -109.97675 
    -122.59067 -110.19346 
    -123.18841 -110.42993 
    -123.77221 -110.68788 
    -124.34144 -110.96944 
    -124.89480 -111.27664 
    -125.43048 -111.61108 
    -125.94678 -111.97319 
    -126.44432 -112.36007 
    -126.91645 -112.77748 
    -127.36131 -113.22376 
    -127.77715 -113.69713 
    -128.16229 -114.19567 
    -128.51524 -114.71742 
    -128.83461 -115.26028 
    -129.11911 -115.82207 
    -129.36766 -116.40057 
    -129.57928 -116.99346 
    -129.75314 -117.59839 
    -129.88858 -118.21294 
    -129.98509 -118.83468 
    -130.04230 -119.46113 
Cell 13 100 -73.12940 -104.12944 
    -82.81911 -104.12944 
    -82.85789 -104.74150 
    -82.93289 -105.36791 
    -83.06161 -106.02411 
    -83.04095 -106.67429 
    -82.87115 -107.29472 
    -82.66166 -107.90353 
    -82.41326 -108.49809 
    -82.12692 -109.07587 
    -81.80376 -109.63436 
    -81.44512 -110.17117 
    -81.05246 -110.68396 
    -80.62741 -111.17054 
    -80.17178 -111.62881 
    -79.68747 -112.05679 
    -79.17656 -112.45264 
    -78.64124 -112.81470 
    -78.08378 -113.14141 
    -77.50658 -113.43142 
    -76.91213 -113.68353 
    -76.30298 -113.89670 
    -75.68173 -114.07010 
    -75.05105 -114.20306 
    -74.41363 -114.29511 
    -73.77217 -114.34595 
    -73.12940 -114.35551 
    -72.48802 -114.32384 
    -71.85072 -114.25124 
    -71.22014 -114.13815 
    -70.59888 -113.98519 
    -69.98946 -113.79320 
    -69.39433 -113.56314 
    -68.81586 -113.29617 
    -68.25630 -112.99358 
    -67.70823 -112.67184 
    -67.16422 -112.33981 
    -66.63873 -111.97533 
    -66.13361 -111.57921 
    -65.65079 -111.15232 
    -65.19231 -110.69558 
    -64.76022 -110.21001 
    -64.35671 -109.69675 
    -63.98407 -109.15713 
    -63.64460 -108.59264 
    -63.34069 -108.00507 
    -63.07468 -107.39642 
    -62.84886 -106.76904 
    -62.66539 -106.12556 
    -62.52624 -105.46893 
    -62.43308 -104.80240 
    -62.38727 -104.12944 
    -62.38974 -103.45376 
    -62.44101 -102.77918 
    -62.54108 -102.10961 
    -62.68949 -101.44893 
    -62.88530 -100.80093 
    -63.12707 -100.16924 
    -63.41298 -99.55724 
    -63.67609 -98.93244 
    -63.94067 -98.29810 
    -64.24607 -97.67532 
    -64.59332 -97.06777 
    -64.98314 -96.47958 
    -65.41586 -95.91534 
    -65.89120 -95.37996 
    -66.40824 -94.87856 
    -66.96525 -94.41629 
    -67.55970 -93.99819 
    -68.18823 -93.62892 
    -68.84671 -93.31261 
    -69.53033 -93.05264 
    -70.23373 -92.85154 
    -70.95119 -92.71088 
    -71.67683 -92.63118 
    -72.40479 -92.61196 
    -73.12940 -92.65178 
    -73.84544 -92.74834 
    -74.54818 -92.89866 
    -75.23354 -93.09921 
    -75.89809 -93.34612 
    -76.53913 -93.63538 
    -77.15458 -93.96300 
    -77.74296 -94.32514 
    -78.30325 -94.71825 
    -78.83482 -95.13914 
    -79.33732 -95.58498 
    -79.81051 -96.05337 
    -80.25423 -96.54227 
    -80.66828 -97.04996 
    -80.96273 -97.64915 
    -81.14173 -98.30814 
    -81.40682 -98.87643 
    -81.67060 -99.43388 
    -81.91547 -99.99503 
    -82.13186 -100.56512 
    -82.32378 -101.14201 
    -82.50085 -101.72326 
    -82.62311 -102.31842 
    -82.70673 -102.91954 
    -82.76842 -103.52301 
Cell 14 100 -47.98925 -111.58932 
    -58.51139 -111.58932 
    -58.50349 -112.25082 
    -58.45609 -112.91158 
    -58.36832 -113.56923 
    -58.23954 -114.22115 
    -58.06940 -114.86456 
    -57.85791 -115.49660 
    -57.60542 -116.11434 
    -57.31264 -116.71490 
    -56.98057 -117.29539 
    -56.61053 -117.85304 
    -56.20406 -118.38520 
    -55.76297 -118.88934 
    -55.28879 -119.36254 
    -54.78412 -119.80291 
    -54.25158 -120.20868 
    -53.69376 -120.57819 
    -53.11324 -120.90981 
    -52.51266 -121.20206 
    -51.89479 -121.45360 
    -51.26249 -121.66333 
    -50.61872 -121.83044 
    -49.96646 -121.95425 
    -49.30878 -122.03445 
    -48.64870 -122.07095 
    -47.98925 -122.06540 
    -47.32986 -122.06997 
    -46.66698 -122.05611 
    -46.00205 -122.00655 
    -45.33648 -121.92116 
    -44.75264 -121.55057 
    -44.31787 -120.86215 
    -43.87877 -120.32453 
    -43.43913 -119.86594 
    -43.00044 -119.45042 
    -42.56218 -119.05904 
    -42.12334 -118.67999 
    -41.68033 -118.30763 
    -41.23446 -117.93248 
    -40.78252 -117.55124 
    -40.32078 -117.16079 
    -39.84198 -116.75973 
    -39.34108 -116.34369 
    -38.80580 -115.91072 
    -38.21622 -115.45873 
    -37.62353 -114.95734 
    -37.03831 -114.40104 
    -36.37273 -113.80528 
    -35.64491 -113.14877 
    -35.51051 -112.37441 
    -35.46023 -111.58932 
    -35.47508 -110.80199 
    -35.55531 -110.01855 
    -35.70030 -109.24507 
    -35.90854 -108.48752 
    -36.17772 -107.75152 
    -36.50476 -107.04229 
    -36.88594 -106.36450 
    -37.31699 -105.72220 
    -37.79327 -105.11875 
    -38.30983 -104.55682 
    -38.86165 -104.03831 
    -39.44369 -103.56450 
    -40.05104 -103.13599 
    -40.67904 -102.75280 
    -41.22630 -102.28091 
    -41.79976 -101.83624 
    -42.44744 -101.50880 
    -43.14777 -101.30066 
    -43.87471 -101.19717 
    -44.60452 -101.17219 
    -45.32073 -101.19614 
    -46.00924 -101.20974 
    -46.67527 -101.18812 
    -47.33565 -101.20070 
    -47.98925 -101.24671 
    -48.63499 -101.32555 
    -49.27181 -101.43676 
    -49.89863 -101.57997 
    -50.53595 -101.67059 
    -51.17365 -101.78873 
    -51.81037 -101.93826 
    -52.44424 -102.12199 
    -53.07204 -102.34376 
    -53.68895 -102.60802 
    -54.28852 -102.91911 
    -54.86297 -103.28041 
    -55.40383 -103.69359 
    -55.90281 -104.15798 
    -56.35280 -104.67039 
    -56.74865 -105.22524 
    -57.08777 -105.81522 
    -57.37030 -106.43204 
    -57.59877 -107.06742 
    -57.77747 -107.71389 
    -57.98716 -108.34080 
    -58.16569 -108.97645 
    -58.30742 -109.62102 
    -58.41255 -110.27254 
    -58.48078 -110.92924 
Cell 15 100 -61.65789 -83.49966 
    -72.13396 -83.49966 
    -72.02168 -84.15170 
    -71.92297 -84.79645 
    -71.81588 -85.43740 
    -71.67115 -86.07063 
    -71.48956 -86.69416 
    -71.27182 -87.30609 
    -71.01865 -87.90450 
    -70.73075 -88.48751 
    -70.40882 -89.05318 
    -70.05360 -89.59950 
    -69.66592 -90.12448 
    -69.24671 -90.62605 
    -68.79706 -91.10210 
    -68.31818 -91.55058 
    -67.81149 -91.96937 
    -67.27858 -92.35645 
    -66.72124 -92.70988 
    -66.14148 -93.02779 
    -65.54145 -93.30843 
    -64.92352 -93.55025 
    -64.29020 -93.75183 
    -63.64414 -93.91196 
    -62.98813 -94.02962 
    -62.32506 -94.10404 
    -61.65789 -94.13466 
    -60.98964 -94.12114 
    -60.32338 -94.06342 
    -59.66216 -93.96165 
    -59.00904 -93.81623 
    -58.36705 -93.62781 
    -57.73916 -93.39723 
    -57.12826 -93.12561 
    -56.53715 -92.81425 
    -55.96852 -92.46467 
    -55.42494 -92.07858 
    -54.90883 -91.65788 
    -54.42244 -91.20464 
    -53.96788 -90.72106 
    -53.54706 -90.20953 
    -53.16169 -89.67252 
    -52.75280 -89.15100 
    -52.35765 -88.61251 
    -51.99596 -88.04622 
    -51.67124 -87.45366 
    -51.38702 -86.83687 
    -51.14676 -86.19846 
    -50.95368 -85.54160 
    -50.81059 -84.87000 
    -50.71977 -84.18784 
    -50.68277 -83.49966 
    -50.70041 -82.81028 
    -50.77264 -82.12454 
    -50.89862 -81.44723 
    -51.07669 -80.78288 
    -51.30451 -80.13565 
    -51.57919 -79.50922 
    -51.89739 -78.90672 
    -52.25556 -78.33070 
    -52.65003 -77.78310 
    -52.62688 -76.93826 
    -52.15350 -75.63695 
    -53.58676 -75.92037 
    -54.52150 -75.90018 
    -55.04759 -75.50919 
    -55.54052 -75.07983 
    -56.02829 -74.62885 
    -56.54119 -74.19243 
    -57.08006 -73.77129 
    -57.64603 -73.36687 
    -58.24034 -72.98153 
    -58.86413 -72.61869 
    -59.51817 -72.28284 
    -60.20256 -71.97955 
    -60.91648 -71.71530 
    -61.65789 -71.49729 
    -62.42335 -71.33302 
    -63.20791 -71.22994 
    -64.00514 -71.19494 
    -64.80721 -71.23387 
    -65.60519 -71.35110 
    -66.38943 -71.54915 
    -67.14996 -71.82840 
    -67.87707 -72.18703 
    -68.56172 -72.62097 
    -69.19611 -73.12420 
    -69.77396 -73.68901 
    -70.29089 -74.30645 
    -70.74439 -74.96687 
    -71.13393 -75.66040 
    -71.46072 -76.37749 
    -71.72745 -77.10933 
    -71.93798 -77.84814 
    -72.09686 -78.58746 
    -72.20899 -79.32219 
    -72.27921 -80.04859 
    -72.31197 -80.76416 
    -72.31113 -81.46745 
    -72.27980 -82.15781 
    -72.22025 -82.83514 
Cell 16 100 -34.08313 -124.11888 
    -45.03472 -124.11888 
    -44.94276 -124.80211 
    -44.79936 -125.47266 
    -44.60933 -126.12686 
    -44.37760 -126.76205 
    -44.10888 -127.37644 
    -43.81005 -127.97004 
    -43.55274 -128.57494 
    -43.26131 -129.16463 
    -42.93635 -129.73730 
    -42.58588 -130.29648 
    -42.19907 -130.83296 
    -41.77827 -131.34509 
    -41.32498 -131.83066 
    -40.84097 -132.28770 
    -40.32818 -132.71445 
    -39.78785 -133.10808 
    -39.22191 -133.46628 
    -38.63260 -133.78699 
    -38.02208 -134.06752 
    -37.39326 -134.30640 
    -36.74918 -134.50246 
    -36.09295 -134.65471 
    -35.42770 -134.76225 
    -34.75669 -134.82471 
    -34.08313 -134.84172 
    -33.41032 -134.81294 
    -32.74154 -134.73866 
    -32.08006 -134.61934 
    -31.42905 -134.45586 
    -30.79164 -134.24905 
    -30.17096 -133.99989 
    -29.56958 -133.71066 
    -28.99020 -133.38289 
    -28.43531 -133.01842 
    -27.90727 -132.61923 
    -27.40826 -132.18741 
    -26.94031 -131.72522 
    -26.50519 -131.23505 
    -26.10453 -130.71936 
    -25.73976 -130.18069 
    -25.41203 -129.62173 
    -25.12236 -129.04510 
    -24.87614 -128.45135 
    -24.67225 -127.84492 
    -24.51308 -127.22838 
    -24.39403 -126.60662 
    -24.25721 -125.99328 
    -24.21519 -125.36549 
    -24.18925 -124.74136 
    -24.18952 -124.11888 
    -24.22015 -123.49835 
    -24.27799 -122.88020 
    -24.34379 -122.26101 
    -24.42375 -121.63877 
    -24.53280 -121.01579 
    -24.66267 -120.38906 
    -24.81191 -119.75617 
    -25.02772 -119.14063 
    -25.26774 -118.52447 
    -25.53338 -117.90712 
    -25.82746 -117.28919 
    -26.15416 -116.67308 
    -26.51865 -116.06352 
    -26.92637 -115.46784 
    -27.38226 -114.89592 
    -27.88978 -114.35972 
    -28.45006 -113.87236 
    -29.06131 -113.44697 
    -29.71857 -113.09525 
    -30.41391 -112.82618 
    -31.13715 -112.64502 
    -31.87677 -112.55269 
    -32.62111 -112.54578 
    -33.35950 -112.61712 
    -34.08313 -112.75677 
    -34.78561 -112.95331 
    -35.46312 -113.19518 
    -36.09785 -113.55733 
    -36.66423 -114.06619 
    -37.19291 -114.54800 
    -37.68864 -115.01242 
    -38.17479 -115.42368 
    -38.65793 -115.79736 
    -39.12721 -116.17069 
    -39.58497 -116.54626 
    -40.03642 -116.92260 
    -40.48601 -117.30051 
    -40.93763 -117.68208 
    -41.39645 -118.06878 
    -41.86639 -118.46401 
    -42.34786 -118.87392 
    -42.83834 -119.30566 
    -43.33357 -119.76595 
    -43.82039 -120.26363 
    -44.27350 -120.80783 
    -44.65963 -121.40330 
    -44.96395 -122.04325 
    -45.04805 -122.73369 
    -45.07094 -123.42759 
Cell 17 100 -14.46776 -121.83504 
    -24.39853 -121.83504 
    -24.32317 -122.45509 
    -24.26003 -123.07210 
    -24.21051 -123.69357 
    -24.18943 -124.33115 
    -24.19988 -124.99720 
    -24.23780 -125.70328 
    -24.12514 -126.37946 
    -23.81434 -126.97337 
    -23.46624 -127.54565 
    -23.08265 -128.09413 
    -22.66547 -128.61678 
    -22.21663 -129.11172 
    -21.73813 -129.57721 
    -21.23195 -130.01155 
    -20.70019 -130.41325 
    -20.14495 -130.78087 
    -19.56837 -131.11302 
    -18.97266 -131.40846 
    -18.36013 -131.66605 
    -17.73309 -131.88470 
    -17.09399 -132.06355 
    -16.44531 -132.20174 
    -15.78962 -132.29863 
    -15.12954 -132.35376 
    -14.46776 -132.36667 
    -13.80702 -132.33710 
    -13.15023 -132.26431 
    -12.50105 -132.14487 
    -11.86616 -131.96761 
    -11.26633 -131.68802 
    -10.75786 -131.20518 
    -10.25737 -130.78258 
    -9.74743 -130.42130 
    -9.23363 -130.08272 
    -8.71254 -129.75641 
    -8.16513 -129.45363 
    -7.55703 -129.19421 
    -6.93496 -128.90881 
    -6.52417 -128.40656 
    -6.14757 -127.88002 
    -5.80653 -127.33163 
    -5.50229 -126.76385 
    -5.23586 -126.17924 
    -5.00808 -125.58039 
    -4.81961 -124.96992 
    -4.67089 -124.35046 
    -4.56214 -123.72464 
    -4.45898 -123.09945 
    -4.37802 -122.46984 
    -4.33228 -121.83504 
    -4.32179 -121.19672 
    -4.34668 -120.55646 
    -4.40719 -119.91589 
    -4.50375 -119.27673 
    -4.63693 -118.64082 
    -4.80745 -118.01026 
    -5.01615 -117.38746 
    -5.26389 -116.77518 
    -5.55143 -116.17657 
    -5.87935 -115.59520 
    -6.24786 -115.03496 
    -6.65673 -114.50000 
    -7.10512 -113.99464 
    -7.59155 -113.52313 
    -8.11380 -113.08958 
    -8.66901 -112.69768 
    -9.25364 -112.35061 
    -9.86367 -112.05086 
    -10.36503 -111.47274 
    -10.66417 -110.12880 
    -11.47444 -110.17683 
    -12.35599 -110.76479 
    -13.06045 -110.69508 
    -13.77046 -110.75179 
    -14.46776 -110.91032 
    -15.14087 -111.13618 
    -15.78653 -111.39588 
    -16.40776 -111.66518 
    -17.02575 -111.87231 
    -17.63144 -112.09821 
    -18.22066 -112.35630 
    -18.79214 -112.64526 
    -19.34465 -112.96402 
    -19.87689 -113.31161 
    -20.38753 -113.68718 
    -20.90851 -114.04951 
    -21.42195 -114.42958 
    -21.91285 -114.84364 
    -22.37846 -115.29074 
    -22.81602 -115.76968 
    -23.22281 -116.27892 
    -23.59618 -116.81666 
    -23.93362 -117.38075 
    -24.23281 -117.96879 
    -24.49164 -118.57809 
    -24.70828 -119.20573 
    -24.78583 -119.86677 
    -24.62904 -120.55138 
    -24.49988 -121.20388 
Cell 18 100 18.49107 -119.88284 
    8.37339 -119.88284 
    8.39387 -120.51810 
    8.44462 -121.15201 
    8.53565 -121.78194 
    8.66668 -122.40532 
    8.83727 -123.01955 
    9.04680 -123.62209 
    9.29448 -124.21043 
    9.57936 -124.78210 
    9.90030 -125.33471 
    10.25604 -125.86594 
    10.64515 -126.37356 
    11.06602 -126.85543 
    11.51695 -127.30953 
    11.99606 -127.73396 
    12.50139 -128.12694 
    13.03083 -128.48682 
    13.58217 -128.81210 
    14.15311 -129.10149 
    14.74127 -129.35376 
    15.34419 -129.56795 
    15.95936 -129.74321 
    16.58422 -129.87892 
    17.21618 -129.97464 
    17.85266 -130.03017 
    18.49107 -130.04544 
    19.12889 -130.02071 
    19.76366 -129.95641 
    20.39302 -129.85321 
    21.01478 -129.71202 
    21.62692 -129.53398 
    22.22768 -129.32043 
    22.81555 -129.07283 
    23.38938 -128.79282 
    23.94828 -128.48203 
    24.49176 -128.14207 
    25.01957 -127.77444 
    25.53172 -127.38037 
    26.00936 -126.94299 
    26.35098 -126.38512 
    26.60361 -125.77695 
    26.82000 -125.16854 
    27.01845 -124.57081 
    27.20481 -123.98322 
    27.38472 -123.40408 
    27.56095 -122.82983 
    27.73708 -122.25681 
    27.91764 -121.68106 
    28.10513 -121.09738 
    28.30041 -120.50000 
    28.51548 -119.88284 
    28.77817 -119.23563 
    29.11104 -118.54123 
    29.52309 -117.77837 
    30.04296 -116.91682 
    29.85509 -116.19044 
    29.56261 -115.49931 
    29.20319 -114.84210 
    28.78314 -114.22473 
    28.30998 -113.65157 
    27.79195 -113.12536 
    27.23749 -112.64718 
    26.65475 -112.21664 
    26.05117 -111.83215 
    25.43320 -111.49126 
    24.80609 -111.19097 
    24.17387 -110.92819 
    23.56656 -110.65057 
    22.95899 -110.38803 
    22.33857 -110.16518 
    21.70805 -109.98201 
    21.07004 -109.83842 
    20.42704 -109.73417 
    19.78139 -109.66896 
    19.13535 -109.64242 
    18.49107 -109.59364 
    17.84305 -109.58288 
    17.19391 -109.61472 
    16.54671 -109.69011 
    15.90473 -109.80969 
    15.27142 -109.97378 
    14.65032 -110.18221 
    14.04498 -110.43442 
    13.45887 -110.72931 
    12.89530 -111.06532 
    12.35731 -111.44045 
    11.84764 -111.85232 
    11.36865 -112.29823 
    10.92228 -112.77528 
    10.51011 -113.28042 
    10.13331 -113.81058 
    9.79274 -114.36272 
    9.48895 -114.93388 
    9.22230 -115.52129 
    8.99125 -116.12160 
    8.79131 -116.73120 
    8.63012 -117.35098 
    8.50778 -117.97842 
    8.42427 -118.61111 
    8.37952 -119.24668 
Cell 19 100 22.28584 -96.63191 
    11.09914 -96.63191 
    11.15600 -97.33214 
    11.26405 -98.02429 
    11.42139 -98.70441 
    11.62577 -99.36896 
    11.87461 -100.01472 
    12.16513 -100.63898 
    12.49444 -101.23940 
    12.85964 -101.81401 
    13.25785 -102.36125 
    13.68632 -102.87983 
    14.14243 -103.36873 
    14.62374 -103.82711 
    15.12797 -104.25428 
    15.65301 -104.64963 
    16.18680 -105.02653 
    16.71293 -105.41341 
    17.26439 -105.76590 
    17.83886 -106.08224 
    18.43391 -106.36079 
    19.04697 -106.60014 
    19.67537 -106.79903 
    20.31634 -106.95640 
    20.96703 -107.07138 
    21.62452 -107.14335 
    22.28584 -107.17186 
    22.94801 -107.15670 
    23.60800 -107.09788 
    24.26283 -106.99562 
    24.90950 -106.85038 
    25.54509 -106.66283 
    26.16670 -106.43383 
    26.77154 -106.16451 
    27.35690 -105.85614 
    27.92019 -105.51022 
    28.45893 -105.12843 
    28.97079 -104.71262 
    29.45364 -104.26484 
    29.90549 -103.78724 
    30.32459 -103.28214 
    30.70941 -102.75199 
    31.05870 -102.19933 
    31.37148 -101.62679 
    31.64714 -101.03700 
    31.88536 -100.43263 
    32.08625 -99.81625 
    32.25023 -99.19033 
    32.37811 -98.55711 
    32.47094 -97.91859 
    32.52995 -97.27642 
    32.55642 -96.63191 
    32.55145 -95.98605 
    32.51580 -95.33957 
    32.44969 -94.69305 
    32.35262 -94.04720 
    32.22330 -93.40304 
    32.05965 -92.76219 
    31.85891 -92.12717 
    31.61796 -91.50154 
    31.33365 -90.89000 
    31.06672 -90.25223 
    30.80862 -89.58126 
    30.51469 -88.90451 
    30.17696 -88.22873 
    29.78737 -87.56413 
    29.33898 -86.92410 
    28.82708 -86.32457 
    28.25026 -85.78268 
    27.61106 -85.31525 
    26.91616 -84.93707 
    26.17598 -84.65929 
    25.40382 -84.48818 
    24.61454 -84.42444 
    23.82311 -84.46323 
    23.04315 -84.59486 
    22.28584 -84.80606 
    21.55915 -85.08149 
    20.86761 -85.40544 
    20.21256 -85.76337 
    19.59275 -86.14301 
    19.00521 -86.53515 
    18.44385 -86.92814 
    17.81546 -87.13186 
    17.19614 -87.37377 
    16.58846 -87.65427 
    15.99526 -87.97366 
    15.41961 -88.33206 
    14.86483 -88.72933 
    14.33445 -89.16505 
    13.83213 -89.63839 
    13.36163 -90.14809 
    12.92667 -90.69241 
    12.53091 -91.26910 
    12.17776 -91.87541 
    11.87033 -92.50812 
    11.61133 -93.16355 
    11.40296 -93.83766 
    11.24685 -94.52611 
    11.14402 -95.22437 
    11.09487 -95.92783 
Cell 20 100 71.36622 -95.72655 
    61.27747 -95.72655 
    61.29270 -96.36033 
    61.34790 -96.99216 
    61.44294 -97.61952 
    61.57751 -98.23987 
    61.75113 -98.85069 
    61.96318 -99.44948 
    62.21283 -100.03381 
    62.49911 -100.60129 
    62.82090 -101.14958 
    63.17690 -101.67644 
    63.56570 -102.17970 
    63.98572 -102.65730 
    64.43521 -103.10732 
    64.91239 -103.52789 
    65.41530 -103.91730 
    65.94187 -104.27396 
    66.48996 -104.59644 
    67.05731 -104.88345 
    67.64161 -105.13383 
    68.24046 -105.34664 
    68.85142 -105.52105 
    69.47200 -105.65641 
    70.09968 -105.75224 
    70.73193 -105.80824 
    71.36622 -105.82426 
    72.00001 -105.80037 
    72.63080 -105.73676 
    73.25613 -105.63380 
    73.87357 -105.49203 
    74.48076 -105.31213 
    75.07543 -105.09496 
    75.65538 -104.84149 
    76.21850 -104.55281 
    76.76276 -104.23016 
    77.28629 -103.87484 
    77.78728 -103.48829 
    78.26403 -103.07198 
    78.71496 -102.62748 
    79.13858 -102.15641 
    79.53349 -101.66042 
    79.89836 -101.14122 
    80.23197 -100.60054 
    80.53313 -100.04018 
    80.80070 -99.46193 
    81.03777 -98.86903 
    81.31208 -98.28022 
    81.58904 -97.67666 
    81.86961 -97.05344 
    82.14568 -96.40474 
    82.39800 -95.72655 
    82.59752 -95.01994 
    82.71071 -94.29341 
    82.70791 -93.56301 
    82.57181 -92.84945 
    82.30289 -92.17301 
    81.91949 -91.54822 
    81.45244 -90.98034 
    81.00548 -90.42733 
    80.86033 -89.70141 
    80.67058 -88.96655 
    80.42233 -88.23469 
    80.10253 -87.52261 
    79.70131 -86.85059 
    79.21403 -86.24018 
    78.64263 -85.71143 
    77.99581 -85.27998 
    77.28802 -84.95483 
    76.53750 -84.73702 
    75.76366 -84.61990 
    74.98457 -84.59043 
    74.21491 -84.63163 
    73.46482 -84.72530 
    72.74239 -84.83299 
    72.05067 -84.84760 
    71.36622 -84.90844 
    70.69216 -85.01268 
    70.03103 -85.15745 
    69.38487 -85.34000 
    68.75533 -85.55779 
    68.14368 -85.80859 
    67.55102 -86.09047 
    66.97832 -86.40179 
    66.42650 -86.74123 
    65.89650 -87.10766 
    65.38935 -87.50011 
    64.90617 -87.91769 
    64.44815 -88.35957 
    64.01663 -88.82483 
    63.61296 -89.31250 
    63.23430 -89.81837 
    62.87838 -90.34001 
    62.55506 -90.88258 
    62.26567 -91.44417 
    62.01146 -92.02274 
    61.79353 -92.61620 
    61.61286 -93.22232 
    61.47031 -93.83881 
    61.36656 -94.46330 
    61.30215 -95.09338 
Cell 21 100 64.04925 -125.17266 
    54.04370 -125.17266 
    54.06444 -125.80085 
    54.12459 -126.42644 
    54.22392 -127.04694 
    54.36200 -127.65993 
    54.53769 -128.26315 
    54.73055 -128.86220 
    54.93180 -129.46301 
    55.16528 -130.05667 
    55.43697 -130.63818 
    55.74674 -131.20479 
    56.09424 -131.75362 
    56.47873 -132.28186 
    56.89917 -132.78673 
    57.35429 -133.26547 
    57.84259 -133.71539 
    58.36222 -134.13397 
    58.91119 -134.51875 
    59.48723 -134.86743 
    60.08790 -135.17789 
    60.71054 -135.44814 
    61.35239 -135.67621 
    62.01045 -135.86041 
    62.68145 -135.99986 
    63.36216 -136.09357 
    64.04925 -136.14076 
    64.73933 -136.14128 
    65.42905 -136.09496 
    66.11502 -136.00183 
    66.79381 -135.86201 
    67.46167 -135.67502 
    68.11530 -135.44232 
    68.75140 -135.16524 
    69.36288 -134.83813 
    69.93606 -134.44879 
    70.45173 -133.98492 
    70.89252 -133.44475 
    71.24047 -132.83054 
    71.53462 -132.20190 
    71.69565 -131.49831 
    71.88856 -130.86826 
    72.07903 -130.26852 
    72.23264 -129.67152 
    72.36768 -129.08701 
    72.49715 -128.51743 
    72.63194 -127.96135 
    72.77594 -127.41329 
    72.93105 -126.86695 
    73.09743 -126.31571 
    73.27259 -125.75294 
    73.45106 -125.17266 
    73.64099 -124.56920 
    73.88219 -123.93047 
    74.14091 -123.24757 
    74.16538 -122.57528 
    74.00761 -121.93699 
    73.80629 -121.30958 
    73.56162 -120.69648 
    73.27424 -120.10118 
    72.94521 -119.52711 
    72.57600 -118.97762 
    72.16854 -118.45580 
    71.72513 -117.96453 
    71.24841 -117.50634 
    70.74127 -117.08339 
    70.20686 -116.69744 
    69.68233 -116.29634 
    69.20251 -115.79892 
    68.69371 -115.30267 
    68.14817 -114.81995 
    67.55928 -114.36990 
    66.92391 -113.97659 
    66.24434 -113.66557 
    65.52901 -113.45917 
    64.79168 -113.37210 
    64.04925 -113.40830 
    63.31865 -113.56012 
    62.61382 -113.81005 
    61.94360 -114.13448 
    61.31113 -114.50838 
    60.71456 -114.90955 
    60.14893 -115.32158 
    59.60822 -115.73500 
    59.08721 -116.14675 
    58.58258 -116.55858 
    58.08982 -116.97022 
    57.60612 -117.38426 
    57.14548 -117.82089 
    56.71424 -118.28463 
    56.31310 -118.77277 
    55.94059 -119.28138 
    55.59243 -119.80580 
    55.27409 -120.34848 
    54.98983 -120.90962 
    54.74106 -121.48729 
    54.52894 -122.07933 
    54.35438 -122.68344 
    54.21811 -123.29727 
    54.12068 -123.91839 
    54.06247 -124.54435 
Cell 22 100 70.89765 -69.01842 
    58.76432 -69.01842 
    58.78385 -69.78056 
    58.87760 -70.53690 
    59.04291 -71.27983 
    59.27560 -72.00246 
    59.57020 -72.69893 
    59.92040 -73.36462 
    60.31937 -73.99618 
    60.76024 -74.59151 
    61.23638 -75.14964 
    61.74176 -75.67056 
    62.27110 -76.15492 
    62.82002 -76.60381 
    63.38506 -77.01852 
    63.96358 -77.40027 
    64.55375 -77.75005 
    65.15426 -78.06856 
    65.76424 -78.35604 
    66.38309 -78.61236 
    67.01022 -78.83696 
    67.64501 -79.02901 
    68.28670 -79.18742 
    68.93424 -79.31099 
    69.58634 -79.39849 
    70.24143 -79.44875 
    70.89765 -79.46716 
    71.55407 -79.45187 
    72.20835 -79.39365 
    72.85758 -79.29275 
    73.49889 -79.14957 
    74.12942 -78.96476 
    74.74636 -78.73915 
    75.34701 -78.47379 
    75.92871 -78.16988 
    76.48892 -77.82885 
    77.02522 -77.45229 
    77.53529 -77.04194 
    78.01698 -76.59973 
    78.46828 -76.12772 
    78.88741 -75.62813 
    79.27282 -75.10333 
    79.62333 -74.55590 
    79.93833 -73.98857 
    80.21816 -73.40432 
    80.46457 -72.80623 
    80.68137 -72.19734 
    80.87502 -71.58017 
    81.05497 -70.95603 
    81.23297 -70.32407 
    81.42128 -69.68051 
    81.62924 -69.01842 
    81.85873 -68.32880 
    82.09976 -67.60326 
    82.32790 -66.83798 
    82.50554 -66.03802 
    82.58776 -65.22007 
    82.53203 -64.41204 
    82.30898 -63.64865 
    81.91069 -62.96395 
    81.35343 -62.38298 
    80.67368 -61.91571 
    79.91898 -61.55532 
    79.41220 -61.02272 
    79.00036 -60.38991 
    78.54111 -59.77907 
    78.03410 -59.19593 
    77.47980 -58.64660 
    76.87952 -58.13742 
    76.23557 -57.67476 
    75.55125 -57.26476 
    74.83089 -56.91317 
    74.07973 -56.62505 
    73.30386 -56.40460 
    72.51005 -56.25498 
    71.70549 -56.17816 
    70.89765 -56.17485 
    70.09399 -56.24448 
    69.30171 -56.38523 
    68.52760 -56.59414 
    67.77775 -56.86720 
    67.05750 -57.19964 
    66.37125 -57.58604 
    65.72247 -58.02060 
    65.11366 -58.49738 
    64.54641 -59.01047 
    64.02150 -59.55421 
    63.53899 -60.12332 
    63.09838 -60.71303 
    62.69876 -61.31915 
    62.33897 -61.93806 
    62.01771 -62.56676 
    61.53418 -63.07618 
    61.03194 -63.59470 
    60.56186 -64.15476 
    60.13128 -64.75571 
    59.74773 -65.39559 
    59.41859 -66.07110 
    59.15062 -66.77755 
    58.94958 -67.50903 
    58.81989 -68.25855 
Cell 23 100 87.10265 -111.10622 
    75.56463 -111.10622 
    75.73288 -111.82155 
    75.95026 -112.51510 
    76.20956 -113.18419 
    76.50408 -113.82748 
    76.82804 -114.44464 
    77.17680 -115.03615 
    77.54685 -115.60284 
    77.93591 -116.14568 
    78.34264 -116.66550 
    78.76652 -117.16277 
    79.20760 -117.63757 
    79.66622 -118.08949 
    80.14232 -118.51822 
    80.60717 -118.95791 
    81.18082 -119.25693 
    81.84948 -119.38388 
    82.47122 -119.53075 
    83.07935 -119.65616 
    83.67559 -119.76199 
    84.25967 -119.85602 
    84.83352 -119.94389 
    85.40049 -120.02924 
    85.96468 -120.11418 
    86.53054 -120.19956 
    87.10265 -120.28502 
    87.68534 -120.36790 
    88.28215 -120.44298 
    88.89526 -120.50344 
    89.53407 -120.57596 
    90.23230 -120.73833 
    91.05394 -121.08606 
    91.75998 -121.00356 
    92.37754 -120.70123 
    92.97354 -120.35728 
    93.54498 -119.97334 
    94.08901 -119.55129 
    94.60294 -119.09322 
    95.08422 -118.60143 
    95.53056 -118.07840 
    95.93981 -117.52680 
    96.31011 -116.94946 
    96.63979 -116.34931 
    96.92744 -115.72942 
    97.17193 -115.09293 
    97.37234 -114.44305 
    97.52808 -113.78302 
    97.63879 -113.11610 
    97.70441 -112.44554 
    97.72511 -111.77454 
    97.70139 -111.10622 
    97.63397 -110.44365 
    97.52386 -109.78972 
    97.37231 -109.14718 
    97.18082 -108.51859 
    96.95109 -107.90627 
    96.68505 -107.31228 
    96.38478 -106.73838 
    96.05246 -106.18602 
    95.69040 -105.65627 
    95.30087 -105.14987 
    94.88609 -104.66720 
    94.44818 -104.20831 
    93.98904 -103.77296 
    93.51027 -103.36074 
    93.01315 -102.97111 
    92.49861 -102.60354 
    91.96715 -102.25772 
    91.41894 -101.93363 
    90.85386 -101.63174 
    90.27162 -101.35313 
    89.67191 -101.09959 
    89.05460 -100.87370 
    88.41994 -100.67876 
    87.76875 -100.51875 
    87.10265 -100.39815 
    86.42414 -100.32168 
    85.73675 -100.29407 
    85.04500 -100.31965 
    84.35429 -100.40210 
    83.67081 -100.54411 
    83.00116 -100.74706 
    82.35217 -101.01096 
    81.73045 -101.33424 
    81.14211 -101.71392 
    80.59241 -102.14567 
    79.99572 -102.51543 
    79.35989 -102.86103 
    78.74348 -103.25645 
    78.15472 -103.70386 
    77.60257 -104.20402 
    77.09625 -104.75597 
    76.64465 -105.35689 
    76.25571 -106.00204 
    75.93592 -106.68501 
    75.68978 -107.39796 
    75.51959 -108.13220 
    75.42526 -108.87865 
    75.40446 -109.62840 
    75.45287 -110.37328 
Cell 24 100 -92.55943 -100.63162 
    -102.75153 -100.63162 
    -102.73842 -101.27203 
    -102.68441 -101.91071 
    -102.58960 -102.54498 
    -102.45435 -103.17220 
    -102.27920 -103.78976 
    -102.06483 -104.39507 
    -101.81217 -104.98563 
    -101.52225 -105.55898 
    -101.19633 -106.11276 
    -100.83577 -106.64473 
    -100.44213 -107.15276 
    -100.01708 -107.63482 
    -99.56245 -108.08907 
    -99.08014 -108.51380 
    -98.57219 -108.90748 
    -98.04070 -109.26871 
    -97.48782 -109.59633 
    -96.91578 -109.88932 
    -96.32679 -110.14687 
    -95.72308 -110.36832 
    -95.10686 -110.55319 
    -94.48030 -110.70116 
    -93.84552 -110.81205 
    -93.20457 -110.88580 
    -92.55943 -110.92242 
    -91.91202 -110.92205 
    -91.26415 -110.88482 
    -90.61764 -110.81089 
    -89.97421 -110.70043 
    -89.33559 -110.55359 
    -88.70355 -110.37046 
    -88.07990 -110.15112 
    -87.46652 -109.89559 
    -86.86546 -109.60390 
    -86.27888 -109.27606 
    -85.70918 -108.91216 
    -85.15894 -108.51235 
    -84.63094 -108.07697 
    -84.12820 -107.60654 
    -83.65403 -107.10178 
    -83.22307 -106.55666 
    -83.03133 -105.86974 
    -82.90950 -105.17253 
    -82.84128 -104.47931 
    -82.79201 -103.80525 
    -82.73081 -103.15518 
    -82.65138 -102.52168 
    -82.53671 -101.89779 
    -82.36371 -101.27309 
    -82.15398 -100.63162 
    -81.90063 -99.96103 
    -81.58110 -99.24474 
    -81.21620 -98.46779 
    -80.96417 -97.65446 
    -81.41251 -97.00977 
    -82.05584 -96.47295 
    -82.49359 -95.89500 
    -82.36661 -95.02807 
    -82.14306 -94.02119 
    -83.73184 -94.21800 
    -84.21080 -93.72504 
    -84.71703 -93.26712 
    -85.24722 -92.84490 
    -85.79823 -92.45872 
    -86.36716 -92.10869 
    -86.95136 -91.79472 
    -87.54843 -91.51664 
    -88.15617 -91.27420 
    -88.77260 -91.06716 
    -89.39591 -90.89531 
    -90.02444 -90.75847 
    -90.65659 -90.65654 
    -91.29031 -90.58544 
    -91.91903 -90.45267 
    -92.55943 -90.32822 
    -93.21507 -90.21071 
    -93.88924 -90.10507 
    -94.58292 -90.02410 
    -95.29227 -89.98791 
    -96.00715 -90.02065 
    -96.71139 -90.14498 
    -97.38538 -90.37595 
    -98.01035 -90.71644 
    -98.57291 -91.15591 
    -99.06817 -91.67312 
    -99.50028 -92.24158 
    -99.88014 -92.83586 
    -100.22151 -93.43645 
    -100.53699 -94.03201 
    -100.83513 -94.61898 
    -101.11948 -95.19925 
    -101.42381 -95.75839 
    -101.72230 -96.31991 
    -101.98498 -96.89979 
    -102.21062 -97.49577 
    -102.39814 -98.10547 
    -102.54665 -98.72646 
    -102.65540 -99.35620 
    -102.72382 -99.99213 
