35 25 
Cell 0 100 -117.82503 -151.34325 
    -127.82522 -151.34325 
    -127.80548 -151.97116 
    -127.74635 -152.59660 
    -127.64807 -153.21709 
    -127.51102 -153.83018 
    -127.33575 -154.43346 
    -127.12293 -155.02455 
    -126.87343 -155.60110 
    -126.58821 -156.16084 
    -126.26841 -156.70158 
    -125.91529 -157.22116 
    -125.53024 -157.71754 
    -125.11478 -158.18878 
    -124.67055 -158.63300 
    -124.19931 -159.04843 
    -123.70291 -159.43346 
    -123.18332 -159.78656 
    -122.64258 -160.10634 
    -122.08282 -160.39153 
    -121.50907 -160.64809 
    -120.92348 -160.87932 
    -120.32335 -161.07356 
    -119.71099 -161.22981 
    -119.08883 -161.34724 
    -118.45933 -161.42514 
    -117.82503 -161.46298 
    -117.18851 -161.46042 
    -116.55238 -161.41725 
    -115.91929 -161.33347 
    -115.29188 -161.20921 
    -114.67279 -161.04483 
    -114.06466 -160.84087 
    -113.47008 -160.59799 
    -112.89162 -160.31709 
    -112.33176 -159.99925 
    -111.79296 -159.64568 
    -111.27756 -159.25778 
    -110.78781 -158.83711 
    -110.32587 -158.38542 
    -109.89378 -157.90454 
    -109.49342 -157.39651 
    -109.12656 -156.86346 
    -108.79482 -156.30765 
    -108.49961 -155.73146 
    -108.24409 -155.13661 
    -108.03420 -154.52448 
    -108.02890 -153.85846 
    -108.35651 -153.14946 
    -108.56210 -152.51343 
    -108.73520 -151.91513 
    -108.89159 -151.34325 
    -109.04202 -150.79066 
    -109.18855 -150.25220 
    -109.33813 -149.72427 
    -109.50157 -149.20615 
    -109.70164 -148.70380 
    -109.86636 -148.19218 
    -110.04047 -147.68011 
    -110.21276 -147.15837 
    -110.39243 -146.62637 
    -110.55228 -146.05928 
    -110.68906 -145.43985 
    -110.61668 -144.57417 
    -110.06329 -143.07784 
    -109.93871 -141.81033 
    -110.59869 -141.39703 
    -111.56363 -141.47685 
    -112.51575 -141.68573 
    -113.32838 -141.78741 
    -114.06397 -141.84392 
    -114.74854 -141.87480 
    -115.39955 -141.89667 
    -116.01556 -141.85770 
    -116.62081 -141.81087 
    -117.22189 -141.75676 
    -117.82503 -141.69350 
    -118.44137 -141.54675 
    -119.08092 -141.40179 
    -119.75210 -141.24120 
    -120.47203 -141.03386 
    -121.25342 -140.79173 
    -121.86713 -141.13408 
    -122.44743 -141.52014 
    -123.01866 -141.89607 
    -123.55448 -142.31508 
    -124.05302 -142.77115 
    -124.61864 -143.13116 
    -125.41226 -143.26366 
    -125.41121 -144.21935 
    -125.72700 -144.80617 
    -126.06806 -145.35432 
    -126.37811 -145.91530 
    -126.65692 -146.48787 
    -126.90418 -147.07092 
    -127.12298 -147.66193 
    -127.33578 -148.25302 
    -127.51105 -148.85629 
    -127.64809 -149.46939 
    -127.74637 -150.08989 
    -127.80549 -150.71533 
Cell 1 100 -99.58572 -148.18234 
    -109.86971 -148.18234 
    -109.65697 -148.81596 
    -109.43214 -149.42624 
    -109.25253 -150.02640 
    -109.08789 -150.62209 
    -108.92591 -151.21715 
    -108.76241 -151.81564 
    -108.58938 -152.41914 
    -108.39640 -153.02606 
    -108.14249 -153.61264 
    -107.79961 -154.15009 
    -107.37202 -154.62373 
    -106.92562 -155.07498 
    -106.45956 -155.50224 
    -105.97703 -155.90811 
    -105.48212 -156.29805 
    -104.96339 -156.65619 
    -104.42287 -156.98109 
    -103.86269 -157.27138 
    -103.28509 -157.52588 
    -102.69233 -157.74350 
    -102.08678 -157.92334 
    -101.47086 -158.06465 
    -100.84705 -158.16679 
    -100.21782 -158.22934 
    -99.58572 -158.25200 
    -98.95328 -158.23465 
    -98.32306 -158.17734 
    -97.69759 -158.08025 
    -97.07941 -157.94377 
    -96.47101 -157.76843 
    -95.87485 -157.55493 
    -95.29334 -157.30409 
    -94.72885 -157.01695 
    -94.18364 -156.69466 
    -93.65992 -156.33850 
    -93.15981 -155.94992 
    -92.68533 -155.53052 
    -92.23837 -155.08195 
    -91.82076 -154.60608 
    -91.43414 -154.10481 
    -91.07915 -153.58078 
    -90.74429 -153.04295 
    -90.43850 -152.48669 
    -90.16145 -151.91367 
    -90.15579 -151.24631 
    -90.16038 -150.60237 
    -90.15734 -149.98090 
    -90.15129 -149.37419 
    -90.14298 -148.77643 
    -90.13646 -148.18234 
    -90.13544 -147.58778 
    -90.14264 -146.98940 
    -90.15456 -146.38326 
    -90.17607 -145.76636 
    -90.20869 -145.13556 
    -90.25050 -144.48627 
    -90.29377 -143.80989 
    -90.32623 -143.09190 
    -90.29865 -142.28859 
    -90.57528 -141.63588 
    -91.03064 -141.10497 
    -91.53284 -140.62018 
    -92.07464 -140.18385 
    -92.64836 -139.79652 
    -93.24648 -139.45714 
    -93.86215 -139.16345 
    -94.48953 -138.91241 
    -95.12403 -138.70078 
    -95.76226 -138.52541 
    -96.40193 -138.38367 
    -96.99863 -138.10629 
    -97.61046 -137.82768 
    -98.24870 -137.59882 
    -98.91019 -137.44524 
    -99.58572 -137.38783 
    -100.26183 -137.43575 
    -100.92471 -137.58308 
    -101.56416 -137.81100 
    -102.17591 -138.09421 
    -102.76135 -138.40874 
    -103.36604 -138.63432 
    -103.99051 -138.82169 
    -104.61427 -139.03543 
    -105.23769 -139.27626 
    -105.86038 -139.54601 
    -106.48080 -139.84763 
    -107.05367 -140.22977 
    -107.59661 -140.65961 
    -108.17171 -141.07939 
    -108.82042 -141.47293 
    -109.36871 -141.97386 
    -109.83632 -142.54703 
    -110.11815 -143.22617 
    -110.37174 -143.91187 
    -110.61864 -144.59753 
    -110.68019 -145.33377 
    -110.54303 -146.09213 
    -110.32513 -146.82564 
    -110.09292 -147.52129 
Cell 2 100 -79.75881 -149.32248 
    -90.15057 -149.32248 
    -90.15730 -149.97670 
    -90.16013 -150.63647 
    -90.15630 -151.30589 
    -90.09279 -151.97580 
    -89.78619 -152.58057 
    -89.46167 -153.16411 
    -89.11947 -153.72726 
    -88.75922 -154.27049 
    -88.38017 -154.79376 
    -87.98142 -155.29655 
    -87.56210 -155.77792 
    -87.12154 -156.23654 
    -86.68485 -156.69797 
    -86.23368 -157.14925 
    -85.75305 -157.57285 
    -85.24428 -157.96619 
    -84.70921 -158.32722 
    -84.14992 -158.65405 
    -83.56860 -158.94489 
    -82.96760 -159.19812 
    -82.34943 -159.41226 
    -81.71668 -159.58601 
    -81.07211 -159.71823 
    -80.41851 -159.80804 
    -79.75881 -159.85471 
    -79.09599 -159.85776 
    -78.43306 -159.81688 
    -77.77309 -159.73203 
    -77.11913 -159.60339 
    -76.47423 -159.43140 
    -75.84144 -159.21664 
    -75.22372 -158.96004 
    -74.62401 -158.66264 
    -74.04513 -158.32581 
    -73.48980 -157.95103 
    -72.96064 -157.54005 
    -72.46010 -157.09482 
    -71.99051 -156.61740 
    -71.55402 -156.11008 
    -71.15258 -155.57527 
    -70.78798 -155.01555 
    -70.46178 -154.43356 
    -70.17536 -153.83211 
    -69.92616 -153.21550 
    -69.66718 -152.60146 
    -69.44577 -151.97041 
    -69.26468 -151.32434 
    -69.11846 -150.66667 
    -69.01007 -149.99873 
    -68.94674 -149.32248 
    -68.93333 -148.64140 
    -68.97176 -147.95976 
    -69.06320 -147.28218 
    -69.20847 -146.61362 
    -69.40774 -145.95921 
    -69.66009 -145.32411 
    -69.96352 -144.71317 
    -70.31496 -144.13068 
    -70.71047 -143.58023 
    -71.14550 -143.06454 
    -71.69196 -142.64899 
    -72.29663 -142.31503 
    -72.86657 -141.98300 
    -73.40926 -141.64719 
    -73.93106 -141.30128 
    -74.44830 -140.95445 
    -74.97688 -140.62418 
    -75.51096 -140.29533 
    -76.05580 -139.96976 
    -76.62926 -139.69069 
    -77.22601 -139.45787 
    -77.83789 -139.25264 
    -78.46381 -139.07149 
    -79.10390 -138.91298 
    -79.75881 -138.77704 
    -80.43217 -138.61967 
    -81.12934 -138.47363 
    -81.83927 -138.41631 
    -82.54447 -138.47304 
    -83.28841 -138.45949 
    -84.05166 -138.47998 
    -84.80598 -138.59671 
    -85.53544 -138.81485 
    -86.28724 -139.03532 
    -87.02418 -139.32257 
    -87.73592 -139.67981 
    -88.41149 -140.10831 
    -89.03989 -140.60696 
    -89.61078 -141.17223 
    -90.11514 -141.79817 
    -90.31025 -142.62633 
    -90.30671 -143.52373 
    -90.25714 -144.38234 
    -90.20607 -145.18611 
    -90.17003 -145.93967 
    -90.14922 -146.65468 
    -90.13840 -147.34247 
    -90.13617 -148.01152 
    -90.14181 -148.66924 
Cell 3 100 -59.22257 -154.67903 
    -69.37390 -154.67903 
    -69.32912 -155.31488 
    -69.24719 -155.94543 
    -69.12879 -156.56874 
    -68.97451 -157.18291 
    -68.78487 -157.78601 
    -68.56039 -158.37613 
    -68.30162 -158.95131 
    -68.00922 -159.50954 
    -67.68456 -160.04918 
    -67.33036 -160.56969 
    -66.94412 -161.06685 
    -66.52738 -161.53871 
    -66.08181 -161.98338 
    -65.60917 -162.39911 
    -65.11135 -162.78426 
    -64.59034 -163.13728 
    -64.04819 -163.45682 
    -63.48709 -163.74159 
    -62.90924 -163.99049 
    -62.31695 -164.20255 
    -61.71256 -164.37692 
    -61.09849 -164.51295 
    -60.47715 -164.61009 
    -59.85102 -164.66800 
    -59.22257 -164.68643 
    -58.59428 -164.66537 
    -57.96864 -164.60487 
    -57.34789 -164.50644 
    -56.73441 -164.36977 
    -56.13047 -164.19553 
    -55.53822 -163.98465 
    -54.95962 -163.73827 
    -54.39647 -163.45767 
    -53.85035 -163.14430 
    -53.32254 -162.79973 
    -52.81409 -162.42555 
    -52.32577 -162.02338 
    -51.85812 -161.59471 
    -51.41151 -161.14090 
    -50.98627 -160.66306 
    -50.58283 -160.16197 
    -50.20185 -159.63821 
    -49.84449 -159.09203 
    -49.51249 -158.52353 
    -49.20836 -157.93285 
    -48.93542 -157.32033 
    -48.69778 -156.68674 
    -48.50004 -156.03360 
    -48.54084 -155.35106 
    -49.02465 -154.67903 
    -49.35299 -154.05809 
    -49.62415 -153.46648 
    -49.87389 -152.89568 
    -50.12346 -152.34277 
    -50.37863 -151.80547 
    -50.64858 -151.28435 
    -50.94050 -150.78178 
    -51.24244 -150.29192 
    -51.56678 -149.82051 
    -51.90096 -149.35957 
    -52.24905 -148.91003 
    -52.60632 -148.46597 
    -52.96406 -148.01439 
    -53.32393 -147.54881 
    -53.67418 -147.04233 
    -53.99839 -146.44704 
    -54.27783 -145.68459 
    -54.87672 -145.44363 
    -55.48289 -145.23367 
    -56.09553 -145.05499 
    -56.71385 -144.90820 
    -57.33694 -144.79419 
    -57.96369 -144.71397 
    -58.59239 -144.66264 
    -59.22257 -144.63005 
    -59.85452 -144.63446 
    -60.48627 -144.67581 
    -61.11585 -144.75409 
    -61.74126 -144.86937 
    -62.36128 -145.01906 
    -62.97844 -145.19278 
    -63.57704 -145.42531 
    -64.15668 -145.70393 
    -64.72607 -146.00690 
    -65.27570 -146.34761 
    -65.80221 -146.72562 
    -66.30219 -147.14000 
    -66.77225 -147.58940 
    -67.20924 -148.07188 
    -67.61024 -148.58502 
    -67.97288 -149.12592 
    -68.29525 -149.69128 
    -68.57607 -150.27762 
    -68.81461 -150.88127 
    -69.01073 -151.49867 
    -69.16468 -152.12633 
    -69.27710 -152.76103 
    -69.34881 -153.39980 
    -69.38076 -154.03993 
Cell 4 100 -42.06507 -147.41788 
    -53.41448 -147.41788 
    -52.89676 -148.09935 
    -52.39922 -148.72339 
    -51.94509 -149.30258 
    -51.54515 -149.85194 
    -51.18705 -150.38179 
    -50.86961 -150.90384 
    -50.57668 -151.42314 
    -50.30978 -151.95044 
    -50.05711 -152.48978 
    -49.80894 -153.04413 
    -49.55608 -153.61499 
    -49.28105 -154.19414 
    -48.96350 -154.76396 
    -48.58138 -155.29475 
    -48.11767 -155.74857 
    -47.55186 -156.06369 
    -47.01207 -156.41643 
    -46.45713 -156.75150 
    -45.87911 -157.05106 
    -45.28029 -157.31331 
    -44.66314 -157.53670 
    -44.03025 -157.71973 
    -43.38437 -157.86119 
    -42.72832 -157.95999 
    -42.06507 -158.01527 
    -41.39763 -158.02643 
    -40.72911 -157.99306 
    -40.06264 -157.91498 
    -39.40137 -157.79228 
    -38.74848 -157.62529 
    -38.10709 -157.41458 
    -37.48033 -157.16095 
    -36.87122 -156.86545 
    -36.28272 -156.52940 
    -35.71768 -156.15431 
    -35.17883 -155.74191 
    -34.66872 -155.29419 
    -34.18980 -154.81325 
    -33.74428 -154.30144 
    -33.33420 -153.76123 
    -32.96137 -153.19525 
    -32.62741 -152.60628 
    -32.33366 -151.99713 
    -32.08127 -151.37074 
    -31.87114 -150.73009 
    -31.70391 -150.07817 
    -31.58000 -149.41801 
    -31.49961 -148.75261 
    -31.46270 -148.08492 
    -31.46903 -147.41788 
    -31.51818 -146.75432 
    -31.60952 -146.09703 
    -31.74229 -145.44870 
    -31.91556 -144.81192 
    -32.12827 -144.18921 
    -32.37924 -143.58299 
    -32.66718 -142.99556 
    -32.99067 -142.42918 
    -33.34825 -141.88602 
    -33.73827 -141.36810 
    -34.15907 -140.87746 
    -34.60880 -140.41597 
    -35.08366 -139.98344 
    -35.59908 -139.60184 
    -36.17320 -139.30843 
    -36.72947 -139.01031 
    -37.27983 -138.71356 
    -37.83076 -138.41953 
    -38.38707 -138.12831 
    -38.95248 -137.83833 
    -39.53133 -137.54961 
    -40.12722 -137.25935 
    -40.74427 -136.96266 
    -41.38747 -136.64777 
    -42.06507 -136.35754 
    -42.77014 -136.21106 
    -43.49172 -136.12479 
    -44.22453 -136.09758 
    -44.95257 -136.17180 
    -45.69674 -136.24074 
    -46.44298 -136.36053 
    -47.18679 -136.53368 
    -47.92306 -136.76224 
    -48.64617 -137.04771 
    -49.35007 -137.39093 
    -50.02844 -137.79181 
    -50.67482 -138.24942 
    -51.28283 -138.76183 
    -51.84635 -139.32610 
    -52.35974 -139.93835 
    -52.81798 -140.59387 
    -53.21688 -141.28712 
    -53.55316 -142.01199 
    -53.82458 -142.76196 
    -54.02996 -143.53026 
    -54.16919 -144.31007 
    -54.24261 -145.09488 
    -54.20464 -145.88429 
    -53.87429 -146.67491 
Cell 5 100 -12.07786 -151.05037 
    -22.44950 -151.05037 
    -22.46060 -151.70360 
    -22.42890 -152.35802 
    -22.35420 -153.01068 
    -22.23652 -153.65868 
    -22.07611 -154.29900 
    -21.87340 -154.92870 
    -21.62911 -155.54485 
    -21.34411 -156.14453 
    -21.01955 -156.72495 
    -20.65675 -157.28329 
    -20.25726 -157.81696 
    -19.82281 -158.32336 
    -19.35537 -158.80014 
    -18.85703 -159.24498 
    -18.33007 -159.65581 
    -17.77696 -160.03072 
    -17.20023 -160.36794 
    -16.60261 -160.66595 
    -15.98688 -160.92345 
    -15.35594 -161.13928 
    -14.71275 -161.31261 
    -14.06031 -161.44273 
    -13.40165 -161.52924 
    -12.73982 -161.57193 
    -12.07786 -161.57080 
    -11.41878 -161.52614 
    -10.76554 -161.43839 
    -10.12106 -161.30824 
    -9.48816 -161.13657 
    -8.86957 -160.92447 
    -8.26790 -160.67322 
    -7.68566 -160.38425 
    -7.12523 -160.05917 
    -6.58881 -159.69972 
    -6.07847 -159.30782 
    -5.59612 -158.88544 
    -5.14351 -158.43471 
    -4.69918 -157.97940 
    -4.25869 -157.51895 
    -3.84500 -157.03189 
    -3.45978 -156.51956 
    -3.10471 -155.98340 
    -2.79847 -155.41692 
    -2.53141 -154.83008 
    -2.37047 -154.20450 
    -2.26263 -153.57048 
    -2.16371 -152.94159 
    -2.07710 -152.31375 
    -2.00510 -151.68410 
    -1.94919 -151.05037 
    -1.90964 -150.41064 
    -1.84466 -149.75761 
    -1.66792 -149.06456 
    -1.47766 -148.32870 
    -1.27049 -147.53883 
    -1.03042 -146.67638 
    -0.68286 -145.68828 
    -0.94654 -144.93088 
    -1.45078 -144.30621 
    -2.06725 -143.77724 
    -2.76443 -143.34564 
    -3.50834 -143.00305 
    -4.26792 -142.73363 
    -5.01910 -142.51781 
    -5.74675 -142.33635 
    -6.44446 -142.17355 
    -7.10944 -142.01285 
    -7.70047 -141.74796 
    -8.30457 -141.52014 
    -8.91939 -141.32961 
    -9.54268 -141.17651 
    -10.15790 -140.98563 
    -10.78085 -140.78348 
    -11.42414 -140.65985 
    -12.07786 -140.56967 
    -12.73790 -140.55925 
    -13.40139 -140.57350 
    -14.07228 -140.59525 
    -14.75270 -140.63254 
    -15.44443 -140.68912 
    -16.14934 -140.76698 
    -16.82677 -140.95842 
    -17.44292 -141.29135 
    -17.97889 -141.75183 
    -18.46420 -142.26031 
    -18.90338 -142.79973 
    -19.30336 -143.35599 
    -19.67158 -143.91939 
    -20.01426 -144.48480 
    -20.33535 -145.05095 
    -20.63625 -145.61905 
    -20.91614 -146.19148 
    -21.23188 -146.74281 
    -21.52054 -147.31175 
    -21.77315 -147.90018 
    -21.98823 -148.50581 
    -22.16448 -149.12624 
    -22.30075 -149.75891 
    -22.39602 -150.40120 
Cell 6 100 7.37131 -152.97632 
    -2.16917 -152.97632 
    -2.26468 -153.58257 
    -2.37113 -154.20708 
    -2.54899 -154.86871 
    -2.90554 -155.61496 
    -3.22946 -156.42072 
    -3.06961 -157.11017 
    -2.80751 -157.76611 
    -2.50000 -158.40312 
    -2.14846 -159.01775 
    -1.75464 -159.60670 
    -1.32055 -160.16685 
    -0.84854 -160.69527 
    -0.34108 -161.18918 
    0.19905 -161.64610 
    0.76892 -162.06374 
    1.36543 -162.44008 
    1.98530 -162.77344 
    2.62519 -163.06235 
    3.28163 -163.30566 
    3.95112 -163.50259 
    4.63012 -163.65254 
    5.31511 -163.75529 
    6.00258 -163.81093 
    6.68910 -163.81973 
    7.37131 -163.78235 
    8.04597 -163.69972 
    8.70997 -163.57286 
    9.36035 -163.40321 
    9.99432 -163.19226 
    10.60927 -162.94173 
    11.20281 -162.65358 
    11.77268 -162.32970 
    12.35218 -162.03648 
    12.93604 -161.74492 
    13.50498 -161.41859 
    14.05692 -161.05783 
    14.58964 -160.66306 
    15.10076 -160.23476 
    15.58777 -159.77356 
    16.04798 -159.28029 
    16.47859 -158.75598 
    16.87671 -158.20195 
    17.23938 -157.61987 
    17.56364 -157.01175 
    17.84663 -156.37996 
    18.08563 -155.72729 
    18.27815 -155.05692 
    18.42202 -154.37234 
    18.51547 -153.67744 
    18.55680 -152.97632 
    18.49997 -152.27617 
    18.37437 -151.58632 
    18.22371 -150.90611 
    18.04033 -150.23698 
    17.81786 -149.58203 
    17.58975 -148.93056 
    17.35059 -148.28043 
    17.04771 -147.65668 
    16.65236 -147.08640 
    16.22005 -146.54733 
    15.75412 -146.04146 
    15.25794 -145.57028 
    14.73482 -145.13498 
    14.18801 -144.73634 
    13.62060 -144.37491 
    13.03552 -144.05095 
    12.43551 -143.76457 
    11.82311 -143.51576 
    11.20070 -143.30440 
    10.57047 -143.13033 
    9.93449 -142.99338 
    9.29473 -142.89340 
    8.68271 -142.59557 
    8.04661 -142.24281 
    7.37131 -141.85004 
    6.64626 -141.45187 
    5.88274 -141.19310 
    5.08665 -140.99973 
    4.26631 -140.88313 
    3.51039 -141.09363 
    2.83942 -141.53006 
    2.27027 -142.13605 
    1.79711 -142.83690 
    1.35221 -143.49173 
    0.79301 -143.92206 
    0.28196 -144.40677 
    -0.17858 -144.93649 
    -0.58878 -145.50130 
    -0.85316 -146.17244 
    -1.07573 -146.83919 
    -1.25943 -147.49908 
    -1.42788 -148.13892 
    -1.58914 -148.75986 
    -1.74502 -149.36691 
    -1.86627 -149.97484 
    -1.92076 -150.59052 
    -1.96203 -151.19589 
    -2.01724 -151.79027 
    -2.08641 -152.38129 
Cell 7 100 27.20167 -146.44991 
    17.01392 -146.44991 
    17.02323 -147.09027 
    17.12992 -147.72226 
    17.36732 -148.32591 
    17.58547 -148.91893 
    17.79172 -149.50739 
    17.99247 -150.09608 
    18.16751 -150.70105 
    18.31838 -151.33353 
    18.45035 -152.00365 
    18.58662 -152.70911 
    18.97100 -153.25891 
    19.39247 -153.78323 
    19.84928 -154.27940 
    20.33949 -154.74484 
    20.86095 -155.17715 
    21.41129 -155.57408 
    21.98800 -155.93353 
    22.58837 -156.25365 
    23.20958 -156.53276 
    23.84866 -156.76939 
    24.50253 -156.96237 
    25.16801 -157.11072 
    25.84188 -157.21370 
    26.52087 -157.27087 
    27.20167 -157.28206 
    27.88098 -157.24727 
    28.55553 -157.16684 
    29.22209 -157.04132 
    29.87749 -156.87154 
    30.51865 -156.65854 
    31.14261 -156.40359 
    31.74653 -156.10823 
    32.32768 -155.77409 
    32.88356 -155.40314 
    33.41176 -154.99738 
    33.91014 -154.55907 
    34.37671 -154.09055 
    34.80969 -153.59431 
    35.20759 -153.07298 
    35.56914 -152.52924 
    35.86028 -151.94482 
    36.06348 -151.32172 
    36.27692 -150.72038 
    36.50019 -150.13145 
    36.73189 -149.54646 
    36.97305 -148.95877 
    37.22737 -148.36241 
    37.50214 -147.75116 
    37.81066 -147.11736 
    38.13450 -146.44991 
    38.18803 -145.75870 
    38.19080 -145.06166 
    38.14637 -144.36209 
    38.05342 -143.66365 
    37.91096 -142.97025 
    37.71840 -142.28604 
    37.47563 -141.61534 
    37.18306 -140.96259 
    36.84166 -140.33218 
    36.45295 -139.72845 
    36.01903 -139.15555 
    35.54251 -138.61732 
    35.02652 -138.11728 
    34.47456 -137.65848 
    33.95638 -137.15285 
    33.39158 -136.69617 
    32.77481 -136.31239 
    32.11472 -136.00914 
    31.42208 -135.79034 
    30.70883 -135.65596 
    29.98694 -135.60197 
    29.26739 -135.62097 
    28.56835 -135.63152 
    27.88213 -135.63426 
    27.20167 -135.45714 
    26.50124 -135.31691 
    25.78319 -135.22148 
    25.05171 -135.17944 
    24.31300 -135.19928 
    23.57512 -135.28854 
    22.84765 -135.45293 
    22.14105 -135.69556 
    21.46582 -136.01645 
    20.83168 -136.41241 
    20.24672 -136.87724 
    19.71676 -137.40221 
    19.24501 -137.97693 
    18.83199 -138.59026 
    18.47583 -139.23126 
    18.17274 -139.89001 
    17.91772 -140.55814 
    17.70530 -141.22923 
    17.53017 -141.89885 
    17.38780 -142.56432 
    17.27471 -143.22444 
    17.18868 -143.87901 
    17.12871 -144.52838 
    17.09485 -145.17311 
    17.07215 -145.81261 
Cell 8 100 45.74696 -153.03133 
    35.70433 -153.03133 
    35.72236 -153.66202 
    35.77596 -154.29095 
    35.86791 -154.91586 
    35.99905 -155.53416 
    36.16914 -156.14334 
    36.37753 -156.74094 
    36.62347 -157.32451 
    36.90602 -157.89166 
    37.22411 -158.44008 
    37.57650 -158.96751 
    37.96181 -159.47176 
    38.37850 -159.95076 
    38.82493 -160.40254 
    39.29929 -160.82521 
    39.79971 -161.21701 
    40.32412 -161.57634 
    40.87043 -161.90170 
    41.43640 -162.19173 
    42.01973 -162.44522 
    42.61803 -162.66116 
    43.22887 -162.83862 
    43.84974 -162.97691 
    44.47809 -163.07544 
    45.11136 -163.13382 
    45.74696 -163.15186 
    46.38227 -163.12946 
    47.01473 -163.06679 
    47.64174 -162.96411 
    48.26074 -162.82187 
    48.86924 -162.64072 
    49.46476 -162.42142 
    50.04491 -162.16493 
    50.60734 -161.87233 
    51.14981 -161.54486 
    51.67017 -161.18393 
    52.16633 -160.79102 
    52.63636 -160.36780 
    53.07841 -159.91602 
    53.49075 -159.43755 
    53.87180 -158.93437 
    54.22011 -158.40855 
    54.53435 -157.86224 
    54.81335 -157.29765 
    55.05608 -156.71707 
    55.26193 -156.12292 
    55.43287 -155.51825 
    55.56701 -154.90460 
    55.62580 -154.27931 
    55.60302 -153.65141 
    55.55010 -153.03133 
    55.48491 -152.41867 
    55.41193 -151.81035 
    55.33530 -151.20226 
    55.25765 -150.58939 
    55.18550 -149.96455 
    55.05369 -149.34653 
    54.80468 -148.76909 
    54.51985 -148.20839 
    54.20223 -147.66545 
    53.85574 -147.13995 
    53.48073 -146.63339 
    53.07955 -146.14557 
    52.65431 -145.67574 
    52.20652 -145.22307 
    51.73669 -144.78716 
    51.24426 -144.36897 
    50.72761 -143.97156 
    50.18470 -143.60063 
    49.71447 -143.01053 
    49.22054 -142.34073 
    48.51817 -142.23814 
    47.74334 -142.56593 
    47.08194 -142.46387 
    46.41379 -142.43227 
    45.74696 -142.28749 
    45.06922 -142.25902 
    44.41583 -142.49442 
    43.80688 -142.86110 
    43.19888 -143.10722 
    42.60149 -143.35059 
    42.01980 -143.61760 
    41.45363 -143.90755 
    40.90351 -144.22113 
    40.37071 -144.55972 
    39.85708 -144.92461 
    39.36484 -145.31668 
    38.89561 -145.73538 
    38.45166 -146.18059 
    38.03622 -146.65247 
    37.75747 -147.22662 
    37.48540 -147.78839 
    37.23269 -148.35057 
    36.99298 -148.91203 
    36.76170 -149.47382 
    36.53689 -150.03879 
    36.31857 -150.61053 
    36.10922 -151.19284 
    35.91117 -151.78879 
    35.73286 -152.40129 
Cell 9 100 65.98124 -153.16943 
    55.56189 -153.16943 
    55.60921 -153.82199 
    55.60693 -154.48001 
    55.53318 -155.16251 
    55.47855 -155.86606 
    55.64788 -156.52695 
    55.85519 -157.17862 
    56.10206 -157.81822 
    56.38947 -158.44255 
    56.71770 -159.04826 
    57.08630 -159.63199 
    57.49424 -160.19049 
    57.93992 -160.72073 
    58.42134 -161.21989 
    58.93630 -161.68530 
    59.48226 -162.11450 
    60.05648 -162.50537 
    60.65607 -162.85587 
    61.27795 -163.16443 
    61.91896 -163.42958 
    62.57580 -163.65030 
    63.24516 -163.82576 
    63.92368 -163.95555 
    64.60802 -164.03958 
    65.29492 -164.07809 
    65.98124 -164.07167 
    66.66398 -164.02129 
    67.34039 -163.92818 
    68.00795 -163.79382 
    68.66451 -163.62009 
    69.30824 -163.40889 
    69.93765 -163.16220 
    70.55170 -162.88216 
    71.14957 -162.57059 
    71.73077 -162.22925 
    72.29498 -161.85956 
    72.84190 -161.46254 
    73.37106 -161.03879 
    73.88171 -160.58847 
    74.37269 -160.11145 
    74.84209 -159.60721 
    75.28730 -159.07524 
    75.70491 -158.51506 
    76.04408 -157.90465 
    76.10545 -157.17790 
    76.19540 -156.48822 
    76.35892 -155.83397 
    76.50687 -155.17731 
    76.59824 -154.51067 
    76.64627 -153.84042 
    76.65527 -153.16943 
    76.62184 -152.49998 
    76.56011 -151.83301 
    76.48105 -151.16649 
    76.38773 -150.49750 
    76.25082 -149.83264 
    75.99635 -149.20418 
    75.73125 -148.58144 
    75.44495 -147.96672 
    75.13662 -147.35925 
    74.80543 -146.75829 
    74.45069 -146.16289 
    74.07207 -145.57162 
    73.67005 -144.98167 
    73.24693 -144.38673 
    72.80356 -143.77933 
    72.23255 -143.31894 
    71.60554 -142.93887 
    70.94844 -142.61359 
    70.26673 -142.34552 
    69.56619 -142.13608 
    68.85192 -141.98885 
    68.12588 -141.92685 
    67.39860 -141.94987 
    66.68504 -141.98285 
    65.98124 -142.01768 
    65.28525 -142.10692 
    64.60300 -142.25954 
    63.93729 -142.45465 
    63.29020 -142.68854 
    62.66694 -142.96909 
    62.06643 -143.28174 
    61.48948 -143.62395 
    60.93673 -143.99352 
    60.40872 -144.38855 
    59.90598 -144.80756 
    59.42906 -145.24921 
    58.97865 -145.71243 
    58.44562 -146.09302 
    57.89959 -146.48370 
    57.34954 -146.89813 
    56.80547 -147.34631 
    56.28572 -147.83928 
    55.81526 -148.38570 
    55.42144 -148.98851 
    55.12843 -149.64314 
    55.23703 -150.41078 
    55.32704 -151.13702 
    55.41484 -151.83458 
    55.49459 -152.50967 
Cell 10 100 85.38660 -144.52747 
    73.34702 -144.52747 
    73.85493 -145.25298 
    74.30027 -145.92799 
    74.69182 -146.56761 
    75.04005 -147.18402 
    75.35387 -147.78729 
    75.64036 -148.38628 
    75.90485 -148.98923 
    76.15718 -149.60138 
    76.46919 -150.18663 
    76.94048 -150.66393 
    77.41439 -151.12265 
    77.89449 -151.56302 
    78.38443 -151.98401 
    78.88736 -152.38368 
    79.40565 -152.75954 
    79.94069 -153.10884 
    80.49300 -153.42886 
    81.06226 -153.71713 
    81.64748 -153.97141 
    82.24711 -154.18982 
    82.85925 -154.37086 
    83.48170 -154.51331 
    84.11208 -154.61624 
    84.74791 -154.67905 
    85.38660 -154.70129 
    86.02552 -154.68282 
    86.66235 -154.62613 
    87.29498 -154.53156 
    87.92092 -154.39801 
    88.53790 -154.22618 
    89.14373 -154.01691 
    89.73636 -153.77118 
    90.31383 -153.49007 
    90.87434 -153.17477 
    91.41624 -152.82655 
    91.93798 -152.44673 
    92.43816 -152.03662 
    92.91549 -151.59756 
    93.36876 -151.13089 
    93.79685 -150.63788 
    94.19867 -150.11978 
    94.57310 -149.57779 
    94.91902 -149.01308 
    95.23523 -148.42682 
    95.52042 -147.82014 
    95.77315 -147.19427 
    95.99183 -146.55052 
    96.17474 -145.89032 
    96.31998 -145.21533 
    96.42557 -144.52747 
    96.48943 -143.82893 
    96.50949 -143.12231 
    96.48370 -142.41058 
    96.41019 -141.69708 
    96.28729 -140.98561 
    96.11371 -140.28030 
    95.88853 -139.58563 
    95.54862 -138.94084 
    95.08132 -138.37500 
    94.56241 -137.86084 
    94.04201 -137.36708 
    93.53479 -136.87581 
    93.03384 -136.38399 
    92.52946 -135.89322 
    92.00010 -135.42476 
    91.45388 -134.96696 
    90.89285 -134.51163 
    90.31834 -134.04697 
    89.65613 -133.74385 
    88.94765 -133.56764 
    88.23208 -133.44504 
    87.51407 -133.37488 
    86.79794 -133.35555 
    86.08762 -133.38496 
    85.38660 -133.46085 
    84.69788 -133.58067 
    84.02406 -133.74184 
    83.36726 -133.94176 
    82.72928 -134.17790 
    82.11155 -134.44791 
    81.51525 -134.74957 
    80.94137 -135.08087 
    80.39073 -135.44002 
    79.86410 -135.82541 
    79.31943 -136.17673 
    78.70173 -136.44685 
    78.07195 -136.73816 
    77.42985 -137.05559 
    76.77825 -137.40602 
    76.12382 -137.79767 
    75.47751 -138.23897 
    74.85445 -138.73737 
    74.27309 -139.29785 
    73.75375 -139.92171 
    73.31657 -140.60568 
    72.97929 -141.34181 
    72.75510 -142.11787 
    72.65257 -142.91878 
    72.75573 -143.73280 
Cell 11 100 109.64602 -150.76486 
    99.48099 -150.76486 
    99.49155 -151.40373 
    99.54295 -152.04118 
    99.63506 -152.67456 
    99.76759 -153.30121 
    99.94008 -153.91852 
    100.15186 -154.52386 
    100.40214 -155.11470 
    100.68989 -155.68854 
    101.01396 -156.24294 
    101.37302 -156.77554 
    101.76558 -157.28413 
    102.19001 -157.76653 
    102.64452 -158.22070 
    103.12721 -158.64474 
    103.63604 -159.03690 
    104.16885 -159.39551 
    104.72337 -159.71912 
    105.29729 -160.00639 
    105.88814 -160.25618 
    106.49345 -160.46748 
    107.11064 -160.63951 
    107.73714 -160.77159 
    108.37029 -160.86328 
    109.00747 -160.91431 
    109.64602 -160.92456 
    110.28330 -160.89417 
    110.91671 -160.82339 
    111.54367 -160.71272 
    112.16172 -160.56287 
    112.76846 -160.37474 
    113.36166 -160.14951 
    113.93929 -159.88853 
    114.49960 -159.59351 
    115.04118 -159.26627 
    115.56303 -158.90894 
    116.06470 -158.52371 
    116.54624 -158.11285 
    117.00828 -157.67848 
    117.45187 -157.22243 
    117.87831 -156.74597 
    118.28883 -156.24976 
    118.68412 -155.73360 
    119.06393 -155.19659 
    119.42647 -154.63721 
    119.76807 -154.05371 
    120.08296 -153.44461 
    120.36338 -152.80931 
    120.59999 -152.14867 
    120.78268 -151.46552 
    120.90154 -150.76486 
    120.94811 -150.05379 
    120.91639 -149.34108 
    120.80367 -148.63643 
    120.93253 -147.86697 
    121.11923 -147.03699 
    120.76096 -146.36415 
    119.96684 -145.90825 
    119.17661 -145.52538 
    118.70254 -145.01743 
    118.20309 -144.54779 
    117.68630 -144.11336 
    117.15807 -143.71057 
    116.62210 -143.33609 
    116.08022 -142.98726 
    115.55740 -142.62854 
    115.04094 -142.26384 
    114.50560 -141.92531 
    113.95329 -141.61145 
    113.38503 -141.32121 
    112.80085 -141.05528 
    112.20013 -140.81726 
    111.58237 -140.61415 
    110.94835 -140.45583 
    110.30108 -140.35300 
    109.64602 -140.31442 
    108.99041 -140.34428 
    108.31950 -140.26442 
    107.59915 -140.03482 
    106.83866 -139.83093 
    106.06627 -139.74753 
    105.33320 -139.87193 
    104.69164 -140.23628 
    104.16673 -140.79807 
    103.74364 -141.46422 
    103.37971 -142.14005 
    103.03049 -142.76805 
    102.67004 -143.33620 
    102.29503 -143.86182 
    101.91624 -144.37024 
    101.52229 -144.86263 
    101.15591 -145.37688 
    100.82230 -145.91399 
    100.52293 -146.47186 
    100.25915 -147.04834 
    100.03217 -147.64113 
    99.84306 -148.24789 
    99.69272 -148.86617 
    99.58190 -149.49347 
    99.51118 -150.12723 
Cell 12 100 -115.73061 -132.52927 
    -127.39693 -132.52927 
    -127.48859 -133.26901 
    -127.52125 -134.01877 
    -127.49409 -134.77327 
    -127.40702 -135.52725 
    -127.26053 -136.27556 
    -127.05575 -137.01320 
    -126.79443 -137.73550 
    -126.47868 -138.43806 
    -126.11107 -139.11690 
    -125.69444 -139.76842 
    -125.23184 -140.38936 
    -124.72644 -140.97691 
    -124.18154 -141.52859 
    -123.60046 -142.04227 
    -122.09020 -141.28249 
    -121.02003 -140.86406 
    -120.41507 -141.05026 
    -119.82082 -141.22141 
    -119.22942 -141.36626 
    -118.64554 -141.50047 
    -118.06869 -141.63548 
    -117.48557 -141.72910 
    -116.89998 -141.78574 
    -116.31605 -141.83444 
    -115.73061 -141.87572 
    -115.14182 -141.88802 
    -114.55112 -141.86589 
    -113.95535 -141.83557 
    -113.35303 -141.78931 
    -112.74613 -141.71455 
    -112.13811 -141.60289 
    -111.52182 -141.47339 
    -110.84644 -141.41354 
    -110.08997 -141.41750 
    -109.17733 -141.54909 
    -108.49506 -141.27554 
    -107.89274 -140.87576 
    -107.31234 -140.43456 
    -106.77286 -139.93977 
    -106.39088 -139.31499 
    -106.05611 -138.66890 
    -105.76975 -138.00529 
    -105.53252 -137.32813 
    -105.34482 -136.64130 
    -105.20677 -135.94867 
    -105.11282 -135.25545 
    -105.05589 -134.56558 
    -105.01974 -133.88237 
    -105.02299 -133.20293 
    -105.04464 -132.52927 
    -104.82088 -131.84288 
    -104.38979 -131.09659 
    -104.05175 -130.30141 
    -103.96783 -129.50909 
    -104.23057 -128.79268 
    -104.80151 -128.20213 
    -105.53692 -127.73248 
    -106.27819 -127.33276 
    -106.88612 -126.91638 
    -107.14973 -126.29489 
    -107.44658 -125.67612 
    -107.78265 -125.06563 
    -108.16423 -124.47189 
    -108.59682 -123.90598 
    -109.08385 -123.38078 
    -109.62577 -122.90958 
    -110.21945 -122.50450 
    -110.85822 -122.17490 
    -111.53249 -121.92603 
    -112.23097 -121.75847 
    -112.94196 -121.66819 
    -113.65479 -121.64741 
    -114.36078 -121.68591 
    -115.05387 -121.77271 
    -115.73061 -121.89747 
    -116.38981 -122.05170 
    -117.03179 -122.22939 
    -117.65769 -122.42716 
    -118.26873 -122.64394 
    -118.86572 -122.88039 
    -119.44879 -123.13822 
    -120.01731 -123.41957 
    -120.56999 -123.72647 
    -121.10504 -124.06053 
    -121.62035 -124.42274 
    -122.11371 -124.81343 
    -122.58288 -125.23235 
    -123.02699 -125.67751 
    -123.44229 -126.14961 
    -123.86469 -126.61951 
    -124.37080 -127.04604 
    -124.85519 -127.51299 
    -125.31324 -128.02002 
    -125.74014 -128.56621 
    -126.13112 -129.14995 
    -126.48150 -129.76891 
    -126.78698 -130.42015 
    -127.04359 -131.10011 
    -127.24788 -131.80466 
Cell 13 100 -90.26836 -125.94107 
    -100.39972 -125.94107 
    -100.39407 -126.57813 
    -100.34787 -127.21441 
    -100.26112 -127.84729 
    -100.13402 -128.47414 
    -99.96693 -129.09233 
    -99.76041 -129.69923 
    -99.51517 -130.29228 
    -99.23215 -130.86896 
    -98.91243 -131.42676 
    -98.55726 -131.96330 
    -98.16808 -132.47627 
    -97.74646 -132.96347 
    -97.29413 -133.42274 
    -96.81298 -133.85216 
    -96.30502 -134.24982 
    -95.77239 -134.61403 
    -95.21734 -134.94322 
    -94.64223 -135.23599 
    -94.04948 -135.49109 
    -93.44165 -135.70744 
    -92.82132 -135.88419 
    -92.19113 -136.02055 
    -91.55376 -136.11607 
    -90.91193 -136.17036 
    -90.26836 -136.18327 
    -89.62576 -136.15486 
    -88.98685 -136.08533 
    -88.35427 -135.97510 
    -87.73067 -135.82474 
    -87.11861 -135.63503 
    -86.52057 -135.40692 
    -85.93896 -135.14151 
    -85.37608 -134.84009 
    -84.83411 -134.50409 
    -84.31094 -134.14076 
    -83.78648 -133.77631 
    -83.28242 -133.38034 
    -82.80063 -132.95374 
    -82.34311 -132.49741 
    -81.91194 -132.01236 
    -81.50929 -131.49974 
    -81.13741 -130.96086 
    -80.79860 -130.39720 
    -80.49524 -129.81052 
    -80.22967 -129.20284 
    -80.00416 -128.57648 
    -79.82087 -127.93404 
    -79.68176 -127.27847 
    -79.58851 -126.61299 
    -79.54247 -125.94107 
    -79.54459 -125.26639 
    -79.59538 -124.59276 
    -79.69485 -123.92406 
    -79.84257 -123.26418 
    -80.03756 -122.61688 
    -80.27845 -121.98579 
    -80.56340 -121.37426 
    -80.82048 -120.74706 
    -81.08451 -120.11282 
    -81.38935 -119.49009 
    -81.73604 -118.88251 
    -82.12531 -118.29423 
    -82.55749 -117.72982 
    -83.03233 -117.19420 
    -83.54888 -116.69250 
    -84.10546 -116.22988 
    -84.69952 -115.81138 
    -85.32771 -115.44166 
    -85.98592 -115.12485 
    -86.66932 -114.86435 
    -87.37257 -114.66271 
    -88.08997 -114.52149 
    -88.81560 -114.44123 
    -89.54361 -114.42146 
    -90.26836 -114.46072 
    -90.98460 -114.55677 
    -91.68761 -114.70659 
    -92.37328 -114.90668 
    -93.03822 -115.15318 
    -93.67970 -115.44209 
    -94.29562 -115.76940 
    -94.88449 -116.13131 
    -95.44530 -116.52425 
    -95.97743 -116.94502 
    -96.48048 -117.39083 
    -96.95422 -117.85926 
    -97.39848 -118.34827 
    -97.81306 -118.85613 
    -98.19766 -119.38139 
    -98.55189 -119.92274 
    -98.94019 -120.43777 
    -99.29542 -120.97841 
    -99.58710 -121.55601 
    -99.81026 -122.16317 
    -99.97118 -122.78844 
    -100.08344 -123.42099 
    -100.17616 -124.05106 
    -100.29031 -124.67500 
    -100.36501 -125.30585 
Cell 14 100 -68.03796 -133.22684 
    -78.73115 -133.22684 
    -78.69815 -133.89752 
    -78.62472 -134.56425 
    -78.51040 -135.22456 
    -78.35497 -135.87579 
    -78.15849 -136.51520 
    -77.92139 -137.13997 
    -77.64440 -137.74728 
    -77.32861 -138.33443 
    -76.97541 -138.89871 
    -76.58640 -139.43765 
    -76.13573 -139.92590 
    -75.54407 -140.27554 
    -74.98171 -140.62120 
    -74.43704 -140.96201 
    -73.91306 -141.31322 
    -73.38946 -141.65944 
    -72.85531 -141.98956 
    -72.31068 -142.30684 
    -71.75472 -142.61432 
    -71.18556 -142.91415 
    -70.57877 -143.12265 
    -69.95724 -143.28810 
    -69.32465 -143.41203 
    -68.68427 -143.49956 
    -68.03796 -143.55214 
    -67.38721 -143.57007 
    -66.73340 -143.55347 
    -66.07781 -143.50229 
    -65.42170 -143.41647 
    -64.76637 -143.29576 
    -64.11313 -143.13982 
    -63.46345 -142.94815 
    -62.81895 -142.72017 
    -62.18148 -142.45517 
    -61.55317 -142.15239 
    -60.93645 -141.81108 
    -60.33414 -141.43057 
    -59.74940 -141.01031 
    -59.18576 -140.55002 
    -58.64709 -140.04970 
    -58.13756 -139.50983 
    -57.66156 -138.93130 
    -57.22363 -138.31567 
    -56.82832 -137.66504 
    -56.48008 -136.98222 
    -56.18314 -136.27065 
    -55.94136 -135.53438 
    -55.75814 -134.77814 
    -55.63628 -134.00708 
    -55.57818 -133.22684 
    -55.58632 -132.44345 
    -55.66972 -131.66437 
    -55.85262 -130.90236 
    -56.26912 -130.20511 
    -56.83114 -129.58551 
    -57.36267 -129.00018 
    -57.92358 -128.46738 
    -58.50139 -127.98406 
    -59.04275 -127.51830 
    -59.55198 -127.06141 
    -60.04081 -126.61102 
    -60.46906 -126.11916 
    -60.83541 -125.55691 
    -61.23510 -125.00359 
    -61.67688 -124.47156 
    -62.16339 -123.97001 
    -62.68821 -123.49568 
    -63.25542 -123.06344 
    -63.93825 -122.87215 
    -64.66655 -122.85071 
    -65.35867 -122.79171 
    -66.03510 -122.72752 
    -66.70802 -122.69930 
    -67.37605 -122.70622 
    -68.03796 -122.74762 
    -68.69251 -122.82293 
    -69.33853 -122.93175 
    -69.97475 -123.07377 
    -70.59990 -123.24873 
    -71.23513 -123.38695 
    -71.87804 -123.52789 
    -72.51604 -123.71042 
    -73.14515 -123.93688 
    -73.76058 -124.20943 
    -74.35694 -124.52950 
    -74.92847 -124.89764 
    -75.46935 -125.31320 
    -75.97414 -125.77427 
    -76.43854 -126.27728 
    -76.85983 -126.81737 
    -77.23669 -127.38914 
    -77.56889 -127.98717 
    -77.85705 -128.60632 
    -78.10231 -129.24208 
    -78.30592 -129.89058 
    -78.46908 -130.54858 
    -78.59298 -131.21336 
    -78.67808 -131.88268 
    -78.72427 -132.55450 
Cell 15 100 -53.79481 -119.78021 
    -64.36140 -119.78021 
    -64.33043 -120.44305 
    -64.25030 -121.10105 
    -64.09184 -121.74448 
    -63.83629 -122.35843 
    -63.44182 -122.91471 
    -62.85603 -123.36780 
    -62.34664 -123.80439 
    -61.90346 -124.23798 
    -61.50788 -124.67508 
    -61.14874 -125.12315 
    -60.81518 -125.58797 
    -60.49792 -126.07485 
    -60.12190 -126.51788 
    -59.70313 -126.92214 
    -59.26923 -127.31510 
    -58.82464 -127.70595 
    -58.36681 -128.09663 
    -57.89532 -128.49423 
    -57.42269 -128.94318 
    -56.94132 -129.46417 
    -56.42683 -130.03123 
    -55.81744 -130.38322 
    -55.14806 -130.49229 
    -54.47281 -130.55658 
    -53.79481 -130.57565 
    -53.11727 -130.54938 
    -52.44338 -130.47787 
    -51.77632 -130.36151 
    -51.11923 -130.20091 
    -50.47519 -129.99695 
    -49.84720 -129.75073 
    -49.23816 -129.46359 
    -48.65084 -129.13707 
    -48.08786 -128.77293 
    -47.55172 -128.37309 
    -47.04471 -127.93968 
    -46.56896 -127.47497 
    -46.12640 -126.98133 
    -45.71876 -126.46130 
    -45.31281 -125.94275 
    -44.88673 -125.43345 
    -44.49118 -124.89493 
    -44.12890 -124.32864 
    -43.80312 -123.73621 
    -43.51773 -123.11944 
    -43.27675 -122.48079 
    -43.08292 -121.82362 
    -42.93914 -121.15160 
    -42.84766 -120.46895 
    -42.81009 -119.78021 
    -42.82721 -119.09019 
    -42.89902 -118.40376 
    -43.02467 -117.72570 
    -43.20249 -117.06057 
    -43.43017 -116.41254 
    -43.70481 -115.78530 
    -44.02308 -115.18198 
    -44.38141 -114.60516 
    -44.77614 -114.05679 
    -44.75584 -113.21301 
    -44.28280 -111.91119 
    -45.71648 -112.19415 
    -46.64956 -112.17130 
    -47.17633 -111.77985 
    -47.68476 -111.37045 
    -48.17177 -110.91972 
    -48.68388 -110.48347 
    -49.22195 -110.06239 
    -49.78711 -109.65792 
    -50.38063 -109.27244 
    -51.00365 -108.90935 
    -51.65695 -108.57315 
    -52.34066 -108.26942 
    -53.05396 -108.00465 
    -53.79481 -107.78604 
    -54.55980 -107.62110 
    -55.34398 -107.51730 
    -56.14091 -107.48154 
    -56.94278 -107.51967 
    -57.74068 -107.63609 
    -58.52493 -107.83331 
    -59.28558 -108.11175 
    -60.01289 -108.46957 
    -60.69786 -108.90276 
    -61.33265 -109.40527 
    -61.91100 -109.96942 
    -62.42850 -110.58627 
    -62.88264 -111.24617 
    -63.27288 -111.93928 
    -63.60041 -112.65603 
    -63.86794 -113.38762 
    -64.07927 -114.12628 
    -64.23897 -114.86556 
    -64.35191 -115.60036 
    -64.42292 -116.32693 
    -64.45644 -117.04277 
    -64.45634 -117.74642 
    -64.42567 -118.43723 
    -64.36673 -119.11508 
Cell 16 100 -34.42652 -129.81331 
    -45.37766 -129.81331 
    -45.28546 -130.49649 
    -45.14182 -131.16696 
    -44.97186 -131.82494 
    -44.91552 -132.50642 
    -44.84584 -133.19875 
    -44.74954 -133.90048 
    -44.56371 -134.58351 
    -44.32958 -135.25757 
    -44.04744 -135.91893 
    -43.16697 -136.16362 
    -42.28252 -136.31236 
    -41.60518 -136.55452 
    -41.01551 -136.82986 
    -40.45575 -137.10139 
    -39.91240 -137.36398 
    -39.38306 -137.62357 
    -38.86342 -137.88400 
    -38.34871 -138.14839 
    -37.83341 -138.41814 
    -37.31269 -138.69603 
    -36.78080 -138.98264 
    -36.23182 -139.27701 
    -35.65921 -139.57111 
    -35.06731 -139.99834 
    -34.42652 -140.51486 
    -33.72856 -140.90706 
    -32.99271 -141.16302 
    -32.23824 -141.28464 
    -31.48245 -141.27969 
    -30.74563 -141.14192 
    -30.06349 -140.83305 
    -29.40861 -140.47690 
    -28.78449 -140.07611 
    -28.19435 -139.63364 
    -27.64107 -139.15268 
    -27.12725 -138.63660 
    -26.65514 -138.08899 
    -26.22656 -137.51358 
    -25.84308 -136.91414 
    -25.50581 -136.29459 
    -25.21553 -135.65878 
    -24.97261 -135.01064 
    -24.87444 -134.30817 
    -24.97490 -133.55547 
    -24.95697 -132.89015 
    -24.82172 -132.27940 
    -24.71026 -131.66679 
    -24.63239 -131.05060 
    -24.59398 -130.43192 
    -24.55549 -129.81331 
    -24.53842 -129.19119 
    -24.55409 -128.56613 
    -24.59561 -127.93797 
    -24.65945 -127.30555 
    -24.79915 -126.68519 
    -24.96579 -126.06754 
    -25.15761 -125.45169 
    -25.37357 -124.83641 
    -25.61373 -124.22054 
    -25.87945 -123.60350 
    -26.17358 -122.98588 
    -26.50029 -122.37009 
    -26.86475 -121.76084 
    -27.27240 -121.16547 
    -27.72819 -120.59385 
    -28.23556 -120.05792 
    -28.79567 -119.57083 
    -29.40671 -119.14567 
    -30.06372 -118.79415 
    -30.75881 -118.52526 
    -31.48176 -118.34425 
    -32.22108 -118.25202 
    -32.96512 -118.24518 
    -33.70320 -118.31654 
    -34.42652 -118.45618 
    -35.12868 -118.65267 
    -35.80589 -118.89445 
    -36.45665 -119.17097 
    -37.08131 -119.47359 
    -37.68135 -119.79596 
    -38.25875 -120.13420 
    -38.81534 -120.48659 
    -39.35683 -120.84511 
    -39.94136 -121.12331 
    -40.51524 -121.43291 
    -41.07677 -121.77454 
    -41.62365 -122.14914 
    -42.15282 -122.55782 
    -42.66039 -123.00166 
    -43.14164 -123.48140 
    -43.59118 -123.99724 
    -44.00301 -124.54859 
    -44.37136 -125.13362 
    -44.69057 -125.74949 
    -44.95541 -126.39227 
    -45.16194 -127.05692 
    -45.30763 -127.73763 
    -45.39149 -128.42812 
    -45.41413 -129.12202 
Cell 17 100 -14.75000 -131.02480 
    -24.63078 -131.02480 
    -24.70830 -131.65132 
    -24.82577 -132.29767 
    -24.95919 -132.97231 
    -24.96268 -133.64697 
    -24.87536 -134.31473 
    -24.74443 -134.98187 
    -24.47394 -135.60054 
    -24.16372 -136.20004 
    -23.81551 -136.77794 
    -23.43110 -137.33199 
    -23.01241 -137.86006 
    -22.56139 -138.36018 
    -22.08008 -138.83054 
    -21.57052 -139.26939 
    -21.03484 -139.67514 
    -20.47518 -140.04625 
    -19.89380 -140.38135 
    -19.29297 -140.67909 
    -18.67486 -140.93787 
    -18.03803 -141.14432 
    -17.36468 -141.20831 
    -16.63457 -140.90411 
    -15.97833 -140.74809 
    -15.35758 -140.68201 
    -14.75000 -140.63239 
    -14.14761 -140.59938 
    -13.54313 -140.57809 
    -12.93041 -140.56339 
    -12.30019 -140.56616 
    -11.62854 -140.63165 
    -10.89494 -140.76155 
    -10.27790 -140.52849 
    -9.70008 -140.21056 
    -9.14532 -139.85635 
    -8.61592 -139.46762 
    -8.11412 -139.04619 
    -7.64193 -138.59412 
    -7.20124 -138.11356 
    -6.79374 -137.60678 
    -6.42098 -137.07619 
    -6.08427 -136.52423 
    -5.78475 -135.95348 
    -5.52338 -135.36652 
    -5.30092 -134.76595 
    -5.11793 -134.15445 
    -4.97477 -133.53465 
    -4.85870 -132.91167 
    -4.74283 -132.28900 
    -4.66217 -131.65947 
    -4.61671 -131.02480 
    -4.60648 -130.38663 
    -4.63162 -129.74655 
    -4.69236 -129.10620 
    -4.78911 -128.46727 
    -4.92244 -127.83163 
    -5.09309 -127.20135 
    -5.30188 -126.57885 
    -5.54967 -125.96687 
    -5.83723 -125.36858 
    -6.16512 -124.78751 
    -6.53357 -124.22758 
    -6.94234 -123.69292 
    -7.39059 -123.18782 
    -7.87684 -122.71658 
    -8.39890 -122.28326 
    -8.95387 -121.89156 
    -9.53825 -121.54467 
    -10.14800 -121.24506 
    -10.64717 -120.66225 
    -10.94632 -119.31830 
    -11.75661 -119.36633 
    -12.63790 -119.95277 
    -13.34247 -119.88309 
    -14.05259 -119.93983 
    -14.75000 -120.09840 
    -15.42321 -120.32433 
    -16.06896 -120.58410 
    -16.69028 -120.85347 
    -17.30708 -121.06563 
    -17.91261 -121.29127 
    -18.50170 -121.54906 
    -19.07310 -121.83773 
    -19.62556 -122.15618 
    -20.15780 -122.50346 
    -20.66847 -122.87872 
    -21.17070 -123.26350 
    -21.68632 -123.63836 
    -22.18005 -124.04751 
    -22.64908 -124.49010 
    -23.09060 -124.96499 
    -23.50182 -125.47072 
    -23.88001 -126.00552 
    -24.22261 -126.56732 
    -24.52720 -127.15372 
    -24.60732 -127.82196 
    -24.55803 -128.50652 
    -24.53927 -129.15739 
    -24.55474 -129.78618 
    -24.59234 -130.40558 
Cell 18 100 7.64123 -131.37997 
    -2.47458 -131.37997 
    -2.44195 -132.01436 
    -2.38498 -132.64658 
    -2.28910 -133.27429 
    -2.15353 -133.89484 
    -1.97879 -134.50571 
    -1.76557 -135.10439 
    -1.51470 -135.68843 
    -1.22721 -136.25543 
    -0.90424 -136.80309 
    -0.54711 -137.32915 
    -0.15728 -137.83145 
    0.26366 -138.30797 
    0.71398 -138.75674 
    1.19184 -139.17595 
    1.69526 -139.56389 
    2.22219 -139.91901 
    2.77044 -140.23990 
    3.33777 -140.52527 
    3.92186 -140.77402 
    4.54078 -140.92215 
    5.16633 -141.01907 
    5.77430 -141.16676 
    6.38048 -141.35980 
    7.00822 -141.44135 
    7.64123 -141.45703 
    8.27372 -141.43315 
    8.90330 -141.37035 
    9.52771 -141.26929 
    10.14482 -141.13083 
    10.75269 -140.95609 
    11.34963 -140.74634 
    11.93726 -140.50951 
    12.51076 -140.23763 
    13.06832 -139.93172 
    13.60814 -139.59273 
    14.13089 -139.22462 
    14.64284 -138.83594 
    15.13992 -138.42171 
    15.62216 -137.98238 
    16.08939 -137.51793 
    16.54099 -137.02794 
    16.97566 -136.51163 
    17.39126 -135.96799 
    17.78464 -135.39603 
    18.15156 -134.79498 
    18.48676 -134.16463 
    18.78390 -133.50555 
    19.03157 -132.81891 
    19.10319 -132.10110 
    18.65302 -131.37997 
    18.28125 -130.71056 
    17.96721 -130.07550 
    17.68081 -129.46483 
    17.40701 -128.87254 
    17.13690 -128.29465 
    16.86908 -127.72641 
    16.61443 -127.15750 
    16.34747 -126.59367 
    16.06777 -126.03233 
    15.77628 -125.46951 
    15.47500 -124.89931 
    15.19351 -124.28791 
    14.94456 -123.60271 
    14.62900 -122.93320 
    14.00003 -122.62784 
    13.36532 -122.36024 
    12.72777 -122.12758 
    12.10663 -121.89052 
    11.48650 -121.66793 
    10.85630 -121.48499 
    10.21864 -121.34160 
    9.57601 -121.23750 
    8.93075 -121.17238 
    8.28612 -121.12971 
    7.64123 -121.07754 
    6.99238 -121.06690 
    6.34243 -121.09897 
    5.69446 -121.17468 
    5.05176 -121.29469 
    4.41779 -121.45927 
    3.79610 -121.66830 
    3.19025 -121.92117 
    2.60371 -122.21677 
    2.03980 -122.55354 
    1.50158 -122.92947 
    0.99177 -123.34216 
    0.51274 -123.78891 
    0.06645 -124.26679 
    -0.34554 -124.77274 
    -0.72206 -125.30369 
    -1.06226 -125.85658 
    -1.36559 -126.42844 
    -1.63170 -127.01647 
    -1.86420 -127.61651 
    -2.06304 -128.22687 
    -2.22304 -128.84726 
    -2.34414 -129.47516 
    -2.42635 -130.10814 
    -2.46978 -130.74385 
Cell 19 100 25.91282 -124.13288 
    15.13719 -124.13288 
    15.42590 -124.79266 
    15.74850 -125.41693 
    16.05768 -126.01285 
    16.34533 -126.58939 
    16.61304 -127.15456 
    16.86419 -127.71548 
    17.12451 -128.26836 
    17.38338 -128.82198 
    17.64229 -129.38152 
    17.90781 -129.94885 
    18.18850 -130.52299 
    18.49619 -131.09756 
    18.83444 -131.67059 
    19.23600 -132.20377 
    19.74391 -132.62366 
    20.27926 -133.00995 
    20.83978 -133.36070 
    21.42301 -133.67421 
    22.02639 -133.94888 
    22.64722 -134.18335 
    23.28274 -134.37637 
    23.93006 -134.52687 
    24.58621 -134.63405 
    25.24813 -134.69786 
    25.91282 -134.71834 
    26.57732 -134.69479 
    27.23855 -134.62711 
    27.89346 -134.51578 
    28.53909 -134.36153 
    29.17250 -134.16515 
    29.79086 -133.92769 
    30.39140 -133.65034 
    30.97149 -133.33456 
    31.52860 -132.98195 
    32.06038 -132.59427 
    32.56459 -132.17349 
    33.03921 -131.72173 
    33.48239 -131.24118 
    33.89250 -130.73425 
    34.26815 -130.20338 
    34.60824 -129.65117 
    34.91194 -129.08018 
    35.17876 -128.49310 
    35.40854 -127.89250 
    35.60148 -127.28092 
    35.75819 -126.66074 
    35.87954 -126.03413 
    35.96670 -125.40298 
    36.02100 -124.76884 
    36.04378 -124.13288 
    36.03621 -123.49597 
    35.99910 -122.85869 
    35.93270 -122.22149 
    35.83651 -121.58491 
    35.70922 -120.94984 
    35.54873 -120.31775 
    35.35224 -119.69102 
    35.11656 -119.07308 
    34.86313 -118.45284 
    34.63728 -117.79419 
    34.38294 -117.12579 
    34.09308 -116.45110 
    33.75965 -115.77686 
    33.37453 -115.11322 
    32.93071 -114.47359 
    32.42339 -113.87386 
    31.85110 -113.33119 
    31.21630 -112.86242 
    30.52559 -112.48235 
    29.78934 -112.20217 
    29.02078 -112.02817 
    28.23471 -111.96110 
    27.44604 -111.99618 
    26.66837 -112.12379 
    25.91282 -112.33069 
    25.18733 -112.60162 
    24.49642 -112.92095 
    23.84142 -113.27420 
    23.22107 -113.64921 
    22.63240 -114.03680 
    22.07057 -114.42848 
    21.44173 -114.63132 
    20.82184 -114.87242 
    20.21350 -115.15219 
    19.61954 -115.47093 
    19.04307 -115.82878 
    18.48741 -116.22562 
    17.95610 -116.66103 
    17.45282 -117.13416 
    16.98134 -117.64378 
    16.54541 -118.18815 
    16.14869 -118.76501 
    15.79461 -119.37161 
    15.48629 -120.00473 
    15.22647 -120.66068 
    15.01734 -121.33540 
    14.86056 -122.02455 
    14.75785 -122.72368 
    14.86689 -123.43793 
Cell 20 100 49.68063 -124.72301 
    39.62683 -124.72301 
    39.64110 -125.35464 
    39.69508 -125.98448 
    39.78866 -126.61001 
    39.92156 -127.22872 
    40.09333 -127.83811 
    40.30336 -128.43573 
    40.55088 -129.01915 
    40.83494 -129.58597 
    41.15445 -130.13390 
    41.50815 -130.66066 
    41.89466 -131.16412 
    42.31243 -131.64221 
    42.75976 -132.09299 
    43.23489 -132.51457 
    43.73589 -132.90524 
    44.26073 -133.26340 
    44.80730 -133.58755 
    45.37335 -133.87643 
    45.95659 -134.12885 
    46.55465 -134.34380 
    47.16508 -134.52042 
    47.78542 -134.65804 
    48.41315 -134.75615 
    49.04573 -134.81442 
    49.68063 -134.83266 
    50.31530 -134.81088 
    50.94724 -134.74927 
    51.57394 -134.64815 
    52.19299 -134.50804 
    52.80200 -134.32961 
    53.39864 -134.11366 
    53.98071 -133.86116 
    54.54605 -133.57318 
    55.09262 -133.25096 
    55.61849 -132.89578 
    56.12181 -132.50908 
    56.44553 -131.92691 
    56.65265 -131.27019 
    56.90146 -130.69661 
    57.15623 -130.15436 
    57.41068 -129.62865 
    57.66202 -129.11082 
    57.91045 -128.59567 
    58.15895 -128.07982 
    58.41571 -127.56122 
    58.68929 -127.03605 
    58.98452 -126.49783 
    59.30932 -125.93940 
    59.67072 -125.35154 
    60.07637 -124.72301 
    60.55803 -124.03867 
    60.91167 -123.30421 
    61.00166 -122.56342 
    60.87057 -121.84993 
    60.60262 -121.17425 
    60.22027 -120.55007 
    59.75434 -119.98268 
    59.32015 -119.42365 
    59.17497 -118.69772 
    58.98519 -117.96285 
    58.73691 -117.23100 
    58.41709 -116.51894 
    58.01583 -115.84692 
    57.52853 -115.23653 
    56.95711 -114.70779 
    56.31027 -114.27637 
    55.60247 -113.95123 
    54.85192 -113.73344 
    54.07807 -113.61635 
    53.29897 -113.58691 
    52.52930 -113.62814 
    51.77921 -113.72184 
    51.05698 -113.82804 
    50.36518 -113.84225 
    49.68063 -113.90273 
    49.00641 -114.00662 
    48.34508 -114.15106 
    47.69868 -114.33331 
    47.06885 -114.55083 
    46.45690 -114.80141 
    45.86391 -115.08310 
    45.29086 -115.39429 
    44.73867 -115.73363 
    44.20829 -116.10001 
    43.70077 -116.49245 
    43.21721 -116.91008 
    42.75883 -117.35205 
    42.32695 -117.81746 
    41.92296 -118.30531 
    41.54826 -118.81451 
    41.20428 -119.34376 
    40.89240 -119.89165 
    40.61372 -120.45646 
    40.36075 -121.03301 
    40.14354 -121.62423 
    39.96333 -122.22803 
    39.82093 -122.84218 
    39.71705 -123.46432 
    39.65222 -124.09208 
Cell 21 100 66.34798 -132.11462 
    56.34116 -132.11462 
    56.17837 -132.75444 
    56.05820 -133.41452 
    55.97689 -134.09302 
    55.99587 -134.77260 
    56.10051 -135.44423 
    56.22155 -136.12396 
    56.43022 -136.78157 
    56.72342 -137.40576 
    57.05814 -138.01013 
    57.43332 -138.59149 
    57.84750 -139.14682 
    58.29892 -139.67319 
    58.78554 -140.16780 
    59.30500 -140.62811 
    59.85478 -141.05174 
    60.43212 -141.43652 
    61.03408 -141.78055 
    61.65760 -142.08218 
    62.29944 -142.34004 
    62.95766 -142.54893 
    63.66867 -142.54980 
    64.40147 -142.31860 
    65.07986 -142.15286 
    65.72285 -142.05081 
    66.34798 -141.99953 
    66.96801 -141.96977 
    67.58969 -141.94383 
    68.22131 -141.93500 
    68.88483 -141.99504 
    69.54597 -141.95703 
    70.17181 -141.77251 
    70.78108 -141.53545 
    71.35390 -141.22038 
    71.88290 -140.83626 
    72.38281 -140.42085 
    72.85196 -139.97659 
    73.28883 -139.50587 
    73.69215 -139.01126 
    74.09163 -138.52072 
    74.48769 -138.02847 
    74.85431 -137.51291 
    75.19033 -136.97575 
    75.49466 -136.41873 
    75.76624 -135.84358 
    76.00401 -135.25206 
    76.20695 -134.64598 
    76.37399 -134.02719 
    76.50403 -133.39763 
    76.59598 -132.75937 
    76.64874 -132.11462 
    76.66122 -131.46577 
    76.63244 -130.81540 
    76.56150 -130.16629 
    76.44772 -129.52145 
    76.29063 -128.88406 
    76.09008 -128.25745 
    75.84630 -127.64506 
    75.55988 -127.05034 
    75.23185 -126.47675 
    74.86365 -125.92763 
    74.45713 -125.40615 
    74.01466 -124.91512 
    73.53907 -124.45689 
    73.03321 -124.03357 
    72.50008 -123.64698 
    71.98557 -123.23119 
    71.50474 -122.73450 
    70.99507 -122.23904 
    70.44877 -121.75721 
    69.85922 -121.30813 
    69.22333 -120.91587 
    68.54337 -120.60595 
    67.82779 -120.40070 
    67.09035 -120.31480 
    66.34798 -120.35217 
    65.61757 -120.50514 
    64.91307 -120.75620 
    64.24333 -121.08170 
    63.61146 -121.45660 
    63.01562 -121.85869 
    62.45084 -122.27159 
    61.82315 -122.49889 
    61.19917 -122.74899 
    60.84482 -123.44305 
    60.51986 -124.09290 
    60.14842 -124.62064 
    59.80363 -125.14560 
    59.47868 -125.66392 
    59.17096 -126.17728 
    58.87982 -126.68869 
    58.60385 -127.20006 
    58.34076 -127.71262 
    58.08774 -128.22765 
    57.83825 -128.74539 
    57.58590 -129.26765 
    57.32834 -129.79877 
    57.06705 -130.34419 
    56.80907 -130.90958 
    56.58014 -131.50009 
Cell 22 100 81.77457 -116.48184 
    69.64082 -116.48184 
    69.66023 -117.24401 
    69.75387 -118.00041 
    69.91914 -118.74339 
    70.15201 -119.46601 
    70.44711 -120.16235 
    70.79841 -120.82761 
    71.19944 -121.45811 
    71.64339 -122.05151 
    72.12276 -122.60706 
    72.63181 -123.12445 
    73.15978 -123.60861 
    73.70383 -124.06077 
    74.26258 -124.48129 
    74.83931 -124.86513 
    75.42953 -125.21504 
    76.03011 -125.53366 
    76.64018 -125.82125 
    77.25912 -126.07765 
    77.88636 -126.30233 
    78.52128 -126.49445 
    79.16309 -126.65290 
    79.81075 -126.77650 
    80.46299 -126.86403 
    81.11821 -126.91429 
    81.77457 -126.93327 
    82.43115 -126.91795 
    83.08559 -126.85967 
    83.73498 -126.75869 
    84.37643 -126.61542 
    85.00708 -126.43050 
    85.62415 -126.20477 
    86.22488 -125.93925 
    86.80667 -125.63520 
    87.36694 -125.29401 
    87.90327 -124.91729 
    88.41337 -124.50677 
    88.89441 -124.06371 
    89.34015 -123.58640 
    89.75368 -123.08274 
    90.13782 -122.55810 
    90.49167 -122.01389 
    90.81008 -121.44916 
    91.09273 -120.86664 
    91.34074 -120.26936 
    91.55819 -119.66074 
    91.75204 -119.04362 
    91.93198 -118.41947 
    92.10986 -117.78749 
    92.29802 -117.14392 
    92.50581 -116.48184 
    92.73515 -115.79226 
    92.97601 -115.06677 
    93.20399 -114.30157 
    93.38148 -113.50169 
    93.46356 -112.68385 
    93.40771 -111.87595 
    93.18456 -111.11271 
    92.78619 -110.42815 
    92.22887 -109.84734 
    91.54907 -109.38025 
    90.79436 -109.02002 
    90.28913 -108.48614 
    89.87729 -107.85332 
    89.41804 -107.24248 
    88.91104 -106.65933 
    88.35674 -106.11000 
    87.75646 -105.60082 
    87.11250 -105.13815 
    86.42818 -104.72816 
    85.70781 -104.37656 
    84.95665 -104.08843 
    84.18079 -103.86798 
    83.38697 -103.71836 
    82.58241 -103.64154 
    81.77457 -103.63824 
    80.97089 -103.70786 
    80.17862 -103.84862 
    79.40450 -104.05752 
    78.65466 -104.33059 
    77.93440 -104.66302 
    77.24815 -105.04943 
    76.59937 -105.48399 
    75.99055 -105.96077 
    75.42331 -106.47386 
    74.89839 -107.01760 
    74.41588 -107.58672 
    73.97527 -108.17643 
    73.57565 -108.78255 
    73.21587 -109.40147 
    72.89460 -110.03017 
    72.41176 -110.54002 
    71.90942 -111.05843 
    71.43925 -111.61841 
    71.00855 -112.21928 
    70.62489 -112.85909 
    70.29562 -113.53455 
    70.02752 -114.24097 
    69.82634 -114.97243 
    69.69653 -115.72195 
Cell 23 100 99.88917 -129.74667 
    88.34706 -129.74667 
    88.51759 -130.46211 
    88.73725 -131.15549 
    88.99879 -131.82413 
    89.29546 -132.46667 
    89.62148 -133.08284 
    89.97212 -133.67311 
    90.47733 -134.17555 
    91.02567 -134.61943 
    91.54413 -135.04260 
    92.03339 -135.45422 
    92.49555 -135.86320 
    92.92938 -136.28235 
    93.35771 -136.70197 
    93.78831 -137.12135 
    94.22587 -137.54153 
    94.67130 -137.96873 
    95.11997 -138.42180 
    95.55607 -138.95497 
    96.10107 -139.31432 
    96.69530 -139.57640 
    97.30787 -139.80016 
    97.93630 -139.98396 
    98.57790 -140.12637 
    99.22987 -140.22595 
    99.88917 -140.28139 
    100.55260 -140.29169 
    101.21685 -140.25633 
    101.87856 -140.17546 
    102.53473 -140.05046 
    103.18517 -139.89073 
    103.83059 -139.70157 
    104.46042 -139.46107 
    105.06968 -139.16998 
    105.65882 -138.83820 
    106.22498 -138.46718 
    106.76537 -138.05856 
    107.27732 -137.61426 
    107.75838 -137.13635 
    108.20621 -136.62712 
    108.61866 -136.08902 
    108.99380 -135.52464 
    109.32989 -134.93675 
    109.62543 -134.32822 
    109.87915 -133.70198 
    110.09001 -133.06113 
    110.25723 -132.40874 
    110.38029 -131.74797 
    110.45893 -131.08194 
    110.49313 -130.41382 
    110.48315 -129.74667 
    110.42953 -129.08353 
    110.33306 -128.42731 
    110.19476 -127.78078 
    110.01593 -127.14656 
    109.79809 -126.52707 
    109.54294 -125.92448 
    109.25242 -125.34066 
    108.92857 -124.77722 
    108.57352 -124.23542 
    108.18946 -123.71616 
    107.77853 -123.22002 
    107.34276 -122.74728 
    106.88401 -122.29792 
    106.40389 -121.87172 
    105.90371 -121.46837 
    105.38439 -121.08759 
    104.84654 -120.72924 
    104.29043 -120.39352 
    103.71605 -120.08109 
    103.12325 -119.79317 
    102.51191 -119.53176 
    101.88206 -119.29952 
    101.23417 -119.09989 
    100.56926 -118.93691 
    99.88917 -118.81509 
    99.19664 -118.73923 
    98.49541 -118.71401 
    97.79025 -118.74373 
    97.08675 -118.83201 
    96.39133 -118.98142 
    95.71078 -119.19326 
    95.05209 -119.46736 
    94.42205 -119.80203 
    93.82691 -120.19408 
    93.27203 -120.63898 
    92.76167 -121.13101 
    92.12653 -121.48031 
    91.50986 -121.87798 
    90.92117 -122.32770 
    90.37105 -122.83136 
    89.86916 -123.38779 
    89.41945 -123.99090 
    89.02889 -124.63622 
    88.70818 -125.31981 
    88.46252 -126.03394 
    88.29369 -126.76946 
    88.20120 -127.51707 
    88.18246 -128.26778 
    88.23305 -129.01334 
Cell 24 100 -106.70879 -111.71117 
    -117.01427 -111.71117 
    -116.99955 -112.35860 
    -116.94308 -113.00406 
    -116.84499 -113.64475 
    -116.70570 -114.27794 
    -116.52581 -114.90090 
    -116.30608 -115.51100 
    -116.04751 -116.10563 
    -115.75123 -116.68229 
    -115.41859 -117.23857 
    -115.05106 -117.77218 
    -114.65031 -118.28097 
    -114.21813 -118.76290 
    -113.75644 -119.21614 
    -113.26726 -119.63898 
    -112.75272 -120.02993 
    -112.21505 -120.38763 
    -111.65649 -120.71098 
    -111.07933 -120.99902 
    -110.48589 -121.25101 
    -109.87844 -121.46633 
    -109.25928 -121.64465 
    -108.63064 -121.78581 
    -107.99464 -121.88972 
    -107.35336 -121.95634 
    -106.70879 -121.98586 
    -106.06283 -121.97847 
    -105.41729 -121.93445 
    -104.77393 -121.85406 
    -104.13445 -121.73759 
    -103.50050 -121.58526 
    -102.87379 -121.39727 
    -102.25603 -121.17375 
    -101.64904 -120.91483 
    -101.05473 -120.62054 
    -100.47518 -120.29099 
    -99.91268 -119.92625 
    -99.36967 -119.52654 
    -98.84885 -119.09214 
    -98.35310 -118.62360 
    -97.88548 -118.12168 
    -97.44917 -117.58750 
    -97.04749 -117.02251 
    -96.68372 -116.42861 
    -96.36106 -115.80813 
    -96.08260 -115.16383 
    -95.85113 -114.49894 
    -95.66908 -113.81710 
    -95.53849 -113.12231 
    -95.14616 -112.43863 
    -94.74123 -111.71117 
    -94.49029 -110.94244 
    -94.45255 -110.16284 
    -94.65036 -109.41090 
    -95.06081 -108.72047 
    -95.62400 -108.10950 
    -96.26385 -107.57572 
    -96.72887 -107.01498 
    -96.49661 -106.09697 
    -96.27472 -105.08950 
    -97.93417 -105.33604 
    -98.41828 -104.85266 
    -98.91722 -104.39439 
    -99.44020 -103.97090 
    -99.98422 -103.58256 
    -100.54649 -103.22949 
    -101.12447 -102.91167 
    -101.71583 -102.62899 
    -102.31847 -102.38127 
    -102.93053 -102.16837 
    -103.55024 -101.99014 
    -104.17599 -101.84653 
    -104.80622 -101.73754 
    -105.43945 -101.66325 
    -106.06846 -101.53330 
    -106.70879 -101.40952 
    -107.36427 -101.29268 
    -108.03822 -101.18767 
    -108.73159 -101.10728 
    -109.44056 -101.07164 
    -110.15498 -101.10488 
    -110.85872 -101.22965 
    -111.53216 -101.46100 
    -112.15652 -101.80178 
    -112.71844 -102.24148 
    -113.21306 -102.75882 
    -113.64449 -103.32734 
    -114.02369 -103.92160 
    -114.36440 -104.52207 
    -114.67924 -105.11745 
    -114.97676 -105.70414 
    -115.33000 -106.23998 
    -115.66853 -106.78551 
    -115.97202 -107.35223 
    -116.23901 -107.93789 
    -116.46821 -108.54014 
    -116.65850 -109.15652 
    -116.80893 -109.78446 
    -116.91873 -110.42135 
    -116.98730 -111.06450 
