37 25 
Cell 0 100 -118.05648 -151.25101 
    -128.05667 -151.25101 
    -128.03693 -151.87892 
    -127.97780 -152.50436 
    -127.87952 -153.12485 
    -127.74247 -153.73795 
    -127.56719 -154.34122 
    -127.35438 -154.93230 
    -127.10487 -155.50885 
    -126.81966 -156.06860 
    -126.49986 -156.60933 
    -126.14674 -157.12892 
    -125.76169 -157.62531 
    -125.34623 -158.09653 
    -124.90200 -158.54074 
    -124.43076 -158.95619 
    -123.93436 -159.34122 
    -123.41476 -159.69432 
    -122.87403 -160.01410 
    -122.31428 -160.29929 
    -121.73968 -160.55370 
    -121.15419 -160.78477 
    -120.55417 -160.97887 
    -119.94195 -161.13498 
    -119.31994 -161.25229 
    -118.69061 -161.33008 
    -118.05648 -161.36786 
    -117.42015 -161.36523 
    -116.78421 -161.32204 
    -116.15131 -161.23825 
    -115.52409 -161.11401 
    -114.90520 -160.94968 
    -114.29724 -160.74576 
    -113.70284 -160.50298 
    -113.12453 -160.22220 
    -112.56482 -159.90448 
    -112.02615 -159.55104 
    -111.51086 -159.16330 
    -111.02121 -158.74281 
    -110.55933 -158.29129 
    -110.12730 -157.81061 
    -109.72695 -157.30276 
    -109.36009 -156.76990 
    -109.02831 -156.21428 
    -108.73306 -155.63828 
    -108.47655 -155.04398 
    -108.26141 -154.43362 
    -108.12267 -153.80157 
    -108.43713 -153.08598 
    -108.67544 -152.43611 
    -108.86654 -151.82919 
    -109.03572 -151.25101 
    -109.19517 -150.69351 
    -109.35307 -150.15150 
    -109.51514 -149.62166 
    -109.67681 -149.09947 
    -109.84694 -148.58357 
    -110.01319 -148.06645 
    -110.19361 -147.55101 
    -110.39071 -147.03671 
    -110.57725 -146.50455 
    -110.77623 -145.96159 
    -110.94096 -145.36453 
    -111.01962 -144.64296 
    -110.51619 -143.22142 
    -110.17053 -141.71854 
    -110.85604 -141.34045 
    -111.84564 -141.46429 
    -112.76867 -141.63251 
    -113.57007 -141.71690 
    -114.29752 -141.75697 
    -114.97836 -141.77751 
    -115.62712 -141.78928 
    -116.24268 -141.74278 
    -116.84818 -141.68636 
    -117.45061 -141.62106 
    -118.05648 -141.54190 
    -118.67749 -141.38037 
    -119.32374 -141.21964 
    -120.00453 -141.03896 
    -120.73854 -140.80505 
    -121.49531 -140.66739 
    -122.13676 -140.94539 
    -122.71631 -141.34837 
    -123.27499 -141.75859 
    -123.78807 -142.21947 
    -124.28519 -142.67792 
    -124.85010 -143.03893 
    -125.64371 -143.17142 
    -125.64266 -144.12711 
    -125.95944 -144.71310 
    -126.30055 -145.26134 
    -126.61064 -145.82237 
    -126.88950 -146.39502 
    -127.13677 -146.97815 
    -127.35443 -147.56969 
    -127.56724 -148.16078 
    -127.74251 -148.76405 
    -127.87955 -149.37715 
    -127.97782 -149.99765 
    -128.03694 -150.62309 
Cell 1 100 -99.84157 -147.76700 
    -110.11801 -147.76700 
    -109.90589 -148.40019 
    -109.70530 -149.01308 
    -109.51786 -149.61285 
    -109.33745 -150.20512 
    -109.16569 -150.79659 
    -108.99476 -151.39101 
    -108.81590 -151.99001 
    -108.61826 -152.59203 
    -108.39042 -153.19226 
    -108.05518 -153.73454 
    -107.62762 -154.20819 
    -107.18126 -154.65942 
    -106.71523 -155.08670 
    -106.23312 -155.49306 
    -105.73818 -155.88300 
    -105.21941 -156.24112 
    -104.67886 -156.56601 
    -104.11866 -156.85629 
    -103.54102 -157.11076 
    -102.94824 -157.32835 
    -102.34267 -157.50818 
    -101.72675 -157.64944 
    -101.10291 -157.75156 
    -100.47368 -157.81407 
    -99.84157 -157.83670 
    -99.20913 -157.81932 
    -98.57891 -157.76196 
    -97.95345 -157.66486 
    -97.33528 -157.52834 
    -96.72690 -157.35298 
    -96.13076 -157.13943 
    -95.54928 -156.88858 
    -94.98480 -156.60143 
    -94.43962 -156.27910 
    -93.91594 -155.92293 
    -93.41586 -155.53435 
    -92.94141 -155.11493 
    -92.49449 -154.66637 
    -92.07690 -154.19049 
    -91.69032 -153.68922 
    -91.33524 -153.16528 
    -91.00040 -152.62747 
    -90.69463 -152.07121 
    -90.41760 -151.49821 
    -90.41946 -150.82843 
    -90.42166 -150.18562 
    -90.41650 -149.56493 
    -90.40833 -148.95869 
    -90.39980 -148.36102 
    -90.39096 -147.76700 
    -90.38747 -147.17220 
    -90.39200 -146.57324 
    -90.40366 -145.96661 
    -90.42220 -145.34851 
    -90.45138 -144.71594 
    -90.48898 -144.06406 
    -90.52868 -143.38469 
    -90.55412 -142.66119 
    -90.50460 -141.84158 
    -90.83136 -141.22070 
    -91.28669 -140.68979 
    -91.78887 -140.20502 
    -92.33065 -139.76868 
    -92.90436 -139.38135 
    -93.50246 -139.04196 
    -94.11810 -138.74826 
    -94.74547 -138.49722 
    -95.37994 -138.28557 
    -96.01817 -138.11018 
    -96.65782 -137.96843 
    -97.25453 -137.69115 
    -97.86634 -137.41249 
    -98.50458 -137.18361 
    -99.16605 -137.03000 
    -99.84157 -136.97255 
    -100.51768 -137.02043 
    -101.18056 -137.16772 
    -101.82001 -137.39561 
    -102.43179 -137.67877 
    -103.01724 -137.99329 
    -103.62179 -138.21925 
    -104.24622 -138.40665 
    -104.86996 -138.62041 
    -105.49333 -138.86124 
    -106.11600 -139.13100 
    -106.68777 -139.49135 
    -107.24839 -139.87955 
    -107.82719 -140.26801 
    -108.40418 -140.68340 
    -108.97026 -141.13461 
    -109.62412 -141.55879 
    -110.09720 -142.12892 
    -110.41709 -142.79054 
    -110.61533 -143.50136 
    -110.85831 -144.18745 
    -110.99113 -144.90427 
    -110.85792 -145.66551 
    -110.61328 -146.40622 
    -110.36456 -147.10495 
Cell 2 100 -79.99662 -148.98424 
    -90.40867 -148.98424 
    -90.41712 -149.63983 
    -90.42126 -150.30118 
    -90.41906 -150.97243 
    -90.33139 -151.63776 
    -90.02483 -152.24260 
    -89.70032 -152.82620 
    -89.35813 -153.38943 
    -88.99789 -153.93272 
    -88.61884 -154.45607 
    -88.22007 -154.95892 
    -87.80073 -155.44035 
    -87.36033 -155.89922 
    -86.93007 -156.36761 
    -86.47862 -156.81964 
    -85.99748 -157.24371 
    -85.48814 -157.63748 
    -84.95245 -157.99886 
    -84.39249 -158.32594 
    -83.81049 -158.61697 
    -83.20879 -158.87029 
    -82.58991 -159.08443 
    -81.95647 -159.25810 
    -81.31120 -159.39015 
    -80.65694 -159.47972 
    -79.99662 -159.52606 
    -79.33322 -159.52869 
    -78.66977 -159.48734 
    -78.00934 -159.40195 
    -77.35498 -159.27274 
    -76.70977 -159.10011 
    -76.07675 -158.88469 
    -75.45889 -158.62740 
    -74.85912 -158.32932 
    -74.28026 -157.99178 
    -73.72504 -157.61633 
    -73.19608 -157.20468 
    -72.69582 -156.75880 
    -72.22659 -156.28079 
    -71.79053 -155.77290 
    -71.38959 -155.23761 
    -71.02554 -154.67746 
    -70.69995 -154.09512 
    -70.41417 -153.49339 
    -70.16492 -152.87689 
    -69.90633 -152.26277 
    -69.68393 -151.63208 
    -69.50006 -150.98656 
    -69.35368 -150.32875 
    -69.24760 -149.66051 
    -69.18665 -148.98424 
    -69.17454 -148.30338 
    -69.21355 -147.62202 
    -69.30529 -146.94476 
    -69.45080 -146.27654 
    -69.65025 -145.62250 
    -69.90276 -144.98779 
    -70.20628 -144.37726 
    -70.55776 -143.79518 
    -70.95327 -143.24515 
    -71.38824 -142.72989 
    -71.91125 -142.29544 
    -72.49394 -141.93875 
    -73.05129 -141.58823 
    -73.59070 -141.24080 
    -74.11965 -140.89529 
    -74.64538 -140.55205 
    -75.16954 -140.20381 
    -75.71656 -139.88864 
    -76.28249 -139.60339 
    -76.86565 -139.34813 
    -77.46381 -139.11957 
    -78.07587 -138.91531 
    -78.70174 -138.73425 
    -79.34177 -138.57573 
    -79.99662 -138.43974 
    -80.66948 -138.28952 
    -81.36613 -138.14343 
    -82.07555 -138.08607 
    -82.78032 -138.14246 
    -83.52603 -138.12184 
    -84.28926 -138.14227 
    -85.04356 -138.25894 
    -85.77298 -138.47708 
    -86.52479 -138.69749 
    -87.26174 -138.98466 
    -87.97350 -139.34184 
    -88.64910 -139.77028 
    -89.27754 -140.26888 
    -89.84848 -140.83408 
    -90.35288 -141.45998 
    -90.53219 -142.29816 
    -90.53551 -143.19043 
    -90.49001 -144.04642 
    -90.44532 -144.84731 
    -90.41468 -145.59921 
    -90.39698 -146.31387 
    -90.38876 -147.00183 
    -90.39040 -147.67120 
    -90.39933 -148.32976 
Cell 3 100 -59.38993 -154.74368 
    -69.54047 -154.74368 
    -69.49571 -155.37949 
    -69.41381 -156.00999 
    -69.29545 -156.63326 
    -69.14120 -157.24738 
    -68.95160 -157.85045 
    -68.72717 -158.44055 
    -68.46844 -159.01570 
    -68.17609 -159.57391 
    -67.85086 -160.11314 
    -67.49667 -160.63356 
    -67.11057 -161.13075 
    -66.69398 -161.60265 
    -66.24855 -162.04736 
    -65.77605 -162.46317 
    -65.27836 -162.84840 
    -64.75745 -163.20154 
    -64.21541 -163.52119 
    -63.65438 -163.80609 
    -63.07660 -164.05513 
    -62.48435 -164.26732 
    -61.88000 -164.44185 
    -61.26593 -164.57803 
    -60.64459 -164.67532 
    -60.01843 -164.73337 
    -59.38993 -164.75195 
    -58.76159 -164.73103 
    -58.13586 -164.67068 
    -57.51509 -164.57196 
    -56.90154 -164.43536 
    -56.29751 -164.26118 
    -55.70516 -164.05035 
    -55.12646 -163.80402 
    -54.56322 -163.52345 
    -54.01698 -163.21010 
    -53.48907 -162.86552 
    -52.98052 -162.49133 
    -52.49209 -162.08914 
    -52.02434 -161.66043 
    -51.57764 -161.20657 
    -51.15231 -160.72867 
    -50.74879 -160.22752 
    -50.36774 -159.70367 
    -50.01032 -159.15739 
    -49.67827 -158.58881 
    -49.37410 -157.99802 
    -49.10115 -157.38539 
    -48.86349 -156.75171 
    -48.66589 -156.09845 
    -48.50249 -155.42867 
    -48.94188 -154.74368 
    -49.34397 -154.11163 
    -49.65996 -153.51451 
    -49.93931 -152.94087 
    -50.20959 -152.38657 
    -50.48464 -151.85017 
    -50.76575 -151.32913 
    -51.06714 -150.82727 
    -51.38313 -150.34190 
    -51.71381 -149.87227 
    -52.06120 -149.41905 
    -52.41514 -148.97363 
    -52.78274 -148.53911 
    -53.15239 -148.10136 
    -53.52372 -147.65265 
    -53.89253 -147.17715 
    -54.24603 -146.63818 
    -54.57276 -145.98126 
    -55.04402 -145.50813 
    -55.65023 -145.29828 
    -56.26291 -145.11969 
    -56.88125 -144.97301 
    -57.50435 -144.85910 
    -58.13110 -144.77898 
    -58.75977 -144.72751 
    -59.38993 -144.69498 
    -60.02187 -144.69943 
    -60.65359 -144.74083 
    -61.28314 -144.81915 
    -61.90851 -144.93448 
    -62.52832 -145.08472 
    -63.14539 -145.25848 
    -63.74389 -145.49104 
    -64.32374 -145.76913 
    -64.89308 -146.07211 
    -65.44266 -146.41283 
    -65.96912 -146.79082 
    -66.46904 -147.20520 
    -66.93906 -147.65457 
    -67.37599 -148.13704 
    -67.77696 -148.65016 
    -68.13955 -149.19101 
    -68.46188 -149.75633 
    -68.74268 -150.34262 
    -68.98120 -150.94623 
    -69.17729 -151.56358 
    -69.33124 -152.19119 
    -69.44364 -152.82584 
    -69.51536 -153.46454 
    -69.54732 -154.10463 
Cell 4 100 -42.48915 -146.95485 
    -54.03833 -146.95485 
    -53.52636 -147.64925 
    -52.99935 -148.28259 
    -52.50641 -148.86575 
    -52.06550 -149.41364 
    -51.66805 -149.93726 
    -51.31360 -150.44870 
    -50.99032 -150.95518 
    -50.69259 -151.46474 
    -50.41548 -151.98506 
    -50.14568 -152.51764 
    -49.87777 -153.06725 
    -49.59839 -153.63086 
    -49.28979 -154.19681 
    -48.93784 -154.74998 
    -48.54152 -155.28523 
    -47.97569 -155.60027 
    -47.43811 -155.95697 
    -46.88327 -156.29283 
    -46.30524 -156.59319 
    -45.70630 -156.85623 
    -45.08894 -157.08038 
    -44.45575 -157.26416 
    -43.80947 -157.40631 
    -43.15295 -157.50575 
    -42.48915 -157.56160 
    -41.82109 -157.57327 
    -41.15189 -157.54031 
    -40.48469 -157.46259 
    -39.82266 -157.34012 
    -39.16898 -157.17328 
    -38.52679 -156.96262 
    -37.89922 -156.70894 
    -37.28932 -156.41330 
    -36.70005 -156.07701 
    -36.13428 -155.70157 
    -35.59474 -155.28876 
    -35.08401 -154.84052 
    -34.60452 -154.35901 
    -34.15851 -153.84656 
    -33.74802 -153.30565 
    -33.37488 -152.73894 
    -33.04068 -152.14919 
    -32.74680 -151.53925 
    -32.49438 -150.91205 
    -32.28432 -150.27060 
    -32.11726 -149.61790 
    -31.99361 -148.95699 
    -31.91357 -148.29086 
    -31.87710 -147.62250 
    -31.88395 -146.95485 
    -31.93368 -146.29076 
    -32.02568 -145.63301 
    -32.15915 -144.98430 
    -32.33316 -144.34723 
    -32.54665 -143.72433 
    -32.79841 -143.11801 
    -33.08714 -142.53061 
    -33.41144 -141.96434 
    -33.76978 -141.42137 
    -34.16055 -140.90378 
    -34.58204 -140.41351 
    -35.03713 -139.95694 
    -35.52254 -139.53616 
    -36.07898 -139.20628 
    -36.63358 -138.89536 
    -37.17744 -138.58495 
    -37.71827 -138.27666 
    -38.26129 -137.97020 
    -38.81162 -137.66647 
    -39.37307 -137.36455 
    -39.94920 -137.06242 
    -40.54369 -136.75639 
    -41.16085 -136.44026 
    -41.80631 -136.10143 
    -42.48915 -135.83542 
    -43.19556 -135.72673 
    -43.91647 -135.65642 
    -44.64853 -135.63498 
    -45.37699 -135.70746 
    -46.12125 -135.77640 
    -46.86758 -135.89619 
    -47.61148 -136.06935 
    -48.34785 -136.29791 
    -49.07105 -136.58344 
    -49.77504 -136.92668 
    -50.45348 -137.32762 
    -51.09993 -137.78531 
    -51.70800 -138.29778 
    -52.27157 -138.86212 
    -52.78500 -139.47447 
    -53.24328 -140.13007 
    -53.64219 -140.82341 
    -53.97847 -141.54839 
    -54.24989 -142.29845 
    -54.45525 -143.06683 
    -54.59445 -143.84674 
    -54.66832 -144.63155 
    -54.67250 -145.41574 
    -54.46322 -146.20149 
Cell 5 100 -11.92768 -150.84032 
    -22.30099 -150.84032 
    -22.31217 -151.49365 
    -22.28053 -152.14819 
    -22.20588 -152.80099 
    -22.08824 -153.44911 
    -21.92785 -154.08957 
    -21.72515 -154.71941 
    -21.48084 -155.33569 
    -21.19580 -155.93552 
    -20.87120 -156.51605 
    -20.50833 -157.07452 
    -20.10876 -157.60831 
    -19.67422 -158.11481 
    -19.20668 -158.59166 
    -18.70822 -159.03658 
    -18.18114 -159.44748 
    -17.62789 -159.82242 
    -17.05104 -160.15967 
    -16.45328 -160.45770 
    -15.83742 -160.71519 
    -15.20634 -160.93100 
    -14.56301 -161.10428 
    -13.91045 -161.23436 
    -13.25167 -161.32079 
    -12.58973 -161.36340 
    -11.92768 -161.36218 
    -11.26851 -161.31740 
    -10.61521 -161.22952 
    -9.97068 -161.09926 
    -9.33774 -160.92746 
    -8.71913 -160.71521 
    -8.11746 -160.46382 
    -7.53524 -160.17471 
    -6.97483 -159.84950 
    -6.43847 -159.48993 
    -5.92820 -159.09789 
    -5.44593 -158.67540 
    -4.99341 -158.22456 
    -4.54905 -157.76930 
    -4.10855 -157.30885 
    -3.69486 -156.82181 
    -3.30962 -156.30949 
    -2.95455 -155.77333 
    -2.65257 -155.20485 
    -2.40023 -154.61250 
    -2.23450 -153.98982 
    -2.12352 -153.35759 
    -2.02178 -152.72997 
    -1.93261 -152.10298 
    -1.85822 -151.47383 
    -1.79991 -150.84032 
    -1.75795 -150.20049 
    -1.68862 -149.54681 
    -1.50761 -148.85258 
    -1.31211 -148.11470 
    -1.09886 -147.32182 
    -0.84780 -146.45348 
    -0.47907 -145.45302 
    -0.79707 -144.72121 
    -1.30129 -144.09660 
    -1.91774 -143.56767 
    -2.61489 -143.13611 
    -3.35876 -142.79358 
    -4.11830 -142.52417 
    -4.86945 -142.30838 
    -5.59705 -142.12695 
    -6.29471 -141.96419 
    -6.95916 -141.80263 
    -7.55021 -141.53772 
    -8.15432 -141.30989 
    -8.76915 -141.11937 
    -9.39245 -140.96628 
    -10.00772 -140.77554 
    -10.63069 -140.57358 
    -11.27381 -140.44740 
    -11.92768 -140.35670 
    -12.58846 -140.33742 
    -13.25210 -140.35640 
    -13.92265 -140.38229 
    -14.60218 -140.42381 
    -15.29240 -140.48477 
    -15.99685 -140.56276 
    -16.67872 -140.74384 
    -17.29275 -141.08128 
    -17.82871 -141.54178 
    -18.31403 -142.05026 
    -18.75320 -142.58968 
    -19.15318 -143.14594 
    -19.52140 -143.70934 
    -19.86408 -144.27475 
    -20.18517 -144.84090 
    -20.48607 -145.40900 
    -20.76596 -145.98143 
    -21.08250 -146.53238 
    -21.37131 -147.10132 
    -21.62406 -147.68977 
    -21.83928 -148.29546 
    -22.01566 -148.91594 
    -22.15203 -149.54868 
    -22.24741 -150.19106 
Cell 6 100 7.49968 -152.89206 
    -2.04806 -152.89206 
    -2.14836 -153.49907 
    -2.27084 -154.12636 
    -2.47816 -154.79544 
    -2.83333 -155.54514 
    -3.12575 -156.34447 
    -2.95976 -157.03325 
    -2.69678 -157.69016 
    -2.38827 -158.32800 
    -2.03563 -158.94336 
    -1.64062 -159.53287 
    -1.20529 -160.09344 
    -0.73198 -160.62210 
    -0.22321 -161.11610 
    0.31824 -161.57292 
    0.88942 -161.99031 
    1.48719 -162.36623 
    2.10828 -162.69897 
    2.74930 -162.98714 
    3.40678 -163.22955 
    4.07718 -163.42542 
    4.75698 -163.57417 
    5.44260 -163.67563 
    6.13055 -163.72986 
    6.81736 -163.73717 
    7.49968 -163.69821 
    8.17424 -163.61397 
    8.83794 -163.48546 
    9.48780 -163.31415 
    10.12103 -163.10155 
    10.73502 -162.84940 
    11.32737 -162.55971 
    11.89583 -162.23436 
    12.48049 -161.95212 
    13.06434 -161.66057 
    13.63329 -161.33424 
    14.18523 -160.97350 
    14.71795 -160.57874 
    15.22907 -160.15044 
    15.71608 -159.68925 
    16.17630 -159.19600 
    16.60692 -158.67169 
    17.00505 -158.11768 
    17.36772 -157.53561 
    17.69200 -156.92749 
    17.97500 -156.29570 
    18.21401 -155.64304 
    18.40654 -154.97266 
    18.55042 -154.28809 
    18.64388 -153.59319 
    18.68558 -152.89206 
    18.66911 -152.18933 
    18.54133 -151.49718 
    18.38557 -150.81548 
    18.20153 -150.14430 
    17.98945 -149.48372 
    17.75322 -148.83240 
    17.49338 -148.18938 
    17.17620 -147.57236 
    16.78084 -147.00206 
    16.34853 -146.46300 
    15.88260 -145.95709 
    15.38641 -145.48592 
    14.86330 -145.05060 
    14.31648 -144.65196 
    13.74907 -144.29051 
    13.16398 -143.96655 
    12.56396 -143.68016 
    11.95155 -143.43135 
    11.32913 -143.21999 
    10.69889 -143.04590 
    10.06291 -142.90895 
    9.42313 -142.80896 
    8.81110 -142.51109 
    8.17499 -142.15834 
    7.49968 -141.76556 
    6.77459 -141.36713 
    6.00793 -141.08363 
    5.21015 -140.88992 
    4.39357 -140.79454 
    3.63870 -141.00919 
    2.96771 -141.44563 
    2.39856 -142.05162 
    1.92540 -142.75249 
    1.48057 -143.40747 
    0.92137 -143.83780 
    0.41032 -144.32249 
    -0.05022 -144.85223 
    -0.46042 -145.41702 
    -0.71589 -146.09555 
    -0.93711 -146.76237 
    -1.12493 -147.41873 
    -1.29642 -148.05637 
    -1.46072 -148.67561 
    -1.61945 -149.28154 
    -1.72550 -149.89461 
    -1.77824 -150.50989 
    -1.82504 -151.11328 
    -1.88572 -151.70641 
    -1.96019 -152.29691 
Cell 7 100 27.31059 -145.97673 
    17.11814 -145.97673 
    17.11154 -146.61839 
    17.18030 -147.25648 
    17.35200 -147.87643 
    17.60614 -148.46841 
    17.83424 -149.05579 
    18.04172 -149.64653 
    18.23039 -150.24954 
    18.39934 -150.87575 
    18.54871 -151.53720 
    18.69727 -152.23468 
    19.08163 -152.78432 
    19.50305 -153.30850 
    19.95980 -153.80453 
    20.44993 -154.26985 
    20.97128 -154.70204 
    21.52151 -155.09886 
    22.09809 -155.45822 
    22.69834 -155.77826 
    23.31941 -156.05731 
    23.95834 -156.29391 
    24.61205 -156.48686 
    25.27738 -156.63519 
    25.95110 -156.73819 
    26.62994 -156.79541 
    27.31059 -156.80664 
    27.98977 -156.77193 
    28.66419 -156.69157 
    29.33063 -156.56616 
    29.98593 -156.39650 
    30.62701 -156.18362 
    31.25090 -155.92880 
    31.85476 -155.63358 
    32.43588 -155.29959 
    32.99174 -154.92879 
    33.51995 -154.52318 
    34.01835 -154.08502 
    34.48494 -153.61664 
    34.91799 -153.12056 
    35.31596 -152.59935 
    35.67758 -152.05571 
    35.95423 -151.46216 
    36.16937 -150.84688 
    36.39667 -150.25232 
    36.63290 -149.66769 
    36.87780 -149.08530 
    37.13356 -148.49884 
    37.40528 -147.90239 
    37.70195 -147.28946 
    38.04670 -146.65219 
    38.24864 -145.97673 
    38.29716 -145.28551 
    38.29993 -144.58846 
    38.25552 -143.88887 
    38.16258 -143.19041 
    38.02012 -142.49699 
    37.82756 -141.81277 
    37.58479 -141.14206 
    37.29222 -140.48929 
    36.95082 -139.85886 
    36.56211 -139.25511 
    36.12818 -138.68219 
    35.65165 -138.14395 
    35.13564 -137.64389 
    34.58368 -137.18509 
    34.06671 -136.67773 
    33.50180 -136.22095 
    32.88491 -135.83708 
    32.22469 -135.53375 
    31.53192 -135.31488 
    30.81852 -135.18042 
    30.09649 -135.12637 
    29.37679 -135.14537 
    28.67730 -135.15810 
    27.99104 -135.16122 
    27.31059 -134.98410 
    26.61017 -134.84386 
    25.89213 -134.74843 
    25.16066 -134.70638 
    24.42195 -134.72620 
    23.68407 -134.81544 
    22.95661 -134.97981 
    22.25000 -135.22243 
    21.57477 -135.54332 
    20.94063 -135.93929 
    20.35566 -136.40410 
    19.82570 -136.92905 
    19.35394 -137.50375 
    18.94092 -138.11708 
    18.58474 -138.75809 
    18.28164 -139.41681 
    18.02662 -140.08495 
    17.81418 -140.75603 
    17.63904 -141.42564 
    17.49666 -142.09113 
    17.38355 -142.75124 
    17.29752 -143.40581 
    17.23754 -144.05519 
    17.20367 -144.69994 
    17.18180 -145.33948 
Cell 8 100 45.77375 -152.92137 
    35.73075 -152.92137 
    35.75137 -153.55193 
    35.80525 -154.18068 
    35.89714 -154.80544 
    36.02817 -155.42361 
    36.19810 -156.03268 
    36.40633 -156.63019 
    36.65211 -157.21368 
    36.93449 -157.78079 
    37.25240 -158.32919 
    37.60460 -158.85661 
    37.98972 -159.36089 
    38.40624 -159.83992 
    38.85250 -160.29176 
    39.32671 -160.71451 
    39.82697 -161.10643 
    40.35125 -161.46588 
    40.89743 -161.79137 
    41.46330 -162.08154 
    42.04655 -162.33521 
    42.64479 -162.55132 
    43.25559 -162.72896 
    43.87644 -162.86743 
    44.50480 -162.96614 
    45.13811 -163.02470 
    45.77375 -163.04291 
    46.40915 -163.02068 
    47.04169 -162.95816 
    47.66881 -162.85562 
    48.28795 -162.71352 
    48.89659 -162.53247 
    49.49227 -162.31326 
    50.07258 -162.05685 
    50.63519 -161.76430 
    51.17785 -161.43686 
    51.69838 -161.07593 
    52.19473 -160.68300 
    52.66494 -160.25974 
    53.10715 -159.80789 
    53.51966 -159.32935 
    53.90086 -158.82607 
    54.24931 -158.30013 
    54.56367 -157.75366 
    54.84277 -157.18892 
    55.08559 -156.60818 
    55.29135 -156.01382 
    55.46064 -155.40854 
    55.59745 -154.79533 
    55.65395 -154.16954 
    55.63868 -153.54202 
    55.58667 -152.92137 
    55.52268 -152.30801 
    55.44965 -151.69902 
    55.37482 -151.08987 
    55.29969 -150.47552 
    55.23147 -149.84836 
    55.08022 -149.23668 
    54.83124 -148.65924 
    54.54643 -148.09856 
    54.22897 -147.55553 
    53.88249 -147.03003 
    53.50748 -146.52347 
    53.10631 -146.03564 
    52.68108 -145.56581 
    52.23329 -145.11313 
    51.76348 -144.67722 
    51.27105 -144.25903 
    50.75440 -143.86160 
    50.21150 -143.49068 
    49.74128 -142.90056 
    49.24736 -142.23071 
    48.54499 -142.12813 
    47.77014 -142.45595 
    47.10874 -142.35388 
    46.44059 -142.32227 
    45.77375 -142.17773 
    45.09603 -142.14929 
    44.44267 -142.38470 
    43.83373 -142.75142 
    43.22566 -142.99719 
    42.62826 -143.24054 
    42.04656 -143.50755 
    41.48038 -143.79750 
    40.93026 -144.11108 
    40.39745 -144.44968 
    39.88381 -144.81456 
    39.39157 -145.20663 
    38.92214 -145.62515 
    38.47817 -146.07036 
    38.07623 -146.55342 
    37.79227 -147.12250 
    37.51333 -147.67915 
    37.25286 -148.23697 
    37.00446 -148.79486 
    36.76463 -149.35442 
    36.53159 -149.91841 
    36.30566 -150.49037 
    36.08993 -151.07408 
    35.85796 -151.66872 
    35.74290 -152.29028 
Cell 9 100 66.04652 -153.10156 
    55.60177 -153.10156 
    55.64389 -153.75604 
    55.63283 -154.41711 
    55.56775 -155.10049 
    55.52373 -155.80336 
    55.69212 -156.46591 
    55.89917 -157.11919 
    56.14628 -157.76025 
    56.43433 -158.38591 
    56.76346 -158.99277 
    57.13318 -159.57748 
    57.54239 -160.13680 
    57.98944 -160.66766 
    58.47232 -161.16727 
    58.98876 -161.63293 
    59.53624 -162.06219 
    60.11196 -162.45293 
    60.71305 -162.80312 
    61.33636 -163.11118 
    61.97873 -163.37564 
    62.63683 -163.59552 
    63.30734 -163.76997 
    63.98687 -163.89864 
    64.67207 -163.98143 
    65.35968 -164.01859 
    66.04652 -164.01073 
    66.72961 -163.95885 
    67.40617 -163.86423 
    68.07369 -163.72836 
    68.73003 -163.55310 
    69.37334 -163.34044 
    70.00216 -163.09235 
    70.61543 -162.81099 
    71.21237 -162.49820 
    71.79250 -162.15578 
    72.35552 -161.78516 
    72.90112 -161.38734 
    73.42888 -160.96298 
    73.93807 -160.51222 
    74.42754 -160.03494 
    74.89541 -159.53065 
    75.33911 -158.99883 
    75.75523 -158.43896 
    76.09602 -157.83049 
    76.17493 -157.11168 
    76.27784 -156.42592 
    76.44645 -155.77180 
    76.59711 -155.11420 
    76.69118 -154.44629 
    76.74075 -153.77438 
    76.74966 -153.10156 
    76.71462 -152.43039 
    76.64884 -151.76218 
    76.56264 -151.09550 
    76.45915 -150.42805 
    76.34797 -149.75443 
    76.11927 -149.11349 
    75.84622 -148.49017 
    75.55313 -147.87526 
    75.23745 -147.26883 
    74.89835 -146.67033 
    74.53504 -146.07925 
    74.14730 -145.49443 
    73.73523 -144.91393 
    73.29946 -144.33426 
    72.84279 -143.74731 
    72.29770 -143.25128 
    71.67071 -142.87122 
    71.01363 -142.54594 
    70.33192 -142.27788 
    69.63141 -142.06842 
    68.91663 -141.92322 
    68.19146 -141.85742 
    67.46596 -141.86560 
    66.75137 -141.89833 
    66.04652 -141.93851 
    65.35020 -142.03394 
    64.66772 -142.18723 
    64.00152 -142.38127 
    63.35551 -142.62077 
    62.73226 -142.90131 
    62.13174 -143.21396 
    61.55479 -143.55615 
    61.00204 -143.92569 
    60.47403 -144.32072 
    59.97127 -144.73970 
    59.49435 -145.18134 
    59.04392 -145.64455 
    58.51095 -146.02519 
    57.96494 -146.41589 
    57.41490 -146.83032 
    56.87085 -147.27850 
    56.35112 -147.77147 
    55.88067 -148.31787 
    55.48687 -148.92070 
    55.19340 -149.57516 
    55.28477 -150.33841 
    55.37181 -151.06526 
    55.45742 -151.76385 
    55.53648 -152.44032 
Cell 10 100 85.24388 -143.96808 
    73.01456 -143.96808 
    73.57603 -144.70216 
    74.06618 -145.38016 
    74.49480 -146.01857 
    74.87394 -146.63062 
    75.21378 -147.22705 
    75.52277 -147.81694 
    75.80733 -148.40857 
    76.07368 -149.00943 
    76.33568 -149.62140 
    76.80656 -150.09814 
    77.28001 -150.55637 
    77.75958 -150.99631 
    78.24895 -151.41693 
    78.75127 -151.81630 
    79.26890 -152.19194 
    79.80328 -152.54109 
    80.35492 -152.86107 
    80.92350 -153.14935 
    81.50803 -153.40375 
    82.10702 -153.62236 
    82.71854 -153.80367 
    83.34041 -153.94644 
    83.97026 -154.04980 
    84.60561 -154.11308 
    85.24388 -154.13586 
    85.88245 -154.11795 
    86.51908 -154.06230 
    87.15153 -153.96831 
    87.77737 -153.83536 
    88.39433 -153.66414 
    89.00021 -153.45547 
    89.59296 -153.21034 
    90.17063 -152.92979 
    90.73142 -152.61505 
    91.27365 -152.26735 
    91.79579 -151.88797 
    92.29642 -151.47827 
    92.77425 -151.03957 
    93.22807 -150.57317 
    93.65673 -150.08037 
    94.05914 -149.56241 
    94.43419 -149.02049 
    94.78072 -148.45578 
    95.09755 -147.86942 
    95.38333 -147.26259 
    95.63663 -146.63649 
    95.85585 -145.99242 
    96.03925 -145.33185 
    96.18494 -144.65643 
    96.29093 -143.96808 
    96.35513 -143.26901 
    96.37544 -142.56183 
    96.34984 -141.84950 
    96.27644 -141.13539 
    96.15359 -140.42329 
    95.97996 -139.71736 
    95.75466 -139.02208 
    95.30006 -138.43964 
    94.80360 -137.90129 
    94.27264 -137.40831 
    93.76382 -136.91977 
    93.26740 -136.43349 
    92.77610 -135.94708 
    92.28500 -135.45683 
    91.77860 -134.97382 
    91.24006 -134.51961 
    90.68513 -134.07048 
    90.11395 -133.61867 
    89.51646 -133.17676 
    88.80739 -133.00072 
    88.09123 -132.87836 
    87.37268 -132.80853 
    86.65605 -132.78958 
    85.94529 -132.81946 
    85.24388 -132.89584 
    84.55485 -133.01622 
    83.88078 -133.17796 
    83.22381 -133.37849 
    82.58573 -133.61528 
    81.96799 -133.88593 
    81.37176 -134.18822 
    80.79802 -134.52014 
    80.24761 -134.87990 
    79.72128 -135.26584 
    79.17700 -135.61774 
    78.55978 -135.88838 
    77.93052 -136.18015 
    77.28900 -136.49796 
    76.63803 -136.84869 
    75.98425 -137.24055 
    75.33862 -137.68201 
    74.71624 -138.18047 
    74.13557 -138.74091 
    73.61691 -139.36464 
    73.18039 -140.04842 
    72.84373 -140.78426 
    72.62009 -141.55997 
    72.51670 -142.36026 
    72.54529 -143.16916 
Cell 11 100 109.89933 -150.52008 
    99.73430 -150.52008 
    99.74487 -151.15895 
    99.79626 -151.79640 
    99.88837 -152.42978 
    100.02090 -153.05643 
    100.19339 -153.67374 
    100.40517 -154.27908 
    100.65545 -154.86992 
    100.94320 -155.44376 
    101.26727 -155.99815 
    101.62633 -156.53076 
    102.01889 -157.03935 
    102.44332 -157.52174 
    102.89783 -157.97592 
    103.38052 -158.39996 
    103.88935 -158.79211 
    104.42216 -159.15073 
    104.97668 -159.47433 
    105.55060 -159.76161 
    106.14145 -160.01140 
    106.74676 -160.22270 
    107.36395 -160.39473 
    107.99045 -160.52681 
    108.62360 -160.61850 
    109.26078 -160.66953 
    109.89933 -160.67978 
    110.53661 -160.64938 
    111.17002 -160.57861 
    111.79698 -160.46794 
    112.41503 -160.31808 
    113.02177 -160.12996 
    113.61497 -159.90472 
    114.19260 -159.64375 
    114.75291 -159.34872 
    115.29449 -159.02148 
    115.81635 -158.66415 
    116.31801 -158.27893 
    116.79955 -157.86807 
    117.26159 -157.43370 
    117.70518 -156.97765 
    118.13162 -156.50119 
    118.54214 -156.00497 
    118.93743 -155.48882 
    119.31724 -154.95181 
    119.67978 -154.39243 
    120.02138 -153.80893 
    120.33627 -153.19983 
    120.61669 -152.56453 
    120.85330 -151.90388 
    121.03599 -151.22073 
    121.15485 -150.52008 
    121.20142 -149.80901 
    121.16970 -149.09630 
    121.05698 -148.39165 
    121.18584 -147.62219 
    121.37254 -146.79221 
    121.01427 -146.11937 
    120.22015 -145.66347 
    119.42992 -145.28059 
    118.95585 -144.77264 
    118.45640 -144.30301 
    117.93961 -143.86858 
    117.41138 -143.46579 
    116.87541 -143.09131 
    116.33353 -142.74248 
    115.81071 -142.38376 
    115.29425 -142.01904 
    114.75891 -141.68053 
    114.20660 -141.36667 
    113.63834 -141.07643 
    113.05416 -140.81050 
    112.45344 -140.57248 
    111.83568 -140.36937 
    111.20166 -140.21104 
    110.55439 -140.10822 
    109.89933 -140.06964 
    109.24372 -140.09950 
    108.57281 -140.01964 
    107.85246 -139.79004 
    107.09197 -139.58615 
    106.31958 -139.50275 
    105.58651 -139.62715 
    104.94495 -139.99150 
    104.42004 -140.55328 
    103.99696 -141.21944 
    103.63303 -141.89526 
    103.28380 -142.52327 
    102.92335 -143.09142 
    102.54834 -143.61703 
    102.16956 -144.12546 
    101.77560 -144.61784 
    101.40923 -145.13210 
    101.07561 -145.66920 
    100.77624 -146.22708 
    100.51246 -146.80356 
    100.28548 -147.39635 
    100.09637 -148.00311 
    99.94603 -148.62138 
    99.83521 -149.24869 
    99.76450 -149.88245 
Cell 12 100 -115.73436 -132.41446 
    -127.40855 -132.41446 
    -127.50436 -133.15497 
    -127.54104 -133.90599 
    -127.51771 -134.66225 
    -127.43421 -135.41847 
    -127.29099 -136.16943 
    -127.08912 -136.91013 
    -126.83030 -137.63580 
    -126.51660 -138.34204 
    -126.15057 -139.02480 
    -125.73502 -139.68037 
    -125.27298 -140.30550 
    -124.76762 -140.89726 
    -124.22223 -141.45313 
    -123.64012 -141.97089 
    -121.83854 -140.81615 
    -121.02600 -140.75276 
    -120.40548 -140.91119 
    -119.81625 -141.08893 
    -119.22983 -141.24300 
    -118.64989 -141.38754 
    -118.07655 -141.53668 
    -117.48964 -141.61597 
    -116.90490 -141.68021 
    -116.32079 -141.73550 
    -115.73436 -141.78117 
    -115.14510 -141.78053 
    -114.55315 -141.76468 
    -113.95577 -141.73814 
    -113.35180 -141.69392 
    -112.74088 -141.62744 
    -112.13071 -141.51625 
    -111.49639 -141.42059 
    -110.81472 -141.36324 
    -110.04756 -141.37541 
    -109.26151 -141.32356 
    -108.69918 -140.91853 
    -108.14472 -140.49661 
    -107.56126 -140.08952 
    -106.95566 -139.67685 
    -106.36784 -139.21964 
    -106.03506 -138.56982 
    -105.75114 -137.90279 
    -105.51675 -137.22250 
    -105.33228 -136.53294 
    -105.19776 -135.83801 
    -105.10774 -135.14291 
    -105.05521 -134.45161 
    -105.02426 -133.76746 
    -105.03294 -133.08774 
    -105.06065 -132.41446 
    -104.82615 -131.72818 
    -104.39497 -130.98196 
    -104.05682 -130.18684 
    -103.97278 -129.39459 
    -104.23539 -128.67822 
    -104.80621 -128.08769 
    -105.54148 -127.61806 
    -106.28263 -127.21832 
    -106.89015 -126.80175 
    -107.15369 -126.18024 
    -107.45048 -125.56144 
    -107.78648 -124.95091 
    -108.16802 -124.35712 
    -108.60056 -123.79117 
    -109.08755 -123.26591 
    -109.62944 -122.79464 
    -110.22310 -122.38950 
    -110.86184 -122.05983 
    -111.53611 -121.81090 
    -112.23459 -121.64326 
    -112.94559 -121.55292 
    -113.65843 -121.53207 
    -114.36445 -121.57051 
    -115.05757 -121.65725 
    -115.73436 -121.78194 
    -116.39360 -121.93612 
    -117.03564 -122.11378 
    -117.66160 -122.31152 
    -118.27271 -122.52826 
    -118.86976 -122.76469 
    -119.45290 -123.02251 
    -120.02148 -123.30385 
    -120.57423 -123.61076 
    -121.10935 -123.94483 
    -121.62473 -124.30706 
    -122.11815 -124.69778 
    -122.58797 -125.11610 
    -123.03225 -125.56129 
    -123.44764 -126.03348 
    -123.84184 -126.52402 
    -124.34996 -126.94683 
    -124.83681 -127.41035 
    -125.29773 -127.91428 
    -125.72787 -128.45775 
    -126.12238 -129.03918 
    -126.47658 -129.65633 
    -126.78606 -130.30623 
    -127.04680 -130.98537 
    -127.25529 -131.68962 
Cell 13 100 -89.99998 -125.43271 
    -100.13133 -125.43271 
    -100.12568 -126.06976 
    -100.07948 -126.70605 
    -99.99274 -127.33893 
    -99.86563 -127.96578 
    -99.69855 -128.58397 
    -99.49202 -129.19087 
    -99.24679 -129.78392 
    -98.96377 -130.36060 
    -98.64404 -130.91840 
    -98.28887 -131.45494 
    -97.89969 -131.96791 
    -97.47807 -132.45511 
    -97.02574 -132.91438 
    -96.54459 -133.34380 
    -96.03664 -133.74146 
    -95.50401 -134.10567 
    -94.94895 -134.43486 
    -94.37384 -134.72763 
    -93.78110 -134.98273 
    -93.17326 -135.19908 
    -92.55293 -135.37582 
    -91.92274 -135.51219 
    -91.28538 -135.60771 
    -90.64355 -135.66200 
    -89.99998 -135.67491 
    -89.35738 -135.64650 
    -88.71846 -135.57697 
    -88.08588 -135.46674 
    -87.46228 -135.31638 
    -86.85022 -135.12666 
    -86.25218 -134.89856 
    -85.67058 -134.63315 
    -85.10770 -134.33173 
    -84.56572 -133.99573 
    -84.04255 -133.63240 
    -83.51810 -133.26794 
    -83.01403 -132.87198 
    -82.53224 -132.44537 
    -82.07472 -131.98904 
    -81.64355 -131.50400 
    -81.24091 -130.99138 
    -80.86902 -130.45250 
    -80.53021 -129.88884 
    -80.22685 -129.30215 
    -79.96128 -128.69447 
    -79.73577 -128.06812 
    -79.55248 -127.42567 
    -79.41337 -126.77011 
    -79.32012 -126.10463 
    -79.27409 -125.43271 
    -79.27621 -124.75803 
    -79.32699 -124.08440 
    -79.42647 -123.41570 
    -79.57418 -122.75582 
    -79.76917 -122.10852 
    -80.01006 -121.47742 
    -80.29501 -120.86590 
    -80.55209 -120.23869 
    -80.81612 -119.60446 
    -81.12096 -118.98173 
    -81.46765 -118.37415 
    -81.85692 -117.78587 
    -82.28910 -117.22146 
    -82.76394 -116.68584 
    -83.28049 -116.18414 
    -83.83707 -115.72152 
    -84.43113 -115.30302 
    -85.05933 -114.93330 
    -85.71753 -114.61649 
    -86.40093 -114.35599 
    -87.10419 -114.15435 
    -87.82158 -114.01313 
    -88.54721 -113.93287 
    -89.27522 -113.91309 
    -89.99998 -113.95236 
    -90.71622 -114.04841 
    -91.41922 -114.19823 
    -92.10490 -114.39832 
    -92.76984 -114.64481 
    -93.41131 -114.93372 
    -94.02723 -115.26104 
    -94.61610 -115.62295 
    -95.17692 -116.01588 
    -95.70905 -116.43666 
    -96.21209 -116.88247 
    -96.68583 -117.35090 
    -97.13010 -117.83990 
    -97.54467 -118.34777 
    -97.92928 -118.87302 
    -98.28350 -119.41438 
    -98.67180 -119.92941 
    -99.02703 -120.47005 
    -99.31871 -121.04765 
    -99.54187 -121.65481 
    -99.70280 -122.28008 
    -99.81505 -122.91263 
    -99.90777 -123.54269 
    -100.02192 -124.16664 
    -100.09663 -124.79749 
Cell 14 100 -67.46158 -133.16081 
    -78.18224 -133.16081 
    -78.14933 -133.83322 
    -78.07580 -134.50169 
    -77.96117 -135.16371 
    -77.80521 -135.81660 
    -77.60802 -136.45758 
    -77.37000 -137.08383 
    -77.09193 -137.69250 
    -76.77491 -138.28085 
    -76.42033 -138.84621 
    -76.02983 -139.38602 
    -75.59141 -139.88640 
    -75.04777 -140.28471 
    -74.49476 -140.65039 
    -73.95115 -141.00536 
    -73.41449 -141.35429 
    -72.87868 -141.69679 
    -72.33932 -142.03340 
    -71.79569 -142.37126 
    -71.22302 -142.66113 
    -70.62687 -142.90257 
    -70.00778 -143.07762 
    -69.38182 -143.22708 
    -68.74864 -143.34895 
    -68.10802 -143.43573 
    -67.46158 -143.48776 
    -66.81077 -143.50519 
    -66.15694 -143.48807 
    -65.50140 -143.43639 
    -64.84542 -143.35007 
    -64.19026 -143.22888 
    -63.53727 -143.07248 
    -62.88789 -142.88040 
    -62.24374 -142.65202 
    -61.60666 -142.38669 
    -60.97878 -142.08362 
    -60.36253 -141.74210 
    -59.76071 -141.36140 
    -59.17647 -140.94106 
    -58.61334 -140.48071 
    -58.07519 -139.98042 
    -57.56617 -139.44063 
    -57.09066 -138.86227 
    -56.65320 -138.24684 
    -56.25832 -137.59650 
    -55.91048 -136.91399 
    -55.61390 -136.20277 
    -55.37243 -135.46693 
    -55.18944 -134.71115 
    -55.06771 -133.94057 
    -55.00934 -133.16081 
    -55.01581 -132.37779 
    -55.08924 -131.59782 
    -55.23409 -130.82829 
    -55.47607 -130.08345 
    -55.88733 -129.40012 
    -56.50364 -128.82227 
    -57.05925 -128.26585 
    -57.62379 -127.75245 
    -58.21829 -127.29485 
    -58.78428 -126.85638 
    -59.31950 -126.42510 
    -59.81891 -125.98387 
    -60.20724 -125.43573 
    -60.62693 -124.89915 
    -61.08699 -124.38694 
    -61.59093 -123.91015 
    -62.13355 -123.46916 
    -62.71041 -123.06406 
    -63.36124 -122.80455 
    -64.08970 -122.78323 
    -64.78309 -122.72878 
    -65.45924 -122.66415 
    -66.13192 -122.63548 
    -66.79979 -122.64191 
    -67.46158 -122.68281 
    -68.11610 -122.75761 
    -68.76213 -122.86591 
    -69.39844 -123.00743 
    -70.02373 -123.18192 
    -70.66048 -123.31560 
    -71.30434 -123.45512 
    -71.94344 -123.63639 
    -72.57375 -123.86180 
    -73.19048 -124.13351 
    -73.78817 -124.45301 
    -74.36104 -124.82080 
    -74.90333 -125.23616 
    -75.40973 -125.69701 
    -75.87600 -126.19980 
    -76.29929 -126.73985 
    -76.67809 -127.31184 
    -77.01208 -127.91038 
    -77.30186 -128.53033 
    -77.54854 -129.16710 
    -77.75344 -129.81679 
    -77.91779 -130.47612 
    -78.04263 -131.14236 
    -78.12842 -131.81328 
    -78.17508 -132.48677 
Cell 15 100 -53.78196 -118.86746 
    -64.32878 -118.86746 
    -64.30389 -119.52944 
    -64.23487 -120.18797 
    -64.11051 -120.83774 
    -63.92377 -121.47144 
    -63.65839 -122.07651 
    -63.29283 -122.63308 
    -62.70631 -123.06695 
    -62.14183 -123.46334 
    -61.65102 -123.86131 
    -61.21377 -124.26699 
    -60.81709 -124.68743 
    -60.44828 -125.12756 
    -60.09661 -125.59189 
    -59.73240 -126.06031 
    -59.29011 -126.44879 
    -58.82901 -126.82034 
    -58.35621 -127.18800 
    -57.87274 -127.56082 
    -57.38556 -127.96911 
    -56.89057 -128.43478 
    -56.37007 -128.94751 
    -55.80293 -129.46179 
    -55.13425 -129.57201 
    -54.45955 -129.63751 
    -53.78196 -129.65785 
    -53.10465 -129.63289 
    -52.43083 -129.56271 
    -51.76367 -129.44769 
    -51.10632 -129.28839 
    -50.46185 -129.08571 
    -49.83327 -128.84070 
    -49.22350 -128.55467 
    -48.63531 -128.22917 
    -48.07135 -127.86594 
    -47.53411 -127.46689 
    -47.02591 -127.03412 
    -46.54890 -126.56989 
    -46.10503 -126.07658 
    -45.69604 -125.55672 
    -45.30074 -125.02943 
    -44.87477 -124.52013 
    -44.47894 -123.98184 
    -44.11655 -123.41566 
    -43.79110 -122.82312 
    -43.50615 -122.20628 
    -43.26519 -121.56771 
    -43.07143 -120.91061 
    -42.92769 -120.23868 
    -42.83626 -119.55611 
    -42.79871 -118.86746 
    -42.81586 -118.17754 
    -42.88768 -117.49120 
    -43.01332 -116.81323 
    -43.19113 -116.14820 
    -43.41878 -115.50026 
    -43.69338 -114.87311 
    -44.01160 -114.26988 
    -44.36987 -113.69312 
    -44.76453 -113.14483 
    -44.74387 -112.30091 
    -44.27076 -110.99912 
    -45.70437 -111.28210 
    -46.63760 -111.25949 
    -47.16427 -110.86806 
    -47.67124 -110.45678 
    -48.15834 -110.00607 
    -48.67054 -109.56984 
    -49.20870 -109.14880 
    -49.77394 -108.74438 
    -50.36754 -108.35896 
    -50.99062 -107.99594 
    -51.64399 -107.65982 
    -52.32774 -107.35617 
    -53.04107 -107.09149 
    -53.78196 -106.87297 
    -54.54696 -106.70813 
    -55.33114 -106.60442 
    -56.12806 -106.56875 
    -56.92991 -106.60697 
    -57.72778 -106.72348 
    -58.51198 -106.92079 
    -59.27258 -107.19931 
    -59.99982 -107.55721 
    -60.68472 -107.99045 
    -61.31943 -108.49302 
    -61.89771 -109.05721 
    -62.41511 -109.67409 
    -62.86916 -110.33401 
    -63.25930 -111.02712 
    -63.58674 -111.74387 
    -63.85417 -112.47544 
    -64.06541 -113.21408 
    -64.22504 -113.95332 
    -64.33790 -114.68807 
    -64.40884 -115.41458 
    -64.44230 -116.13035 
    -64.44213 -116.83392 
    -64.41143 -117.52465 
    -64.35246 -118.20242 
Cell 16 100 -34.38815 -129.58414 
    -45.33908 -129.58414 
    -45.24690 -130.26732 
    -45.10328 -130.93777 
    -44.93665 -131.59637 
    -44.88339 -132.27885 
    -44.81326 -132.97147 
    -44.71424 -133.67252 
    -44.52953 -134.35631 
    -44.29631 -135.03119 
    -43.95476 -135.65530 
    -42.90436 -135.77153 
    -42.11896 -135.97963 
    -41.49973 -136.26236 
    -40.93507 -136.55591 
    -40.38790 -136.83659 
    -39.85669 -137.11095 
    -39.33779 -137.38351 
    -38.82692 -137.65825 
    -38.31927 -137.93820 
    -37.80940 -138.22523 
    -37.29155 -138.51990 
    -36.76029 -138.82303 
    -36.20969 -139.13300 
    -35.63682 -139.46841 
    -35.04056 -139.95396 
    -34.38815 -140.42863 
    -33.68394 -140.77721 
    -32.94630 -140.99748 
    -32.19305 -141.09122 
    -31.44020 -141.06561 
    -30.70646 -140.91519 
    -30.02443 -140.60562 
    -29.36974 -140.24879 
    -28.74590 -139.84735 
    -28.15610 -139.40427 
    -27.60325 -138.92274 
    -27.08994 -138.40616 
    -26.61837 -137.85811 
    -26.19040 -137.28233 
    -25.80757 -136.68260 
    -25.47098 -136.06284 
    -25.18140 -135.42691 
    -24.93920 -134.77873 
    -24.86682 -134.06453 
    -24.95191 -133.32021 
    -24.92198 -132.65988 
    -24.78920 -132.04874 
    -24.67736 -131.43657 
    -24.60287 -130.82030 
    -24.56468 -130.20218 
    -24.52548 -129.58414 
    -24.50357 -128.96225 
    -24.51896 -128.33737 
    -24.56014 -127.70934 
    -24.62126 -127.07642 
    -24.76093 -126.45607 
    -24.92755 -125.83842 
    -25.11934 -125.22257 
    -25.33529 -124.60728 
    -25.57542 -123.99141 
    -25.84112 -123.37436 
    -26.13523 -122.75673 
    -26.46193 -122.14092 
    -26.82636 -121.53165 
    -27.23400 -120.93626 
    -27.68978 -120.36462 
    -28.19714 -119.82867 
    -28.75724 -119.34156 
    -29.36828 -118.91637 
    -30.02530 -118.56483 
    -30.72038 -118.29592 
    -31.44334 -118.11488 
    -32.18267 -118.02264 
    -32.92672 -118.01578 
    -33.66481 -118.08712 
    -34.38815 -118.22674 
    -35.09033 -118.42321 
    -35.76756 -118.66499 
    -36.41834 -118.94150 
    -37.04301 -119.24410 
    -37.64308 -119.56647 
    -38.22050 -119.90472 
    -38.77712 -120.25710 
    -39.31832 -120.61619 
    -39.90284 -120.89438 
    -40.47669 -121.20397 
    -41.03821 -121.54559 
    -41.58508 -121.92019 
    -42.11423 -122.32886 
    -42.62179 -122.77267 
    -43.10303 -123.25240 
    -43.55256 -123.76823 
    -43.96450 -124.31949 
    -44.33289 -124.90450 
    -44.65199 -125.52039 
    -44.91679 -126.16318 
    -45.12333 -126.82781 
    -45.26903 -127.50850 
    -45.35289 -128.19897 
    -45.37554 -128.89287 
Cell 17 100 -14.73034 -130.82150 
    -24.60301 -130.82150 
    -24.67935 -131.44743 
    -24.79892 -132.09346 
    -24.92682 -132.76659 
    -24.93794 -133.44237 
    -24.87211 -134.11676 
    -24.72431 -134.77840 
    -24.45377 -135.39700 
    -24.14351 -135.99643 
    -23.79525 -136.57426 
    -23.41082 -137.12823 
    -22.99211 -137.65623 
    -22.54109 -138.15628 
    -22.05978 -138.62656 
    -21.55023 -139.06534 
    -21.01457 -139.47099 
    -20.45495 -139.84204 
    -19.87361 -140.17706 
    -19.27282 -140.47475 
    -18.65482 -140.73361 
    -18.01925 -140.94371 
    -17.35399 -141.03993 
    -16.62016 -140.72829 
    -15.96044 -140.55873 
    -15.33863 -140.48988 
    -14.73034 -140.43513 
    -14.12804 -140.39484 
    -13.52448 -140.36691 
    -12.91331 -140.34671 
    -12.28480 -140.34628 
    -11.61822 -140.39963 
    -10.88931 -140.52284 
    -10.25873 -140.32417 
    -9.68096 -140.00630 
    -9.12623 -139.65218 
    -8.59687 -139.26350 
    -8.09508 -138.84216 
    -7.62290 -138.39017 
    -7.18220 -137.90968 
    -6.77470 -137.40298 
    -6.40192 -136.87245 
    -6.06518 -136.32057 
    -5.76563 -135.74989 
    -5.50422 -135.16298 
    -5.28172 -134.56248 
    -5.09866 -133.95102 
    -4.95545 -133.33127 
    -4.83910 -132.70836 
    -4.72324 -132.08569 
    -4.64258 -131.45618 
    -4.59712 -130.82150 
    -4.58690 -130.18333 
    -4.61204 -129.54326 
    -4.67278 -128.90292 
    -4.76953 -128.26401 
    -4.90286 -127.62836 
    -5.07352 -126.99809 
    -5.28231 -126.37560 
    -5.53009 -125.76362 
    -5.81765 -125.16534 
    -6.14553 -124.58427 
    -6.51398 -124.02434 
    -6.92274 -123.48968 
    -7.37099 -122.98459 
    -7.85724 -122.51334 
    -8.37929 -122.08002 
    -8.93426 -121.68834 
    -9.51863 -121.34144 
    -10.12838 -121.04183 
    -10.62752 -120.45895 
    -10.92667 -119.11500 
    -11.73696 -119.16303 
    -12.61824 -119.74946 
    -13.32282 -119.67978 
    -14.03294 -119.73652 
    -14.73034 -119.89509 
    -15.40356 -120.12103 
    -16.04931 -120.38079 
    -16.67063 -120.65017 
    -17.28741 -120.86237 
    -17.89295 -121.08800 
    -18.48204 -121.34579 
    -19.05344 -121.63445 
    -19.60590 -121.95290 
    -20.13815 -122.30017 
    -20.64882 -122.67542 
    -21.15165 -123.05948 
    -21.66728 -123.43442 
    -22.16101 -123.84364 
    -22.63003 -124.28632 
    -23.07152 -124.76128 
    -23.48270 -125.26708 
    -23.86086 -125.80196 
    -24.20341 -126.36382 
    -24.50794 -126.95028 
    -24.56829 -127.62496 
    -24.52090 -128.30771 
    -24.50370 -128.95714 
    -24.52548 -129.58409 
    -24.56472 -130.20277 
Cell 18 100 7.83475 -131.25302 
    -2.28261 -131.25302 
    -2.25353 -131.88773 
    -2.19716 -132.52034 
    -2.10101 -133.14838 
    -1.96514 -133.76921 
    -1.79007 -134.38031 
    -1.57649 -134.97919 
    -1.32524 -135.56339 
    -1.03734 -136.13049 
    -0.71397 -136.67821 
    -0.35643 -137.20425 
    0.03381 -137.70651 
    0.45515 -138.18292 
    0.90585 -138.63155 
    1.38407 -139.05055 
    1.88783 -139.43826 
    2.41505 -139.79311 
    2.96356 -140.11368 
    3.53112 -140.39870 
    4.11537 -140.64709 
    4.72206 -140.83292 
    5.35159 -140.92427 
    5.96161 -141.07239 
    6.57174 -141.25073 
    7.20186 -141.31255 
    7.83475 -141.32768 
    8.46707 -141.30344 
    9.09643 -141.24026 
    9.72058 -141.13890 
    10.33739 -141.00015 
    10.94493 -140.82516 
    11.54334 -140.61986 
    12.13093 -140.38286 
    12.70445 -140.11098 
    13.26205 -139.80508 
    13.80190 -139.46609 
    14.32217 -139.09496 
    14.83229 -138.70465 
    15.32898 -138.29057 
    15.81086 -137.85144 
    16.27776 -137.38722 
    16.72906 -136.89752 
    17.16346 -136.38152 
    17.57883 -135.83824 
    17.97203 -135.26665 
    18.33882 -134.66600 
    18.67394 -134.03606 
    18.97118 -133.37741 
    19.22244 -132.69162 
    19.38818 -131.97990 
    19.07475 -131.25302 
    18.65153 -130.57249 
    18.29643 -129.93141 
    17.97927 -129.31786 
    17.68108 -128.72491 
    17.39045 -128.14818 
    17.10109 -127.58421 
    16.82584 -127.02213 
    16.54704 -126.46340 
    16.25693 -125.90814 
    15.95455 -125.35364 
    15.64123 -124.79494 
    15.32442 -124.21975 
    15.04577 -123.57407 
    14.78743 -122.84869 
    14.19261 -122.50217 
    13.55821 -122.23429 
    12.92093 -122.00130 
    12.30017 -121.76352 
    11.68003 -121.54096 
    11.04982 -121.35806 
    10.41216 -121.21468 
    9.76952 -121.11061 
    9.12426 -121.04552 
    8.47966 -121.00247 
    7.83475 -120.95023 
    7.18588 -120.93954 
    6.53590 -120.97155 
    5.88789 -121.04721 
    5.24514 -121.16717 
    4.61112 -121.33172 
    3.98937 -121.54071 
    3.38346 -121.79355 
    2.79686 -122.08913 
    2.23289 -122.42590 
    1.69460 -122.80183 
    1.18473 -123.21453 
    0.70564 -123.66129 
    0.25929 -124.13919 
    -0.15277 -124.64517 
    -0.52934 -125.17616 
    -0.86959 -125.72908 
    -1.17295 -126.30099 
    -1.43910 -126.88908 
    -1.67221 -127.48895 
    -1.87109 -128.09941 
    -2.03111 -128.71989 
    -2.15222 -129.34790 
    -2.23443 -129.98099 
    -2.27784 -130.61679 
Cell 19 100 25.93675 -123.53519 
    15.03192 -123.53519 
    15.31733 -124.20330 
    15.66263 -124.83311 
    15.99691 -125.43131 
    16.30871 -126.00725 
    16.59971 -126.56897 
    16.87519 -127.12291 
    17.14602 -127.67179 
    17.42414 -128.21504 
    17.69994 -128.76242 
    17.97882 -129.31696 
    18.26905 -129.87845 
    18.58010 -130.44354 
    18.92115 -131.00604 
    19.26059 -131.60529 
    19.76825 -132.02539 
    20.30340 -132.41193 
    20.86373 -132.76297 
    21.44683 -133.07675 
    22.05010 -133.35173 
    22.67087 -133.58653 
    23.30635 -133.77991 
    23.95367 -133.93088 
    24.60985 -134.03864 
    25.27189 -134.10286 
    25.93675 -134.12341 
    26.60143 -134.09993 
    27.26286 -134.03241 
    27.91800 -133.92131 
    28.56389 -133.76724 
    29.19759 -133.57103 
    29.81625 -133.33369 
    30.41711 -133.05644 
    30.99753 -132.74071 
    31.55498 -132.38811 
    32.08708 -132.00040 
    32.59162 -131.57954 
    33.06656 -131.12766 
    33.51003 -130.64697 
    33.92041 -130.13985 
    34.29632 -129.60876 
    34.63664 -129.05630 
    34.94053 -128.48506 
    35.20750 -127.89767 
    35.43739 -127.29676 
    35.63042 -126.68485 
    35.78716 -126.06435 
    35.90851 -125.43740 
    35.99562 -124.80592 
    36.04984 -124.17145 
    36.07249 -123.53519 
    36.06476 -122.89799 
    36.02746 -122.26044 
    35.96082 -121.62299 
    35.86437 -120.98621 
    35.73680 -120.35096 
    35.57600 -119.71873 
    35.37918 -119.09191 
    35.14317 -118.47392 
    34.88828 -117.85437 
    34.66225 -117.19573 
    34.40775 -116.52737 
    34.11773 -115.85274 
    33.78414 -115.17856 
    33.39888 -114.51501 
    32.95492 -113.87550 
    32.44749 -113.27589 
    31.87510 -112.73337 
    31.24022 -112.26474 
    30.54945 -111.88483 
    29.81316 -111.60482 
    29.04458 -111.43099 
    28.25851 -111.36408 
    27.46986 -111.39933 
    26.69223 -111.52711 
    25.93675 -111.73417 
    25.21135 -112.00524 
    24.52053 -112.32471 
    23.86565 -112.67809 
    23.24543 -113.05320 
    22.65691 -113.44088 
    22.09465 -113.83116 
    21.46584 -114.03402 
    20.84599 -114.27513 
    20.23768 -114.55490 
    19.64376 -114.87364 
    19.06733 -115.23148 
    18.51170 -115.62832 
    17.98042 -116.06370 
    17.47718 -116.53682 
    17.00572 -117.04642 
    16.56982 -117.59075 
    16.17312 -118.16759 
    15.81906 -118.77416 
    15.51076 -119.40725 
    15.25094 -120.06316 
    15.04182 -120.73785 
    14.88504 -121.42696 
    14.78166 -122.12597 
    14.75864 -122.83192 
Cell 20 100 49.98782 -124.08594 
    39.93188 -124.08594 
    39.94613 -124.71770 
    40.00009 -125.34768 
    40.09368 -125.97334 
    40.22660 -126.59219 
    40.39841 -127.20172 
    40.60851 -127.79947 
    40.85609 -128.38300 
    41.14024 -128.94994 
    41.45984 -129.49796 
    41.81365 -130.02483 
    42.20028 -130.52835 
    42.61818 -131.00650 
    43.06564 -131.45732 
    43.54090 -131.87892 
    44.04205 -132.26961 
    44.56703 -132.62775 
    45.11373 -132.95189 
    45.67991 -133.24072 
    46.26328 -133.49307 
    46.86144 -133.70795 
    47.47198 -133.88448 
    48.09242 -134.02200 
    48.72023 -134.12001 
    49.35287 -134.17815 
    49.98782 -134.19627 
    50.62253 -134.17436 
    51.25449 -134.11261 
    51.88120 -134.01135 
    52.50023 -133.87112 
    53.10920 -133.69255 
    53.70580 -133.47647 
    54.28780 -133.22386 
    54.85306 -132.93578 
    55.39954 -132.61343 
    55.92530 -132.25818 
    56.39634 -131.83250 
    56.63578 -131.16530 
    56.89404 -130.57130 
    57.16395 -130.02255 
    57.43538 -129.49690 
    57.70393 -128.98273 
    57.96815 -128.47316 
    58.22911 -127.96399 
    58.49141 -127.45274 
    58.76573 -126.93805 
    59.05680 -126.41446 
    59.37313 -125.87627 
    59.72421 -125.31593 
    60.11894 -124.72334 
    60.57113 -124.08594 
    61.07664 -123.38829 
    61.30161 -122.65668 
    61.31394 -121.92537 
    61.17887 -121.21256 
    60.91090 -120.53681 
    60.52853 -119.91257 
    60.06256 -119.34512 
    59.62732 -118.78658 
    59.48215 -118.06065 
    59.29237 -117.32579 
    59.04409 -116.59394 
    58.72427 -115.88187 
    58.32302 -115.20985 
    57.83572 -114.59946 
    57.26430 -114.07073 
    56.61746 -113.63931 
    55.90966 -113.31416 
    55.15911 -113.09638 
    54.38526 -112.97929 
    53.60616 -112.94984 
    52.83650 -112.99107 
    52.08641 -113.08478 
    51.36420 -113.19082 
    50.67239 -113.20506 
    49.98782 -113.26556 
    49.31360 -113.36947 
    48.65227 -113.51393 
    48.00587 -113.69620 
    47.37605 -113.91374 
    46.76410 -114.16434 
    46.17112 -114.44605 
    45.59808 -114.75726 
    45.04590 -115.09662 
    44.51555 -115.46301 
    44.00804 -115.85547 
    43.52449 -116.27312 
    43.06614 -116.71510 
    42.63428 -117.18050 
    42.23031 -117.66837 
    41.85564 -118.17756 
    41.51167 -118.70681 
    41.19982 -119.25469 
    40.91962 -119.81876 
    40.66629 -120.39529 
    40.44897 -120.98658 
    40.26865 -121.59048 
    40.12617 -122.20473 
    40.02221 -122.82699 
    39.95732 -123.45487 
Cell 21 100 66.43960 -132.01149 
    56.33514 -132.01149 
    56.19373 -132.65610 
    56.09447 -133.31839 
    56.03425 -133.99641 
    56.06685 -134.67476 
    56.17958 -135.34517 
    56.31197 -136.02130 
    56.52625 -136.67636 
    56.81969 -137.30008 
    57.15458 -137.90395 
    57.52988 -138.48477 
    57.94410 -139.03958 
    58.39549 -139.56540 
    58.88202 -140.05949 
    59.40133 -140.51929 
    59.95089 -140.94243 
    60.52795 -141.32675 
    61.12959 -141.67035 
    61.75272 -141.97160 
    62.39414 -142.22914 
    63.05173 -142.43826 
    63.75691 -142.45985 
    64.48852 -142.23943 
    65.16831 -142.07478 
    65.81303 -141.97050 
    66.43960 -141.91611 
    67.06074 -141.88416 
    67.68415 -141.86314 
    68.32004 -141.86908 
    68.98759 -141.93524 
    69.64362 -141.87245 
    70.26630 -141.67664 
    70.87171 -141.43021 
    71.44215 -141.11110 
    71.97092 -140.72745 
    72.47066 -140.31253 
    72.93969 -139.86874 
    73.37648 -139.39853 
    73.77979 -138.90439 
    74.18387 -138.41811 
    74.58006 -137.92589 
    74.94681 -137.41032 
    75.28296 -136.87317 
    75.58742 -136.31613 
    75.85912 -135.74094 
    76.09702 -135.14937 
    76.30006 -134.54323 
    76.46720 -133.92436 
    76.59734 -133.29471 
    76.68937 -132.65636 
    76.74220 -132.01149 
    76.75473 -131.36252 
    76.72598 -130.71202 
    76.65507 -130.06279 
    76.54129 -129.41782 
    76.38419 -128.78030 
    76.18362 -128.15356 
    75.93979 -127.54104 
    75.65331 -126.94621 
    75.32523 -126.37250 
    74.95702 -125.82323 
    74.55056 -125.30151 
    74.10816 -124.81023 
    73.63245 -124.35188 
    73.12630 -123.92865 
    72.59283 -123.54229 
    72.07626 -123.12954 
    71.59559 -122.63278 
    71.08604 -122.13729 
    70.53986 -121.65541 
    69.95042 -121.20627 
    69.31464 -120.81393 
    68.63478 -120.50393 
    67.91928 -120.29858 
    67.18192 -120.21257 
    66.43960 -120.24982 
    65.70924 -120.40268 
    65.00476 -120.65360 
    64.33504 -120.97899 
    63.70316 -121.35376 
    63.10730 -121.75571 
    62.54246 -122.16845 
    61.91508 -122.39641 
    61.29986 -122.66235 
    61.01827 -123.46884 
    60.62616 -124.00999 
    60.25345 -124.53373 
    59.90175 -125.04939 
    59.57061 -125.56108 
    59.25871 -126.07095 
    58.96449 -126.58051 
    58.68470 -127.09008 
    58.41570 -127.60031 
    58.15315 -128.11218 
    57.88889 -128.62602 
    57.61892 -129.14549 
    57.34296 -129.67587 
    57.06524 -130.22324 
    56.79747 -130.79341 
    56.55527 -131.38962 
Cell 22 100 81.54729 -115.49367 
    69.41390 -115.49367 
    69.43340 -116.25581 
    69.52712 -117.01217 
    69.69243 -117.75510 
    69.92514 -118.47773 
    70.21985 -119.17418 
    70.57026 -119.83978 
    70.96964 -120.47113 
    71.41112 -121.06608 
    71.88791 -121.62370 
    72.39401 -122.14391 
    72.92308 -122.62823 
    73.47102 -123.07779 
    74.03480 -123.49366 
    74.61297 -123.87582 
    75.20314 -124.22565 
    75.80367 -124.54418 
    76.41367 -124.83169 
    77.03253 -125.08802 
    77.65968 -125.31264 
    78.29451 -125.50471 
    78.93622 -125.66312 
    79.58379 -125.78671 
    80.23592 -125.87421 
    80.89104 -125.92448 
    81.54729 -125.94308 
    82.20375 -125.92777 
    82.85807 -125.86955 
    83.50735 -125.76863 
    84.14869 -125.62543 
    84.77924 -125.44060 
    85.39622 -125.21496 
    85.99689 -124.94955 
    86.57862 -124.64561 
    87.13885 -124.30455 
    87.67516 -123.92794 
    88.18523 -123.51756 
    88.66678 -123.07515 
    89.11683 -122.60194 
    89.53469 -122.10142 
    89.91981 -121.57666 
    90.27107 -121.02995 
    90.58685 -120.46320 
    90.86732 -119.87934 
    91.11409 -119.28143 
    91.33102 -118.67259 
    91.52473 -118.05544 
    91.70467 -117.43129 
    91.88264 -116.79932 
    92.07092 -116.15575 
    92.27883 -115.49367 
    92.50829 -114.80406 
    92.74928 -114.07853 
    92.97737 -113.31326 
    93.15497 -112.51332 
    93.23716 -111.69540 
    93.18140 -110.88740 
    92.95831 -110.12405 
    92.56001 -109.43938 
    92.00273 -108.85844 
    91.32297 -108.39123 
    90.56826 -108.03088 
    90.06184 -107.49797 
    89.65000 -106.86516 
    89.19075 -106.25432 
    88.68375 -105.67118 
    88.12945 -105.12185 
    87.52917 -104.61267 
    86.88522 -104.15000 
    86.20090 -103.74001 
    85.48053 -103.38841 
    84.72937 -103.10030 
    83.95351 -102.87984 
    83.15969 -102.73022 
    82.35513 -102.65340 
    81.54729 -102.65010 
    80.74362 -102.71973 
    79.95135 -102.86048 
    79.17724 -103.06938 
    78.42739 -103.34245 
    77.70714 -103.67489 
    77.02090 -104.06129 
    76.37212 -104.49585 
    75.76331 -104.97263 
    75.19605 -105.48572 
    74.67113 -106.02946 
    74.18862 -106.59856 
    73.74802 -107.18828 
    73.34840 -107.79440 
    72.98861 -108.41331 
    72.66735 -109.04201 
    72.18399 -109.55154 
    71.68173 -110.07003 
    71.21163 -110.63007 
    70.78103 -111.23100 
    70.39746 -111.87086 
    70.06829 -112.54636 
    69.80029 -113.25281 
    69.59921 -113.98428 
    69.46950 -114.73380 
Cell 23 100 99.59467 -129.42879 
    88.04739 -129.42879 
    88.21773 -130.14456 
    88.43726 -130.83830 
    88.69870 -131.50731 
    88.99534 -132.15024 
    89.32136 -132.76678 
    89.72981 -133.33456 
    90.32909 -133.78885 
    90.87376 -134.22314 
    91.38294 -134.64011 
    91.85815 -135.04970 
    92.29543 -135.46724 
    92.71662 -135.88771 
    93.13754 -136.30493 
    93.56153 -136.72162 
    93.99258 -137.13940 
    94.43503 -137.55908 
    94.88710 -137.99184 
    95.33402 -138.48314 
    95.79799 -139.01811 
    96.39380 -139.28006 
    97.00793 -139.50351 
    97.63783 -139.68690 
    98.28084 -139.82887 
    98.93411 -139.92812 
    99.59467 -139.98349 
    100.25939 -139.99414 
    100.92503 -139.95959 
    101.58833 -139.87987 
    102.24621 -139.75584 
    102.89737 -139.59344 
    103.54103 -139.39613 
    104.16948 -139.15074 
    104.77847 -138.85808 
    105.36716 -138.52478 
    105.93268 -138.15231 
    106.47224 -137.74234 
    106.98322 -137.29680 
    107.46315 -136.81778 
    107.90971 -136.30759 
    108.32079 -135.76869 
    108.69447 -135.20369 
    109.02903 -134.61537 
    109.32301 -134.00659 
    109.57514 -133.38034 
    109.78442 -132.73964 
    109.95008 -132.08760 
    110.07165 -131.42738 
    110.14886 -130.76208 
    110.18174 -130.09486 
    110.17056 -129.42879 
    110.11589 -128.76685 
    110.01851 -128.11195 
    109.87948 -127.46686 
    109.70010 -126.83415 
    109.48190 -126.21623 
    109.22659 -125.61524 
    108.93611 -125.03304 
    108.61250 -124.47120 
    108.25788 -123.93095 
    107.87445 -123.41318 
    107.46432 -122.91845 
    107.02953 -122.44700 
    106.57191 -121.99879 
    106.09306 -121.57359 
    105.59425 -121.17108 
    105.07641 -120.79096 
    104.54010 -120.43308 
    103.98559 -120.09763 
    103.41282 -119.78526 
    102.82164 -119.49721 
    102.21188 -119.23545 
    101.58356 -119.00267 
    100.93711 -118.80230 
    100.27354 -118.63840 
    99.59467 -118.51552 
    98.90322 -118.43843 
    98.20291 -118.41185 
    97.49847 -118.44012 
    96.79553 -118.52685 
    96.10045 -118.67466 
    95.42004 -118.88487 
    94.76129 -119.15733 
    94.13099 -119.49039 
    93.53537 -119.88086 
    92.97984 -120.32424 
    92.46772 -120.81378 
    91.83124 -121.16158 
    91.21423 -121.55904 
    90.62514 -122.00855 
    90.07320 -122.51104 
    89.56770 -123.06548 
    89.11674 -123.66850 
    88.72810 -124.31537 
    88.40894 -125.00004 
    88.16383 -125.71468 
    87.99500 -126.45050 
    87.90228 -127.19834 
    87.88326 -127.94930 
    87.93359 -128.69513 
Cell 24 100 -106.24564 -111.55846 
    -116.55112 -111.55846 
    -116.53640 -112.20590 
    -116.47993 -112.85136 
    -116.38184 -113.49205 
    -116.24255 -114.12524 
    -116.06265 -114.74820 
    -115.84293 -115.35830 
    -115.58436 -115.95293 
    -115.28808 -116.52959 
    -114.95544 -117.08586 
    -114.58791 -117.61948 
    -114.18716 -118.12826 
    -113.75498 -118.61020 
    -113.29328 -119.06344 
    -112.80410 -119.48628 
    -112.28957 -119.87722 
    -111.75190 -120.23492 
    -111.19333 -120.55827 
    -110.61617 -120.84631 
    -110.02274 -121.09830 
    -109.41530 -121.31365 
    -108.79614 -121.49201 
    -108.16750 -121.63317 
    -107.53149 -121.73704 
    -106.89021 -121.80365 
    -106.24564 -121.83315 
    -105.59968 -121.82576 
    -104.95414 -121.78174 
    -104.31078 -121.70135 
    -103.67130 -121.58488 
    -103.03736 -121.43255 
    -102.41064 -121.24456 
    -101.79289 -121.02105 
    -101.18589 -120.76212 
    -100.59158 -120.46784 
    -100.01204 -120.13829 
    -99.44953 -119.77355 
    -98.90652 -119.37383 
    -98.38570 -118.93944 
    -97.88995 -118.47089 
    -97.42233 -117.96898 
    -96.98602 -117.43480 
    -96.58434 -116.86981 
    -96.22057 -116.27591 
    -95.89791 -115.65542 
    -95.61945 -115.01112 
    -95.38798 -114.34624 
    -95.20593 -113.66440 
    -95.07534 -112.96960 
    -94.68301 -112.28593 
    -94.27808 -111.55846 
    -94.02714 -110.78974 
    -93.98940 -110.01014 
    -94.18721 -109.25819 
    -94.59766 -108.56777 
    -95.16085 -107.95679 
    -95.80070 -107.42302 
    -96.26572 -106.86227 
    -96.03346 -105.94427 
    -95.81157 -104.93680 
    -97.47102 -105.18333 
    -97.95513 -104.69995 
    -98.45407 -104.24168 
    -98.97705 -103.81820 
    -99.52107 -103.42986 
    -100.08334 -103.07678 
    -100.66132 -102.75896 
    -101.25267 -102.47628 
    -101.85532 -102.22856 
    -102.46738 -102.01565 
    -103.08709 -101.83743 
    -103.71284 -101.69382 
    -104.34307 -101.58483 
    -104.97630 -101.51054 
    -105.60531 -101.38060 
    -106.24564 -101.25682 
    -106.90112 -101.13998 
    -107.57507 -101.03497 
    -108.26844 -100.95458 
    -108.97741 -100.91894 
    -109.69183 -100.95218 
    -110.39557 -101.07695 
    -111.06901 -101.30830 
    -111.69337 -101.64908 
    -112.25529 -102.08878 
    -112.74991 -102.60612 
    -113.18134 -103.17464 
    -113.56054 -103.76890 
    -113.90125 -104.36937 
    -114.21609 -104.96474 
    -114.51361 -105.55144 
    -114.86685 -106.08728 
    -115.20538 -106.63280 
    -115.50887 -107.19952 
    -115.77586 -107.78519 
    -116.00506 -108.38744 
    -116.19535 -109.00381 
    -116.34578 -109.63176 
    -116.45558 -110.26865 
    -116.52415 -110.91180 
