82 25 
Cell 0 100 -121.32920 -146.74242 
    -131.32928 -146.74242 
    -131.30954 -147.37033 
    -131.25041 -147.99576 
    -131.15211 -148.61624 
    -131.01506 -149.22932 
    -130.83978 -149.83260 
    -130.63086 -150.42520 
    -130.39052 -151.00635 
    -130.12263 -151.57664 
    -129.81969 -152.13065 
    -129.48163 -152.66550 
    -129.10959 -153.17891 
    -128.70493 -153.66867 
    -128.26907 -154.13263 
    -127.80365 -154.56868 
    -127.31045 -154.97490 
    -126.79137 -155.34943 
    -126.24847 -155.69052 
    -125.68389 -155.99660 
    -125.09993 -156.26619 
    -124.49899 -156.49800 
    -123.88354 -156.69092 
    -123.25617 -156.84395 
    -122.61951 -156.95628 
    -121.97627 -157.02736 
    -121.32920 -157.05673 
    -120.68107 -157.04416 
    -120.03468 -156.98964 
    -119.39281 -156.89333 
    -118.75827 -156.75554 
    -118.13379 -156.57689 
    -117.52209 -156.35806 
    -116.92583 -156.10004 
    -116.34760 -155.80391 
    -115.78988 -155.47099 
    -115.25507 -155.10274 
    -114.74548 -154.70078 
    -114.26324 -154.26689 
    -113.81042 -153.80302 
    -113.38888 -153.31122 
    -113.00037 -152.79367 
    -112.64646 -152.25266 
    -112.32855 -151.69057 
    -112.04788 -151.10988 
    -111.80531 -150.51318 
    -111.57255 -149.91254 
    -111.37353 -149.29860 
    -111.20853 -148.67303 
    -111.07768 -148.03749 
    -110.98106 -147.39346 
    -111.03177 -146.74242 
    -111.44713 -146.12070 
    -111.77719 -145.53572 
    -112.05653 -144.97356 
    -112.30481 -144.42534 
    -112.53561 -143.88519 
    -112.75915 -143.34929 
    -112.98366 -142.81529 
    -113.21490 -142.28156 
    -113.45411 -141.74474 
    -113.70959 -141.20645 
    -113.98374 -140.66573 
    -114.27151 -140.11481 
    -114.60896 -139.58609 
    -114.97704 -139.06396 
    -115.35885 -138.52493 
    -115.68951 -137.85568 
    -115.68743 -136.48007 
    -116.48745 -136.45317 
    -117.25674 -136.45656 
    -117.97751 -136.42696 
    -118.65883 -136.34201 
    -119.32587 -136.24057 
    -119.98755 -136.12213 
    -120.65174 -135.97444 
    -121.32920 -135.72163 
    -122.04031 -135.43968 
    -122.79930 -135.10538 
    -123.60513 -134.81155 
    -124.31288 -135.12173 
    -124.98724 -135.48412 
    -125.58469 -135.99429 
    -126.07902 -136.64854 
    -126.52119 -137.29822 
    -127.03265 -137.75523 
    -127.53125 -138.20602 
    -128.12285 -138.53030 
    -128.91646 -138.66281 
    -128.91541 -139.61850 
    -129.22491 -140.21051 
    -129.57309 -140.75288 
    -129.89091 -141.30899 
    -130.17805 -141.87772 
    -130.43405 -142.45799 
    -130.65831 -143.04877 
    -130.85016 -143.64888 
    -131.01517 -144.25548 
    -131.15219 -144.86858 
    -131.25046 -145.48907 
    -131.30957 -146.11450 
Cell 1 100 -104.09592 -139.54129 
    -114.64055 -139.54129 
    -114.23779 -140.17935 
    -113.92433 -140.78291 
    -113.63615 -141.36119 
    -113.37441 -141.92360 
    -113.13033 -142.47675 
    -112.89539 -143.02524 
    -112.66549 -143.57382 
    -112.43324 -144.12476 
    -112.19032 -144.67815 
    -111.92822 -145.23178 
    -111.63869 -145.78120 
    -111.31419 -146.31969 
    -110.97017 -146.86162 
    -110.48560 -147.26509 
    -109.98988 -147.65363 
    -109.47051 -148.01028 
    -108.92956 -148.33363 
    -108.36914 -148.62233 
    -107.79149 -148.87521 
    -107.19889 -149.09123 
    -106.59370 -149.26952 
    -105.97835 -149.40930 
    -105.35527 -149.51001 
    -104.72695 -149.57123 
    -104.09592 -149.59268 
    -103.46471 -149.57428 
    -102.83582 -149.51605 
    -102.21180 -149.41823 
    -101.59514 -149.28120 
    -100.98832 -149.10551 
    -100.39378 -148.89185 
    -99.81390 -148.64107 
    -99.25101 -148.35416 
    -98.70737 -148.03230 
    -98.18515 -147.67677 
    -97.68645 -147.28900 
    -97.21327 -146.87057 
    -96.76749 -146.42314 
    -96.35090 -145.94853 
    -95.96477 -145.44893 
    -95.60114 -144.93225 
    -95.26655 -144.39528 
    -95.12343 -143.76341 
    -95.09797 -143.10384 
    -95.04164 -142.48320 
    -94.99342 -141.87842 
    -94.95712 -141.28461 
    -94.93517 -140.69856 
    -94.92698 -140.11815 
    -94.93395 -139.54129 
    -94.94335 -138.96545 
    -94.93398 -138.38387 
    -94.92918 -137.79263 
    -94.93529 -137.18924 
    -94.95123 -136.56999 
    -94.96864 -135.92754 
    -94.98559 -135.25429 
    -94.98488 -134.53246 
    -94.91674 -133.71602 
    -95.08764 -132.99638 
    -95.54221 -132.46504 
    -96.04369 -131.97974 
    -96.58484 -131.54280 
    -97.15799 -131.15477 
    -97.75564 -130.81464 
    -98.37092 -130.52013 
    -98.99802 -130.26825 
    -99.63235 -130.05573 
    -100.27053 -129.87944 
    -100.91026 -129.73682 
    -101.50571 -129.45306 
    -102.11804 -129.17288 
    -102.75699 -128.94252 
    -103.41936 -128.78755 
    -104.09592 -128.72888 
    -104.77324 -128.77568 
    -105.43745 -128.92204 
    -106.06379 -129.22537 
    -106.66951 -129.51785 
    -107.25543 -129.81732 
    -107.84566 -130.07056 
    -108.43740 -130.31519 
    -108.90014 -130.80244 
    -109.36720 -131.23508 
    -109.83920 -131.63634 
    -110.31559 -132.02301 
    -110.79539 -132.40707 
    -111.27734 -132.79750 
    -111.76173 -133.19958 
    -112.24752 -133.61882 
    -112.73269 -134.06023 
    -113.21986 -134.52536 
    -113.71766 -135.01366 
    -114.24695 -135.52222 
    -114.87048 -136.04042 
    -115.67182 -136.56911 
    -115.68871 -137.32985 
    -115.57305 -138.09138 
    -115.13069 -138.84705 
Cell 2 100 -84.82966 -141.33440 
    -94.96016 -141.33440 
    -95.00106 -141.97432 
    -95.05461 -142.62611 
    -95.10533 -143.29459 
    -95.17437 -143.99046 
    -94.86738 -144.59584 
    -94.54237 -145.17993 
    -94.19964 -145.74358 
    -93.83881 -146.28722 
    -93.45911 -146.81082 
    -93.05968 -147.31386 
    -92.63966 -147.79539 
    -92.23563 -148.28906 
    -91.80997 -148.76767 
    -91.35281 -149.21953 
    -90.86581 -149.64246 
    -90.35081 -150.03433 
    -89.80975 -150.39314 
    -89.24479 -150.71703 
    -88.65822 -151.00424 
    -88.05248 -151.25323 
    -87.43013 -151.46255 
    -86.79385 -151.63101 
    -86.14642 -151.75757 
    -85.49071 -151.84140 
    -84.82966 -151.88188 
    -84.16628 -151.87862 
    -83.50358 -151.83142 
    -82.84462 -151.74033 
    -82.19246 -151.60562 
    -81.55011 -151.42781 
    -80.92056 -151.20764 
    -80.30676 -150.94604 
    -79.71155 -150.64421 
    -79.13769 -150.30350 
    -78.58783 -149.92554 
    -78.06451 -149.51205 
    -77.57008 -149.06506 
    -77.10678 -148.58667 
    -76.67665 -148.07915 
    -76.28156 -147.54495 
    -75.92320 -146.98660 
    -75.60303 -146.40678 
    -75.32232 -145.80821 
    -75.04755 -145.20741 
    -74.79128 -144.59607 
    -74.56971 -143.96870 
    -74.38488 -143.32684 
    -74.23919 -142.67229 
    -74.13535 -142.00722 
    -74.07626 -141.33440 
    -74.06473 -140.65712 
    -74.10331 -139.97934 
    -74.19402 -139.30554 
    -74.33804 -138.64061 
    -74.53561 -137.98965 
    -74.78585 -137.35777 
    -75.08678 -136.74974 
    -75.43538 -136.16985 
    -75.82776 -135.62161 
    -76.25938 -135.10773 
    -76.72543 -134.62999 
    -77.22094 -134.18933 
    -77.74120 -133.78595 
    -78.28187 -133.41948 
    -78.83914 -133.08916 
    -79.40981 -132.79408 
    -79.99123 -132.53333 
    -80.54749 -132.23433 
    -81.11581 -131.95427 
    -81.69937 -131.70035 
    -82.29730 -131.47153 
    -82.90915 -131.26671 
    -83.53486 -131.08498 
    -84.17480 -130.92575 
    -84.82966 -130.78906 
    -85.50253 -130.63940 
    -86.19989 -130.48788 
    -86.91068 -130.42532 
    -87.61754 -130.47633 
    -88.36021 -130.46849 
    -89.12386 -130.48848 
    -89.87864 -130.60477 
    -90.60895 -130.82191 
    -91.36138 -131.04205 
    -92.09900 -131.32901 
    -92.81145 -131.68607 
    -93.48774 -132.11447 
    -94.11687 -132.61313 
    -94.68848 -133.17847 
    -94.93954 -133.98915 
    -94.98523 -134.88948 
    -94.97290 -135.75810 
    -94.95119 -136.57156 
    -94.93382 -137.33388 
    -94.93128 -138.05219 
    -94.93970 -138.73859 
    -94.93615 -139.40648 
    -94.92770 -140.05872 
    -94.93517 -140.69861 
Cell 3 100 -58.03317 -155.74422 
    -68.16778 -155.74422 
    -68.12290 -156.37901 
    -68.04101 -157.00850 
    -67.92278 -157.63077 
    -67.76880 -158.24390 
    -67.57959 -158.84604 
    -67.35565 -159.43524 
    -67.09754 -160.00958 
    -66.80589 -160.56706 
    -66.48145 -161.10565 
    -66.12514 -161.62337 
    -65.73830 -162.11845 
    -65.32286 -162.58969 
    -64.87865 -163.03391 
    -64.40741 -163.44936 
    -63.91103 -163.83438 
    -63.39144 -164.18750 
    -62.85071 -164.50728 
    -62.29097 -164.79248 
    -61.71442 -165.04198 
    -61.12334 -165.25478 
    -60.52007 -165.43005 
    -59.90699 -165.56709 
    -59.28651 -165.66536 
    -58.66108 -165.72449 
    -58.03317 -165.74469 
    -57.40514 -165.72649 
    -56.77937 -165.66908 
    -56.15827 -165.57281 
    -55.54418 -165.43820 
    -54.93938 -165.26591 
    -54.34603 -165.05688 
    -53.76611 -164.81218 
    -53.20145 -164.53310 
    -52.65362 -164.22104 
    -52.12397 -163.87755 
    -51.61354 -163.50421 
    -51.12317 -163.10263 
    -50.65340 -162.67429 
    -50.20465 -162.22054 
    -49.77728 -161.74248 
    -49.37175 -161.24092 
    -48.98877 -160.71643 
    -48.62950 -160.16925 
    -48.29573 -159.59955 
    -47.99000 -159.00745 
    -47.71566 -158.39331 
    -47.47683 -157.75795 
    -47.27827 -157.10287 
    -47.12513 -156.43050 
    -47.02258 -155.74422 
    -46.97544 -155.04852 
    -46.98766 -154.34885 
    -47.06205 -153.65137 
    -47.19984 -152.96269 
    -47.40060 -152.28949 
    -47.66220 -151.63806 
    -47.98089 -151.01398 
    -48.35168 -150.42177 
    -48.76866 -149.86478 
    -49.22530 -149.34492 
    -49.74314 -148.88611 
    -50.37921 -148.55667 
    -51.08393 -148.34402 
    -51.74207 -148.13957 
    -52.35626 -147.93062 
    -52.94300 -147.72339 
    -53.51251 -147.52116 
    -54.07154 -147.32532 
    -54.62318 -147.13156 
    -55.17342 -146.94281 
    -55.72599 -146.75835 
    -56.28406 -146.57504 
    -56.85100 -146.38635 
    -57.43181 -146.18584 
    -58.03317 -145.95436 
    -58.66522 -145.69817 
    -59.29693 -145.74057 
    -59.92634 -145.81990 
    -60.55145 -145.93620 
    -61.17017 -146.08952 
    -61.78623 -146.26509 
    -62.38350 -146.49930 
    -62.96447 -146.77422 
    -63.53303 -147.07784 
    -64.08174 -147.41908 
    -64.60727 -147.79750 
    -65.10623 -148.21217 
    -65.57525 -148.66173 
    -66.01116 -149.14426 
    -66.41112 -149.65729 
    -66.77271 -150.19794 
    -67.09409 -150.76294 
    -67.37396 -151.34877 
    -67.61164 -151.95183 
    -67.80696 -152.56853 
    -67.96021 -153.19539 
    -68.07204 -153.82921 
    -68.14327 -154.46701 
    -68.17487 -155.10616 
Cell 4 100 -50.69468 -138.64166 
    -62.72281 -138.64166 
    -62.56301 -139.38835 
    -62.35360 -140.11453 
    -62.09878 -140.81711 
    -61.80276 -141.49373 
    -61.46960 -142.14264 
    -61.10311 -142.76265 
    -60.70679 -143.35300 
    -60.28374 -143.91330 
    -59.83669 -144.44336 
    -59.36800 -144.94319 
    -58.88094 -145.41393 
    -58.34662 -145.82730 
    -57.68692 -146.08765 
    -57.04597 -146.31905 
    -56.42462 -146.52826 
    -55.82504 -146.72581 
    -55.24512 -146.91887 
    -54.68048 -147.11191 
    -54.12531 -147.30643 
    -53.57293 -147.50000 
    -53.01949 -147.69623 
    -52.45967 -147.89409 
    -51.88826 -148.08983 
    -51.30086 -148.27663 
    -50.69468 -148.46149 
    -50.06049 -148.72174 
    -49.38826 -148.98303 
    -48.73652 -148.90672 
    -48.08964 -148.78763 
    -47.45059 -148.62595 
    -46.82229 -148.42221 
    -46.20764 -148.17709 
    -45.60950 -147.89156 
    -45.03068 -147.56670 
    -44.47385 -147.20390 
    -43.94163 -146.80470 
    -43.43648 -146.37086 
    -42.96076 -145.90430 
    -42.51663 -145.40714 
    -42.10613 -144.88161 
    -41.73108 -144.33014 
    -41.39310 -143.75525 
    -41.09364 -143.15958 
    -40.83391 -142.54582 
    -40.61493 -141.91678 
    -40.43748 -141.27527 
    -40.30215 -140.62415 
    -40.20928 -139.96628 
    -40.15906 -139.30450 
    -40.15145 -138.64166 
    -40.18623 -137.98053 
    -40.26301 -137.32384 
    -40.38124 -136.67427 
    -40.54023 -136.03444 
    -40.73914 -135.40691 
    -40.97701 -134.79416 
    -41.25274 -134.19862 
    -41.56519 -133.62268 
    -41.91994 -133.07304 
    -42.31554 -132.55386 
    -42.73642 -132.05801 
    -43.17483 -131.58005 
    -43.63568 -131.12459 
    -44.12494 -130.70021 
    -44.62510 -130.28760 
    -45.12689 -129.86823 
    -45.65409 -129.47285 
    -46.20612 -129.10298 
    -46.78241 -128.76039 
    -47.38229 -128.44717 
    -48.00492 -128.16576 
    -48.64921 -127.91893 
    -49.31366 -127.70972 
    -50.01377 -127.81902 
    -50.69468 -127.94616 
    -51.35828 -128.09401 
    -52.00673 -128.25569 
    -52.62962 -128.49835 
    -53.23329 -128.75443 
    -53.83130 -128.98813 
    -54.42594 -129.21758 
    -55.01719 -129.45587 
    -55.60679 -129.70657 
    -56.19408 -129.97598 
    -56.77655 -130.27069 
    -57.35607 -130.58942 
    -57.93873 -130.92754 
    -58.52440 -131.28906 
    -59.12458 -131.66785 
    -59.76496 -132.05171 
    -60.52011 -132.40625 
    -61.41970 -132.74553 
    -62.01403 -133.31519 
    -62.42813 -133.99606 
    -62.65005 -134.75713 
    -62.79020 -135.53606 
    -62.86555 -136.31995 
    -62.87758 -137.10260 
    -62.82892 -137.87823 
Cell 5 100 -8.44381 -145.91858 
    -18.84253 -145.91858 
    -18.85647 -146.57368 
    -18.82736 -147.23033 
    -18.75496 -147.88554 
    -18.63925 -148.53632 
    -18.48042 -149.17967 
    -18.27893 -149.81258 
    -18.03543 -150.43205 
    -17.75082 -151.03516 
    -17.42621 -151.61899 
    -17.06293 -152.18074 
    -16.66254 -152.71770 
    -16.22680 -153.22729 
    -15.75767 -153.70705 
    -15.25729 -154.15466 
    -14.72796 -154.56798 
    -14.17218 -154.94505 
    -13.59255 -155.28410 
    -12.99181 -155.58357 
    -12.37282 -155.84212 
    -11.73850 -156.05861 
    -11.09188 -156.23215 
    -10.43601 -156.36209 
    -9.77398 -156.44795 
    -9.10888 -156.48959 
    -8.44381 -156.48703 
    -7.78182 -156.44054 
    -7.12593 -156.35063 
    -6.47909 -156.21799 
    -5.84415 -156.04355 
    -5.22389 -155.82846 
    -4.62094 -155.57404 
    -4.03783 -155.28175 
    -3.47694 -154.95328 
    -2.94051 -154.59039 
    -2.43059 -154.19507 
    -1.94907 -153.76936 
    -1.49771 -153.31541 
    -1.06603 -152.84677 
    -0.62541 -152.38652 
    -0.21665 -151.89595 
    0.11592 -151.35074 
    0.35698 -150.75685 
    0.56733 -150.15891 
    0.76826 -149.56590 
    0.95672 -148.97299 
    1.13062 -148.37686 
    1.28867 -147.77515 
    1.43036 -147.16597 
    1.55605 -146.54771 
    1.66726 -145.91858 
    1.76773 -145.27612 
    1.98641 -144.60094 
    2.33436 -143.86253 
    2.78205 -143.03627 
    3.33614 -142.09105 
    3.26594 -141.28236 
    3.04373 -140.51295 
    2.67500 -139.80597 
    2.17073 -139.18239 
    1.55436 -138.65450 
    0.85741 -138.22394 
    0.11388 -137.88239 
    -0.64521 -137.61392 
    -1.39578 -137.39899 
    -2.12271 -137.21834 
    -2.81960 -137.05626 
    -3.47354 -136.87770 
    -4.06479 -136.61270 
    -4.66911 -136.38480 
    -5.28416 -136.19420 
    -5.90770 -136.04108 
    -6.52375 -135.85329 
    -7.14675 -135.65134 
    -7.78614 -135.46529 
    -8.44381 -135.12508 
    -9.13023 -135.00812 
    -9.80065 -135.17804 
    -10.47037 -135.29497 
    -11.13374 -135.44199 
    -11.79411 -135.60739 
    -12.45132 -135.79677 
    -13.10689 -136.00903 
    -13.76454 -136.24020 
    -14.34138 -136.62550 
    -14.83031 -137.12831 
    -15.26948 -137.66776 
    -15.66945 -138.22406 
    -16.03765 -138.78749 
    -16.38031 -139.35294 
    -16.70138 -139.91910 
    -17.00225 -140.48723 
    -17.28211 -141.05968 
    -17.60172 -141.60919 
    -17.89368 -142.17711 
    -18.14968 -142.76495 
    -18.36820 -143.37042 
    -18.54786 -143.99113 
    -18.68747 -144.62450 
    -18.78598 -145.26790 
Cell 6 100 10.12089 -151.13710 
    0.20264 -151.13710 
    -0.14784 -151.78314 
    -0.55495 -152.48578 
    -0.71252 -153.20369 
    -0.69946 -153.91530 
    -0.57537 -154.61252 
    -0.36008 -155.28680 
    -0.09293 -155.94336 
    0.21978 -156.58029 
    0.57650 -157.19415 
    0.97539 -157.78169 
    1.41433 -158.33980 
    1.89099 -158.86549 
    2.40271 -159.35614 
    2.94671 -159.80920 
    3.51999 -160.22246 
    4.11938 -160.59398 
    4.74159 -160.92203 
    5.38318 -161.20526 
    6.04065 -161.44263 
    6.71049 -161.63324 
    7.38912 -161.77667 
    8.07296 -161.87274 
    8.75850 -161.92154 
    9.44228 -161.92345 
    10.12089 -161.87918 
    10.79109 -161.78960 
    11.44974 -161.65596 
    12.09384 -161.47966 
    12.72060 -161.26228 
    13.32739 -161.00569 
    13.91178 -160.71179 
    14.50494 -160.45367 
    15.10185 -160.19742 
    15.68584 -159.90605 
    16.25495 -159.57990 
    16.80707 -159.21930 
    17.33998 -158.82465 
    17.85132 -158.39645 
    18.33854 -157.93533 
    18.79899 -157.44211 
    19.22984 -156.91782 
    19.62820 -156.36378 
    19.99110 -155.78166 
    20.31559 -155.17346 
    20.59880 -154.54158 
    20.83800 -153.88878 
    21.03070 -153.21826 
    21.17474 -152.53352 
    21.26833 -151.83844 
    21.31016 -151.13710 
    21.29942 -150.43381 
    21.23586 -149.73296 
    21.11980 -149.03894 
    20.95210 -148.35612 
    20.73421 -147.68863 
    20.46802 -147.04037 
    20.15592 -146.41498 
    19.80061 -145.81563 
    19.40511 -145.24516 
    18.97264 -144.70593 
    18.50653 -144.19989 
    18.01015 -143.72859 
    17.48682 -143.29318 
    16.93978 -142.89449 
    16.37214 -142.53300 
    15.78682 -142.20903 
    15.18657 -141.92267 
    14.57394 -141.67389 
    13.95130 -141.46260 
    13.32086 -141.28864 
    12.68468 -141.15182 
    12.04473 -141.05199 
    11.43263 -140.75360 
    10.79634 -140.40112 
    10.12089 -140.00861 
    9.39570 -139.61044 
    8.62141 -139.26747 
    7.81603 -139.05457 
    7.01447 -139.03836 
    6.25976 -139.25375 
    5.58887 -139.69051 
    5.01983 -140.29678 
    4.54683 -140.99792 
    4.10183 -141.65257 
    3.54265 -142.08293 
    3.04634 -142.58542 
    2.68387 -143.21748 
    2.34782 -143.83771 
    2.05194 -144.46187 
    1.82225 -145.10777 
    1.68808 -145.78548 
    1.57525 -146.43910 
    1.45231 -147.05797 
    1.31741 -147.65155 
    1.16955 -148.22864 
    1.00797 -148.79729 
    0.83207 -149.36516 
    0.64165 -149.93959 
    0.43754 -150.52788 
Cell 7 100 30.69522 -136.31279 
    20.32094 -136.31279 
    20.30002 -136.96680 
    20.32207 -137.62323 
    20.38744 -138.27910 
    20.49625 -138.93144 
    20.64842 -139.57719 
    20.84361 -140.21332 
    21.08125 -140.83678 
    21.36054 -141.44456 
    21.68043 -142.03374 
    22.03969 -142.60139 
    22.43683 -143.14471 
    22.87013 -143.66104 
    23.33766 -144.14778 
    23.83732 -144.60255 
    24.36682 -145.02309 
    24.92365 -145.40732 
    25.50522 -145.75336 
    26.10874 -146.05956 
    26.73132 -146.32445 
    27.36998 -146.54680 
    28.02165 -146.72565 
    28.68319 -146.86021 
    29.35142 -146.95003 
    30.02316 -146.99481 
    30.69522 -146.99458 
    31.36442 -146.94952 
    32.02766 -146.86017 
    32.68187 -146.72719 
    33.32407 -146.55151 
    33.95139 -146.33427 
    34.56108 -146.07686 
    35.15051 -145.78078 
    35.71721 -145.44775 
    36.25884 -145.07967 
    36.77327 -144.67851 
    37.25853 -144.24648 
    37.71285 -143.78581 
    38.16088 -143.32352 
    38.61399 -142.86377 
    39.04222 -142.37724 
    39.44420 -141.86507 
    39.81853 -141.32837 
    40.16373 -140.76834 
    40.47825 -140.18617 
    40.76043 -139.58318 
    41.00853 -138.96080 
    41.22068 -138.32063 
    41.39498 -137.66449 
    41.52945 -136.99442 
    41.62212 -136.31279 
    41.67109 -135.62225 
    41.67454 -134.92578 
    41.63086 -134.22670 
    41.53873 -133.52866 
    41.39711 -132.83553 
    41.20544 -132.15150 
    40.96357 -131.48087 
    40.67190 -130.82806 
    40.33138 -130.19749 
    39.94354 -129.59349 
    39.51044 -129.02020 
    39.03469 -128.48149 
    38.51940 -127.98088 
    37.96807 -127.52142 
    37.46073 -127.00085 
    36.90289 -126.53106 
    36.29137 -126.13342 
    35.63475 -125.81573 
    34.94376 -125.58218 
    34.23031 -125.43290 
    33.50635 -125.36414 
    32.78288 -125.36886 
    32.06909 -125.43746 
    31.37583 -125.49471 
    30.69522 -125.32502 
    29.99512 -125.18515 
    29.27745 -125.09004 
    28.54639 -125.04826 
    27.80812 -125.06830 
    27.07071 -125.15771 
    26.34373 -125.32219 
    25.63761 -125.56483 
    25.03304 -126.01334 
    24.52945 -126.59710 
    24.06932 -127.19302 
    23.66467 -127.81432 
    23.33543 -128.47542 
    23.03067 -129.11530 
    22.74315 -129.73427 
    22.47286 -130.33890 
    22.21743 -130.93262 
    21.97293 -131.51767 
    21.73436 -132.09615 
    21.49569 -132.67044 
    21.24953 -133.24370 
    20.98615 -133.81992 
    20.71082 -134.40817 
    20.48902 -135.02345 
    20.38427 -135.66408 
Cell 8 100 46.12613 -150.22488 
    36.09437 -150.22488 
    36.11644 -150.85464 
    36.16958 -151.48270 
    36.26035 -152.10689 
    36.39016 -152.72466 
    36.55884 -153.33348 
    36.76579 -153.93091 
    37.01029 -154.51447 
    37.29141 -155.08182 
    37.60810 -155.63058 
    37.95913 -156.15855 
    38.34318 -156.66350 
    38.75871 -157.14336 
    39.20408 -157.59612 
    39.67753 -158.01990 
    40.17717 -158.41293 
    40.70097 -158.77356 
    41.24683 -159.10030 
    41.81253 -159.39174 
    42.39577 -159.64668 
    42.99417 -159.86406 
    43.60528 -160.04295 
    44.22660 -160.18260 
    44.85557 -160.28244 
    45.48961 -160.34206 
    46.12613 -160.36119 
    46.76251 -160.33980 
    47.39613 -160.27798 
    48.02441 -160.17601 
    48.64476 -160.03430 
    49.25467 -159.85352 
    49.85162 -159.63440 
    50.43322 -159.37791 
    50.99710 -159.08514 
    51.54098 -158.75732 
    52.06268 -158.39584 
    52.56013 -158.00226 
    53.03134 -157.57819 
    53.47445 -157.12541 
    53.88772 -156.64583 
    54.26957 -156.14143 
    54.61850 -155.61430 
    54.93319 -155.06660 
    55.21248 -154.50060 
    55.45531 -153.91856 
    55.66081 -153.32289 
    55.82826 -152.71597 
    55.95708 -152.10023 
    56.04733 -151.47823 
    56.10757 -150.85286 
    56.12843 -150.22488 
    56.10979 -149.59677 
    56.05174 -148.97099 
    55.95448 -148.35002 
    55.81838 -147.73634 
    55.64398 -147.13235 
    55.43194 -146.54045 
    55.18311 -145.96300 
    54.89844 -145.40227 
    54.58128 -144.85909 
    54.23484 -144.33357 
    53.85986 -143.82698 
    53.45872 -143.33913 
    53.03352 -142.86926 
    52.58575 -142.41655 
    52.11596 -141.98059 
    51.62354 -141.56236 
    51.10690 -141.16490 
    50.56400 -140.79393 
    50.09407 -140.20303 
    49.60012 -139.53305 
    48.89771 -139.43031 
    48.12260 -139.75905 
    47.46117 -139.65694 
    46.79300 -139.62529 
    46.12613 -139.48329 
    45.44855 -139.45496 
    44.79533 -139.69046 
    44.18655 -140.05724 
    43.57788 -140.30011 
    42.98045 -140.54346 
    42.39870 -140.81047 
    41.83249 -141.10042 
    41.28232 -141.41403 
    40.74947 -141.75262 
    40.23580 -142.11754 
    39.74352 -142.50963 
    39.27295 -142.92699 
    38.82889 -143.37231 
    38.41373 -143.84464 
    38.02912 -144.34206 
    37.67656 -144.86263 
    37.35744 -145.40425 
    37.07301 -145.96481 
    36.82439 -146.54207 
    36.60140 -147.13011 
    36.37465 -147.72113 
    36.20293 -148.33194 
    36.11633 -148.96036 
    36.09247 -149.59361 
Cell 9 100 67.36846 -151.58832 
    56.56553 -151.58832 
    56.58789 -152.26657 
    56.59297 -152.94958 
    56.62329 -153.63806 
    56.69561 -154.32864 
    56.85135 -155.00552 
    57.05261 -155.67265 
    57.29922 -156.32654 
    57.59062 -156.96373 
    57.92584 -157.58078 
    58.30363 -158.17430 
    58.72231 -158.74104 
    59.17985 -159.27794 
    59.67398 -159.78210 
    60.20224 -160.25079 
    60.76181 -160.68159 
    61.34974 -161.07231 
    61.96292 -161.42096 
    62.59807 -161.72591 
    63.25178 -161.98587 
    63.92060 -162.19975 
    64.60095 -162.36705 
    65.28938 -162.48727 
    65.98234 -162.56061 
    66.67646 -162.58740 
    67.36846 -162.56841 
    68.05527 -162.50484 
    68.73406 -162.39816 
    69.40229 -162.25003 
    70.05779 -162.06255 
    70.69873 -161.83783 
    71.32368 -161.57808 
    71.93167 -161.28563 
    72.52197 -160.96251 
    73.09421 -160.61066 
    73.64823 -160.23167 
    74.18382 -159.82668 
    74.70081 -159.39647 
    75.19855 -158.94127 
    75.67612 -158.46101 
    76.13180 -157.95526 
    76.56322 -157.42349 
    76.96716 -156.86525 
    77.33018 -156.27594 
    77.60810 -155.64247 
    77.85882 -154.99684 
    78.08699 -154.34036 
    78.27026 -153.66795 
    78.39630 -152.98146 
    78.46439 -152.28641 
    78.47298 -151.58832 
    78.42012 -150.89301 
    78.30859 -150.20625 
    78.14197 -149.53316 
    77.92350 -148.87825 
    77.66362 -148.24323 
    77.52499 -147.56706 
    77.34329 -146.89452 
    77.11672 -146.22916 
    76.84373 -145.57513 
    76.52315 -144.93704 
    76.15437 -144.31998 
    75.73748 -143.72928 
    75.27325 -143.17056 
    74.76380 -142.64888 
    74.21118 -142.17012 
    73.61931 -141.73856 
    72.99237 -141.35847 
    72.33533 -141.03317 
    71.65369 -140.76508 
    70.95321 -140.55559 
    70.23982 -140.40511 
    69.51933 -140.31305 
    68.79729 -140.27795 
    68.07881 -140.29759 
    67.36846 -140.36916 
    66.67017 -140.48940 
    65.98724 -140.65488 
    65.32232 -140.86205 
    64.67744 -141.10748 
    64.05416 -141.38795 
    63.45362 -141.70056 
    62.87664 -142.04271 
    62.32385 -142.41220 
    61.79579 -142.80719 
    61.29299 -143.22615 
    60.81602 -143.66777 
    60.36554 -144.13097 
    59.83327 -144.51230 
    59.28731 -144.90300 
    58.73733 -145.31743 
    58.19334 -145.76561 
    57.67365 -146.25854 
    57.20326 -146.80493 
    56.80950 -147.40773 
    56.51606 -148.06216 
    56.33709 -148.75594 
    56.27361 -149.47186 
    56.31346 -150.19174 
    56.43483 -150.90044 
Cell 10 100 83.15756 -136.43771 
    71.52650 -136.43771 
    70.97510 -137.20416 
    71.10111 -137.96080 
    71.48447 -138.66447 
    71.91309 -139.32480 
    72.37006 -139.94278 
    72.84192 -140.52196 
    73.31922 -141.06729 
    73.79664 -141.58392 
    74.27252 -142.07632 
    74.74780 -142.54776 
    75.22389 -143.00102 
    75.70600 -143.43520 
    76.19720 -143.84975 
    76.70057 -144.24287 
    77.21847 -144.61218 
    77.75231 -144.95502 
    78.30263 -145.26880 
    78.86913 -145.55110 
    79.45085 -145.79979 
    80.04633 -146.01311 
    80.65371 -146.18959 
    81.27087 -146.32809 
    81.89552 -146.42780 
    82.52514 -146.48982 
    83.15756 -146.51302 
    83.79044 -146.49692 
    84.42136 -146.44170 
    85.04800 -146.34772 
    85.66807 -146.21548 
    86.27939 -146.04570 
    86.87985 -145.83916 
    87.46749 -145.59677 
    88.04043 -145.31961 
    88.59693 -145.00879 
    89.13539 -144.66550 
    89.65434 -144.29097 
    90.15241 -143.88647 
    90.62834 -143.45325 
    91.08096 -142.99252 
    91.50914 -142.50549 
    91.91179 -141.99332 
    92.28778 -141.45709 
    92.63598 -140.89792 
    92.95515 -140.31685 
    93.24391 -139.71497 
    93.50080 -139.09340 
    93.72415 -138.45340 
    93.91216 -137.79634 
    94.06287 -137.12383 
    94.17420 -136.43771 
    94.24399 -135.74022 
    94.27006 -135.03387 
    94.25027 -134.32167 
    94.18266 -133.60695 
    94.06548 -132.89351 
    93.89730 -132.18555 
    93.51543 -131.56367 
    93.06016 -130.99371 
    92.38021 -130.58484 
    91.74223 -130.20059 
    91.16436 -129.81390 
    90.61973 -129.43028 
    90.09203 -129.05324 
    89.57333 -128.68239 
    89.05718 -128.31758 
    88.53949 -127.95715 
    88.01727 -127.59795 
    87.48828 -127.23446 
    86.95049 -126.85788 
    86.40137 -126.45433 
    85.82870 -126.03435 
    85.21172 -125.66946 
    84.56409 -125.30390 
    83.86436 -125.20343 
    83.15756 -125.27760 
    82.46291 -125.39645 
    81.78306 -125.55743 
    81.12029 -125.75792 
    80.47643 -125.99541 
    79.85306 -126.26749 
    79.25142 -126.57193 
    78.67259 -126.90668 
    78.11749 -127.26987 
    77.58695 -127.65984 
    77.03396 -128.00929 
    76.41338 -128.28539 
    75.86962 -128.67683 
    75.52644 -129.27162 
    75.19414 -129.84979 
    74.89275 -130.43297 
    74.58051 -130.99455 
    74.25541 -131.54372 
    73.92605 -132.09370 
    73.59970 -132.65349 
    73.27969 -133.22820 
    72.96645 -133.82108 
    72.65841 -134.43489 
    72.34219 -135.07141 
    71.98352 -135.73471 
Cell 11 100 115.59883 -145.01250 
    105.43380 -145.01250 
    105.44437 -145.65137 
    105.49577 -146.28882 
    105.58788 -146.92220 
    105.72041 -147.54884 
    105.89289 -148.16615 
    106.10468 -148.77150 
    106.35495 -149.36234 
    106.64270 -149.93617 
    106.96677 -150.49057 
    107.32583 -151.02318 
    107.71839 -151.53177 
    108.14282 -152.01416 
    108.59734 -152.46834 
    109.08002 -152.89238 
    109.58885 -153.28453 
    110.12166 -153.64314 
    110.67619 -153.96675 
    111.25010 -154.25403 
    111.84095 -154.50381 
    112.44626 -154.71512 
    113.06345 -154.88715 
    113.68995 -155.01923 
    114.32310 -155.11092 
    114.96028 -155.16194 
    115.59883 -155.17220 
    116.23611 -155.14180 
    116.86952 -155.07103 
    117.49648 -154.96036 
    118.11453 -154.81050 
    118.72127 -154.62238 
    119.31448 -154.39714 
    119.89211 -154.13617 
    120.45242 -153.84114 
    120.99399 -153.51390 
    121.51585 -153.15657 
    122.01751 -152.77135 
    122.49905 -152.36049 
    122.96109 -151.92612 
    123.40469 -151.47006 
    123.83112 -150.99361 
    124.24164 -150.49739 
    124.63693 -149.98123 
    125.01674 -149.44423 
    125.37928 -148.88484 
    125.72088 -148.30135 
    126.03577 -147.69225 
    126.31619 -147.05695 
    126.55280 -146.39630 
    126.73549 -145.71315 
    126.85435 -145.01250 
    126.90092 -144.30142 
    126.86920 -143.58871 
    126.75648 -142.88406 
    126.88535 -142.11461 
    127.07204 -141.28462 
    126.71378 -140.61177 
    125.91966 -140.15588 
    125.12943 -139.77301 
    124.65535 -139.26506 
    124.15590 -138.79543 
    123.63911 -138.36099 
    123.11089 -137.95821 
    122.57491 -137.58372 
    122.03303 -137.23489 
    121.51022 -136.87617 
    120.99375 -136.51146 
    120.45841 -136.17294 
    119.90611 -135.85909 
    119.33784 -135.56883 
    118.75366 -135.30292 
    118.15294 -135.06488 
    117.53518 -134.86179 
    116.90116 -134.70348 
    116.25389 -134.60063 
    115.59883 -134.56204 
    114.94322 -134.59192 
    114.27232 -134.51205 
    113.55196 -134.28246 
    112.79147 -134.07857 
    112.01908 -133.99516 
    111.28601 -134.11957 
    110.64445 -134.48392 
    110.11954 -135.04570 
    109.69646 -135.71185 
    109.33253 -136.38768 
    108.98330 -137.01569 
    108.62285 -137.58383 
    108.24784 -138.10945 
    107.86906 -138.61787 
    107.47510 -139.11026 
    107.10873 -139.62451 
    106.77512 -140.16162 
    106.47574 -140.71950 
    106.21196 -141.29597 
    105.98499 -141.88876 
    105.79588 -142.49553 
    105.64553 -143.11380 
    105.53471 -143.74110 
    105.46400 -144.37486 
Cell 12 100 -117.65664 -126.72036 
    -128.01918 -126.72036 
    -128.34846 -127.39303 
    -128.62524 -128.10602 
    -128.84482 -128.85461 
    -129.00317 -129.63365 
    -129.09702 -130.43756 
    -129.12361 -131.26045 
    -129.08105 -132.09628 
    -128.96808 -132.93887 
    -128.78410 -133.78206 
    -128.52901 -134.61960 
    -128.20335 -135.44536 
    -127.80815 -136.25327 
    -127.34498 -137.03738 
    -124.84216 -135.40616 
    -123.54988 -134.83170 
    -122.94437 -135.05249 
    -122.37024 -135.29436 
    -121.80377 -135.53346 
    -121.23449 -135.75697 
    -120.66221 -135.97054 
    -120.06612 -136.10466 
    -119.46786 -136.21515 
    -118.86812 -136.31018 
    -118.26508 -136.39110 
    -117.65664 -136.44014 
    -117.04414 -136.45563 
    -116.42684 -136.45522 
    -115.79557 -136.47644 
    -115.20670 -136.26224 
    -114.67985 -135.88199 
    -114.19247 -135.46986 
    -113.74276 -135.03778 
    -113.31467 -134.61836 
    -112.89828 -134.21832 
    -112.48659 -133.83632 
    -112.07378 -133.46887 
    -111.65525 -133.11119 
    -111.22784 -132.75740 
    -110.78889 -132.40187 
    -110.33585 -132.03923 
    -109.87040 -131.66165 
    -109.39752 -131.26085 
    -108.92764 -130.82791 
    -108.47559 -130.35539 
    -107.63024 -129.97813 
    -106.70013 -129.53351 
    -105.62893 -129.01477 
    -105.18616 -128.29575 
    -105.42270 -127.49005 
    -105.70336 -126.72036 
    -105.85561 -125.97791 
    -105.89526 -125.23455 
    -105.93494 -124.48433 
    -105.90214 -123.70232 
    -106.16316 -122.98590 
    -106.73241 -122.39515 
    -107.46616 -121.92509 
    -108.20585 -121.52474 
    -108.81221 -121.10751 
    -109.07507 -120.48548 
    -109.37123 -119.86607 
    -109.70670 -119.25487 
    -110.08778 -118.66035 
    -110.51997 -118.09360 
    -111.00671 -117.56750 
    -111.54845 -117.09539 
    -112.14207 -116.68938 
    -112.78088 -116.35885 
    -113.45533 -116.10907 
    -114.15409 -115.94062 
    -114.86548 -115.84950 
    -115.57880 -115.82793 
    -116.28538 -115.86572 
    -116.97914 -115.95187 
    -117.65664 -116.07608 
    -118.31664 -116.22987 
    -118.95950 -116.40722 
    -119.58630 -116.60476 
    -120.19826 -116.82142 
    -120.79617 -117.05787 
    -121.38017 -117.31582 
    -121.94958 -117.59740 
    -122.50312 -117.90465 
    -123.03898 -118.23916 
    -123.55696 -118.59927 
    -124.05476 -118.98635 
    -124.52715 -119.40401 
    -124.97224 -119.85056 
    -125.38825 -120.32421 
    -125.77354 -120.82308 
    -126.12660 -121.34516 
    -126.44601 -121.88836 
    -126.73055 -122.45051 
    -126.97906 -123.02935 
    -127.19061 -123.62259 
    -127.36436 -124.22784 
    -127.49966 -124.84270 
    -127.59597 -125.46473 
    -127.64384 -126.09202 
Cell 13 100 -82.33815 -115.27341 
    -92.51661 -115.27341 
    -92.50871 -115.91329 
    -92.45992 -116.55209 
    -92.37032 -117.18715 
    -92.24010 -117.81580 
    -92.06971 -118.43539 
    -91.85974 -119.04327 
    -91.61098 -119.63687 
    -91.32439 -120.21364 
    -91.00112 -120.77110 
    -90.64249 -121.30687 
    -90.24996 -121.81863 
    -89.82518 -122.30421 
    -89.36993 -122.76151 
    -88.88613 -123.18856 
    -88.37583 -123.58357 
    -87.84122 -123.94486 
    -87.28456 -124.27090 
    -86.70824 -124.56033 
    -86.11474 -124.81198 
    -85.50657 -125.02481 
    -84.88634 -125.19799 
    -84.25671 -125.33086 
    -83.62034 -125.42294 
    -82.97991 -125.47396 
    -82.33815 -125.48380 
    -81.69773 -125.45255 
    -81.06133 -125.38047 
    -80.43158 -125.26800 
    -79.81106 -125.11578 
    -79.20229 -124.92461 
    -78.60770 -124.69544 
    -78.02966 -124.42942 
    -77.47040 -124.12782 
    -76.91529 -123.81847 
    -76.37127 -123.48612 
    -75.84579 -123.12132 
    -75.34074 -122.72490 
    -74.85804 -122.29771 
    -74.39968 -121.84069 
    -73.96777 -121.35485 
    -73.56448 -120.84135 
    -73.19207 -120.30151 
    -72.85286 -119.73685 
    -72.54923 -119.14912 
    -72.28352 -118.54036 
    -72.05801 -117.91290 
    -71.87487 -117.26939 
    -71.73604 -116.61277 
    -71.64320 -115.94628 
    -71.59769 -115.27341 
    -71.60046 -114.59785 
    -71.65201 -113.92344 
    -71.75233 -113.25406 
    -71.90099 -112.59361 
    -72.09698 -111.94586 
    -72.33892 -111.31444 
    -72.62497 -110.70274 
    -72.88657 -110.07737 
    -73.15118 -109.44318 
    -73.45658 -108.82058 
    -73.80381 -108.21320 
    -74.19360 -107.62517 
    -74.62626 -107.06108 
    -75.10152 -106.52584 
    -75.61847 -106.02457 
    -76.17538 -105.56243 
    -76.76970 -105.14444 
    -77.39809 -104.77526 
    -78.05643 -104.45901 
    -78.73988 -104.19910 
    -79.44312 -103.99803 
    -80.16042 -103.85738 
    -80.88590 -103.77767 
    -81.61369 -103.75842 
    -82.33815 -103.79819 
    -83.05404 -103.89468 
    -83.75664 -104.04491 
    -84.44186 -104.24535 
    -85.10632 -104.49213 
    -85.74726 -104.78126 
    -86.36263 -105.10873 
    -86.94566 -105.48196 
    -87.43066 -106.01016 
    -87.90852 -106.49591 
    -88.36625 -106.97645 
    -88.77135 -107.49701 
    -89.14014 -108.03003 
    -89.48875 -108.55855 
    -89.82422 -109.08041 
    -90.18533 -109.57211 
    -90.53502 -110.07153 
    -90.84390 -110.59734 
    -91.13660 -111.13318 
    -91.41100 -111.68123 
    -91.65247 -112.24702 
    -91.85603 -112.82964 
    -92.03586 -113.42348 
    -92.24148 -114.02234 
    -92.48380 -114.63511 
Cell 14 100 -60.20699 -122.96880 
    -70.62654 -122.96880 
    -70.64259 -123.62536 
    -70.61951 -124.28421 
    -70.55609 -124.94300 
    -70.45129 -125.59909 
    -70.30439 -126.24965 
    -70.11505 -126.89168 
    -69.88328 -127.52212 
    -69.60945 -128.13785 
    -69.29430 -128.73578 
    -68.93885 -129.31287 
    -68.54446 -129.86615 
    -68.11271 -130.39276 
    -67.64548 -130.89000 
    -67.14485 -131.35524 
    -66.61313 -131.78610 
    -66.05282 -132.18034 
    -65.46658 -132.53595 
    -64.85725 -132.85110 
    -64.22779 -133.12419 
    -63.58131 -133.35390 
    -62.92098 -133.53911 
    -62.25006 -133.67899 
    -61.44516 -132.76993 
    -60.80757 -132.51466 
    -60.20699 -132.25925 
    -59.64024 -131.97696 
    -59.10926 -131.65819 
    -58.60957 -131.34282 
    -58.13278 -131.04732 
    -57.67144 -130.77243 
    -57.21951 -130.51431 
    -56.77205 -130.26842 
    -56.31979 -130.03958 
    -55.85795 -129.82179 
    -55.38136 -129.61072 
    -54.88462 -129.40244 
    -54.36213 -129.19295 
    -53.80712 -128.97868 
    -53.22013 -128.74884 
    -52.60788 -128.48988 
    -51.91301 -128.23233 
    -51.02098 -128.01886 
    -49.92816 -127.80566 
    -48.93945 -127.42994 
    -48.49658 -126.77374 
    -48.19881 -126.05198 
    -47.96792 -125.30353 
    -47.79834 -124.53638 
    -47.69144 -123.75622 
    -47.64892 -122.96880 
    -47.67177 -122.18015 
    -47.76012 -121.39640 
    -47.91321 -120.62364 
    -48.12941 -119.86781 
    -48.40627 -119.13452 
    -48.74061 -118.42894 
    -49.12857 -117.75569 
    -49.56578 -117.11875 
    -50.04750 -116.52139 
    -50.56870 -115.96618 
    -51.12428 -115.45493 
    -51.70913 -114.98878 
    -52.31831 -114.56821 
    -52.93523 -114.17876 
    -53.42360 -113.63227 
    -53.99773 -113.18457 
    -54.64645 -112.85422 
    -55.34818 -112.64331 
    -56.07685 -112.53728 
    -56.80871 -112.50999 
    -57.52725 -112.53191 
    -58.22482 -112.57792 
    -58.90116 -112.63210 
    -59.56022 -112.68871 
    -60.20699 -112.75009 
    -60.84530 -112.82310 
    -61.48261 -112.87122 
    -62.12191 -112.93041 
    -62.76158 -113.01933 
    -63.40110 -113.13834 
    -64.03951 -113.28896 
    -64.67493 -113.47396 
    -65.30409 -113.69720 
    -65.92219 -113.96310 
    -66.52272 -114.27596 
    -67.09789 -114.63913 
    -67.63924 -115.05426 
    -68.13847 -115.52065 
    -68.58845 -116.03506 
    -68.98403 -116.59191 
    -69.32265 -117.18383 
    -69.60443 -117.80252 
    -69.83192 -118.43965 
    -70.00946 -119.08773 
    -70.14227 -119.74064 
    -70.23946 -120.39290 
    -70.36346 -121.03136 
    -70.48290 -121.67065 
    -70.57274 -122.31664 
Cell 15 100 -57.22620 -101.49783 
    -67.70227 -101.49783 
    -67.58999 -102.14986 
    -67.49127 -102.79462 
    -67.38419 -103.43558 
    -67.23946 -104.06880 
    -67.05786 -104.69233 
    -66.84013 -105.30426 
    -66.58697 -105.90267 
    -66.29906 -106.48568 
    -65.97713 -107.05135 
    -65.62190 -107.59767 
    -65.23422 -108.12265 
    -64.81502 -108.62421 
    -64.36536 -109.10027 
    -63.88649 -109.54874 
    -63.37980 -109.96754 
    -62.84689 -110.35462 
    -62.28955 -110.70805 
    -61.70979 -111.02596 
    -61.10976 -111.30660 
    -60.49183 -111.54842 
    -59.85851 -111.75000 
    -59.21245 -111.91013 
    -58.55644 -112.02779 
    -57.89337 -112.10221 
    -57.22620 -112.13283 
    -56.55795 -112.11931 
    -55.89169 -112.06158 
    -55.23046 -111.95982 
    -54.57735 -111.81440 
    -53.93536 -111.62598 
    -53.30747 -111.39540 
    -52.69657 -111.12378 
    -52.10546 -110.81242 
    -51.53683 -110.46284 
    -50.99325 -110.07675 
    -50.47714 -109.65604 
    -49.99075 -109.20280 
    -49.53619 -108.71923 
    -49.11537 -108.20770 
    -48.73000 -107.67068 
    -48.32111 -107.14917 
    -47.92596 -106.61068 
    -47.56427 -106.04439 
    -47.23955 -105.45183 
    -46.95533 -104.83504 
    -46.71507 -104.19663 
    -46.52199 -103.53977 
    -46.37890 -102.86816 
    -46.28808 -102.18600 
    -46.25108 -101.49783 
    -46.26872 -100.80845 
    -46.34095 -100.12271 
    -46.46693 -99.44540 
    -46.64500 -98.78104 
    -46.87282 -98.13382 
    -47.14750 -97.50739 
    -47.46570 -96.90489 
    -47.82387 -96.32887 
    -48.21834 -95.78127 
    -48.19519 -94.93642 
    -47.72181 -93.63512 
    -49.15507 -93.91854 
    -50.08981 -93.89835 
    -50.61590 -93.50736 
    -51.10883 -93.07800 
    -51.59660 -92.62701 
    -52.10950 -92.19060 
    -52.64837 -91.76945 
    -53.21434 -91.36504 
    -53.80865 -90.97970 
    -54.43244 -90.61686 
    -55.08648 -90.28101 
    -55.77087 -89.97771 
    -56.48479 -89.71347 
    -57.22620 -89.49546 
    -57.99166 -89.33119 
    -58.77622 -89.22811 
    -59.57345 -89.19311 
    -60.37552 -89.23204 
    -61.17350 -89.34927 
    -61.95774 -89.54732 
    -62.71828 -89.82657 
    -63.44537 -90.18520 
    -64.13003 -90.61914 
    -64.76441 -91.12237 
    -65.34228 -91.68718 
    -65.85920 -92.30462 
    -66.31270 -92.96503 
    -66.70224 -93.65857 
    -67.02902 -94.37566 
    -67.29576 -95.10750 
    -67.50629 -95.84631 
    -67.66518 -96.58562 
    -67.77731 -97.32036 
    -67.84752 -98.04676 
    -67.88028 -98.76233 
    -67.87944 -99.46562 
    -67.84811 -100.15598 
    -67.78856 -100.83331 
Cell 16 100 -34.15965 -126.19424 
    -45.11232 -126.19424 
    -45.02029 -126.87754 
    -44.87682 -127.54814 
    -44.68670 -128.20239 
    -44.45488 -128.83762 
    -44.18607 -129.45203 
    -43.88447 -130.04457 
    -43.55357 -130.61469 
    -43.19616 -131.16211 
    -42.81588 -131.68765 
    -42.42416 -132.19876 
    -42.00928 -132.68802 
    -41.58342 -133.16563 
    -41.14502 -133.63290 
    -40.69451 -134.09354 
    -40.23212 -134.55229 
    -39.74627 -134.99736 
    -39.23335 -135.42326 
    -38.69106 -135.82397 
    -38.11493 -136.18414 
    -37.50842 -136.50070 
    -36.87575 -136.77278 
    -36.22064 -136.99837 
    -35.54665 -137.17354 
    -34.85829 -137.29892 
    -34.15965 -137.37215 
    -33.45534 -137.38884 
    -32.75048 -137.34897 
    -32.05010 -137.25288 
    -31.35900 -137.10202 
    -30.68221 -136.89667 
    -30.02600 -136.63466 
    -29.39097 -136.32819 
    -28.78035 -135.97914 
    -28.19714 -135.58965 
    -27.64410 -135.16212 
    -27.12385 -134.69907 
    -26.63870 -134.20323 
    -26.19076 -133.67752 
    -25.78181 -133.12500 
    -25.41340 -132.54877 
    -25.08679 -131.95206 
    -24.80295 -131.33813 
    -24.62107 -130.68275 
    -24.51986 -130.01091 
    -24.50690 -129.33061 
    -24.48489 -128.67830 
    -24.39844 -128.05630 
    -24.32331 -127.43686 
    -24.27494 -126.81614 
    -24.25134 -126.19424 
    -24.25187 -125.57090 
    -24.27587 -124.94563 
    -24.32275 -124.31776 
    -24.38994 -123.68581 
    -24.52951 -123.06522 
    -24.69604 -122.44734 
    -24.88779 -121.83124 
    -25.10372 -121.21571 
    -25.34386 -120.59958 
    -25.60960 -119.98228 
    -25.90379 -119.36440 
    -26.23059 -118.74837 
    -26.59517 -118.13889 
    -27.00296 -117.54330 
    -27.45892 -116.97149 
    -27.96649 -116.43539 
    -28.52681 -115.94815 
    -29.13808 -115.52287 
    -29.79534 -115.17126 
    -30.49068 -114.90232 
    -31.21389 -114.72128 
    -31.95347 -114.62907 
    -32.69777 -114.62227 
    -33.43609 -114.69370 
    -34.15965 -114.83345 
    -34.86204 -115.03007 
    -35.53944 -115.27201 
    -36.19039 -115.54872 
    -36.81520 -115.85154 
    -37.41974 -116.16070 
    -37.99793 -116.49984 
    -38.55127 -116.86157 
    -39.08909 -117.22762 
    -39.67362 -117.50562 
    -40.24752 -117.81501 
    -40.80909 -118.15644 
    -41.35605 -118.53085 
    -41.88532 -118.93935 
    -42.39301 -119.38302 
    -42.87439 -119.86261 
    -43.32408 -120.37832 
    -43.73621 -120.92949 
    -44.10477 -121.51442 
    -44.42408 -122.13027 
    -44.68907 -122.77303 
    -44.89581 -123.43767 
    -45.04171 -124.11838 
    -45.12577 -124.80890 
    -45.14860 -125.50288 
Cell 17 100 -14.32961 -126.33547 
    -24.25670 -126.33547 
    -24.28630 -126.96189 
    -24.34315 -127.60048 
    -24.42698 -128.26166 
    -24.49390 -128.94522 
    -24.50453 -129.64149 
    -24.28066 -130.27538 
    -24.01108 -130.89122 
    -23.70210 -131.48804 
    -23.35545 -132.06345 
    -22.97290 -132.61519 
    -22.55636 -133.14124 
    -22.10771 -133.63959 
    -21.62897 -134.10851 
    -21.12215 -134.54625 
    -20.58932 -134.95122 
    -20.03259 -135.32191 
    -19.45415 -135.65697 
    -18.85625 -135.95506 
    -18.24120 -136.21500 
    -17.61137 -136.43570 
    -16.96923 -136.61612 
    -16.31724 -136.75499 
    -15.65760 -136.84756 
    -14.99198 -136.86351 
    -14.32961 -136.61765 
    -13.70772 -136.22023 
    -13.10753 -136.00926 
    -12.52050 -135.81917 
    -11.93832 -135.64894 
    -11.35289 -135.49687 
    -10.75713 -135.35852 
    -10.14068 -135.23741 
    -9.50901 -135.10413 
    -8.78887 -135.06628 
    -8.19263 -134.78230 
    -7.68873 -134.36292 
    -7.21420 -133.91263 
    -6.77097 -133.43352 
    -6.36077 -132.92787 
    -5.98518 -132.39806 
    -5.64557 -131.84653 
    -5.34313 -131.27583 
    -5.07885 -130.68855 
    -4.85355 -130.08731 
    -4.66781 -129.47478 
    -4.52209 -128.85362 
    -4.41452 -128.22688 
    -4.31943 -127.60005 
    -4.23865 -126.97034 
    -4.19310 -126.33547 
    -4.18281 -125.69709 
    -4.20791 -125.05680 
    -4.26863 -124.41624 
    -4.36539 -123.77709 
    -4.49877 -123.14124 
    -4.66949 -122.51076 
    -4.87837 -121.88805 
    -5.12628 -121.27589 
    -5.41397 -120.67744 
    -5.74202 -120.09622 
    -6.11065 -119.53616 
    -6.51961 -119.00139 
    -6.96806 -118.49622 
    -7.45453 -118.02492 
    -7.97680 -117.59158 
    -8.53199 -117.19988 
    -9.11659 -116.85302 
    -9.72655 -116.55346 
    -10.22684 -115.97305 
    -10.52598 -114.62909 
    -11.33626 -114.67712 
    -12.21764 -115.26414 
    -12.92217 -115.19439 
    -13.63224 -115.25105 
    -14.32961 -115.40955 
    -15.00280 -115.63540 
    -15.64854 -115.89508 
    -16.26985 -116.16437 
    -16.88679 -116.37593 
    -17.49228 -116.60178 
    -18.08130 -116.85979 
    -18.65260 -117.14865 
    -19.20494 -117.46729 
    -19.73704 -117.81474 
    -20.24755 -118.19014 
    -20.74491 -118.58072 
    -21.25814 -118.95734 
    -21.74928 -119.36794 
    -22.21555 -119.81165 
    -22.65421 -120.28730 
    -23.06248 -120.79343 
    -23.43772 -121.32825 
    -23.77737 -121.88969 
    -24.07889 -122.47546 
    -24.31537 -123.09090 
    -24.38266 -123.75429 
    -24.31431 -124.43079 
    -24.27073 -125.07962 
    -24.25175 -125.71123 
Cell 18 100 13.51860 -127.20730 
    3.39666 -127.20730 
    3.40736 -127.84344 
    3.45855 -128.47818 
    3.55012 -129.10889 
    3.68178 -129.73297 
    3.85308 -130.34781 
    4.06339 -130.95088 
    4.31191 -131.53964 
    4.59767 -132.11162 
    4.91953 -132.66443 
    5.27620 -133.19574 
    5.66624 -133.70334 
    6.08804 -134.18506 
    6.53985 -134.63890 
    7.01983 -135.06296 
    7.52596 -135.45546 
    8.05613 -135.81477 
    8.60812 -136.13942 
    9.17964 -136.42805 
    9.76827 -136.67953 
    10.37157 -136.89285 
    10.98699 -137.06725 
    11.61200 -137.20203 
    12.24399 -137.29683 
    12.88038 -137.35141 
    13.51860 -137.36578 
    14.15610 -137.34018 
    14.79045 -137.27504 
    15.41929 -137.17107 
    16.04043 -137.02917 
    16.65187 -136.85052 
    17.25185 -136.63643 
    17.83890 -136.38840 
    18.41183 -136.10805 
    18.96982 -135.79706 
    19.51236 -135.45702 
    20.03923 -135.08940 
    20.55045 -134.69545 
    20.85614 -134.09770 
    21.13040 -133.50432 
    21.38685 -132.92390 
    21.62747 -132.35335 
    21.85949 -131.79274 
    22.08890 -131.24017 
    22.32080 -130.69234 
    22.55959 -130.14490 
    22.80893 -129.59265 
    23.07148 -129.02960 
    23.34853 -128.44911 
    23.64955 -127.84468 
    24.06002 -127.20730 
    24.60474 -126.50982 
    25.30808 -125.71794 
    25.23690 -124.97192 
    25.09093 -124.23603 
    24.87075 -123.51876 
    24.57905 -122.82816 
    24.22046 -122.17139 
    23.80105 -121.55447 
    23.32645 -120.98305 
    22.78913 -120.47186 
    22.14879 -120.06778 
    21.51223 -119.70078 
    20.89051 -119.35702 
    20.27040 -119.04578 
    19.68351 -118.72203 
    19.11445 -118.38964 
    18.54410 -118.06595 
    17.96951 -117.74862 
    17.36619 -117.48940 
    16.73563 -117.30628 
    16.09760 -117.16275 
    15.45457 -117.05857 
    14.80891 -116.99342 
    14.16287 -116.96695 
    13.51860 -116.91772 
    12.87055 -116.90684 
    12.22135 -116.93855 
    11.57409 -117.01381 
    10.93203 -117.13329 
    10.29863 -117.29726 
    9.67743 -117.50562 
    9.07197 -117.75774 
    8.48574 -118.05257 
    7.92204 -118.38853 
    7.38392 -118.76364 
    6.87411 -119.17550 
    6.39498 -119.62141 
    5.94848 -120.09849 
    5.53618 -120.60367 
    5.15926 -121.13388 
    4.81857 -121.68609 
    4.51468 -122.25735 
    4.24792 -122.84485 
    4.01557 -123.44479 
    3.81553 -124.05458 
    3.65426 -124.67457 
    3.53186 -125.30222 
    3.44832 -125.93513 
    3.40357 -126.57092 
Cell 19 100 24.96530 -110.07729 
    13.77724 -110.07729 
    13.83396 -110.77762 
    13.94188 -111.46987 
    14.09912 -112.15013 
    14.30340 -112.81480 
    14.55217 -113.46072 
    14.84263 -114.08514 
    15.17191 -114.68571 
    15.53709 -115.26049 
    15.93531 -115.80790 
    16.36381 -116.32664 
    16.81997 -116.81570 
    17.30145 -117.27412 
    17.82126 -117.68492 
    18.41534 -117.99483 
    18.98104 -118.31393 
    19.53444 -118.63496 
    20.08965 -118.94607 
    20.65437 -119.23849 
    21.21923 -119.53877 
    21.78697 -119.85918 
    22.36513 -120.20430 
    22.99070 -120.42849 
    23.64316 -120.54306 
    24.30236 -120.61440 
    24.96530 -120.64208 
    25.62896 -120.62589 
    26.29032 -120.56587 
    26.94634 -120.46227 
    27.59403 -120.31554 
    28.23044 -120.12638 
    28.85268 -119.89569 
    29.45793 -119.62462 
    30.04348 -119.31447 
    30.60672 -118.96675 
    31.14520 -118.58319 
    31.65658 -118.16566 
    32.13873 -117.71622 
    32.58969 -117.23708 
    33.00771 -116.73055 
    33.39127 -116.19912 
    33.73915 -115.64536 
    34.05041 -115.07188 
    34.32442 -114.48136 
    34.56093 -113.87647 
    34.76004 -113.25980 
    34.92223 -112.63380 
    35.04830 -112.00073 
    35.13936 -111.36258 
    35.19666 -110.72099 
    35.22149 -110.07729 
    35.21500 -109.43243 
    35.17796 -108.78713 
    35.11062 -108.14197 
    35.01250 -107.49761 
    34.88232 -106.85506 
    34.71801 -106.21592 
    34.51683 -105.58268 
    34.27567 -104.95887 
    33.99138 -104.34917 
    33.73655 -103.70461 
    33.47865 -103.03444 
    33.18502 -102.35846 
    32.84768 -101.68340 
    32.45858 -101.01947 
    32.01076 -100.38005 
    31.49950 -99.78104 
    30.92338 -99.23958 
    30.28494 -98.77248 
    29.59082 -98.39455 
    28.85146 -98.11692 
    28.08013 -97.94585 
    27.29167 -97.88203 
    26.50104 -97.92064 
    25.72187 -98.05200 
    24.96530 -98.26283 
    24.23929 -98.53779 
    23.54837 -98.86118 
    22.89387 -99.21848 
    22.27453 -99.59743 
    21.68736 -99.98882 
    21.12390 -100.37504 
    20.49555 -100.57860 
    19.87625 -100.82034 
    19.26856 -101.10068 
    18.67533 -101.41990 
    18.09963 -101.77813 
    17.54479 -102.17525 
    17.01432 -102.61082 
    16.51190 -103.08403 
    16.04127 -103.59361 
    15.60619 -104.13783 
    15.21028 -104.71442 
    14.85697 -105.32068 
    14.54939 -105.95335 
    14.29022 -106.60875 
    14.08168 -107.28285 
    13.92540 -107.97132 
    13.82241 -108.66962 
    13.77311 -109.37314 
Cell 20 100 58.95094 -109.43736 
    48.86588 -109.43736 
    48.88066 -110.07092 
    48.93539 -110.70261 
    49.02994 -111.32989 
    49.16402 -111.95021 
    49.33715 -112.56106 
    49.54871 -113.15996 
    49.79789 -113.74445 
    50.08373 -114.31214 
    50.40511 -114.86070 
    50.76075 -115.38787 
    51.14922 -115.89149 
    51.56895 -116.36950 
    52.01821 -116.81995 
    52.49521 -117.24099 
    52.99800 -117.63087 
    53.52452 -117.98801 
    54.07261 -118.31099 
    54.64003 -118.59849 
    55.22446 -118.84936 
    55.82349 -119.06263 
    56.43469 -119.23747 
    57.05556 -119.37324 
    57.68359 -119.46943 
    58.31623 -119.52575 
    58.95094 -119.54205 
    59.58518 -119.51839 
    60.21645 -119.45493 
    60.84227 -119.35207 
    61.43608 -119.11634 
    61.99266 -118.79883 
    62.53801 -118.49726 
    63.07814 -118.20811 
    63.61305 -117.91771 
    64.15244 -117.63362 
    64.70251 -117.35372 
    65.27705 -117.08430 
    65.84640 -116.78028 
    66.30492 -116.34322 
    66.72915 -115.87206 
    67.12422 -115.37560 
    67.48918 -114.85589 
    67.82281 -114.31470 
    68.12392 -113.75383 
    68.39138 -113.17509 
    68.62411 -112.58036 
    68.89409 -111.99033 
    69.17120 -111.38697 
    69.45194 -110.76394 
    69.72821 -110.11540 
    69.98074 -109.43736 
    70.18049 -108.73085 
    70.29393 -108.00440 
    70.29138 -107.27405 
    70.15553 -106.56050 
    69.88687 -105.88406 
    69.50372 -105.25921 
    69.03691 -104.69125 
    68.59019 -104.13813 
    68.44505 -103.41221 
    68.25528 -102.67735 
    68.00703 -101.94550 
    67.68723 -101.23343 
    67.28600 -100.56141 
    66.79872 -99.95100 
    66.22733 -99.42226 
    65.58051 -98.99083 
    64.87272 -98.66567 
    64.12219 -98.44787 
    63.34835 -98.33075 
    62.56926 -98.30129 
    61.79961 -98.34250 
    61.04952 -98.43618 
    60.32724 -98.54277 
    59.63545 -98.55732 
    58.95094 -98.61813 
    58.27680 -98.72234 
    57.61560 -98.86708 
    56.96937 -99.04961 
    56.33974 -99.26740 
    55.72801 -99.51821 
    55.13528 -99.80011 
    54.56250 -100.11147 
    54.01061 -100.45094 
    53.48055 -100.81741 
    52.97334 -101.20991 
    52.49011 -101.62756 
    52.03205 -102.06950 
    51.60049 -102.53483 
    51.19680 -103.02258 
    50.82239 -103.53162 
    50.46896 -104.05453 
    50.14562 -104.59659 
    49.85615 -105.15768 
    49.60180 -105.73577 
    49.38366 -106.32876 
    49.20274 -106.93445 
    49.05989 -107.55054 
    48.95579 -108.17467 
    48.89099 -108.80444 
Cell 21 100 65.59557 -128.72946 
    55.58509 -128.72946 
    55.60622 -129.35794 
    55.66679 -129.98376 
    55.76655 -130.60445 
    55.90510 -131.21754 
    56.08180 -131.82066 
    56.25747 -132.42668 
    56.44398 -133.03587 
    56.67101 -133.63577 
    56.93708 -134.22430 
    57.24218 -134.79855 
    57.58597 -135.35558 
    57.96782 -135.89240 
    58.38671 -136.40611 
    58.84142 -136.89381 
    59.33043 -137.35269 
    59.85188 -137.78006 
    60.40376 -138.17331 
    60.98375 -138.53008 
    61.58935 -138.84801 
    62.21787 -139.12494 
    62.86809 -139.35229 
    63.53642 -139.52388 
    64.21603 -139.64964 
    64.90350 -139.72948 
    65.59557 -139.76456 
    66.28967 -139.76201 
    66.98450 -139.72404 
    67.67914 -139.65195 
    68.37121 -139.53987 
    69.04911 -139.35837 
    69.71147 -139.12505 
    70.35596 -138.84583 
    70.87394 -138.33080 
    70.97557 -137.20700 
    71.36203 -136.66632 
    71.72271 -136.13591 
    72.05310 -135.60603 
    72.34438 -135.06702 
    72.61002 -134.53230 
    72.86949 -134.01428 
    73.13022 -133.51111 
    73.39665 -133.01814 
    73.67178 -132.52985 
    73.95798 -132.04037 
    74.25566 -131.54329 
    74.55900 -131.03088 
    74.85754 -130.49628 
    75.14938 -129.93639 
    75.48061 -129.35138 
    75.83926 -128.72946 
    76.02294 -128.07343 
    75.91992 -127.42519 
    75.82960 -126.77721 
    75.71483 -126.13128 
    75.55662 -125.49292 
    75.35485 -124.86549 
    75.10974 -124.25243 
    74.82192 -123.65723 
    74.49247 -123.08331 
    74.12287 -122.53401 
    73.71504 -122.01244 
    73.27129 -121.52147 
    72.79427 -121.06361 
    72.28690 -120.64104 
    71.75227 -120.25549 
    71.22980 -119.85132 
    70.75008 -119.35343 
    70.24133 -118.85671 
    69.69578 -118.37351 
    69.10680 -117.92298 
    68.47130 -117.52921 
    67.79154 -117.21775 
    67.07596 -117.01094 
    66.33833 -116.92350 
    65.59557 -116.95936 
    64.87479 -117.27293 
    64.19133 -117.61383 
    63.54062 -117.95703 
    62.91637 -118.29471 
    62.31160 -118.62246 
    61.72435 -118.95189 
    61.14535 -119.27228 
    60.62904 -119.69539 
    60.12473 -120.10881 
    59.63511 -120.52560 
    59.16162 -120.95215 
    58.70665 -121.39351 
    58.27322 -121.85332 
    57.86449 -122.33376 
    57.48344 -122.83566 
    57.13261 -123.35871 
    56.81418 -123.90186 
    56.52988 -124.46348 
    56.28114 -125.04162 
    56.06910 -125.63412 
    55.89468 -126.23870 
    55.75861 -126.85297 
    55.66143 -127.47449 
    55.60352 -128.10081 
Cell 22 100 76.43520 -93.26453 
    64.30188 -93.26453 
    64.32140 -94.02666 
    64.41515 -94.78301 
    64.58046 -95.52594 
    64.81315 -96.24857 
    65.10776 -96.94503 
    65.45795 -97.61073 
    65.85693 -98.24229 
    66.29779 -98.83762 
    66.77393 -99.39575 
    67.27931 -99.91667 
    67.80865 -100.40102 
    68.35757 -100.84992 
    68.92261 -101.26463 
    69.50114 -101.64638 
    70.09130 -101.99616 
    70.69180 -102.31467 
    71.30180 -102.60216 
    71.92064 -102.85847 
    72.54777 -103.08307 
    73.18256 -103.27512 
    73.82425 -103.43353 
    74.47179 -103.55710 
    75.12389 -103.64460 
    75.77898 -103.69485 
    76.43520 -103.71326 
    77.09162 -103.69798 
    77.74590 -103.63976 
    78.39513 -103.53886 
    79.03644 -103.39568 
    79.66697 -103.21087 
    80.28391 -102.98526 
    80.88456 -102.71989 
    81.46626 -102.41599 
    82.02647 -102.07496 
    82.56277 -101.69839 
    83.07284 -101.28805 
    83.55453 -100.84584 
    84.00584 -100.37383 
    84.42496 -99.87423 
    84.81037 -99.34944 
    85.16087 -98.80200 
    85.47588 -98.23468 
    85.75571 -97.65042 
    86.00212 -97.05234 
    86.21892 -96.44345 
    86.41258 -95.82628 
    86.59253 -95.20214 
    86.77053 -94.57018 
    86.95884 -93.92662 
    87.16679 -93.26453 
    87.39629 -92.57491 
    87.63731 -91.84937 
    87.86545 -91.08409 
    88.04309 -90.28413 
    88.12531 -89.46618 
    88.06958 -88.65815 
    87.84653 -87.89477 
    87.44824 -87.21006 
    86.89098 -86.62909 
    86.21124 -86.16183 
    85.45654 -85.80143 
    84.94975 -85.26883 
    84.53791 -84.63602 
    84.07866 -84.02518 
    83.57166 -83.44204 
    83.01736 -82.89271 
    82.41708 -82.38353 
    81.77312 -81.92087 
    81.08881 -81.51087 
    80.36844 -81.15928 
    79.61728 -80.87115 
    78.84142 -80.65071 
    78.04760 -80.50108 
    77.24304 -80.42427 
    76.43520 -80.42096 
    75.63154 -80.49059 
    74.83926 -80.63135 
    74.06515 -80.84024 
    73.31530 -81.11331 
    72.59505 -81.44576 
    71.90881 -81.83215 
    71.26003 -82.26672 
    70.65121 -82.74349 
    70.08396 -83.25658 
    69.55905 -83.80032 
    69.07654 -84.36942 
    68.63593 -84.95914 
    68.23631 -85.56525 
    67.87653 -86.18417 
    67.55526 -86.81287 
    67.07173 -87.32229 
    66.56949 -87.84081 
    66.09941 -88.40087 
    65.66883 -89.00182 
    65.28529 -89.64170 
    64.95615 -90.31721 
    64.68817 -91.02366 
    64.48713 -91.75513 
    64.35744 -92.50466 
Cell 23 100 94.14818 -121.11531 
    82.58424 -121.11531 
    82.75302 -121.83223 
    82.97114 -122.52730 
    83.23135 -123.19781 
    83.52695 -123.84238 
    83.85216 -124.46069 
    84.20944 -125.05033 
    84.87456 -125.47914 
    85.52606 -125.85536 
    86.09235 -126.22770 
    86.59937 -126.59984 
    87.08920 -126.95501 
    87.57124 -127.29147 
    88.04358 -127.61604 
    88.50675 -127.93463 
    88.96304 -128.25203 
    89.41637 -128.57146 
    89.87110 -128.89528 
    90.33214 -129.22479 
    90.80451 -129.56044 
    91.29371 -129.90045 
    91.80566 -130.23880 
    92.34573 -130.56407 
    92.91153 -130.90434 
    93.49261 -131.53511 
    94.14818 -131.83929 
    94.82317 -131.84412 
    95.49841 -131.80348 
    96.17063 -131.71738 
    96.83659 -131.58598 
    97.49305 -131.40976 
    98.13680 -131.18941 
    98.76468 -130.92587 
    99.37363 -130.62038 
    99.96066 -130.27432 
    100.52296 -129.88943 
    101.05776 -129.46756 
    101.56254 -129.01080 
    102.03491 -128.52144 
    102.47269 -128.00194 
    102.87388 -127.45490 
    103.23672 -126.88308 
    103.55968 -126.28933 
    103.84145 -125.67662 
    104.08097 -125.04798 
    104.27744 -124.40651 
    104.43027 -123.75530 
    104.53920 -123.09750 
    104.60416 -122.43621 
    104.62537 -121.77448 
    104.60328 -121.11531 
    104.53862 -120.46160 
    104.43234 -119.81612 
    104.28564 -119.18149 
    104.09995 -118.56013 
    103.87687 -117.95427 
    103.61824 -117.36585 
    103.32600 -116.79655 
    103.00226 -116.24774 
    102.64912 -115.72044 
    102.26878 -115.21535 
    101.86329 -114.73282 
    101.43787 -114.26984 
    100.99365 -113.82562 
    100.52242 -113.41018 
    100.02633 -113.02473 
    99.51867 -112.65277 
    98.99410 -112.30061 
    98.45195 -111.96932 
    97.89198 -111.65953 
    97.31384 -111.37241 
    96.71712 -111.10992 
    96.10167 -110.87475 
    95.46768 -110.67036 
    94.81598 -110.50089 
    94.14818 -110.37095 
    93.46682 -110.28545 
    92.77547 -110.24922 
    92.07870 -110.26677 
    91.38203 -110.34189 
    90.69170 -110.47737 
    90.01446 -110.67474 
    89.35723 -110.93404 
    88.72678 -111.25382 
    88.12934 -111.63115 
    87.57034 -112.06168 
    87.02761 -112.50802 
    86.39010 -112.85380 
    85.77204 -113.24960 
    85.18170 -113.69759 
    84.62805 -114.19854 
    84.12035 -114.75146 
    83.66751 -115.35352 
    83.27749 -115.99995 
    82.95679 -116.68433 
    82.70992 -117.39880 
    82.53920 -118.13464 
    82.44455 -118.88273 
    82.42364 -119.63416 
    82.47216 -120.38072 
Cell 24 100 -99.11101 -106.02634 
    -109.28255 -106.02634 
    -109.27290 -106.66567 
    -109.22245 -107.30372 
    -109.13126 -107.93781 
    -108.99960 -108.56531 
    -108.82799 -109.18358 
    -108.61704 -109.79005 
    -108.36762 -110.38217 
    -108.08073 -110.95749 
    -107.75755 -111.51361 
    -107.39943 -112.04823 
    -107.00787 -112.55920 
    -106.58453 -113.04445 
    -106.13120 -113.50208 
    -105.64975 -113.93033 
    -105.14221 -114.32759 
    -104.61069 -114.69246 
    -104.05733 -115.02367 
    -103.48435 -115.32018 
    -102.89400 -115.58110 
    -102.28852 -115.80573 
    -101.67015 -115.99354 
    -101.04108 -116.14417 
    -100.40349 -116.25739 
    -99.75945 -116.33309 
    -99.11101 -116.37129 
    -98.46011 -116.37206 
    -97.80865 -116.33553 
    -97.15849 -116.26185 
    -96.51139 -116.15118 
    -95.86917 -116.00368 
    -95.23364 -115.81946 
    -94.60665 -115.59859 
    -93.99017 -115.34113 
    -93.38625 -115.04712 
    -92.79751 -114.71613 
    -92.32384 -114.23062 
    -92.07034 -113.52390 
    -91.85829 -112.83710 
    -91.63656 -112.20975 
    -91.38879 -111.63686 
    -91.11789 -111.09893 
    -90.83231 -110.57760 
    -90.52995 -110.06428 
    -90.17860 -109.56293 
    -89.80476 -109.05013 
    -89.45399 -108.50584 
    -89.07802 -107.94024 
    -88.65482 -107.34727 
    -88.11993 -106.71785 
    -87.44659 -106.02634 
    -86.80917 -105.25238 
    -86.77530 -104.46798 
    -86.97758 -103.71177 
    -87.39299 -103.01767 
    -87.96158 -102.40368 
    -88.60719 -101.86758 
    -89.04863 -101.29135 
    -88.91680 -100.42204 
    -88.69254 -99.41458 
    -90.29543 -99.62145 
    -90.77657 -99.13149 
    -91.28458 -98.67684 
    -91.81613 -98.25809 
    -92.36806 -97.87552 
    -92.93744 -97.52916 
    -93.52164 -97.21890 
    -94.11822 -96.94449 
    -94.72501 -96.70563 
    -95.34006 -96.50201 
    -95.96157 -96.33338 
    -96.58791 -96.19950 
    -97.21750 -96.10023 
    -97.84127 -95.97533 
    -98.47028 -95.84237 
    -99.11101 -95.71777 
    -99.76697 -95.60016 
    -100.44150 -95.49445 
    -101.13552 -95.41345 
    -101.84522 -95.37729 
    -102.56044 -95.41009 
    -103.26501 -95.53453 
    -103.93932 -95.76566 
    -104.56458 -96.10633 
    -105.12740 -96.54603 
    -105.62291 -97.06348 
    -106.05522 -97.63223 
    -106.43525 -98.22682 
    -106.77675 -98.82774 
    -107.09231 -99.42364 
    -107.39049 -100.01095 
    -107.67484 -100.59157 
    -107.94452 -101.17008 
    -108.23618 -101.73237 
    -108.50026 -102.30888 
    -108.72771 -102.90169 
    -108.91742 -103.50848 
    -109.06846 -104.12686 
    -109.18005 -104.75433 
    -109.25156 -105.38836 
