28 25 
Cell 0 100 -117.00359 -151.68390 
    -127.00378 -151.68390 
    -126.98404 -152.31181 
    -126.92491 -152.93726 
    -126.82662 -153.55774 
    -126.68958 -154.17084 
    -126.51430 -154.77411 
    -126.30148 -155.36520 
    -126.05198 -155.94174 
    -125.76676 -156.50150 
    -125.44696 -157.04222 
    -125.09384 -157.56181 
    -124.70879 -158.05820 
    -124.29333 -158.52942 
    -123.84911 -158.97363 
    -123.37786 -159.38907 
    -122.88146 -159.77411 
    -122.36187 -160.12720 
    -121.82113 -160.44698 
    -121.26841 -160.74712 
    -120.69811 -161.01521 
    -120.11090 -161.24724 
    -119.50905 -161.44205 
    -118.89493 -161.59865 
    -118.27096 -161.71619 
    -117.63966 -161.79401 
    -117.00359 -161.83154 
    -116.36535 -161.82843 
    -115.72758 -161.78452 
    -115.09296 -161.69978 
    -114.46414 -161.57440 
    -113.84380 -161.40874 
    -113.23458 -161.20332 
    -112.63911 -160.95888 
    -112.05995 -160.67633 
    -111.49962 -160.35677 
    -110.96056 -160.00142 
    -110.44512 -159.61172 
    -109.95557 -159.18927 
    -109.49403 -158.73584 
    -109.06256 -158.25328 
    -108.66302 -157.74367 
    -108.29718 -157.20915 
    -107.96662 -156.65201 
    -107.67276 -156.07465 
    -107.43746 -155.47139 
    -107.50752 -154.76935 
    -107.77044 -154.05457 
    -107.94412 -153.41208 
    -108.08405 -152.81070 
    -108.20679 -152.23735 
    -108.32377 -151.68390 
    -108.43432 -151.14478 
    -108.57561 -150.61920 
    -108.74300 -150.10811 
    -108.91913 -149.60817 
    -109.11008 -149.11914 
    -109.28649 -148.62848 
    -109.41128 -148.11124 
    -109.50275 -147.56027 
    -109.58762 -146.97757 
    -109.61125 -146.31305 
    -109.16785 -145.20161 
    -108.83760 -144.01553 
    -108.53272 -142.66335 
    -109.12136 -142.15593 
    -109.76659 -141.72304 
    -110.55075 -141.51587 
    -111.54307 -141.75125 
    -112.42646 -141.95702 
    -113.19905 -142.07474 
    -113.90723 -142.15431 
    -114.57182 -142.21275 
    -115.19685 -142.21266 
    -115.80577 -142.20224 
    -116.40591 -142.18405 
    -117.00359 -142.15807 
    -117.60895 -142.06192 
    -118.23125 -141.96597 
    -118.87589 -141.86897 
    -119.55393 -141.75096 
    -120.29095 -141.56641 
    -121.00176 -141.58566 
    -121.57989 -141.95877 
    -122.14492 -142.33185 
    -122.72464 -142.66896 
    -123.22523 -143.12053 
    -123.79721 -143.47182 
    -124.59083 -143.60431 
    -124.58978 -144.56000 
    -124.89941 -145.15190 
    -125.24080 -145.69922 
    -125.55128 -146.25937 
    -125.83063 -146.83119 
    -126.07851 -147.41356 
    -126.30154 -148.00258 
    -126.51435 -148.59367 
    -126.68961 -149.19695 
    -126.82666 -149.81004 
    -126.92493 -150.43054 
    -126.98405 -151.05598 
Cell 1 100 -98.67830 -149.61987 
    -108.91500 -149.61987 
    -108.69648 -150.25017 
    -108.51035 -150.86195 
    -108.36798 -151.46829 
    -108.24107 -152.07518 
    -108.11101 -152.68474 
    -107.97046 -153.29890 
    -107.80791 -153.91594 
    -107.59795 -154.52350 
    -107.30243 -155.09291 
    -106.89260 -155.58792 
    -106.46505 -156.06163 
    -106.01867 -156.51294 
    -105.55261 -156.94028 
    -105.06875 -157.34460 
    -104.57384 -157.73441 
    -104.05514 -158.09241 
    -103.51466 -158.41718 
    -102.95454 -158.70734 
    -102.37700 -158.96172 
    -101.78432 -159.17923 
    -101.17888 -159.35898 
    -100.56307 -159.50020 
    -99.93937 -159.60226 
    -99.31027 -159.66476 
    -98.67830 -159.68739 
    -98.04600 -159.67001 
    -97.41592 -159.61269 
    -96.79059 -159.51561 
    -96.17254 -159.37917 
    -95.56427 -159.20387 
    -94.96824 -158.99042 
    -94.38685 -158.73967 
    -93.82246 -158.45262 
    -93.27734 -158.13042 
    -92.75371 -157.77437 
    -92.25366 -157.38593 
    -91.77923 -156.96664 
    -91.33231 -156.51822 
    -90.91470 -156.04248 
    -90.52809 -155.54135 
    -90.17246 -155.01784 
    -89.83759 -154.48010 
    -89.53177 -153.92390 
    -89.25469 -153.35094 
    -89.20510 -152.69791 
    -89.21703 -152.04912 
    -89.22182 -151.42380 
    -89.22212 -150.81447 
    -89.22186 -150.21481 
    -89.22439 -149.61987 
    -89.23120 -149.02551 
    -89.24210 -148.42781 
    -89.26317 -147.82384 
    -89.29638 -147.21101 
    -89.33829 -146.58511 
    -89.38876 -145.94188 
    -89.44612 -145.27554 
    -89.50047 -144.57431 
    -89.53121 -143.81496 
    -89.66751 -143.07315 
    -90.12283 -142.54218 
    -90.62500 -142.05733 
    -91.16679 -141.62093 
    -91.74050 -141.23352 
    -92.33862 -140.89406 
    -92.95429 -140.60028 
    -93.58170 -140.34920 
    -94.21622 -140.13748 
    -94.85449 -139.96204 
    -95.49420 -139.82024 
    -96.09074 -139.54196 
    -96.70267 -139.26326 
    -97.34103 -139.03432 
    -98.00265 -138.88069 
    -98.67830 -138.82324 
    -99.35455 -138.87112 
    -100.01757 -139.01845 
    -100.65715 -139.24637 
    -101.26904 -139.52960 
    -101.85461 -139.84418 
    -102.45821 -140.07291 
    -103.08261 -140.26024 
    -103.70633 -140.47392 
    -104.32969 -140.71471 
    -104.95235 -140.98439 
    -105.57273 -141.28593 
    -106.18768 -141.62320 
    -106.79206 -142.00055 
    -107.37867 -142.42230 
    -107.93839 -142.89203 
    -108.45422 -143.41589 
    -108.84224 -144.03220 
    -109.04039 -144.74385 
    -109.25920 -145.43060 
    -109.52455 -146.09572 
    -109.59332 -146.81737 
    -109.50354 -147.55486 
    -109.37327 -148.26878 
    -109.16731 -148.95996 
Cell 2 100 -78.89899 -150.45799 
    -89.22197 -150.45799 
    -89.22198 -151.10745 
    -89.21923 -151.76173 
    -89.21012 -152.42496 
    -89.22838 -153.11012 
    -88.92225 -153.71474 
    -88.59762 -154.29794 
    -88.25536 -154.86076 
    -87.89510 -155.40364 
    -87.51608 -155.92656 
    -87.11740 -156.42902 
    -86.69820 -156.91005 
    -86.25779 -157.36836 
    -85.79878 -157.80553 
    -85.34706 -158.25237 
    -84.86846 -158.67426 
    -84.36189 -159.06615 
    -83.82922 -159.42603 
    -83.27242 -159.75200 
    -82.69370 -160.04231 
    -82.09534 -160.29533 
    -81.47980 -160.50957 
    -80.84966 -160.68376 
    -80.20761 -160.81676 
    -79.55643 -160.90764 
    -78.89899 -160.95567 
    -78.23824 -160.96034 
    -77.57717 -160.92133 
    -76.91879 -160.83856 
    -76.26617 -160.71219 
    -75.62231 -160.54259 
    -74.99025 -160.33035 
    -74.37295 -160.07632 
    -73.77332 -159.78156 
    -73.19420 -159.44731 
    -72.63831 -159.07509 
    -72.10827 -158.66656 
    -71.60655 -158.22366 
    -71.13550 -157.74840 
    -70.69729 -157.24304 
    -70.29390 -156.70996 
    -69.92714 -156.15170 
    -69.59862 -155.57092 
    -69.30973 -154.97035 
    -69.06103 -154.35312 
    -68.80040 -153.73923 
    -68.61889 -153.09747 
    -68.51421 -152.43900 
    -68.38630 -151.78606 
    -68.23238 -151.12909 
    -68.10842 -150.45799 
    -68.06551 -149.77641 
    -68.09500 -149.09312 
    -68.18453 -148.41409 
    -68.32888 -147.74405 
    -68.52742 -147.08806 
    -68.77926 -146.45131 
    -69.08237 -145.83864 
    -69.43372 -145.25441 
    -69.82936 -144.70222 
    -70.26473 -144.18483 
    -70.73492 -143.70407 
    -71.36678 -143.38477 
    -72.02601 -143.13901 
    -72.65079 -142.90521 
    -73.20415 -142.61972 
    -73.74540 -142.33722 
    -74.27848 -142.05331 
    -74.80923 -141.76680 
    -75.34212 -141.47435 
    -75.88046 -141.16788 
    -76.43141 -140.84740 
    -77.01134 -140.56259 
    -77.61270 -140.27592 
    -78.24410 -140.04875 
    -78.89899 -139.90813 
    -79.57343 -139.73811 
    -80.27219 -139.58803 
    -80.98436 -139.52612 
    -81.69152 -139.58183 
    -82.42955 -139.59207 
    -83.19289 -139.61285 
    -83.94727 -139.72987 
    -84.67690 -139.94801 
    -85.42868 -140.16885 
    -86.16556 -140.45644 
    -86.87718 -140.81403 
    -87.55260 -141.24284 
    -88.18081 -141.74179 
    -88.75147 -142.30731 
    -89.25557 -142.93350 
    -89.55292 -143.69681 
    -89.49597 -144.63226 
    -89.42644 -145.50415 
    -89.35937 -146.31644 
    -89.30537 -147.07677 
    -89.26465 -147.79654 
    -89.24105 -148.48514 
    -89.22974 -149.15291 
    -89.22359 -149.80843 
Cell 3 100 -58.50491 -154.50508 
    -68.65840 -154.50508 
    -68.61354 -155.14107 
    -68.53152 -155.77174 
    -68.41302 -156.39516 
    -68.25862 -157.00941 
    -68.06885 -157.61259 
    -67.84423 -158.20277 
    -67.58532 -158.77800 
    -67.29276 -159.33624 
    -66.96990 -159.87712 
    -66.61526 -160.39760 
    -66.22861 -160.89467 
    -65.81146 -161.36638 
    -65.36550 -161.81087 
    -64.89250 -162.22635 
    -64.39436 -162.61121 
    -63.87306 -162.96391 
    -63.33067 -163.28310 
    -62.76936 -163.56749 
    -62.19136 -163.81599 
    -61.59898 -164.02762 
    -60.99455 -164.20157 
    -60.38048 -164.33716 
    -59.75921 -164.43388 
    -59.13320 -164.49138 
    -58.50491 -164.50943 
    -57.87684 -164.48798 
    -57.25133 -164.42819 
    -56.63079 -164.32959 
    -56.01755 -164.19272 
    -55.41387 -164.01833 
    -54.82189 -163.80733 
    -54.24359 -163.56087 
    -53.68074 -163.28021 
    -53.13492 -162.96684 
    -52.60741 -162.62230 
    -52.09926 -162.24818 
    -51.61123 -161.84612 
    -51.14384 -161.41759 
    -50.69749 -160.96394 
    -50.27248 -160.48630 
    -49.86924 -159.98544 
    -49.48844 -159.46193 
    -49.13121 -158.91602 
    -48.79931 -158.34779 
    -48.49525 -157.75742 
    -48.22235 -157.14519 
    -47.97369 -156.51402 
    -48.35805 -155.78693 
    -48.66472 -155.12418 
    -48.88490 -154.50508 
    -49.06626 -153.91124 
    -49.23880 -153.33450 
    -49.42019 -152.77208 
    -49.61278 -152.22197 
    -49.82431 -151.68459 
    -50.06020 -151.16159 
    -50.31218 -150.64987 
    -50.59031 -150.15399 
    -50.87834 -149.66512 
    -51.18721 -149.18846 
    -51.49955 -148.70975 
    -51.81784 -148.22549 
    -52.13254 -147.71919 
    -52.42162 -147.15164 
    -52.65676 -146.45580 
    -52.96983 -145.78317 
    -53.56030 -145.51086 
    -54.15905 -145.26964 
    -54.76511 -145.05940 
    -55.37767 -144.88042 
    -55.99596 -144.73334 
    -56.61905 -144.61903 
    -57.24584 -144.53850 
    -57.87468 -144.48779 
    -58.50491 -144.45506 
    -59.13694 -144.45934 
    -59.76878 -144.50056 
    -60.39846 -144.57874 
    -61.02399 -144.69392 
    -61.64466 -144.84192 
    -62.26210 -145.01550 
    -62.86100 -145.24794 
    -63.43996 -145.52826 
    -64.00951 -145.83122 
    -64.55929 -146.17195 
    -65.08595 -146.54999 
    -65.58607 -146.96442 
    -66.05627 -147.41388 
    -66.49338 -147.89645 
    -66.89450 -148.40968 
    -67.25723 -148.95068 
    -67.57970 -149.51617 
    -67.86058 -150.10265 
    -68.09919 -150.70644 
    -68.27927 -151.32919 
    -68.42023 -151.95926 
    -68.53839 -152.59108 
    -68.63464 -153.22540 
    -68.66532 -153.86584 
Cell 4 100 -40.63563 -148.98329 
    -51.32108 -148.98329 
    -50.90163 -149.62917 
    -50.54480 -150.23512 
    -50.23146 -150.81380 
    -49.96257 -151.37804 
    -49.72509 -151.93663 
    -49.51574 -152.49916 
    -49.32361 -153.07153 
    -49.14158 -153.65948 
    -48.95823 -154.26498 
    -48.75160 -154.87988 
    -48.49695 -155.48674 
    -48.19972 -156.08644 
    -47.77948 -156.59073 
    -47.24112 -156.96796 
    -46.68858 -157.31447 
    -46.12289 -157.62984 
    -45.57761 -157.97272 
    -45.02230 -158.30544 
    -44.44419 -158.60263 
    -43.84559 -158.86253 
    -43.22895 -159.08360 
    -42.59686 -159.26442 
    -41.95204 -159.40378 
    -41.29732 -159.50061 
    -40.63563 -159.55412 
    -39.96997 -159.56369 
    -39.30340 -159.52899 
    -38.63903 -159.44981 
    -37.98000 -159.32628 
    -37.32942 -159.15875 
    -36.69040 -158.94778 
    -36.06602 -158.69420 
    -35.45928 -158.39903 
    -34.87309 -158.06360 
    -34.31026 -157.68941 
    -33.77350 -157.27818 
    -33.26534 -156.83185 
    -32.78816 -156.35255 
    -32.34417 -155.84258 
    -31.93538 -155.30438 
    -31.56360 -154.74057 
    -31.23040 -154.15385 
    -30.93714 -153.54706 
    -30.68495 -152.92305 
    -30.47472 -152.28477 
    -30.30709 -151.63521 
    -30.18251 -150.97733 
    -30.10116 -150.31410 
    -30.06304 -149.64847 
    -30.06791 -148.98329 
    -30.11538 -148.32141 
    -30.20485 -147.66557 
    -30.33558 -147.01845 
    -30.50668 -146.38261 
    -30.71711 -145.76057 
    -30.96574 -145.15471 
    -31.25131 -144.56737 
    -31.57246 -144.00076 
    -31.92771 -143.45708 
    -32.31550 -142.93837 
    -32.73417 -142.44664 
    -33.18193 -141.98380 
    -33.63216 -141.52536 
    -34.09172 -141.07306 
    -34.60577 -140.68390 
    -35.18296 -140.39125 
    -35.77289 -140.13800 
    -36.35328 -139.88284 
    -36.93211 -139.62929 
    -37.51495 -139.37883 
    -38.10622 -139.13190 
    -38.70980 -138.88774 
    -39.32948 -138.64407 
    -39.96956 -138.39645 
    -40.63563 -138.13689 
    -41.33562 -137.85728 
    -42.05209 -137.77084 
    -42.77357 -137.77583 
    -43.52876 -137.71530 
    -44.26611 -137.80981 
    -45.01210 -137.92960 
    -45.75562 -138.10275 
    -46.49162 -138.33128 
    -47.21447 -138.61670 
    -47.91811 -138.95982 
    -48.59623 -139.36058 
    -49.24238 -139.81804 
    -49.85019 -140.33025 
    -50.41353 -140.89430 
    -50.92677 -141.50635 
    -51.38490 -142.16161 
    -51.78370 -142.85458 
    -52.11993 -143.57919 
    -52.39133 -144.32889 
    -52.59679 -145.09688 
    -52.72612 -145.87898 
    -52.57211 -146.70628 
    -52.23505 -147.51794 
    -51.78063 -148.28210 
Cell 5 100 -12.59592 -151.78131 
    -22.96498 -151.78131 
    -22.97581 -152.43436 
    -22.94387 -153.08856 
    -22.86895 -153.74100 
    -22.75110 -154.38872 
    -22.59054 -155.02876 
    -22.38773 -155.65816 
    -22.14337 -156.27400 
    -21.85834 -156.87337 
    -21.53379 -157.45346 
    -21.17104 -158.01151 
    -20.77163 -158.54485 
    -20.33732 -159.05096 
    -19.87003 -159.52745 
    -19.37189 -159.97205 
    -18.84516 -160.38266 
    -18.29229 -160.75735 
    -17.71584 -161.09442 
    -17.11851 -161.39230 
    -16.50309 -161.64970 
    -15.87247 -161.86549 
    -15.22959 -162.03880 
    -14.57747 -162.16898 
    -13.91912 -162.25555 
    -13.25759 -162.29836 
    -12.59592 -162.29738 
    -11.93710 -162.25290 
    -11.28411 -162.16534 
    -10.63983 -162.03546 
    -10.00711 -161.86406 
    -9.38865 -161.65227 
    -8.78708 -161.40134 
    -8.20489 -161.11272 
    -7.64446 -160.78798 
    -7.10800 -160.42889 
    -6.59756 -160.03734 
    -6.11507 -159.61531 
    -5.66225 -159.16492 
    -5.21747 -158.71013 
    -4.77702 -158.24966 
    -4.36337 -157.76260 
    -3.97818 -157.25029 
    -3.62315 -156.71413 
    -3.31026 -156.15082 
    -3.04278 -155.56367 
    -2.84512 -154.94952 
    -2.73590 -154.31294 
    -2.64728 -153.67912 
    -2.56963 -153.04793 
    -2.50575 -152.41612 
    -2.45736 -151.78131 
    -2.42510 -151.14142 
    -2.36915 -150.48938 
    -2.20764 -149.79964 
    -2.03523 -149.06979 
    -1.85231 -148.29050 
    -1.64729 -147.44644 
    -1.37169 -146.49960 
    -1.46273 -145.66080 
    -1.96704 -145.03603 
    -2.58360 -144.50693 
    -3.28088 -144.07524 
    -4.02489 -143.73257 
    -4.78458 -143.46309 
    -5.53590 -143.24721 
    -6.26367 -143.06572 
    -6.96151 -142.90291 
    -7.62770 -142.74417 
    -8.21870 -142.47926 
    -8.82277 -142.25142 
    -9.43755 -142.06087 
    -10.06082 -141.90775 
    -10.67597 -141.71660 
    -11.29944 -141.51860 
    -11.94337 -141.40936 
    -12.59592 -141.33556 
    -13.25387 -141.32352 
    -13.91719 -141.32237 
    -14.58976 -141.32921 
    -15.27396 -141.35103 
    -15.97221 -141.39014 
    -16.68955 -141.44197 
    -17.35862 -141.66006 
    -17.96099 -142.02228 
    -18.49696 -142.48276 
    -18.98228 -142.99124 
    -19.42146 -143.53064 
    -19.82145 -144.08690 
    -20.18967 -144.65030 
    -20.53235 -145.21571 
    -20.85345 -145.78186 
    -21.15436 -146.34996 
    -21.43425 -146.92239 
    -21.74971 -147.47386 
    -22.03798 -148.04294 
    -22.29022 -148.63144 
    -22.50496 -149.23711 
    -22.68088 -149.85750 
    -22.81681 -150.49011 
    -22.91178 -151.13229 
Cell 6 100 6.92825 -153.27567 
    -2.59765 -153.27567 
    -2.67535 -153.87987 
    -2.76809 -154.50060 
    -2.91045 -155.15250 
    -3.18317 -155.87184 
    -3.56784 -156.68605 
    -3.43466 -157.37863 
    -3.17590 -158.03032 
    -2.87231 -158.66356 
    -2.52514 -159.27496 
    -2.13604 -159.86125 
    -1.70700 -160.41936 
    -1.24025 -160.94640 
    -0.73822 -161.43962 
    -0.20358 -161.89656 
    0.36083 -162.31494 
    0.95199 -162.69273 
    1.56671 -163.02826 
    2.20174 -163.32001 
    2.85367 -163.56686 
    3.51911 -163.76791 
    4.19458 -163.92259 
    4.87663 -164.03061 
    5.56183 -164.09200 
    6.24680 -164.10698 
    6.92825 -164.07610 
    7.60298 -164.00023 
    8.26793 -163.88034 
    8.92018 -163.71776 
    9.55697 -163.51384 
    10.17570 -163.27029 
    10.77397 -162.98885 
    11.34953 -162.67137 
    11.90954 -162.33661 
    12.49343 -162.04498 
    13.06245 -161.71866 
    13.61446 -161.35791 
    14.14725 -160.96312 
    14.65844 -160.53479 
    15.14551 -160.07358 
    15.60578 -159.58026 
    16.03645 -159.05591 
    16.43462 -158.50183 
    16.79733 -157.91971 
    17.12163 -157.31151 
    17.40465 -156.67966 
    17.64367 -156.02692 
    17.83619 -155.35646 
    17.97997 -154.67183 
    18.05426 -153.97566 
    17.98672 -153.27567 
    17.91178 -152.58464 
    17.75498 -151.90793 
    17.56504 -151.24660 
    17.37893 -150.59239 
    17.19623 -149.93939 
    17.01607 -149.28162 
    16.83816 -148.61243 
    16.60535 -147.95563 
    16.20992 -147.38533 
    15.77754 -146.84628 
    15.31154 -146.34039 
    14.81528 -145.86925 
    14.29210 -145.43396 
    13.74522 -145.03535 
    13.17775 -144.67395 
    12.59262 -144.35004 
    11.99256 -144.06372 
    11.38011 -143.81497 
    10.75766 -143.60367 
    10.12741 -143.42966 
    9.49142 -143.29279 
    8.85164 -143.19287 
    8.23961 -142.89519 
    7.60352 -142.54253 
    6.92825 -142.14986 
    6.20800 -141.82761 
    5.45504 -141.61404 
    4.66965 -141.43568 
    3.85174 -141.29344 
    3.06760 -141.39381 
    2.39671 -141.83031 
    1.82765 -142.43634 
    1.35459 -143.13722 
    0.90921 -143.79118 
    0.35002 -144.22151 
    -0.16102 -144.70622 
    -0.62155 -145.23595 
    -1.03174 -145.80074 
    -1.38245 -146.40047 
    -1.55088 -147.11522 
    -1.72874 -147.78177 
    -1.88516 -148.43045 
    -2.03269 -149.05896 
    -2.17715 -149.67058 
    -2.31809 -150.27135 
    -2.40266 -150.87990 
    -2.44258 -151.48810 
    -2.48067 -152.08705 
    -2.53248 -152.68044 
Cell 7 100 26.81443 -148.11832 
    16.69901 -148.11832 
    16.87308 -148.74377 
    17.03580 -149.35364 
    17.19986 -149.95239 
    17.36550 -150.54439 
    17.53302 -151.13403 
    17.70270 -151.72589 
    17.85390 -152.33482 
    17.95558 -152.98851 
    18.02717 -153.69487 
    18.19993 -154.37711 
    18.58418 -154.92697 
    19.00552 -155.45137 
    19.46220 -155.94765 
    19.95231 -156.41319 
    20.47366 -156.84564 
    21.02393 -157.24269 
    21.60057 -157.60228 
    22.20090 -157.92256 
    22.82209 -158.20181 
    23.46117 -158.43860 
    24.11504 -158.63174 
    24.78056 -158.78024 
    25.45448 -158.88338 
    26.13354 -158.94070 
    26.81443 -158.95201 
    27.49384 -158.91734 
    28.16851 -158.83702 
    28.83521 -158.71161 
    29.49075 -158.54189 
    30.13207 -158.32896 
    30.75619 -158.07407 
    31.36027 -157.77872 
    31.94160 -157.44460 
    32.49763 -157.07362 
    33.02602 -156.66783 
    33.52456 -156.22948 
    33.99128 -155.76089 
    34.42442 -155.26457 
    34.82247 -154.74315 
    35.18438 -154.19945 
    35.57552 -153.67828 
    35.75694 -153.03450 
    35.91565 -152.40102 
    36.09024 -151.79086 
    36.27462 -151.19212 
    36.46666 -150.59659 
    36.66671 -149.99774 
    36.87777 -149.38962 
    37.10628 -148.76582 
    37.36343 -148.11832 
    37.67417 -147.43509 
    37.80352 -146.73007 
    37.75911 -146.03050 
    37.66615 -145.33206 
    37.52366 -144.63867 
    37.33108 -143.95448 
    37.08829 -143.28380 
    36.79570 -142.63106 
    36.45429 -142.00067 
    36.06557 -141.39697 
    35.63164 -140.82408 
    35.15512 -140.28589 
    34.63912 -139.78586 
    34.08717 -139.32709 
    33.56912 -138.82127 
    33.00423 -138.36475 
    32.38740 -137.98112 
    31.72726 -137.67801 
    31.03453 -137.45956 
    30.32115 -137.32573 
    29.59920 -137.27235 
    28.87973 -137.29160 
    28.18106 -137.30028 
    27.49490 -137.30247 
    26.81443 -137.12535 
    26.11399 -136.98512 
    25.39592 -136.88969 
    24.66443 -136.84766 
    23.92571 -136.86749 
    23.18782 -136.95677 
    22.46034 -137.12115 
    21.75373 -137.36378 
    21.07850 -137.68469 
    20.44435 -138.08067 
    19.85938 -138.54552 
    19.32942 -139.07050 
    18.85766 -139.64522 
    18.44465 -140.25858 
    18.08849 -140.89960 
    17.78540 -141.55835 
    17.53039 -142.22649 
    17.31797 -142.89760 
    17.14285 -143.56721 
    17.00048 -144.23270 
    16.88740 -144.89284 
    16.80139 -145.54741 
    16.74143 -146.19679 
    16.70758 -146.84152 
    16.68933 -147.48129 
Cell 8 100 45.63401 -153.40918 
    35.65136 -153.40918 
    35.61198 -154.03972 
    35.65694 -154.66957 
    35.74791 -155.29506 
    35.87915 -155.91380 
    36.04957 -156.52335 
    36.25835 -157.12126 
    36.50471 -157.70511 
    36.78772 -158.27246 
    37.10629 -158.82103 
    37.45918 -159.34854 
    37.84497 -159.85283 
    38.26217 -160.33180 
    38.70908 -160.78348 
    39.18393 -161.20599 
    39.68479 -161.59760 
    40.20963 -161.95665 
    40.75632 -162.28168 
    41.32262 -162.57135 
    41.90625 -162.82445 
    42.50480 -163.03993 
    43.11581 -163.21693 
    43.73680 -163.35474 
    44.36521 -163.45277 
    44.99848 -163.51065 
    45.63401 -163.52820 
    46.26921 -163.50533 
    46.90148 -163.44218 
    47.52824 -163.33907 
    48.14695 -163.19643 
    48.75510 -163.01491 
    49.35024 -162.79530 
    49.92996 -162.53853 
    50.49194 -162.24573 
    51.03394 -161.91811 
    51.55381 -161.55707 
    52.04947 -161.16412 
    52.51900 -160.74094 
    52.96055 -160.28926 
    53.37243 -159.81094 
    53.75302 -159.30798 
    54.10090 -158.78242 
    54.41476 -158.23643 
    54.69341 -157.67221 
    54.93592 -157.09207 
    55.14480 -156.49942 
    55.32106 -155.89639 
    55.44738 -155.28117 
    55.50200 -154.65579 
    55.46155 -154.02748 
    55.40592 -153.40918 
    55.33935 -152.79858 
    55.26362 -152.19267 
    55.18092 -151.58800 
    55.09482 -150.98006 
    55.01299 -150.36177 
    54.94057 -149.72446 
    54.69255 -149.14656 
    54.40765 -148.58583 
    54.08948 -148.04318 
    53.74298 -147.51767 
    53.36794 -147.01112 
    52.96674 -146.52330 
    52.54148 -146.05348 
    52.09367 -145.60080 
    51.62383 -145.16490 
    51.13137 -144.74673 
    50.61470 -144.34933 
    50.07179 -143.97844 
    49.60158 -143.38826 
    49.10762 -142.71852 
    48.40523 -142.61601 
    47.63039 -142.94382 
    46.96899 -142.84177 
    46.30085 -142.81018 
    45.63401 -142.66504 
    44.95625 -142.63649 
    44.30283 -142.87181 
    43.69384 -143.23843 
    43.08598 -143.48524 
    42.48861 -143.72861 
    41.90693 -143.99564 
    41.34078 -144.28560 
    40.79068 -144.59920 
    40.25790 -144.93777 
    39.74429 -145.30267 
    39.25208 -145.69473 
    38.78335 -146.11397 
    38.33947 -146.55914 
    37.92448 -147.03130 
    37.60890 -147.57860 
    37.35005 -148.15202 
    37.12089 -148.72905 
    36.90926 -149.30363 
    36.70911 -149.87556 
    36.51670 -150.44679 
    36.33002 -151.02032 
    36.14907 -151.59982 
    35.97628 -152.18912 
    35.81779 -152.79160 
Cell 9 100 65.74316 -153.40413 
    55.40537 -153.40413 
    55.46306 -154.05090 
    55.49828 -154.69835 
    55.43024 -155.37143 
    55.33184 -156.07730 
    55.50447 -156.73088 
    55.71233 -157.37561 
    55.95758 -158.00887 
    56.24176 -158.62756 
    56.56560 -159.22838 
    56.92897 -159.80801 
    57.33106 -160.36322 
    57.77048 -160.89098 
    58.24533 -161.38850 
    58.75355 -161.85312 
    59.29271 -162.28241 
    59.86020 -162.67418 
    60.45323 -163.02646 
    61.06882 -163.33760 
    61.70391 -163.60611 
    62.35530 -163.83089 
    63.01976 -164.01105 
    63.69401 -164.14615 
    64.37478 -164.23598 
    65.05886 -164.28069 
    65.74316 -164.28078 
    66.42471 -164.23711 
    67.10078 -164.15080 
    67.76886 -164.02325 
    68.42680 -163.85622 
    69.07272 -163.65147 
    69.70513 -163.41095 
    70.32291 -163.13661 
    70.92521 -162.83025 
    71.51146 -162.49353 
    72.08125 -162.12776 
    72.63418 -161.73395 
    73.16974 -161.31264 
    73.68703 -160.86392 
    74.18480 -160.38766 
    74.66103 -159.88335 
    75.11302 -159.35043 
    75.53722 -158.78847 
    75.87019 -158.16956 
    75.86028 -157.40977 
    75.89750 -156.70348 
    76.04043 -156.04802 
    76.17745 -155.39458 
    76.25781 -154.73244 
    76.29947 -154.06828 
    76.30873 -153.40413 
    76.28165 -152.74110 
    76.23622 -152.07855 
    76.12421 -151.42383 
    75.93295 -150.78783 
    75.73058 -150.15901 
    75.51234 -149.53624 
    75.27688 -148.91789 
    75.02267 -148.30267 
    74.74870 -147.68904 
    74.45690 -147.07323 
    74.14470 -146.45377 
    73.81268 -145.82634 
    73.46484 -145.18137 
    73.10872 -144.50070 
    72.58624 -143.98544 
    71.99428 -143.55394 
    71.36727 -143.17390 
    70.71017 -142.84868 
    70.02847 -142.58066 
    69.32796 -142.37125 
    68.61158 -142.23233 
    67.87573 -142.22476 
    67.15087 -142.26091 
    66.44186 -142.29839 
    65.74316 -142.33884 
    65.05038 -142.39285 
    64.36691 -142.51004 
    63.70111 -142.69934 
    63.05230 -142.92392 
    62.42908 -143.20445 
    61.82861 -143.51712 
    61.25171 -143.85931 
    60.69900 -144.22885 
    60.17103 -144.62387 
    59.66832 -145.04283 
    59.19144 -145.48447 
    58.74105 -145.94765 
    58.20705 -146.32726 
    57.66100 -146.71799 
    57.11095 -147.13246 
    56.56689 -147.58069 
    56.04714 -148.07370 
    55.57669 -148.62016 
    55.18289 -149.22302 
    54.96060 -149.90067 
    55.05235 -150.65919 
    55.15199 -151.38376 
    55.24797 -152.07828 
    55.33318 -152.74919 
Cell 10 100 85.65636 -146.62866 
    74.23284 -146.62866 
    74.57655 -147.32574 
    74.88292 -147.98965 
    75.15844 -148.63124 
    75.40723 -149.26019 
    75.63454 -149.88495 
    75.84463 -150.51340 
    76.04263 -151.15254 
    76.24415 -151.80307 
    76.71663 -152.30199 
    77.18913 -152.78046 
    77.66440 -153.24019 
    78.14597 -153.68138 
    78.63747 -154.10301 
    79.14202 -154.50314 
    79.66197 -154.87923 
    80.19869 -155.22856 
    80.75267 -155.54843 
    81.32356 -155.83632 
    81.91034 -156.09001 
    82.51145 -156.30768 
    83.12497 -156.48778 
    83.74866 -156.62912 
    84.38016 -156.73083 
    85.01691 -156.79227 
    85.65636 -156.81305 
    86.29585 -156.79303 
    86.93298 -156.73419 
    87.56577 -156.63812 
    88.19167 -156.50307 
    88.80843 -156.32976 
    89.41386 -156.11903 
    90.00591 -155.87192 
    90.58263 -155.58951 
    91.14223 -155.27301 
    91.68307 -154.92372 
    92.20363 -154.54295 
    92.70251 -154.13205 
    93.17845 -153.69238 
    93.63028 -153.22527 
    94.05687 -152.73199 
    94.45715 -152.21382 
    94.83006 -151.67195 
    95.17448 -151.10754 
    95.48923 -150.52177 
    95.77303 -149.91577 
    96.02447 -149.29074 
    96.24197 -148.64798 
    96.42382 -147.98891 
    96.56816 -147.31517 
    96.67301 -146.62866 
    96.73631 -145.93156 
    96.75598 -145.22646 
    96.73000 -144.51625 
    96.65649 -143.80431 
    96.53380 -143.09438 
    96.36060 -142.39055 
    96.13600 -141.69731 
    95.85963 -141.01936 
    95.53169 -140.36159 
    95.15305 -139.72891 
    94.72520 -139.12625 
    94.25039 -138.55832 
    93.73148 -138.02953 
    93.17196 -137.54385 
    92.57585 -137.10480 
    91.94764 -136.71518 
    91.29213 -136.37723 
    90.61434 -136.09241 
    89.91938 -135.86150 
    89.21231 -135.68457 
    88.49802 -135.56108 
    87.78119 -135.48990 
    87.06610 -135.46936 
    86.35667 -135.49750 
    85.65636 -135.57196 
    84.96817 -135.69029 
    84.29468 -135.84990 
    83.63803 -136.04823 
    82.99999 -136.28279 
    82.38200 -136.55124 
    81.78525 -136.85136 
    81.21072 -137.18121 
    80.65927 -137.53899 
    80.13165 -137.92313 
    79.58549 -138.27284 
    78.96642 -138.54192 
    78.33515 -138.83237 
    77.69147 -139.14914 
    77.03822 -139.49913 
    76.38210 -139.89052 
    75.73410 -140.33180 
    75.10935 -140.83040 
    74.52635 -141.39128 
    74.00543 -142.01573 
    73.56676 -142.70052 
    73.22868 -143.43777 
    73.04392 -144.22272 
    73.41282 -145.08194 
    73.84399 -145.88550 
Cell 11 100 108.75956 -151.62195 
    98.59435 -151.62195 
    98.60497 -152.26082 
    98.65640 -152.89827 
    98.74854 -153.53165 
    98.88113 -154.15829 
    99.05364 -154.77559 
    99.26547 -155.38092 
    99.51577 -155.97174 
    99.80356 -156.54555 
    100.12766 -157.09991 
    100.48674 -157.63251 
    100.87933 -158.14104 
    101.30377 -158.62340 
    101.75829 -159.07753 
    102.24099 -159.50154 
    102.74982 -159.89365 
    103.28262 -160.25223 
    103.83714 -160.57579 
    104.41103 -160.86302 
    105.00187 -161.11278 
    105.60715 -161.32405 
    106.22432 -161.49605 
    106.85078 -161.62810 
    107.48391 -161.71977 
    108.12105 -161.77077 
    108.75956 -161.78102 
    109.39680 -161.75061 
    110.03017 -161.67982 
    110.65709 -161.56917 
    111.27509 -161.41931 
    111.88180 -161.23120 
    112.47496 -161.00598 
    113.05256 -160.74504 
    113.61283 -160.45003 
    114.15437 -160.12282 
    114.67621 -159.76552 
    115.17785 -159.38033 
    115.65938 -158.96951 
    116.12141 -158.53519 
    116.56499 -158.07916 
    116.99143 -157.60275 
    117.40194 -157.10657 
    117.79725 -156.59045 
    118.17707 -156.05350 
    118.53963 -155.49416 
    118.88125 -154.91069 
    119.19617 -154.30162 
    119.47662 -153.66634 
    119.71327 -153.00572 
    119.89599 -152.32259 
    120.01489 -151.62195 
    120.06150 -150.91089 
    120.02982 -150.19818 
    119.91715 -149.49353 
    120.04607 -148.72406 
    120.23277 -147.89407 
    119.87450 -147.22124 
    119.08038 -146.76534 
    118.29027 -146.38240 
    117.81624 -145.87440 
    117.31681 -145.40474 
    116.80005 -144.97028 
    116.27183 -144.56746 
    115.73588 -144.19292 
    115.19399 -143.84406 
    114.67093 -143.48564 
    114.15446 -143.12094 
    113.61913 -142.78242 
    113.06682 -142.46857 
    112.49856 -142.17833 
    111.91438 -141.91240 
    111.31366 -141.67438 
    110.69590 -141.47127 
    110.06189 -141.31296 
    109.41462 -141.21011 
    108.75956 -141.17154 
    108.10395 -141.20140 
    107.43304 -141.12152 
    106.71270 -140.89192 
    105.95220 -140.68802 
    105.17924 -140.60286 
    104.44643 -140.72824 
    103.80519 -141.09338 
    103.28027 -141.65517 
    102.85719 -142.32130 
    102.49326 -142.99713 
    102.14404 -143.62515 
    101.78358 -144.19328 
    101.40858 -144.71892 
    101.02979 -145.22733 
    100.63542 -145.71942 
    100.26904 -146.23370 
    99.93545 -146.77086 
    99.63609 -147.32877 
    99.37233 -147.90529 
    99.14537 -148.49811 
    98.95629 -149.10489 
    98.80598 -149.72321 
    98.69519 -150.35052 
    98.62451 -150.98430 
Cell 12 100 -115.75072 -132.89098 
    -127.35355 -132.89098 
    -127.43262 -133.62593 
    -127.45343 -134.36937 
    -127.41530 -135.11612 
    -127.31830 -135.86102 
    -127.16312 -136.59909 
    -126.95099 -137.32547 
    -126.68378 -138.03568 
    -126.36372 -138.72551 
    -125.99342 -139.39119 
    -125.57577 -140.02928 
    -125.11382 -140.63681 
    -124.61077 -141.21111 
    -124.06986 -141.74995 
    -123.49432 -142.25137 
    -122.88730 -142.71362 
    -121.45361 -141.87727 
    -120.52355 -141.57271 
    -119.88134 -141.66898 
    -119.27768 -141.79904 
    -118.67755 -141.89882 
    -118.08652 -141.98828 
    -117.50337 -142.07869 
    -116.92188 -142.16162 
    -116.33553 -142.18619 
    -115.75072 -142.20319 
    -115.16425 -142.21266 
    -114.57311 -142.21275 
    -113.98239 -142.16092 
    -113.38731 -142.09589 
    -112.78713 -142.01198 
    -112.18362 -141.90045 
    -111.57761 -141.75929 
    -110.95627 -141.61206 
    -110.25187 -141.55579 
    -109.31190 -141.75327 
    -108.28072 -141.92065 
    -107.76519 -141.39470 
    -107.28968 -140.83643 
    -106.85651 -140.24892 
    -106.46751 -139.63562 
    -106.12433 -139.00008 
    -105.82831 -138.34587 
    -105.58028 -137.67682 
    -105.38089 -136.99669 
    -105.23038 -136.30923 
    -105.12296 -135.61972 
    -105.05115 -134.93202 
    -104.99765 -134.24940 
    -104.98296 -133.56842 
    -104.98463 -132.89098 
    -104.84086 -132.20459 
    -104.40980 -131.45828 
    -104.07177 -130.66310 
    -103.98788 -129.87079 
    -104.25063 -129.15437 
    -104.82159 -128.56383 
    -105.55701 -128.09418 
    -106.29830 -127.69447 
    -106.90623 -127.27809 
    -107.16985 -126.65661 
    -107.46670 -126.03783 
    -107.80277 -125.42735 
    -108.18436 -124.83362 
    -108.61694 -124.26772 
    -109.10397 -123.74252 
    -109.64590 -123.27132 
    -110.23959 -122.86625 
    -110.87835 -122.53664 
    -111.55262 -122.28778 
    -112.25110 -122.12022 
    -112.96209 -122.02995 
    -113.67491 -122.00917 
    -114.38090 -122.04768 
    -115.07398 -122.13448 
    -115.75072 -122.25924 
    -116.40991 -122.41347 
    -117.05190 -122.59117 
    -117.67779 -122.78894 
    -118.28883 -123.00572 
    -118.88581 -123.24216 
    -119.46888 -123.50000 
    -120.03739 -123.78134 
    -120.59007 -124.08825 
    -121.12511 -124.42230 
    -121.64043 -124.78451 
    -122.13377 -125.17519 
    -122.60294 -125.59411 
    -123.04691 -126.03941 
    -123.46232 -126.51139 
    -123.94071 -126.94061 
    -124.43833 -127.37766 
    -124.91302 -127.85397 
    -125.36028 -128.36906 
    -125.77544 -128.92191 
    -126.15396 -129.51076 
    -126.49136 -130.13326 
    -126.78350 -130.78636 
    -127.02663 -131.46649 
    -127.21757 -132.16954 
Cell 13 100 -91.20772 -127.72034 
    -101.33907 -127.72034 
    -101.33342 -128.35739 
    -101.28722 -128.99367 
    -101.20048 -129.62656 
    -101.07337 -130.25340 
    -100.90629 -130.87160 
    -100.69976 -131.47850 
    -100.45453 -132.07155 
    -100.17151 -132.64822 
    -99.85178 -133.20602 
    -99.49661 -133.74257 
    -99.10743 -134.25554 
    -98.68581 -134.74274 
    -98.23348 -135.20201 
    -97.75233 -135.63142 
    -97.24438 -136.02908 
    -96.71175 -136.39330 
    -96.15669 -136.72249 
    -95.58157 -137.01526 
    -94.98884 -137.27036 
    -94.38100 -137.48671 
    -93.76067 -137.66345 
    -93.13049 -137.79982 
    -92.49312 -137.89534 
    -91.85129 -137.94963 
    -91.20772 -137.96254 
    -90.56512 -137.93413 
    -89.92620 -137.86459 
    -89.29362 -137.75436 
    -88.67002 -137.60400 
    -88.05796 -137.41429 
    -87.45992 -137.18619 
    -86.87832 -136.92078 
    -86.31544 -136.61935 
    -85.77346 -136.28336 
    -85.25028 -135.92004 
    -84.72585 -135.55557 
    -84.22177 -135.15962 
    -83.73998 -134.73300 
    -83.28247 -134.27667 
    -82.85130 -133.79163 
    -82.44865 -133.27902 
    -82.07675 -132.74013 
    -81.73796 -132.17647 
    -81.43459 -131.58980 
    -81.16901 -130.98210 
    -80.94351 -130.35574 
    -80.76022 -129.71330 
    -80.62112 -129.05774 
    -80.52786 -128.39226 
    -80.48183 -127.72034 
    -80.48394 -127.04565 
    -80.53473 -126.37202 
    -80.63421 -125.70333 
    -80.78191 -125.04345 
    -80.97691 -124.39615 
    -81.21780 -123.76505 
    -81.50276 -123.15353 
    -81.75983 -122.52632 
    -82.02386 -121.89209 
    -82.32870 -121.26936 
    -82.67539 -120.66178 
    -83.06466 -120.07350 
    -83.49684 -119.50909 
    -83.97168 -118.97346 
    -84.48824 -118.47176 
    -85.04482 -118.00915 
    -85.63887 -117.59064 
    -86.26707 -117.22092 
    -86.92527 -116.90411 
    -87.60867 -116.64362 
    -88.31193 -116.44198 
    -89.02932 -116.30076 
    -89.75495 -116.22050 
    -90.48296 -116.20072 
    -91.20772 -116.24000 
    -91.92396 -116.33604 
    -92.62696 -116.48586 
    -93.31264 -116.68594 
    -93.97758 -116.93244 
    -94.61905 -117.22135 
    -95.23497 -117.54867 
    -95.82384 -117.91058 
    -96.38466 -118.30351 
    -96.91679 -118.72430 
    -97.41983 -119.17010 
    -97.89357 -119.63853 
    -98.33784 -120.12753 
    -98.75241 -120.63540 
    -99.13702 -121.16065 
    -99.49124 -121.70200 
    -99.87954 -122.21703 
    -100.23477 -122.75768 
    -100.52644 -123.33528 
    -100.74961 -123.94244 
    -100.91054 -124.56770 
    -101.02279 -125.20026 
    -101.11551 -125.83032 
    -101.22966 -126.45427 
    -101.30437 -127.08511 
Cell 14 100 -69.87666 -133.43126 
    -80.44518 -133.43126 
    -80.41279 -134.09413 
    -80.34069 -134.75317 
    -80.22858 -135.40599 
    -80.07622 -136.05006 
    -79.88364 -136.68272 
    -79.65125 -137.30128 
    -79.37968 -137.90305 
    -79.06997 -138.48532 
    -78.72337 -139.04555 
    -78.34142 -139.58127 
    -77.92587 -140.09015 
    -77.31607 -140.41733 
    -76.71164 -140.70978 
    -76.14813 -141.01218 
    -75.60965 -141.32205 
    -75.07425 -141.62135 
    -74.53927 -141.91254 
    -74.00294 -142.20006 
    -73.46146 -142.48543 
    -72.91127 -142.77083 
    -72.33910 -143.02185 
    -71.74826 -143.24255 
    -71.14804 -143.49530 
    -70.52136 -143.67862 
    -69.87666 -143.75122 
    -69.22602 -143.77281 
    -68.57199 -143.75876 
    -67.91587 -143.71007 
    -67.25893 -143.62663 
    -66.60246 -143.50818 
    -65.94783 -143.35434 
    -65.29649 -143.16460 
    -64.65011 -142.93831 
    -64.01055 -142.67476 
    -63.37999 -142.37315 
    -62.76089 -142.03273 
    -62.15611 -141.65280 
    -61.56884 -141.23282 
    -61.00266 -140.77246 
    -60.46148 -140.27177 
    -59.94952 -139.73122 
    -59.47119 -139.15172 
    -59.03108 -138.53481 
    -58.63376 -137.88263 
    -58.28373 -137.19803 
    -57.98530 -136.48444 
    -57.74269 -135.74594 
    -57.56177 -134.98698 
    -57.45924 -134.21249 
    -57.53821 -133.43126 
    -57.96710 -132.68196 
    -58.36822 -131.97742 
    -58.83784 -131.32550 
    -59.37132 -130.73395 
    -59.83245 -130.16769 
    -60.25220 -129.62068 
    -60.64813 -129.08865 
    -61.03064 -128.56813 
    -61.40591 -128.05556 
    -61.77721 -127.54667 
    -62.14605 -127.03595 
    -62.42977 -126.43816 
    -62.72919 -125.81998 
    -63.06656 -125.19927 
    -63.45790 -124.59660 
    -63.89851 -124.01120 
    -64.38220 -123.43689 
    -65.05418 -123.18296 
    -65.77933 -123.08260 
    -66.50698 -123.06047 
    -67.19435 -122.98437 
    -67.87199 -122.92241 
    -68.54581 -122.89655 
    -69.21446 -122.90594 
    -69.87666 -122.94984 
    -70.53120 -123.02766 
    -71.17687 -123.13899 
    -71.81245 -123.28344 
    -72.43665 -123.46073 
    -73.06297 -123.62479 
    -73.70126 -123.77141 
    -74.33427 -123.95836 
    -74.95844 -124.18752 
    -75.56950 -124.46078 
    -76.16272 -124.77924 
    -76.73231 -125.14420 
    -77.27101 -125.55708 
    -77.76994 -126.01897 
    -78.22363 -126.52605 
    -78.63151 -127.07049 
    -78.99523 -127.64444 
    -79.31631 -128.24176 
    -79.59592 -128.85773 
    -79.83463 -129.48862 
    -80.03233 -130.13148 
    -80.18901 -130.78349 
    -80.30904 -131.44118 
    -80.39243 -132.10281 
    -80.43822 -132.76678 
Cell 15 100 -54.01753 -123.01989 
    -64.53236 -123.01989 
    -64.19417 -123.66015 
    -63.72191 -124.24583 
    -63.32840 -124.79604 
    -62.99787 -125.32565 
    -62.71643 -125.84633 
    -62.46538 -126.36463 
    -62.22018 -126.87976 
    -61.91206 -127.35995 
    -61.57890 -127.81847 
    -61.24710 -128.27248 
    -60.91479 -128.72578 
    -60.57901 -129.18152 
    -60.23597 -129.64185 
    -59.87974 -130.10608 
    -59.50387 -130.57118 
    -59.10232 -131.03223 
    -58.69363 -131.52568 
    -58.29398 -132.10780 
    -57.89375 -132.81010 
    -57.35242 -133.28360 
    -56.70293 -133.47884 
    -56.04165 -133.63068 
    -55.37158 -133.73828 
    -54.69582 -133.80103 
    -54.01753 -133.81851 
    -53.33990 -133.79062 
    -52.66611 -133.71750 
    -51.99936 -133.59955 
    -51.34277 -133.43742 
    -50.69942 -133.23199 
    -50.07230 -132.98441 
    -49.46429 -132.69601 
    -48.87816 -132.36838 
    -48.31651 -132.00328 
    -47.78179 -131.60265 
    -47.27630 -131.16864 
    -46.80214 -130.70351 
    -46.36122 -130.20964 
    -45.95521 -129.68962 
    -45.53447 -129.18320 
    -45.24450 -128.58743 
    -44.96981 -127.99392 
    -44.69126 -127.40850 
    -44.40784 -126.82463 
    -44.12250 -126.23498 
    -43.83293 -125.63485 
    -43.53328 -125.01987 
    -43.21199 -124.38495 
    -43.06906 -123.70871 
    -43.03069 -123.01989 
    -43.04778 -122.32973 
    -43.11957 -121.64316 
    -43.24521 -120.96496 
    -43.42306 -120.29969 
    -43.65078 -119.65153 
    -43.92546 -119.02415 
    -44.24380 -118.42072 
    -44.60221 -117.84377 
    -44.99704 -117.29531 
    -44.97727 -116.45175 
    -44.50432 -115.14988 
    -45.93809 -115.43279 
    -46.87095 -115.40955 
    -47.39786 -115.01808 
    -47.90844 -114.61145 
    -48.39533 -114.16071 
    -48.90731 -113.72443 
    -49.44525 -113.30330 
    -50.01030 -112.89877 
    -50.60371 -112.51321 
    -51.22663 -112.15003 
    -51.87984 -111.81374 
    -52.56348 -111.50989 
    -53.27672 -111.24500 
    -54.01753 -111.02626 
    -54.78249 -110.86119 
    -55.56667 -110.75726 
    -56.36360 -110.72135 
    -57.16550 -110.75935 
    -57.96344 -110.87564 
    -58.74774 -111.07275 
    -59.50846 -111.35107 
    -60.23586 -111.70879 
    -60.92093 -112.14189 
    -61.55582 -112.64433 
    -62.13430 -113.20840 
    -62.65191 -113.82521 
    -63.10619 -114.48508 
    -63.49656 -115.17816 
    -63.82422 -115.89491 
    -64.09187 -116.62652 
    -64.30334 -117.36523 
    -64.46316 -118.10455 
    -64.57622 -118.83942 
    -64.64733 -119.56606 
    -64.68095 -120.28199 
    -64.68092 -120.98574 
    -64.65032 -121.67666 
    -64.59154 -122.35463 
Cell 16 100 -34.52107 -130.65999 
    -45.47229 -130.65999 
    -45.38008 -131.34319 
    -45.23643 -132.01366 
    -45.08729 -132.67560 
    -45.01312 -133.35388 
    -44.94112 -134.04567 
    -44.85260 -134.75053 
    -44.65744 -135.42979 
    -44.41507 -136.09926 
    -44.12590 -136.75540 
    -43.79055 -137.39465 
    -43.09182 -137.75032 
    -42.09366 -137.77113 
    -41.29502 -137.87350 
    -40.68890 -138.11562 
    -40.10390 -138.34410 
    -39.53699 -138.56380 
    -38.98486 -138.77959 
    -38.44345 -138.99548 
    -37.90810 -139.21465 
    -37.37371 -139.43951 
    -36.83493 -139.67186 
    -36.28606 -139.91240 
    -35.72123 -140.16017 
    -35.13485 -140.41565 
    -34.52107 -140.74802 
    -33.85427 -141.25847 
    -33.13009 -141.67075 
    -32.37419 -141.91437 
    -31.60947 -141.99994 
    -30.86322 -141.91771 
    -30.18497 -141.61172 
    -29.53360 -141.25891 
    -28.91253 -140.86189 
    -28.32495 -140.42352 
    -27.77369 -139.94696 
    -27.26132 -139.43552 
    -26.79007 -138.89267 
    -26.36176 -138.32208 
    -25.97793 -137.72749 
    -25.63971 -137.11267 
    -25.34787 -136.48148 
    -25.10287 -135.83769 
    -24.92325 -135.17638 
    -25.03192 -134.41701 
    -25.04593 -133.73865 
    -24.91265 -133.12701 
    -24.80309 -132.51379 
    -24.72226 -131.89786 
    -24.67783 -131.27928 
    -24.64514 -130.65999 
    -24.63481 -130.03799 
    -24.65232 -129.41327 
    -24.69355 -128.78529 
    -24.75397 -128.15222 
    -24.89369 -127.53186 
    -25.06034 -126.91422 
    -25.25217 -126.29837 
    -25.46815 -125.68310 
    -25.70831 -125.06724 
    -25.97404 -124.45021 
    -26.26818 -123.83260 
    -26.59490 -123.21682 
    -26.95936 -122.60758 
    -27.36702 -122.01223 
    -27.82281 -121.44061 
    -28.33018 -120.90470 
    -28.89029 -120.41763 
    -29.50132 -119.99248 
    -30.15833 -119.64097 
    -30.85341 -119.37209 
    -31.57636 -119.19109 
    -32.31567 -119.09887 
    -33.05970 -119.09204 
    -33.79777 -119.16341 
    -34.52107 -119.30305 
    -35.22323 -119.49955 
    -35.90042 -119.74133 
    -36.55117 -120.01786 
    -37.17581 -120.32047 
    -37.77584 -120.64284 
    -38.35323 -120.98108 
    -38.90981 -121.33346 
    -39.45147 -121.69163 
    -40.03601 -121.96983 
    -40.60990 -122.27944 
    -41.17143 -122.62109 
    -41.71832 -122.99570 
    -42.24750 -123.40440 
    -42.75507 -123.84824 
    -43.20480 -124.35089 
    -43.50295 -124.95992 
    -43.79677 -125.56063 
    -44.08590 -126.15913 
    -44.37572 -126.75826 
    -44.66904 -127.36272 
    -44.96273 -127.97903 
    -45.25650 -128.61209 
    -45.48797 -129.27455 
    -45.50877 -129.96870 
Cell 17 100 -14.81927 -131.73969 
    -24.71090 -131.73969 
    -24.78377 -132.36659 
    -24.89214 -133.01218 
    -25.03499 -133.68843 
    -25.03305 -134.36214 
    -24.94427 -135.02950 
    -24.81627 -135.69777 
    -24.54604 -136.31676 
    -24.23603 -136.91660 
    -23.88796 -137.49486 
    -23.50367 -138.04927 
    -23.08505 -138.57773 
    -22.63405 -139.07825 
    -22.15270 -139.54900 
    -21.64306 -139.98824 
    -21.10725 -140.39435 
    -20.54743 -140.76581 
    -19.96583 -141.10123 
    -19.36474 -141.39929 
    -18.74592 -141.65726 
    -18.09959 -141.83546 
    -17.36782 -141.66559 
    -16.66981 -141.44054 
    -16.03902 -141.39496 
    -15.42450 -141.35947 
    -14.81927 -141.33653 
    -14.21619 -141.32541 
    -13.60863 -141.32291 
    -12.99014 -141.32834 
    -12.34828 -141.36357 
    -11.66189 -141.45711 
    -10.94349 -141.52879 
    -10.34483 -141.24837 
    -9.76680 -140.93011 
    -9.21185 -140.57556 
    -8.68234 -140.18645 
    -8.18045 -139.76463 
    -7.70823 -139.31218 
    -7.26756 -138.83122 
    -6.86011 -138.32408 
    -6.48744 -137.79312 
    -6.15087 -137.24081 
    -5.85155 -136.66974 
    -5.59038 -136.08247 
    -5.36815 -135.48164 
    -5.18540 -134.86992 
    -5.04250 -134.24994 
    -4.92814 -133.62653 
    -4.81231 -133.00386 
    -4.73168 -132.37434 
    -4.68626 -131.73969 
    -4.67608 -131.10153 
    -4.70125 -130.46149 
    -4.76201 -129.82117 
    -4.85879 -129.18227 
    -4.99215 -128.54666 
    -5.16281 -127.91642 
    -5.37162 -127.29395 
    -5.61941 -126.68202 
    -5.90697 -126.08376 
    -6.23486 -125.50275 
    -6.60330 -124.94284 
    -7.01206 -124.40822 
    -7.46029 -123.90317 
    -7.94652 -123.43195 
    -8.46855 -122.99866 
    -9.02350 -122.60700 
    -9.60784 -122.26013 
    -10.21755 -121.96053 
    -10.71644 -121.37711 
    -11.01559 -120.03316 
    -11.82588 -120.08118 
    -12.70713 -120.66743 
    -13.41172 -120.59776 
    -14.12185 -120.65450 
    -14.81927 -120.81307 
    -15.49250 -121.03901 
    -16.13827 -121.29878 
    -16.75959 -121.56817 
    -17.37623 -121.78100 
    -17.98174 -122.00660 
    -18.57082 -122.26436 
    -19.14220 -122.55299 
    -19.69466 -122.87140 
    -20.22689 -123.21864 
    -20.73757 -123.59386 
    -21.23709 -123.98187 
    -21.75270 -124.35634 
    -22.24645 -124.76510 
    -22.71557 -125.20730 
    -23.15722 -125.68182 
    -23.56861 -126.18719 
    -23.94703 -126.72166 
    -24.28988 -127.28316 
    -24.59476 -127.86929 
    -24.71856 -128.52322 
    -24.66556 -129.21159 
    -24.63962 -129.86635 
    -24.64247 -130.49872 
    -24.66942 -131.11996 
Cell 18 100 7.04774 -131.86278 
    -3.06356 -131.86278 
    -3.03013 -132.49683 
    -2.96257 -133.12738 
    -2.86762 -133.75423 
    -2.73315 -134.37408 
    -2.55958 -134.98439 
    -2.34759 -135.58266 
    -2.09801 -136.16644 
    -1.81181 -136.73335 
    -1.49014 -137.28108 
    -1.13428 -137.80736 
    -0.74569 -138.31006 
    -0.32593 -138.78711 
    0.12329 -139.23656 
    0.60014 -139.65659 
    1.10267 -140.04546 
    1.62882 -140.40163 
    2.17644 -140.72365 
    2.74328 -141.01022 
    3.32761 -141.25874 
    3.97648 -141.31514 
    4.59325 -141.42239 
    5.19869 -141.55583 
    5.80339 -141.71284 
    6.41547 -141.91246 
    7.04774 -141.95047 
    7.68098 -141.92790 
    8.31145 -141.86606 
    8.93685 -141.76585 
    9.55505 -141.62811 
    10.16409 -141.45393 
    10.76226 -141.24460 
    11.34810 -141.00151 
    11.92046 -140.72623 
    12.47851 -140.42030 
    13.02176 -140.08531 
    13.54996 -139.72261 
    14.06311 -139.33339 
    14.56131 -138.91849 
    15.04457 -138.47833 
    15.51272 -138.01294 
    15.96511 -137.52191 
    16.40042 -137.00446 
    16.81653 -136.45963 
    17.21025 -135.88640 
    17.57735 -135.28406 
    17.91222 -134.65230 
    18.19456 -133.98915 
    18.08113 -133.25662 
    17.72334 -132.53442 
    17.44957 -131.86278 
    17.21983 -131.22281 
    17.00939 -130.60432 
    16.80708 -130.00108 
    16.60689 -129.40840 
    16.41395 -128.81952 
    16.21032 -128.23506 
    15.99325 -127.65334 
    15.76318 -127.07143 
    15.52256 -126.48449 
    15.29398 -125.87153 
    15.08677 -125.21231 
    14.91701 -124.47304 
    14.65746 -123.75924 
    14.03726 -123.41390 
    13.40738 -123.10949 
    12.77189 -122.84296 
    12.13370 -122.61145 
    11.51318 -122.37322 
    10.89309 -122.15054 
    10.26291 -121.96751 
    9.62526 -121.82401 
    8.98261 -121.71981 
    8.33733 -121.65459 
    7.69254 -121.61396 
    7.04774 -121.56196 
    6.39901 -121.55150 
    5.74919 -121.58372 
    5.10137 -121.65957 
    4.45884 -121.77969 
    3.82505 -121.94437 
    3.20355 -122.15347 
    2.59790 -122.40638 
    2.01156 -122.70201 
    1.44786 -123.03878 
    0.90983 -123.41468 
    0.40023 -123.82732 
    -0.07861 -124.27398 
    -0.52473 -124.75175 
    -0.93656 -125.25759 
    -1.31294 -125.78839 
    -1.65301 -126.34112 
    -1.95623 -126.91280 
    -2.22226 -127.50065 
    -2.45290 -128.10121 
    -2.65169 -128.71124 
    -2.81168 -129.33131 
    -2.93280 -129.95889 
    -3.01508 -130.59155 
    -3.05862 -131.22694 
Cell 19 100 25.79184 -126.20454 
    15.41817 -126.20454 
    15.66889 -126.84143 
    15.91382 -127.45243 
    16.13969 -128.04578 
    16.34770 -128.62938 
    16.54189 -129.21004 
    16.73581 -129.79008 
    16.93203 -130.37364 
    17.13219 -130.96523 
    17.34312 -131.56627 
    17.57624 -132.17352 
    17.84456 -132.77910 
    18.11921 -133.40962 
    18.62445 -133.83704 
    19.11339 -134.27740 
    19.62203 -134.69656 
    20.15802 -135.08202 
    20.71906 -135.43188 
    21.30271 -135.74442 
    21.90640 -136.01805 
    22.52744 -136.25133 
    23.16321 -136.44238 
    23.81113 -136.58778 
    24.46771 -136.68611 
    25.12865 -136.74565 
    25.79184 -136.77173 
    26.45556 -136.75414 
    27.11622 -136.68811 
    27.77037 -136.57637 
    28.41515 -136.42168 
    29.04764 -136.22488 
    29.66501 -135.98706 
    30.26453 -135.70950 
    30.84356 -135.39360 
    31.39963 -135.04100 
    31.93035 -134.65347 
    32.43353 -134.23297 
    32.90717 -133.78160 
    33.34941 -133.30157 
    33.75866 -132.79527 
    34.13354 -132.26515 
    34.47295 -131.71375 
    34.77608 -131.14368 
    35.04243 -130.55754 
    35.27187 -129.95796 
    35.46462 -129.34743 
    35.62124 -128.72830 
    35.74265 -128.10277 
    35.83001 -127.47266 
    35.88463 -126.83953 
    35.90785 -126.20454 
    35.90085 -125.56854 
    35.86442 -124.93208 
    35.79879 -124.29562 
    35.70347 -123.65967 
    35.57713 -123.02512 
    35.41763 -122.39342 
    35.22218 -121.76696 
    34.98757 -121.14915 
    34.73878 -120.52664 
    34.51348 -119.86790 
    34.25968 -119.19933 
    33.97034 -118.52442 
    33.63739 -117.84988 
    33.25272 -117.18590 
    32.80928 -116.54586 
    32.30231 -115.94569 
    31.73030 -115.40253 
    31.09571 -114.93324 
    30.40516 -114.55263 
    29.66899 -114.27189 
    28.90044 -114.09732 
    28.11432 -114.02969 
    27.32552 -114.06422 
    26.54765 -114.19131 
    25.79184 -114.39771 
    25.06603 -114.66817 
    24.37474 -114.98710 
    23.71931 -115.33999 
    23.09850 -115.71468 
    22.50933 -116.10203 
    21.94799 -116.49609 
    21.32005 -116.70151 
    20.70004 -116.94260 
    20.09158 -117.22237 
    19.49751 -117.54115 
    18.92092 -117.89903 
    18.36515 -118.29593 
    17.83374 -118.73139 
    17.33037 -119.20461 
    16.85881 -119.71432 
    16.42282 -120.25878 
    16.02604 -120.83575 
    15.67191 -121.44247 
    15.36358 -122.07571 
    15.10374 -122.73177 
    14.89471 -123.40664 
    14.78301 -124.10450 
    15.00160 -124.84142 
    15.18898 -125.53748 
Cell 20 100 48.70954 -126.91961 
    38.66388 -126.91961 
    38.67826 -127.55072 
    38.73229 -128.18002 
    38.82586 -128.80502 
    38.95868 -129.42320 
    39.13031 -130.03209 
    39.34013 -130.62921 
    39.58738 -131.21217 
    39.87112 -131.77856 
    40.19026 -132.32611 
    40.54355 -132.85254 
    40.92961 -133.35573 
    41.34690 -133.83359 
    41.79373 -134.28419 
    42.26834 -134.70569 
    42.76881 -135.09631 
    43.29314 -135.45448 
    43.83918 -135.77875 
    44.40474 -136.06778 
    44.98750 -136.32040 
    45.58511 -136.53561 
    46.19513 -136.71257 
    46.81511 -136.85056 
    47.44252 -136.94908 
    48.07484 -137.00780 
    48.70954 -137.02652 
    49.34407 -137.00525 
    49.97593 -136.94414 
    50.60263 -136.84354 
    51.22173 -136.70395 
    51.83085 -136.52602 
    52.42768 -136.31056 
    53.00998 -136.05852 
    53.57562 -135.77098 
    54.12254 -135.44914 
    54.64880 -135.09430 
    55.15257 -134.70789 
    55.63209 -134.29138 
    56.02288 -133.78729 
    56.14307 -133.06917 
    56.32494 -132.45251 
    56.52148 -131.87723 
    56.72350 -131.32532 
    56.92670 -130.78632 
    57.13064 -130.25375 
    57.33846 -129.72331 
    57.56094 -129.19226 
    57.79763 -128.65326 
    58.05157 -128.09979 
    58.32363 -127.52448 
    58.61299 -126.91961 
    58.92081 -126.27717 
    59.25985 -125.58680 
    59.68937 -124.82510 
    59.74416 -124.08640 
    59.62722 -123.37224 
    59.24506 -122.74830 
    58.77926 -122.18116 
    58.34915 -121.62019 
    58.20397 -120.89426 
    58.01418 -120.15939 
    57.76590 -119.42754 
    57.44606 -118.71546 
    57.04481 -118.04344 
    56.55750 -117.43305 
    55.98607 -116.90432 
    55.33922 -116.47289 
    54.63141 -116.14775 
    53.88087 -115.92998 
    53.10700 -115.81288 
    52.32790 -115.78345 
    51.55823 -115.82468 
    50.80813 -115.91839 
    50.08582 -116.02519 
    49.39407 -116.03934 
    48.70954 -116.09972 
    48.03534 -116.20353 
    47.37402 -116.34788 
    46.72762 -116.53004 
    46.09778 -116.74747 
    45.48580 -116.99796 
    44.89278 -117.27957 
    44.31968 -117.59068 
    43.76743 -117.92996 
    43.23700 -118.29627 
    42.72940 -118.68866 
    42.24577 -119.10625 
    41.78731 -119.54819 
    41.35535 -120.01357 
    40.95127 -120.50141 
    40.57648 -121.01060 
    40.23241 -121.53986 
    39.92046 -122.08777 
    39.64193 -122.65272 
    39.39589 -123.23208 
    39.17913 -123.82300 
    38.99931 -124.42645 
    38.85727 -125.04019 
    38.75368 -125.66190 
    38.68909 -126.28918 
Cell 21 100 65.92451 -132.51907 
    56.30531 -132.51907 
    56.13203 -133.13518 
    56.02585 -133.76958 
    55.84459 -134.44193 
    55.79821 -135.11906 
    55.86284 -135.78830 
    55.92739 -136.47722 
    56.10593 -137.13934 
    56.39375 -137.75865 
    56.72255 -138.35881 
    57.09132 -138.93675 
    57.49872 -139.48949 
    57.94309 -140.01413 
    58.42249 -140.50790 
    58.93470 -140.96829 
    59.47731 -141.39288 
    60.04763 -141.77954 
    60.64288 -142.12631 
    61.26007 -142.43150 
    61.89610 -142.69368 
    62.54987 -142.90514 
    63.27258 -142.84767 
    63.99866 -142.61475 
    64.66889 -142.45827 
    65.30455 -142.37303 
    65.92451 -142.32834 
    66.53944 -142.29323 
    67.15516 -142.26070 
    67.77691 -142.22969 
    68.41794 -142.23033 
    69.08942 -142.25967 
    69.73255 -142.13708 
    70.36356 -141.95253 
    70.95192 -141.66391 
    71.48701 -141.28419 
    71.99359 -140.87245 
    72.46986 -140.43105 
    72.91419 -139.96233 
    73.32526 -139.46884 
    73.70185 -138.95305 
    74.06306 -138.43208 
    74.42883 -137.91608 
    74.76466 -137.37898 
    75.06882 -136.82207 
    75.34025 -136.24702 
    75.57790 -135.65565 
    75.78072 -135.04971 
    75.94766 -134.43109 
    76.07763 -133.80171 
    76.16953 -133.16364 
    76.22226 -132.51907 
    76.23474 -131.87041 
    76.20598 -131.22021 
    76.13506 -130.57130 
    76.02113 -129.92670 
    75.86263 -129.28998 
    75.64730 -128.66954 
    75.31483 -128.10031 
    74.91630 -127.57580 
    74.51741 -127.06585 
    74.11324 -126.56961 
    73.70148 -126.08540 
    73.28065 -125.61120 
    72.84959 -125.14462 
    72.40735 -124.68266 
    71.95557 -124.21803 
    71.52589 -123.69270 
    71.08249 -123.13673 
    70.57260 -122.64137 
    70.02609 -122.15965 
    69.43636 -121.71070 
    68.80030 -121.31861 
    68.12019 -121.00887 
    67.40449 -120.80383 
    66.66696 -120.71814 
    65.92451 -120.75574 
    65.19406 -120.90894 
    64.48955 -121.16023 
    63.81983 -121.48598 
    63.18801 -121.86111 
    62.59224 -122.26342 
    62.01904 -122.65498 
    61.40017 -122.90438 
    60.79015 -123.17971 
    60.19558 -123.49172 
    59.72855 -123.99107 
    59.63673 -124.91845 
    59.31794 -125.48380 
    59.03341 -126.04790 
    58.76711 -126.59796 
    58.51099 -127.13284 
    58.26146 -127.65595 
    58.01820 -128.17255 
    57.78249 -128.68773 
    57.55539 -129.20551 
    57.33638 -129.72862 
    57.12805 -130.26051 
    56.92095 -130.80156 
    56.71252 -131.35532 
    56.50467 -131.92642 
Cell 22 100 82.54717 -120.02791 
    70.40083 -120.02791 
    70.41998 -120.79089 
    70.51761 -121.54759 
    70.70319 -122.28727 
    71.01199 -122.98964 
    71.47284 -123.62617 
    71.95795 -124.22047 
    72.48436 -124.76311 
    72.98106 -125.28693 
    73.44950 -125.80146 
    73.89558 -126.31366 
    74.32513 -126.82977 
    74.74402 -127.35555 
    75.15912 -127.89539 
    75.59149 -128.43588 
    76.18298 -128.78746 
    76.78503 -129.10759 
    77.39674 -129.39650 
    78.01747 -129.65401 
    78.64662 -129.87956 
    79.28355 -130.07233 
    79.92741 -130.23119 
    80.57719 -130.35493 
    81.23152 -130.44237 
    81.88881 -130.49226 
    82.54717 -130.51443 
    83.20590 -130.49815 
    83.86236 -130.43869 
    84.51360 -130.33627 
    85.15671 -130.19136 
    85.78880 -130.00462 
    86.40707 -129.77690 
    87.00877 -129.50929 
    87.59124 -129.20303 
    88.15192 -128.85959 
    88.68839 -128.48056 
    89.19833 -128.06776 
    89.62688 -127.56702 
    89.92992 -126.96077 
    90.23818 -126.39046 
    90.55004 -125.84233 
    90.86934 -125.30932 
    91.19586 -124.78257 
    91.53002 -124.25491 
    91.87628 -123.72157 
    92.22775 -123.17332 
    92.48199 -122.57874 
    92.68597 -121.96199 
    92.86940 -121.33191 
    93.05888 -120.68925 
    93.26584 -120.02791 
    93.49353 -119.33923 
    93.73255 -118.61487 
    93.95866 -117.85105 
    94.13443 -117.05280 
    94.21500 -116.23680 
    94.15787 -115.43091 
    93.93369 -114.66982 
    93.53460 -113.98752 
    92.97684 -113.40903 
    92.29693 -112.94430 
    91.54237 -112.58643 
    91.06414 -112.02995 
    90.65224 -111.39690 
    90.19289 -110.78583 
    89.68577 -110.20247 
    89.13132 -109.65295 
    88.53088 -109.14359 
    87.88673 -108.68077 
    87.20220 -108.27065 
    86.48161 -107.91896 
    85.73022 -107.63078 
    84.95411 -107.41029 
    84.16005 -107.26067 
    83.35525 -107.18387 
    82.54717 -107.18062 
    81.74328 -107.25034 
    80.95078 -107.39121 
    80.17647 -107.60026 
    79.42645 -107.87350 
    78.70605 -108.20613 
    78.01967 -108.59274 
    77.37079 -109.02753 
    76.76191 -109.50455 
    76.19462 -110.01788 
    75.66969 -110.56187 
    75.18720 -111.13123 
    74.74665 -111.72120 
    74.34712 -112.32755 
    73.98745 -112.94669 
    73.66633 -113.57560 
    73.18925 -114.08920 
    72.68524 -114.60626 
    72.21323 -115.16512 
    71.78059 -115.76511 
    71.39488 -116.40431 
    71.06351 -117.07941 
    70.79329 -117.78574 
    70.59002 -118.51737 
    70.45821 -119.26733 
Cell 23 100 101.03515 -130.76479 
    89.49987 -130.76479 
    89.67109 -131.47975 
    89.89140 -132.17256 
    90.15350 -132.84058 
    90.45067 -133.48242 
    90.77707 -134.09784 
    91.12801 -134.68730 
    91.49999 -135.25169 
    91.89065 -135.79201 
    92.29865 -136.30913 
    92.72346 -136.80357 
    93.16509 -137.27547 
    93.62389 -137.72441 
    94.10032 -138.14963 
    94.59472 -138.54993 
    95.10710 -138.92404 
    95.61218 -139.31001 
    96.13734 -139.67386 
    96.68704 -140.00497 
    97.25935 -140.30136 
    97.85224 -140.56078 
    98.46323 -140.78172 
    99.08994 -140.96193 
    99.72960 -141.09929 
    100.37920 -141.19084 
    101.03515 -141.23366 
    101.69328 -141.22537 
    102.34901 -141.16513 
    102.99804 -141.05464 
    103.63782 -140.90150 
    104.28130 -140.75542 
    104.94611 -140.64275 
    105.58884 -140.44186 
    106.19602 -140.15239 
    106.78331 -139.82243 
    107.34785 -139.45348 
    107.88688 -139.04710 
    108.39777 -138.60518 
    108.87807 -138.12978 
    109.32545 -137.62312 
    109.73778 -137.08762 
    110.11311 -136.52583 
    110.44973 -135.94049 
    110.74611 -135.33441 
    111.00095 -134.71053 
    111.21323 -134.07184 
    111.38212 -133.42143 
    111.50710 -132.76242 
    111.58784 -132.09790 
    111.62432 -131.43100 
    111.61677 -130.76479 
    111.56566 -130.10226 
    111.47176 -129.44633 
    111.33604 -128.79979 
    111.15979 -128.16522 
    110.94445 -127.54506 
    110.69172 -126.94148 
    110.40347 -126.35639 
    110.08170 -125.79140 
    109.72854 -125.24780 
    109.34612 -124.72651 
    108.93657 -124.22816 
    108.50189 -123.75304 
    108.04395 -123.30118 
    107.56430 -122.87240 
    107.06425 -122.46643 
    106.54477 -122.08302 
    106.00642 -121.72208 
    105.44947 -121.38387 
    104.87396 -121.06905 
    104.27975 -120.77893 
    103.66672 -120.51550 
    103.03495 -120.28146 
    102.38491 -120.08030 
    101.71769 -119.91607 
    101.03515 -119.79330 
    100.34007 -119.71681 
    99.63624 -119.69128 
    98.92844 -119.72104 
    98.22235 -119.80968 
    97.52439 -119.95979 
    96.84142 -120.17264 
    96.18047 -120.44805 
    95.54834 -120.78432 
    94.95132 -121.17822 
    94.39483 -121.62518 
    93.88314 -122.11949 
    93.26978 -122.49550 
    92.65353 -122.89392 
    92.09983 -123.37285 
    91.70471 -123.98583 
    91.31421 -124.59569 
    90.93094 -125.20995 
    90.55540 -125.83339 
    90.19388 -126.47242 
    89.84576 -127.12914 
    89.51396 -127.80665 
    89.36393 -128.53838 
    89.33527 -129.28674 
    89.38525 -130.03183 
Cell 24 100 -108.32982 -112.24564 
    -118.63535 -112.24564 
    -118.62066 -112.89308 
    -118.56422 -113.53854 
    -118.46616 -114.17924 
    -118.32690 -114.81245 
    -118.14703 -115.43544 
    -117.92732 -116.04556 
    -117.66876 -116.64021 
    -117.37251 -117.21690 
    -117.03987 -117.77320 
    -116.67236 -118.30685 
    -116.27161 -118.81566 
    -115.83943 -119.29763 
    -115.37772 -119.75089 
    -114.88854 -120.17377 
    -114.37400 -120.56474 
    -113.83631 -120.92247 
    -113.27773 -121.24584 
    -112.70055 -121.53391 
    -112.10708 -121.78591 
    -111.49876 -121.99861 
    -110.87893 -122.17375 
    -110.25080 -122.31578 
    -109.61539 -122.42194 
    -108.97435 -122.49017 
    -108.32982 -122.52042 
    -107.68383 -122.51331 
    -107.03826 -122.46936 
    -106.39487 -122.38898 
    -105.75536 -122.27250 
    -105.12139 -122.12016 
    -104.49466 -121.93214 
    -103.87688 -121.70860 
    -103.26987 -121.44965 
    -102.67554 -121.15534 
    -102.09599 -120.82576 
    -101.53349 -120.46099 
    -100.99048 -120.06124 
    -100.46967 -119.62682 
    -99.97392 -119.15824 
    -99.50630 -118.65630 
    -99.07001 -118.12209 
    -98.66835 -117.55708 
    -98.30459 -116.96315 
    -97.98196 -116.34264 
    -97.70353 -115.69833 
    -97.47208 -115.03343 
    -97.29008 -114.35158 
    -97.15951 -113.65678 
    -96.76718 -112.97310 
    -96.36227 -112.24564 
    -96.11134 -111.47691 
    -96.07359 -110.69731 
    -96.27142 -109.94537 
    -96.68188 -109.25495 
    -97.24507 -108.64398 
    -97.88493 -108.11021 
    -98.35014 -107.54955 
    -98.11764 -106.63144 
    -97.89574 -105.62397 
    -99.55520 -105.87050 
    -100.03958 -105.38736 
    -100.53852 -104.92912 
    -101.06150 -104.50566 
    -101.60551 -104.11735 
    -102.16777 -103.76431 
    -102.74573 -103.44652 
    -103.33707 -103.16386 
    -103.93970 -102.91616 
    -104.55173 -102.70327 
    -105.17141 -102.52505 
    -105.79713 -102.38146 
    -106.42734 -102.27248 
    -107.06050 -102.19797 
    -107.68948 -102.06777 
    -108.32982 -101.94399 
    -108.98530 -101.82714 
    -109.65925 -101.72213 
    -110.35262 -101.64175 
    -111.06158 -101.60611 
    -111.77601 -101.63934 
    -112.47974 -101.76412 
    -113.15318 -101.99547 
    -113.77755 -102.33625 
    -114.33947 -102.77594 
    -114.83408 -103.29329 
    -115.26553 -103.86181 
    -115.64471 -104.45606 
    -115.98543 -105.05654 
    -116.30026 -105.65192 
    -116.59779 -106.23861 
    -116.95085 -106.77456 
    -117.28941 -107.32006 
    -117.59291 -107.88676 
    -117.85992 -108.47240 
    -118.08916 -109.07464 
    -118.27947 -109.69100 
    -118.42992 -110.31894 
    -118.53976 -110.95582 
    -118.60836 -111.59897 
