77 25 
Cell 0 100 -121.05035 -147.39058 
    -131.05045 -147.39058 
    -131.03070 -148.01849 
    -130.97156 -148.64392 
    -130.87328 -149.26440 
    -130.73622 -149.87749 
    -130.56094 -150.48076 
    -130.35052 -151.07277 
    -130.10991 -151.65369 
    -129.83974 -152.22258 
    -129.53654 -152.77608 
    -129.19835 -153.31044 
    -128.82626 -153.82338 
    -128.42160 -154.31264 
    -127.98581 -154.77609 
    -127.52052 -155.21167 
    -127.02752 -155.61743 
    -126.50869 -155.99153 
    -125.96607 -156.33223 
    -125.40184 -156.63795 
    -124.81826 -156.90723 
    -124.21774 -157.13881 
    -123.60275 -157.33150 
    -122.97585 -157.48438 
    -122.33968 -157.59663 
    -121.69694 -157.66768 
    -121.05035 -157.69708 
    -120.40271 -157.68462 
    -119.75678 -157.63025 
    -119.11537 -157.53413 
    -118.48124 -157.39662 
    -117.85715 -157.21826 
    -117.24579 -156.99982 
    -116.64982 -156.74219 
    -116.07182 -156.44649 
    -115.51429 -156.11401 
    -114.97961 -155.74625 
    -114.47008 -155.34477 
    -113.98785 -154.91138 
    -113.53497 -154.44800 
    -113.11331 -153.95667 
    -112.72462 -153.43958 
    -112.37048 -152.89899 
    -112.05229 -152.33731 
    -111.77129 -151.75697 
    -111.52784 -151.16081 
    -111.29475 -150.56036 
    -111.09550 -149.94655 
    -110.93028 -149.32109 
    -110.79918 -148.68561 
    -110.70231 -148.04163 
    -110.78958 -147.39058 
    -111.18967 -146.77020 
    -111.50844 -146.18515 
    -111.78154 -145.62245 
    -112.02657 -145.07365 
    -112.25490 -144.53276 
    -112.47458 -143.99518 
    -112.69532 -143.45900 
    -112.92381 -142.92297 
    -113.16277 -142.38496 
    -113.41399 -141.84242 
    -113.68326 -141.29599 
    -113.97488 -140.74626 
    -114.31805 -140.22139 
    -114.68490 -139.69608 
    -115.05176 -139.13423 
    -115.35678 -138.41895 
    -115.41344 -137.13708 
    -116.23454 -137.15645 
    -116.99875 -137.15739 
    -117.71680 -137.13094 
    -118.39414 -137.04532 
    -119.05753 -136.94380 
    -119.71570 -136.82570 
    -120.37672 -136.68343 
    -121.05035 -136.43190 
    -121.75736 -136.15308 
    -122.51160 -135.82364 
    -123.32171 -135.48370 
    -124.02984 -135.78625 
    -124.70351 -136.14729 
    -125.30809 -136.63676 
    -125.80300 -137.29068 
    -126.24541 -137.94081 
    -126.75556 -138.40062 
    -127.25425 -138.85165 
    -127.84400 -139.17847 
    -128.63760 -139.31097 
    -128.63655 -140.26666 
    -128.94792 -140.85715 
    -129.29601 -141.39977 
    -129.61372 -141.95610 
    -129.90073 -142.52504 
    -130.15657 -143.10553 
    -130.38063 -143.69646 
    -130.57227 -144.29672 
    -130.73631 -144.90364 
    -130.87335 -145.51674 
    -130.97162 -146.13724 
    -131.03072 -146.76266 
Cell 1 100 -103.72533 -140.31601 
    -114.25618 -140.31601 
    -113.86472 -140.95392 
    -113.55430 -141.55769 
    -113.27708 -142.13811 
    -113.02157 -142.70288 
    -112.78086 -143.25833 
    -112.55072 -143.81023 
    -112.32449 -144.36247 
    -112.09303 -144.91620 
    -111.84897 -145.47142 
    -111.58536 -146.02666 
    -111.29451 -146.57779 
    -110.96664 -147.11604 
    -110.59925 -147.63599 
    -110.11560 -148.04053 
    -109.61988 -148.42917 
    -109.10051 -148.78593 
    -108.55952 -149.10939 
    -107.99908 -149.39819 
    -107.42138 -149.65115 
    -106.82872 -149.86728 
    -106.22346 -150.04562 
    -105.60803 -150.18549 
    -104.98486 -150.28625 
    -104.35645 -150.34752 
    -103.72533 -150.36902 
    -103.09400 -150.35063 
    -102.46501 -150.29242 
    -101.84089 -150.19460 
    -101.22412 -150.05756 
    -100.61720 -149.88184 
    -100.02256 -149.66814 
    -99.44259 -149.41730 
    -98.87962 -149.13033 
    -98.33589 -148.80840 
    -97.81361 -148.45279 
    -97.31486 -148.06493 
    -96.84164 -147.64639 
    -96.39582 -147.19887 
    -95.97920 -146.72417 
    -95.59344 -146.22417 
    -95.22994 -145.70734 
    -94.89537 -145.17032 
    -94.71456 -144.55615 
    -94.70453 -143.88759 
    -94.64818 -143.26537 
    -94.59940 -142.65915 
    -94.56239 -142.06393 
    -94.53954 -141.47644 
    -94.53127 -140.89445 
    -94.53703 -140.31601 
    -94.53498 -139.73779 
    -94.52478 -139.15372 
    -94.51726 -138.55948 
    -94.52028 -137.95256 
    -94.53309 -137.32927 
    -94.54847 -136.68263 
    -94.55987 -136.00307 
    -94.55071 -135.27222 
    -94.43467 -134.41997 
    -94.71727 -133.77127 
    -95.17188 -133.23997 
    -95.67337 -132.75471 
    -96.21454 -132.31784 
    -96.78770 -131.92987 
    -97.38535 -131.58978 
    -98.00063 -131.29533 
    -98.62773 -131.04352 
    -99.26204 -130.83104 
    -99.90019 -130.65482 
    -100.53989 -130.51224 
    -101.13547 -130.22917 
    -101.74773 -129.94905 
    -102.38658 -129.71877 
    -103.04886 -129.56384 
    -103.72533 -129.50520 
    -104.40254 -129.55202 
    -105.06664 -129.69841 
    -105.69231 -130.00475 
    -106.29763 -130.29753 
    -106.88331 -130.59677 
    -107.47664 -130.84128 
    -108.07797 -131.06618 
    -108.56528 -131.51216 
    -109.03305 -131.95238 
    -109.50588 -132.35976 
    -109.98330 -132.75142 
    -110.46439 -133.13963 
    -110.94788 -133.53357 
    -111.43476 -133.93822 
    -111.92272 -134.36026 
    -112.41069 -134.80412 
    -112.90147 -135.27139 
    -113.40401 -135.76157 
    -113.93964 -136.27187 
    -114.57436 -136.79095 
    -115.31699 -137.33978 
    -115.37112 -138.09445 
    -115.16402 -138.87097 
    -114.73228 -139.62352 
Cell 2 100 -84.37409 -142.16878 
    -94.56891 -142.16878 
    -94.61177 -142.81287 
    -94.66663 -143.46904 
    -94.70832 -144.14014 
    -94.71745 -144.82451 
    -94.41052 -145.42981 
    -94.08559 -146.01382 
    -93.74293 -146.57741 
    -93.38217 -147.12102 
    -93.00258 -147.64458 
    -92.60324 -148.14760 
    -92.18331 -148.62912 
    -91.77378 -149.11755 
    -91.34898 -149.59628 
    -90.89267 -150.04839 
    -90.40648 -150.47165 
    -89.89222 -150.86395 
    -89.35185 -151.22330 
    -88.78752 -151.54779 
    -88.20149 -151.83568 
    -87.59620 -152.08540 
    -86.97420 -152.29552 
    -86.33817 -152.46481 
    -85.69088 -152.59222 
    -85.03521 -152.67693 
    -84.37409 -152.71826 
    -83.71053 -152.71584 
    -83.04755 -152.66945 
    -82.38821 -152.57913 
    -81.73557 -152.44514 
    -81.09265 -152.26801 
    -80.46247 -152.04842 
    -79.84796 -151.78731 
    -79.25197 -151.48589 
    -78.67731 -151.14548 
    -78.12661 -150.76770 
    -77.60241 -150.35434 
    -77.10712 -149.90732 
    -76.64294 -149.42880 
    -76.21197 -148.92107 
    -75.81608 -148.38654 
    -75.45695 -147.82776 
    -75.13608 -147.24742 
    -74.85474 -146.64825 
    -74.58458 -146.04472 
    -74.32803 -145.43294 
    -74.10623 -144.80511 
    -73.92123 -144.16277 
    -73.77544 -143.50771 
    -73.67156 -142.84212 
    -73.61250 -142.16878 
    -73.60105 -141.49100 
    -73.63979 -140.81271 
    -73.73071 -140.13844 
    -73.87499 -139.47307 
    -74.07288 -138.82172 
    -74.32350 -138.18947 
    -74.62484 -137.58113 
    -74.97389 -137.00098 
    -75.36674 -136.45255 
    -75.79887 -135.93852 
    -76.26543 -135.46071 
    -76.76146 -135.02003 
    -77.28223 -134.61671 
    -77.82341 -134.25037 
    -78.38117 -133.92023 
    -78.95230 -133.62540 
    -79.53413 -133.36493 
    -80.09171 -133.06825 
    -80.66009 -132.78827 
    -81.24371 -132.53442 
    -81.84168 -132.30569 
    -82.45355 -132.10097 
    -83.07928 -131.91933 
    -83.71924 -131.76019 
    -84.37409 -131.62361 
    -85.04680 -131.47639 
    -85.74389 -131.32573 
    -86.45429 -131.26398 
    -87.16068 -131.31573 
    -87.90447 -131.30338 
    -88.66807 -131.32344 
    -89.42278 -131.43977 
    -90.15296 -131.65706 
    -90.90531 -131.87723 
    -91.64284 -132.16422 
    -92.35519 -132.52129 
    -93.03139 -132.94969 
    -93.66042 -133.44833 
    -94.23194 -134.01366 
    -94.48911 -134.81979 
    -94.55616 -135.70705 
    -94.55029 -136.57437 
    -94.53186 -137.38890 
    -94.51929 -138.15202 
    -94.52121 -138.87178 
    -94.53189 -139.56070 
    -94.53673 -140.23015 
    -94.53136 -140.88562 
    -94.54159 -141.52910 
Cell 3 100 -58.54446 -155.73514 
    -68.68005 -155.73514 
    -68.63519 -156.37000 
    -68.55331 -156.99956 
    -68.43509 -157.62187 
    -68.28110 -158.23508 
    -68.09187 -158.83728 
    -67.86791 -159.42656 
    -67.60976 -160.00095 
    -67.31808 -160.55847 
    -66.99360 -161.09712 
    -66.63723 -161.61488 
    -66.25005 -162.10976 
    -65.83414 -162.58061 
    -65.38993 -163.02483 
    -64.91869 -163.44028 
    -64.42231 -163.82530 
    -63.90273 -164.17842 
    -63.36200 -164.49820 
    -62.80225 -164.78340 
    -62.22570 -165.03290 
    -61.63463 -165.24570 
    -61.03136 -165.42097 
    -60.41827 -165.55801 
    -59.79779 -165.65628 
    -59.17236 -165.71541 
    -58.54446 -165.73630 
    -57.91639 -165.71796 
    -57.29060 -165.66045 
    -56.66949 -165.56404 
    -56.05542 -165.42929 
    -55.45066 -165.25688 
    -54.85735 -165.04771 
    -54.27749 -164.80290 
    -53.71290 -164.52371 
    -53.16516 -164.21155 
    -52.63560 -163.86797 
    -52.12530 -163.49457 
    -51.63504 -163.09293 
    -51.16539 -162.66454 
    -50.71677 -162.21075 
    -50.28954 -161.73268 
    -49.88414 -161.23114 
    -49.50128 -160.70667 
    -49.14214 -160.15953 
    -48.80849 -159.58987 
    -48.50288 -158.99785 
    -48.22864 -158.38379 
    -47.98990 -157.74854 
    -47.79142 -157.09357 
    -47.63834 -156.42130 
    -47.53585 -155.73514 
    -47.48874 -155.03957 
    -47.50098 -154.34003 
    -47.57537 -153.64267 
    -47.71315 -152.95413 
    -47.91388 -152.28105 
    -48.17543 -151.62975 
    -48.49406 -151.00578 
    -48.86477 -150.41368 
    -49.28347 -149.85794 
    -49.84508 -149.41467 
    -50.50802 -149.08681 
    -51.19556 -148.83406 
    -51.81862 -148.57285 
    -52.40644 -148.31555 
    -52.97211 -148.06546 
    -53.52258 -147.82193 
    -54.06356 -147.58443 
    -54.60088 -147.35461 
    -55.13798 -147.13136 
    -55.67764 -146.91196 
    -56.22161 -146.68826 
    -56.77478 -146.45819 
    -57.34155 -146.21315 
    -57.92816 -145.93932 
    -58.54446 -145.68394 
    -59.17648 -145.68935 
    -59.80819 -145.73169 
    -60.43760 -145.81096 
    -61.06271 -145.92719 
    -61.68146 -146.08044 
    -62.29756 -146.25589 
    -62.89490 -146.48999 
    -63.47585 -146.76497 
    -64.04445 -147.06854 
    -64.59321 -147.40974 
    -65.11880 -147.78812 
    -65.61781 -148.20277 
    -66.08690 -148.65231 
    -66.52287 -149.13481 
    -66.92290 -149.64784 
    -67.28456 -150.18851 
    -67.60600 -150.75351 
    -67.88593 -151.33937 
    -68.12367 -151.94246 
    -68.31905 -152.55919 
    -68.47235 -153.18608 
    -68.58421 -153.81995 
    -68.65549 -154.45782 
    -68.68712 -155.09702 
Cell 4 100 -49.75407 -139.32062 
    -61.77641 -139.32062 
    -61.61657 -140.06694 
    -61.40717 -140.79274 
    -61.15240 -141.49496 
    -60.85648 -142.17123 
    -60.52347 -142.81981 
    -60.15718 -143.43950 
    -59.76109 -144.02956 
    -59.33831 -144.58960 
    -58.89149 -145.11940 
    -58.41623 -145.61404 
    -57.81728 -145.99107 
    -57.17196 -146.28647 
    -56.54604 -146.55333 
    -55.94368 -146.80255 
    -55.36257 -147.04005 
    -54.80006 -147.27182 
    -54.25267 -147.50354 
    -53.71478 -147.73755 
    -53.17999 -147.97350 
    -52.64276 -148.21107 
    -52.09822 -148.45045 
    -51.54122 -148.68915 
    -50.96654 -148.91826 
    -50.37272 -149.15372 
    -49.75407 -149.48650 
    -49.10062 -149.70691 
    -48.44658 -149.67055 
    -47.79484 -149.59129 
    -47.14835 -149.46922 
    -46.51005 -149.30470 
    -45.88285 -149.09821 
    -45.26965 -148.85049 
    -44.67327 -148.56256 
    -44.09648 -148.23555 
    -43.54195 -147.87088 
    -43.01224 -147.47009 
    -42.50978 -147.03500 
    -42.03689 -146.56754 
    -41.59570 -146.06981 
    -41.18816 -145.54411 
    -40.81609 -144.99284 
    -40.48104 -144.41852 
    -40.18442 -143.82376 
    -39.92741 -143.21127 
    -39.71096 -142.58382 
    -39.53584 -141.94421 
    -39.40258 -141.29527 
    -39.31150 -140.63982 
    -39.26277 -139.98067 
    -39.25630 -139.32062 
    -39.29188 -138.66240 
    -39.36909 -138.00868 
    -39.48738 -137.36214 
    -39.64606 -136.72533 
    -39.84428 -136.10074 
    -40.08111 -135.49081 
    -40.35545 -134.89796 
    -40.66647 -134.32466 
    -41.04720 -133.79507 
    -41.49446 -133.31966 
    -41.93467 -132.85185 
    -42.34981 -132.36755 
    -42.76180 -131.87459 
    -43.20482 -131.40393 
    -43.68225 -130.96347 
    -44.18448 -130.54434 
    -44.71196 -130.14905 
    -45.26427 -129.77931 
    -45.84082 -129.43687 
    -46.44094 -129.12386 
    -47.06380 -128.84267 
    -47.70826 -128.59608 
    -48.37286 -128.38716 
    -49.05563 -128.21916 
    -49.75407 -128.26891 
    -50.43724 -128.46194 
    -51.10008 -128.66591 
    -51.74306 -128.89397 
    -52.37646 -129.10712 
    -52.98129 -129.38828 
    -53.55930 -129.70972 
    -54.13459 -130.01155 
    -54.70670 -130.31181 
    -55.27366 -130.62315 
    -55.83196 -130.95512 
    -56.38111 -131.30991 
    -56.92639 -131.68288 
    -57.46248 -132.08194 
    -57.99231 -132.50536 
    -58.52401 -132.94888 
    -59.07466 -133.40559 
    -59.68298 -133.86217 
    -60.45298 -134.28609 
    -61.14261 -134.81158 
    -61.64684 -135.45644 
    -61.84355 -136.21657 
    -61.91953 -136.99994 
    -61.93139 -137.78227 
    -61.88260 -138.55756 
Cell 5 100 -8.84308 -146.49199 
    -19.23780 -146.49199 
    -19.25126 -147.14682 
    -19.22172 -147.80312 
    -19.14892 -148.45793 
    -19.03286 -149.10828 
    -18.87375 -149.75114 
    -18.67204 -150.38354 
    -18.42839 -151.00249 
    -18.14368 -151.60504 
    -17.81905 -152.18831 
    -17.45582 -152.74951 
    -17.05554 -153.28593 
    -16.61999 -153.79500 
    -16.15111 -154.27425 
    -15.65104 -154.72141 
    -15.12208 -155.13429 
    -14.56671 -155.51099 
    -13.98754 -155.84973 
    -13.38729 -156.14893 
    -12.76882 -156.40727 
    -12.13505 -156.62363 
    -11.48898 -156.79710 
    -10.83367 -156.92703 
    -10.17219 -157.01299 
    -9.50763 -157.05476 
    -8.84308 -157.05241 
    -8.18158 -157.00620 
    -7.52614 -156.91660 
    -6.87971 -156.78435 
    -6.24513 -156.61034 
    -5.62515 -156.39574 
    -5.02245 -156.14180 
    -4.43951 -155.85005 
    -3.87872 -155.52211 
    -3.34233 -155.15979 
    -2.83237 -154.76501 
    -2.35075 -154.33986 
    -1.89922 -153.88644 
    -1.46514 -153.42033 
    -1.02454 -152.96005 
    -0.61071 -152.47314 
    -0.24989 -151.94539 
    0.00597 -151.35680 
    0.20760 -150.75092 
    0.40087 -150.15193 
    0.58241 -149.55452 
    0.74966 -148.95497 
    0.90178 -148.35092 
    1.03812 -147.74028 
    1.15799 -147.12120 
    1.26242 -146.49199 
    1.35392 -145.85045 
    1.54193 -145.18007 
    1.85541 -144.45114 
    2.25043 -143.64366 
    2.83109 -142.69882 
    2.86849 -141.85506 
    2.64634 -141.08548 
    2.27763 -140.37833 
    1.77336 -139.75459 
    1.15698 -139.22652 
    0.46000 -138.79582 
    -0.28359 -138.45410 
    -1.04275 -138.18549 
    -1.79342 -137.97041 
    -2.52045 -137.78964 
    -3.21747 -137.62746 
    -3.87304 -137.45154 
    -4.46427 -137.18654 
    -5.06856 -136.95865 
    -5.68358 -136.76807 
    -6.30709 -136.61497 
    -6.92303 -136.42677 
    -7.54603 -136.22482 
    -8.18542 -136.03877 
    -8.84308 -135.72983 
    -9.52653 -135.62875 
    -10.19585 -135.78368 
    -10.86264 -135.90508 
    -11.52751 -136.03682 
    -12.19090 -136.18845 
    -12.85297 -136.36418 
    -13.51596 -136.56161 
    -14.16044 -136.81975 
    -14.74424 -137.19324 
    -15.22956 -137.70175 
    -15.66872 -138.24120 
    -16.06870 -138.79749 
    -16.43690 -139.36092 
    -16.77956 -139.92636 
    -17.10063 -140.49252 
    -17.40151 -141.06064 
    -17.68137 -141.63310 
    -18.00076 -142.18271 
    -18.29219 -142.75082 
    -18.54766 -143.33878 
    -18.76562 -143.94431 
    -18.94473 -144.56500 
    -19.08378 -145.19829 
    -19.18176 -145.84154 
Cell 6 100 9.84777 -151.32527 
    0.01646 -151.32527 
    -0.26073 -151.96124 
    -0.72313 -152.66069 
    -0.94863 -153.38480 
    -0.96794 -154.10226 
    -0.85789 -154.80374 
    -0.64393 -155.47923 
    -0.37657 -156.13647 
    -0.06356 -156.77406 
    0.29355 -157.38857 
    0.69289 -157.97667 
    1.13236 -158.53528 
    1.60959 -159.06143 
    2.12194 -159.55243 
    2.66662 -160.00578 
    3.24060 -160.41925 
    3.84070 -160.79088 
    4.46363 -161.11897 
    5.10595 -161.40215 
    5.76413 -161.63937 
    6.43466 -161.82974 
    7.11392 -161.97287 
    7.79837 -162.06859 
    8.48446 -162.11694 
    9.16872 -162.11836 
    9.84777 -162.07358 
    10.51832 -161.98343 
    11.17725 -161.84921 
    11.82157 -161.67230 
    12.44846 -161.45430 
    13.05532 -161.19710 
    13.63970 -160.90260 
    14.23178 -160.64178 
    14.82867 -160.38551 
    15.41265 -160.09413 
    15.98174 -159.76796 
    16.53384 -159.40735 
    17.06674 -159.01270 
    17.57805 -158.58449 
    18.06526 -158.12337 
    18.52568 -157.63014 
    18.95652 -157.10587 
    19.35485 -156.55183 
    19.71773 -155.96973 
    20.04221 -155.36154 
    20.32540 -154.72966 
    20.56458 -154.07689 
    20.75727 -153.40637 
    20.90130 -152.72166 
    20.99488 -152.02660 
    21.03671 -151.32527 
    21.02597 -150.62199 
    20.96240 -149.92117 
    20.84634 -149.22719 
    20.67865 -148.54437 
    20.46076 -147.87691 
    20.19459 -147.22867 
    19.88249 -146.60329 
    19.52720 -146.00395 
    19.13172 -145.43350 
    18.69927 -144.89429 
    18.23318 -144.38826 
    17.73681 -143.91696 
    17.21350 -143.48157 
    16.66648 -143.08286 
    16.09886 -142.72137 
    15.51357 -142.39740 
    14.91334 -142.11104 
    14.30072 -141.86226 
    13.67810 -141.65096 
    13.04767 -141.47697 
    12.41151 -141.34013 
    11.77158 -141.24028 
    11.15949 -140.94193 
    10.52321 -140.58942 
    9.84776 -140.19688 
    9.12257 -139.79869 
    8.34829 -139.45567 
    7.54290 -139.24275 
    6.74134 -139.22653 
    5.98662 -139.44189 
    5.31571 -139.87862 
    4.74666 -140.48488 
    4.27364 -141.18599 
    3.82869 -141.84073 
    3.26951 -142.27109 
    2.78005 -142.78188 
    2.40225 -143.39662 
    2.06699 -144.01863 
    1.77221 -144.64459 
    1.51615 -145.27200 
    1.34288 -145.92790 
    1.24517 -146.59595 
    1.13759 -147.22658 
    1.01822 -147.82941 
    0.88604 -148.41344 
    0.74073 -148.98698 
    0.58147 -149.55763 
    0.40675 -150.13258 
    0.21776 -150.71939 
Cell 7 100 30.15845 -137.28093 
    19.80577 -137.28093 
    19.78401 -137.93364 
    19.80506 -138.58887 
    19.86930 -139.24368 
    19.97687 -139.89511 
    20.12769 -140.54012 
    20.32145 -141.17567 
    20.55760 -141.79874 
    20.83536 -142.40634 
    21.15371 -142.99551 
    21.51143 -143.56335 
    21.90708 -144.10706 
    22.33895 -144.62393 
    22.80514 -145.11140 
    23.30355 -145.56708 
    23.83193 -145.98865 
    24.38778 -146.37404 
    24.96852 -146.72137 
    25.57138 -147.02895 
    26.19349 -147.29529 
    26.83186 -147.51913 
    27.48342 -147.69951 
    28.14504 -147.83562 
    28.81355 -147.92693 
    29.48575 -147.97318 
    30.15845 -147.97433 
    30.82847 -147.93060 
    31.49268 -147.84244 
    32.14800 -147.71051 
    32.79144 -147.53575 
    33.42011 -147.31929 
    34.03123 -147.06245 
    34.62215 -146.76678 
    35.19038 -146.43398 
    35.73356 -146.06590 
    36.24953 -145.66458 
    36.73631 -145.23219 
    37.19209 -144.77100 
    37.62491 -144.29240 
    38.07805 -143.83260 
    38.50634 -143.34602 
    38.90837 -142.83380 
    39.28273 -142.29704 
    39.62797 -141.73695 
    39.94251 -141.15471 
    40.22471 -140.55165 
    40.47282 -139.92921 
    40.68497 -139.28897 
    40.85926 -138.63275 
    40.99372 -137.96263 
    41.08636 -137.28093 
    41.13529 -136.59033 
    41.13870 -135.89380 
    41.09498 -135.19467 
    41.00279 -134.49658 
    40.86111 -133.80342 
    40.66937 -133.11935 
    40.42743 -132.44872 
    40.13570 -131.79590 
    39.79511 -131.16531 
    39.40720 -130.56133 
    38.97403 -129.98805 
    38.49822 -129.44937 
    37.98286 -128.94878 
    37.43147 -128.48936 
    36.92593 -127.96629 
    36.36707 -127.49771 
    35.75469 -127.10140 
    35.09739 -126.78516 
    34.40590 -126.55310 
    33.69213 -126.40538 
    32.96806 -126.33822 
    32.24468 -126.34451 
    31.53120 -126.41447 
    30.83904 -126.46329 
    30.15845 -126.29289 
    29.45834 -126.15299 
    28.74064 -126.05785 
    28.00956 -126.01604 
    27.27126 -126.03606 
    26.53382 -126.12545 
    25.80680 -126.28991 
    25.10065 -126.53255 
    24.49283 -126.97521 
    23.98496 -127.55307 
    23.51892 -128.14241 
    23.10234 -128.75156 
    22.76208 -129.40459 
    22.45054 -130.04271 
    22.15754 -130.66200 
    21.88220 -131.26788 
    21.62160 -131.86328 
    21.36941 -132.44911 
    21.12181 -133.02861 
    20.87278 -133.60448 
    20.61448 -134.17990 
    20.33664 -134.75912 
    20.09154 -135.36057 
    19.97446 -135.99440 
    19.86977 -136.63362 
Cell 8 100 46.08555 -150.53105 
    36.05380 -150.53105 
    36.07587 -151.16081 
    36.12901 -151.78885 
    36.21978 -152.41306 
    36.34960 -153.03082 
    36.51827 -153.63965 
    36.72523 -154.23706 
    36.96972 -154.82063 
    37.25084 -155.38797 
    37.56752 -155.93675 
    37.91857 -156.46471 
    38.30261 -156.96967 
    38.71813 -157.44952 
    39.16351 -157.90228 
    39.63696 -158.32607 
    40.13659 -158.71910 
    40.66039 -159.07973 
    41.20625 -159.40646 
    41.77195 -159.69791 
    42.35519 -159.95285 
    42.95359 -160.17023 
    43.56470 -160.34912 
    44.18602 -160.48877 
    44.81499 -160.58861 
    45.44903 -160.64822 
    46.08555 -160.66736 
    46.72193 -160.64597 
    47.35555 -160.58415 
    47.98383 -160.48218 
    48.60418 -160.34047 
    49.21408 -160.15968 
    49.81104 -159.94057 
    50.39264 -159.68408 
    50.95652 -159.39131 
    51.50040 -159.06349 
    52.02210 -158.70201 
    52.51955 -158.30843 
    52.99076 -157.88435 
    53.43387 -157.43158 
    53.84715 -156.95201 
    54.22899 -156.44760 
    54.57792 -155.92047 
    54.89262 -155.37279 
    55.17191 -154.80676 
    55.41474 -154.22473 
    55.62024 -153.62906 
    55.78769 -153.02214 
    55.91651 -152.40640 
    56.00675 -151.78439 
    56.06699 -151.15903 
    56.08784 -150.53105 
    56.06920 -149.90294 
    56.01116 -149.27716 
    55.91389 -148.65619 
    55.77780 -148.04251 
    55.60340 -147.43852 
    55.39136 -146.84662 
    55.14252 -146.26917 
    54.85786 -145.70844 
    54.54070 -145.16525 
    54.19426 -144.63974 
    53.81928 -144.13315 
    53.41814 -143.64529 
    52.99294 -143.17543 
    52.54517 -142.72272 
    52.07537 -142.28676 
    51.58295 -141.86853 
    51.06632 -141.47107 
    50.52342 -141.10010 
    50.05349 -140.50920 
    49.55954 -139.83922 
    48.85712 -139.73648 
    48.08202 -140.06522 
    47.42059 -139.96310 
    46.75242 -139.93146 
    46.08555 -139.78946 
    45.40797 -139.76112 
    44.75475 -139.99663 
    44.14597 -140.36340 
    43.53730 -140.60629 
    42.93987 -140.84962 
    42.35812 -141.11664 
    41.79191 -141.40660 
    41.24174 -141.72018 
    40.70889 -142.05879 
    40.19522 -142.42371 
    39.70294 -142.81580 
    39.23238 -143.23315 
    38.78831 -143.67848 
    38.37315 -144.15080 
    37.98854 -144.64822 
    37.63598 -145.16879 
    37.31686 -145.71042 
    37.03243 -146.27098 
    36.78381 -146.84824 
    36.56083 -147.43628 
    36.33408 -148.02730 
    36.16236 -148.63811 
    36.07576 -149.26653 
    36.05190 -149.89980 
Cell 9 100 67.22176 -151.75531 
    56.42756 -151.75531 
    56.46096 -152.43233 
    56.46519 -153.11418 
    56.49052 -153.80240 
    56.55678 -154.49361 
    56.71307 -155.16978 
    56.91454 -155.83623 
    57.16107 -156.48952 
    57.45222 -157.12616 
    57.78705 -157.74275 
    58.16437 -158.33589 
    58.58249 -158.90233 
    59.03946 -159.43901 
    59.53298 -159.94304 
    60.06061 -160.41167 
    60.61954 -160.84248 
    61.20684 -161.23331 
    61.81942 -161.58214 
    62.45399 -161.88734 
    63.10715 -162.14764 
    63.77547 -162.36191 
    64.45538 -162.52966 
    65.14342 -162.65039 
    65.83606 -162.72426 
    66.52993 -162.75163 
    67.22176 -162.73326 
    67.90848 -162.67030 
    68.58725 -162.56427 
    69.25555 -162.41676 
    69.91118 -162.22990 
    70.55235 -162.00580 
    71.17760 -161.74660 
    71.78595 -161.45470 
    72.37666 -161.13203 
    72.94939 -160.78061 
    73.50394 -160.40198 
    74.04011 -159.99727 
    74.55768 -159.56728 
    75.05605 -159.11220 
    75.53426 -158.63200 
    75.99057 -158.12622 
    76.42262 -157.59436 
    76.82717 -157.03593 
    77.18903 -156.44554 
    77.45672 -155.80762 
    77.69982 -155.15984 
    77.92487 -154.50340 
    78.10641 -153.83167 
    78.23074 -153.14607 
    78.29779 -152.45215 
    78.30631 -151.75531 
    78.25426 -151.06120 
    78.14498 -150.37538 
    77.98237 -149.70262 
    77.76970 -149.04706 
    77.51701 -148.41019 
    77.37839 -147.73402 
    77.19669 -147.06146 
    76.97012 -146.39610 
    76.69713 -145.74207 
    76.37655 -145.10397 
    76.00777 -144.48689 
    75.59071 -143.89635 
    75.11668 -143.34808 
    74.60480 -142.83075 
    74.06470 -142.33682 
    73.47269 -141.90543 
    72.84574 -141.52533 
    72.18870 -141.20003 
    71.50704 -140.93193 
    70.80656 -140.72244 
    70.09316 -140.57196 
    69.37267 -140.47989 
    68.65061 -140.44479 
    67.93212 -140.46443 
    67.22176 -140.53600 
    66.52347 -140.65625 
    65.84053 -140.82175 
    65.17560 -141.02892 
    64.53072 -141.27435 
    63.90743 -141.55484 
    63.30688 -141.86745 
    62.72990 -142.20961 
    62.17710 -142.57912 
    61.64905 -142.97412 
    61.14624 -143.39308 
    60.66927 -143.83470 
    60.21880 -144.29791 
    59.68661 -144.67934 
    59.14065 -145.07004 
    58.59067 -145.48445 
    58.04667 -145.93262 
    57.52698 -146.42555 
    57.05658 -146.97194 
    56.66282 -147.57474 
    56.36937 -148.22916 
    56.19039 -148.92293 
    56.12690 -149.63885 
    56.16675 -150.35873 
    56.28811 -151.06743 
Cell 10 100 83.24939 -137.03043 
    71.53826 -137.03043 
    71.07454 -137.79640 
    71.19413 -138.55336 
    71.57742 -139.25697 
    72.00594 -139.91725 
    72.46281 -140.53519 
    72.93458 -141.11435 
    73.41196 -141.65956 
    73.89455 -142.17329 
    74.40191 -142.64520 
    74.88130 -143.11020 
    75.32350 -143.58730 
    75.79807 -144.02768 
    76.28918 -144.44229 
    76.79248 -144.83549 
    77.31031 -145.20486 
    77.84410 -145.54779 
    78.39437 -145.86166 
    78.96084 -146.14406 
    79.54254 -146.39285 
    80.13801 -146.60628 
    80.74539 -146.78285 
    81.36257 -146.92146 
    81.98725 -147.02124 
    82.61692 -147.08328 
    83.24939 -147.10657 
    83.88232 -147.09053 
    84.51331 -147.03537 
    85.14001 -146.94145 
    85.76017 -146.80927 
    86.37157 -146.63951 
    86.97213 -146.43298 
    87.55985 -146.19063 
    88.13288 -145.91347 
    88.68948 -145.60263 
    89.22803 -145.25932 
    89.74706 -144.88477 
    90.24522 -144.48022 
    90.72122 -144.04695 
    91.17391 -143.58617 
    91.60215 -143.09906 
    92.00484 -142.58681 
    92.38089 -142.05051 
    92.72912 -141.49124 
    93.04830 -140.91010 
    93.33708 -140.30812 
    93.59396 -139.68646 
    93.81730 -139.04636 
    94.00529 -138.38921 
    94.15596 -137.71661 
    94.26725 -137.03043 
    94.33698 -136.33286 
    94.36298 -135.62645 
    94.34312 -134.91418 
    94.27544 -134.19942 
    94.15817 -133.48595 
    93.98647 -132.77931 
    93.53018 -132.19266 
    92.96567 -131.68886 
    92.30283 -131.28494 
    91.71954 -130.87650 
    91.17908 -130.47040 
    90.66096 -130.07050 
    90.15405 -129.67772 
    89.65163 -129.29146 
    89.14960 -128.90948 
    88.64380 -128.53020 
    88.13190 -128.14917 
    87.61198 -127.75945 
    87.08219 -127.34988 
    86.53936 -126.90493 
    85.94862 -126.51759 
    85.32607 -126.14408 
    84.67194 -125.76980 
    83.95615 -125.79688 
    83.24939 -125.87113 
    82.55479 -125.99007 
    81.87501 -126.15110 
    81.21230 -126.35165 
    80.56853 -126.58919 
    79.94524 -126.86131 
    79.34370 -127.16577 
    78.76496 -127.50053 
    78.20995 -127.86372 
    77.67950 -128.25368 
    77.12669 -128.60326 
    76.50620 -128.87930 
    76.03732 -129.35036 
    75.66048 -129.90396 
    75.33341 -130.48177 
    75.02660 -131.05621 
    74.70615 -131.60872 
    74.37312 -132.15067 
    74.03603 -132.69495 
    73.70187 -133.25031 
    73.37518 -133.82210 
    73.05633 -134.41328 
    72.73903 -135.02547 
    72.40729 -135.66075 
    72.02988 -136.32455 
Cell 11 100 114.96555 -145.62445 
    104.80052 -145.62445 
    104.81109 -146.26332 
    104.86249 -146.90077 
    104.95460 -147.53415 
    105.08713 -148.16080 
    105.25961 -148.77811 
    105.47140 -149.38345 
    105.72167 -149.97429 
    106.00942 -150.54813 
    106.33350 -151.10252 
    106.69255 -151.63513 
    107.08511 -152.14372 
    107.50954 -152.62611 
    107.96406 -153.08029 
    108.44675 -153.50433 
    108.95557 -153.89648 
    109.48838 -154.25510 
    110.04291 -154.57870 
    110.61682 -154.86598 
    111.20767 -155.11577 
    111.81298 -155.32707 
    112.43018 -155.49910 
    113.05667 -155.63118 
    113.68983 -155.72287 
    114.32700 -155.77390 
    114.96555 -155.78415 
    115.60284 -155.75375 
    116.23624 -155.68298 
    116.86320 -155.57231 
    117.48125 -155.42245 
    118.08799 -155.23433 
    118.68120 -155.00909 
    119.25883 -154.74812 
    119.81914 -154.45309 
    120.36071 -154.12585 
    120.88257 -153.76852 
    121.38423 -153.38330 
    121.86578 -152.97244 
    122.32781 -152.53807 
    122.77141 -152.08202 
    123.19785 -151.60556 
    123.60836 -151.10934 
    124.00365 -150.59319 
    124.38346 -150.05618 
    124.74600 -149.49680 
    125.08760 -148.91330 
    125.40250 -148.30420 
    125.68291 -147.66890 
    125.91953 -147.00826 
    126.10221 -146.32510 
    126.22108 -145.62445 
    126.26765 -144.91338 
    126.23592 -144.20067 
    126.12321 -143.49602 
    126.25207 -142.72656 
    126.43877 -141.89658 
    126.08050 -141.22374 
    125.28638 -140.76784 
    124.49615 -140.38496 
    124.02207 -139.87701 
    123.52262 -139.40738 
    123.00584 -138.97295 
    122.47761 -138.57016 
    121.94164 -138.19568 
    121.39975 -137.84685 
    120.87694 -137.48813 
    120.36047 -137.12341 
    119.82513 -136.78490 
    119.27283 -136.47104 
    118.70456 -136.18080 
    118.12038 -135.91487 
    117.51966 -135.67685 
    116.90190 -135.47374 
    116.26788 -135.31541 
    115.62061 -135.21259 
    114.96555 -135.17401 
    114.30994 -135.20387 
    113.63904 -135.12401 
    112.91869 -134.89441 
    112.15820 -134.69052 
    111.38580 -134.60712 
    110.65273 -134.73152 
    110.01118 -135.09587 
    109.48626 -135.65765 
    109.06318 -136.32381 
    108.69925 -136.99963 
    108.35002 -137.62764 
    107.98957 -138.19579 
    107.61456 -138.72141 
    107.23578 -139.22983 
    106.84182 -139.72221 
    106.47545 -140.23647 
    106.14184 -140.77357 
    105.84246 -141.33145 
    105.57868 -141.90793 
    105.35171 -142.50072 
    105.16260 -143.10748 
    105.01225 -143.72575 
    104.90144 -144.35306 
    104.83072 -144.98682 
Cell 12 100 -117.38420 -127.44180 
    -127.91049 -127.44180 
    -128.21469 -128.12318 
    -128.46550 -128.84169 
    -128.65860 -129.59250 
    -128.79045 -130.37042 
    -128.85814 -131.16991 
    -128.85933 -131.98512 
    -128.79256 -132.81017 
    -128.65691 -133.63901 
    -128.45216 -134.46573 
    -128.17851 -135.28432 
    -127.83685 -136.08897 
    -127.42838 -136.87392 
    -126.95493 -137.63359 
    -124.49242 -136.03416 
    -123.24912 -135.51416 
    -122.66313 -135.76006 
    -122.09274 -136.00659 
    -121.52630 -136.24420 
    -120.95738 -136.46661 
    -120.38588 -136.68001 
    -119.78950 -136.80981 
    -119.19219 -136.91963 
    -118.59355 -137.01480 
    -117.99161 -137.09619 
    -117.38420 -137.14319 
    -116.77296 -137.15712 
    -116.15719 -137.15462 
    -115.53418 -137.13994 
    -114.91845 -137.04526 
    -114.39432 -136.64371 
    -113.90224 -136.23624 
    -113.44903 -135.80446 
    -113.01758 -135.38464 
    -112.59847 -134.98291 
    -112.18459 -134.59845 
    -111.77002 -134.22818 
    -111.34989 -133.86768 
    -110.92071 -133.51143 
    -110.48066 -133.15289 
    -110.02728 -132.78691 
    -109.56209 -132.40587 
    -109.09009 -132.00153 
    -108.62160 -131.56517 
    -108.12389 -131.10820 
    -107.23197 -130.74045 
    -106.28522 -130.29153 
    -105.20346 -129.76540 
    -105.12632 -128.99033 
    -105.33920 -128.19960 
    -105.59358 -127.44180 
    -105.70687 -126.70712 
    -105.69660 -125.96531 
    -105.68317 -125.20970 
    -105.62953 -124.42371 
    -105.89055 -123.70728 
    -106.45979 -123.11652 
    -107.19355 -122.64644 
    -107.93324 -122.24608 
    -108.53968 -121.82889 
    -108.80254 -121.20685 
    -109.09870 -120.58743 
    -109.43418 -119.97623 
    -109.81527 -119.38170 
    -110.24745 -118.81495 
    -110.73420 -118.28886 
    -111.27596 -117.81673 
    -111.86958 -117.41073 
    -112.50840 -117.08019 
    -113.18285 -116.83041 
    -113.88162 -116.66196 
    -114.59302 -116.57085 
    -115.30634 -116.54928 
    -116.01293 -116.58707 
    -116.70670 -116.67323 
    -117.38420 -116.79745 
    -118.04421 -116.95123 
    -118.68707 -117.12859 
    -119.31387 -117.32614 
    -119.92583 -117.54281 
    -120.52375 -117.77927 
    -121.10773 -118.03722 
    -121.67715 -118.31881 
    -122.23069 -118.62607 
    -122.76654 -118.96059 
    -123.28453 -119.32069 
    -123.78233 -119.70778 
    -124.25471 -120.12544 
    -124.69979 -120.57200 
    -125.11579 -121.04567 
    -125.50108 -121.54454 
    -125.85412 -122.06662 
    -126.17352 -122.60983 
    -126.45804 -123.17197 
    -126.70654 -123.75082 
    -126.91808 -124.34406 
    -127.09182 -124.94930 
    -127.22710 -125.56416 
    -127.32354 -126.18616 
    -127.55775 -126.80173 
Cell 13 100 -83.26061 -116.37114 
    -93.43848 -116.37114 
    -93.43050 -117.01097 
    -93.38165 -117.64973 
    -93.29198 -118.28472 
    -93.16171 -118.91331 
    -92.99127 -119.53282 
    -92.78126 -120.14063 
    -92.53247 -120.73415 
    -92.24586 -121.31082 
    -91.92259 -121.86820 
    -91.56396 -122.40388 
    -91.17146 -122.91556 
    -90.74670 -123.40105 
    -90.29149 -123.85826 
    -89.80773 -124.28525 
    -89.29749 -124.68019 
    -88.76294 -125.04141 
    -88.20634 -125.36739 
    -87.63010 -125.65678 
    -87.03668 -125.90839 
    -86.42860 -126.12120 
    -85.80846 -126.29437 
    -85.17892 -126.42723 
    -84.54263 -126.51933 
    -83.90229 -126.57036 
    -83.26061 -126.58023 
    -82.62028 -126.54901 
    -81.98395 -126.47698 
    -81.35426 -126.36457 
    -80.73380 -126.21242 
    -80.12508 -126.02132 
    -79.53054 -125.79222 
    -78.95253 -125.52628 
    -78.39329 -125.22477 
    -77.83760 -124.91644 
    -77.29357 -124.58407 
    -76.76810 -124.21925 
    -76.26305 -123.82279 
    -75.78035 -123.39558 
    -75.32201 -122.93852 
    -74.89011 -122.45267 
    -74.48683 -121.93915 
    -74.11444 -121.39929 
    -73.77526 -120.83460 
    -73.47166 -120.24686 
    -73.20597 -119.63809 
    -72.98050 -119.01063 
    -72.79738 -118.36711 
    -72.65857 -117.71049 
    -72.56576 -117.04401 
    -72.52028 -116.37114 
    -72.52308 -115.69559 
    -72.57465 -115.02119 
    -72.67500 -114.35183 
    -72.82367 -113.69139 
    -73.01969 -113.04366 
    -73.26165 -112.41227 
    -73.54771 -111.80059 
    -73.80918 -111.17517 
    -74.07379 -110.54101 
    -74.37920 -109.91841 
    -74.72643 -109.31104 
    -75.11621 -108.72304 
    -75.54887 -108.15896 
    -76.02413 -107.62373 
    -76.54107 -107.12247 
    -77.09796 -106.66035 
    -77.69228 -106.24236 
    -78.32066 -105.87320 
    -78.97897 -105.55695 
    -79.66242 -105.29704 
    -80.36565 -105.09599 
    -81.08293 -104.95533 
    -81.80839 -104.87563 
    -82.53616 -104.85638 
    -83.26061 -104.89613 
    -83.97649 -104.99262 
    -84.67908 -105.14284 
    -85.36429 -105.34327 
    -86.02872 -105.59004 
    -86.66966 -105.87917 
    -87.28503 -106.20662 
    -87.83858 -106.64246 
    -88.34750 -107.11813 
    -88.83177 -107.59240 
    -89.26902 -108.10128 
    -89.66300 -108.63199 
    -90.03543 -109.15668 
    -90.38979 -109.67639 
    -90.72986 -110.19203 
    -91.09917 -110.67609 
    -91.43745 -111.18196 
    -91.76208 -111.69741 
    -92.06651 -112.22740 
    -92.35493 -112.77045 
    -92.60600 -113.33464 
    -92.81633 -113.91765 
    -93.00665 -114.51199 
    -93.27442 -115.10610 
    -93.40575 -115.73286 
Cell 14 100 -60.95536 -124.73086 
    -71.27827 -124.73086 
    -71.29389 -125.38130 
    -71.27117 -126.03405 
    -71.20883 -126.68681 
    -71.10585 -127.33706 
    -70.96147 -127.98204 
    -70.77532 -128.61885 
    -70.54734 -129.24449 
    -70.27786 -129.85594 
    -69.96754 -130.45015 
    -69.61734 -131.02415 
    -69.22851 -131.57500 
    -68.80258 -132.09988 
    -68.34133 -132.59612 
    -67.84674 -133.06110 
    -67.32104 -133.49245 
    -66.76662 -133.88792 
    -66.18606 -134.24545 
    -65.58212 -134.56322 
    -64.95770 -134.83958 
    -64.31577 -135.07314 
    -63.65949 -135.26273 
    -62.99203 -135.40746 
    -62.31667 -135.50665 
    -61.62870 -135.43324 
    -60.95536 -134.66890 
    -60.35751 -134.23352 
    -59.79409 -133.92334 
    -59.27228 -133.55391 
    -58.78892 -133.16859 
    -58.33610 -132.79213 
    -57.90488 -132.43549 
    -57.48699 -132.10153 
    -57.07333 -131.79225 
    -56.65938 -131.50024 
    -56.24112 -131.21947 
    -55.81469 -130.94485 
    -55.36893 -130.67981 
    -54.89951 -130.41769 
    -54.40228 -130.15204 
    -53.87475 -129.87523 
    -53.31981 -129.57652 
    -52.71159 -129.26291 
    -51.95602 -128.96562 
    -51.05309 -128.65144 
    -49.92112 -128.31610 
    -48.99496 -127.80177 
    -48.68789 -127.07101 
    -48.51295 -126.30270 
    -48.40522 -125.52045 
    -48.36232 -124.73086 
    -48.38506 -123.94000 
    -48.47359 -123.15405 
    -48.62713 -122.37912 
    -48.84406 -121.62120 
    -49.12190 -120.88593 
    -49.45747 -120.17852 
    -49.84689 -119.50360 
    -50.28576 -118.86520 
    -50.76931 -118.26659 
    -51.29250 -117.71037 
    -51.85017 -117.19839 
    -52.43720 -116.73177 
    -53.04861 -116.31102 
    -53.67966 -115.93605 
    -54.17735 -115.40172 
    -54.75060 -114.95371 
    -55.39849 -114.62294 
    -56.09945 -114.41152 
    -56.82742 -114.30486 
    -57.55866 -114.27688 
    -58.27667 -114.29803 
    -58.97381 -114.34320 
    -59.64983 -114.39649 
    -60.30869 -114.45216 
    -60.95536 -114.51101 
    -61.59370 -114.58472 
    -62.23110 -114.63237 
    -62.87057 -114.69097 
    -63.51048 -114.77934 
    -64.15031 -114.89782 
    -64.78910 -115.04796 
    -65.42493 -115.23254 
    -66.05458 -115.45541 
    -66.67319 -115.72101 
    -67.27428 -116.03363 
    -67.85002 -116.39664 
    -68.39196 -116.81168 
    -68.89178 -117.27806 
    -69.34235 -117.79254 
    -69.73852 -118.34953 
    -70.07769 -118.94166 
    -70.36000 -119.56062 
    -70.58797 -120.19810 
    -70.76595 -120.84657 
    -70.89914 -121.49993 
    -70.99281 -122.15368 
    -71.05210 -122.80480 
    -71.13976 -123.44427 
    -71.22562 -124.08471 
Cell 15 100 -56.77398 -103.33439 
    -67.25006 -103.33439 
    -67.13777 -103.98642 
    -67.03906 -104.63117 
    -66.93198 -105.27213 
    -66.78725 -105.90536 
    -66.60565 -106.52889 
    -66.38792 -107.14082 
    -66.13476 -107.73923 
    -65.84685 -108.32224 
    -65.52492 -108.88790 
    -65.16969 -109.43423 
    -64.78201 -109.95921 
    -64.36281 -110.46077 
    -63.91315 -110.93684 
    -63.43428 -111.38530 
    -62.92758 -111.80409 
    -62.39467 -112.19118 
    -61.83734 -112.54460 
    -61.25758 -112.86251 
    -60.65755 -113.14316 
    -60.03962 -113.38497 
    -59.40629 -113.58655 
    -58.76023 -113.74667 
    -58.10423 -113.86435 
    -57.44115 -113.93877 
    -56.77398 -113.96938 
    -56.10574 -113.95586 
    -55.43947 -113.89814 
    -54.77825 -113.79638 
    -54.12514 -113.65096 
    -53.48315 -113.46253 
    -52.85526 -113.23196 
    -52.24436 -112.96033 
    -51.65325 -112.64897 
    -51.08462 -112.29939 
    -50.54103 -111.91331 
    -50.02493 -111.49260 
    -49.53854 -111.03936 
    -49.08398 -110.55579 
    -48.66315 -110.04425 
    -48.27779 -109.50724 
    -47.86890 -108.98573 
    -47.47375 -108.44724 
    -47.11206 -107.88094 
    -46.78733 -107.28838 
    -46.50311 -106.67159 
    -46.26285 -106.03319 
    -46.06977 -105.37633 
    -45.92669 -104.70472 
    -45.83587 -104.02256 
    -45.79887 -103.33439 
    -45.81651 -102.64500 
    -45.88874 -101.95927 
    -46.01472 -101.28195 
    -46.19279 -100.61760 
    -46.42061 -99.97038 
    -46.69528 -99.34395 
    -47.01349 -98.74145 
    -47.37166 -98.16542 
    -47.76612 -97.61783 
    -47.74297 -96.77298 
    -47.26960 -95.47167 
    -48.70286 -95.75510 
    -49.63759 -95.73490 
    -50.16369 -95.34392 
    -50.65662 -94.91456 
    -51.14439 -94.46357 
    -51.65729 -94.02715 
    -52.19616 -93.60601 
    -52.76212 -93.20159 
    -53.35643 -92.81625 
    -53.98022 -92.45341 
    -54.63426 -92.11756 
    -55.31865 -91.81427 
    -56.03257 -91.55003 
    -56.77398 -91.33202 
    -57.53944 -91.16775 
    -58.32401 -91.06467 
    -59.12123 -91.02966 
    -59.92331 -91.06860 
    -60.72129 -91.18582 
    -61.50553 -91.38387 
    -62.26606 -91.66312 
    -62.99316 -92.02175 
    -63.67781 -92.45570 
    -64.31220 -92.95893 
    -64.89006 -93.52374 
    -65.40698 -94.14117 
    -65.86049 -94.80159 
    -66.25002 -95.49512 
    -66.57681 -96.21222 
    -66.84354 -96.94405 
    -67.05408 -97.68286 
    -67.21296 -98.42218 
    -67.32509 -99.15691 
    -67.39530 -99.88332 
    -67.42806 -100.59888 
    -67.42722 -101.30218 
    -67.39590 -101.99253 
    -67.33635 -102.66986 
Cell 16 100 -34.07000 -126.46124 
    -45.02264 -126.46124 
    -44.93062 -127.14452 
    -44.78714 -127.81512 
    -44.59703 -128.46938 
    -44.36521 -129.10460 
    -44.09640 -129.71901 
    -43.86395 -130.33893 
    -43.46389 -130.88167 
    -43.10645 -131.42906 
    -42.70575 -131.94165 
    -42.29206 -132.43492 
    -41.87350 -132.91685 
    -41.43771 -133.37997 
    -40.99483 -133.83543 
    -40.54665 -134.29016 
    -40.09297 -134.75114 
    -39.61821 -135.20381 
    -39.11707 -135.64182 
    -38.58588 -136.05798 
    -38.01814 -136.43309 
    -37.41747 -136.76369 
    -36.78852 -137.04918 
    -36.13520 -137.28741 
    -35.46119 -137.47368 
    -34.77136 -137.60907 
    -34.07000 -137.69075 
    -33.36208 -137.71318 
    -32.65320 -137.67635 
    -31.94883 -137.58076 
    -31.25418 -137.42810 
    -30.57473 -137.21855 
    -29.91759 -136.94902 
    -29.28259 -136.63499 
    -28.67294 -136.27844 
    -28.09163 -135.88164 
    -27.54140 -135.44708 
    -27.02479 -134.97742 
    -26.54412 -134.47548 
    -26.10136 -133.94427 
    -25.69825 -133.38695 
    -25.33623 -132.80669 
    -25.01649 -132.20677 
    -24.73985 -131.59053 
    -24.58271 -130.92561 
    -24.51726 -130.24344 
    -24.52067 -129.56400 
    -24.43006 -128.93636 
    -24.32649 -128.31992 
    -24.25098 -127.70167 
    -24.21509 -127.08125 
    -24.20010 -126.46124 
    -24.18691 -125.83945 
    -24.19711 -125.21400 
    -24.23936 -124.58594 
    -24.30043 -123.95284 
    -24.43990 -123.33222 
    -24.60643 -122.71434 
    -24.79817 -122.09824 
    -25.01410 -121.48271 
    -25.25424 -120.86658 
    -25.51998 -120.24929 
    -25.81417 -119.63142 
    -26.14097 -119.01538 
    -26.50554 -118.40591 
    -26.91333 -117.81032 
    -27.36929 -117.23850 
    -27.87685 -116.70241 
    -28.43717 -116.21516 
    -29.04844 -115.78989 
    -29.70570 -115.43828 
    -30.40104 -115.16933 
    -31.12425 -114.98830 
    -31.86382 -114.89607 
    -32.60812 -114.88927 
    -33.34644 -114.96071 
    -34.07000 -115.10045 
    -34.77238 -115.29707 
    -35.44979 -115.53901 
    -36.10073 -115.81572 
    -36.72555 -116.11854 
    -37.33002 -116.42791 
    -37.90824 -116.76695 
    -38.46161 -117.12859 
    -38.99944 -117.49462 
    -39.58397 -117.77261 
    -40.15786 -118.08201 
    -40.71944 -118.42344 
    -41.26639 -118.79785 
    -41.79566 -119.20635 
    -42.30334 -119.65002 
    -42.78473 -120.12961 
    -43.23442 -120.64532 
    -43.64654 -121.19649 
    -44.01511 -121.78142 
    -44.33441 -122.39727 
    -44.59940 -123.04002 
    -44.80614 -123.70466 
    -44.95204 -124.38538 
    -45.03610 -125.07590 
    -45.05893 -125.76987 
Cell 17 100 -14.33162 -126.82458 
    -24.20889 -126.82458 
    -24.23629 -127.44773 
    -24.29762 -128.08359 
    -24.39788 -128.74483 
    -24.50218 -129.43594 
    -24.51653 -130.13385 
    -24.29822 -130.77065 
    -24.02804 -131.38737 
    -23.71836 -131.98499 
    -23.37092 -132.56110 
    -22.98749 -133.11343 
    -22.57000 -133.63997 
    -22.12036 -134.13869 
    -21.64058 -134.60783 
    -21.13271 -135.04568 
    -20.59881 -135.45064 
    -20.04104 -135.82118 
    -19.46158 -136.15593 
    -18.86271 -136.45361 
    -18.24673 -136.71301 
    -17.61608 -136.93309 
    -16.97316 -137.11270 
    -16.32038 -137.24997 
    -15.65940 -137.33501 
    -14.99065 -137.29947 
    -14.33162 -136.92926 
    -13.71403 -136.64095 
    -13.11658 -136.44269 
    -12.52829 -136.27800 
    -11.94200 -136.13156 
    -11.34983 -136.00162 
    -10.74489 -135.88364 
    -10.12366 -135.76697 
    -9.48839 -135.63440 
    -8.72881 -135.65321 
    -8.19846 -135.26616 
    -7.69550 -134.84628 
    -7.22196 -134.39561 
    -6.77977 -133.91626 
    -6.37062 -133.41051 
    -5.99608 -132.88071 
    -5.65753 -132.32933 
    -5.35610 -131.75893 
    -5.09281 -131.17204 
    -4.86842 -130.57133 
    -4.68354 -129.95944 
    -4.53857 -129.33902 
    -4.42910 -128.71359 
    -4.32230 -128.08905 
    -4.24155 -127.45940 
    -4.19602 -126.82458 
    -4.18575 -126.18626 
    -4.21085 -125.54604 
    -4.27158 -124.90553 
    -4.36833 -124.26645 
    -4.50170 -123.63065 
    -4.67239 -123.00022 
    -4.88125 -122.37758 
    -5.12912 -121.76546 
    -5.41678 -121.16705 
    -5.74478 -120.58588 
    -6.11336 -120.02584 
    -6.52226 -119.49110 
    -6.97066 -118.98595 
    -7.45707 -118.51467 
    -7.97928 -118.08133 
    -8.53441 -117.68964 
    -9.11895 -117.34276 
    -9.72885 -117.04319 
    -10.22884 -116.46213 
    -10.52798 -115.11817 
    -11.33826 -115.16620 
    -12.21963 -115.75309 
    -12.92416 -115.68336 
    -13.63424 -115.74004 
    -14.33163 -115.89856 
    -15.00482 -116.12443 
    -15.65056 -116.38413 
    -16.27187 -116.65344 
    -16.88878 -116.86512 
    -17.49429 -117.09091 
    -18.08333 -117.34886 
    -18.65466 -117.63767 
    -19.20703 -117.95625 
    -19.73917 -118.30366 
    -20.24973 -118.67902 
    -20.75180 -119.06393 
    -21.26604 -119.44019 
    -21.75821 -119.85056 
    -22.22556 -120.29416 
    -22.66527 -120.76984 
    -23.07460 -121.27612 
    -23.45086 -121.81125 
    -23.79149 -122.37311 
    -24.09367 -122.95952 
    -24.29886 -123.58604 
    -24.26956 -124.27296 
    -24.21560 -124.93912 
    -24.19116 -125.57904 
    -24.19465 -126.20406 
Cell 18 100 12.96174 -127.90445 
    2.83650 -127.90445 
    2.84786 -128.54076 
    2.89973 -129.17558 
    2.99199 -129.80627 
    3.12433 -130.43027 
    3.29630 -131.04494 
    3.50724 -131.64775 
    3.75636 -132.23618 
    4.04267 -132.80774 
    4.36503 -133.36009 
    4.72214 -133.89087 
    5.11253 -134.39787 
    5.53462 -134.87897 
    5.98665 -135.33217 
    6.46675 -135.75554 
    6.97292 -136.14735 
    7.50304 -136.50598 
    8.05490 -136.82994 
    8.62620 -137.11794 
    9.21454 -137.36877 
    9.81746 -137.58153 
    10.43245 -137.75537 
    11.05695 -137.88969 
    11.68838 -137.98407 
    12.32417 -138.03831 
    12.96174 -138.05243 
    13.59857 -138.02664 
    14.23223 -137.96141 
    14.86037 -137.85742 
    15.48082 -137.71562 
    16.09158 -137.53712 
    16.69091 -137.32327 
    17.27734 -137.07558 
    17.84970 -136.79562 
    18.40718 -136.48509 
    18.94926 -136.14557 
    19.47575 -135.77853 
    19.98665 -135.38522 
    20.31577 -134.81035 
    20.59544 -134.21960 
    20.85664 -133.64043 
    21.10335 -133.07129 
    21.34260 -132.51186 
    21.58001 -131.95990 
    21.81937 -131.41144 
    22.06633 -130.86272 
    22.32480 -130.30847 
    22.59711 -129.74249 
    22.89019 -129.15871 
    23.23945 -128.55107 
    23.70710 -127.90445 
    24.30327 -127.19090 
    24.74903 -126.41537 
    24.67855 -125.66935 
    24.53328 -124.93338 
    24.31378 -124.21594 
    24.02268 -123.52511 
    23.66421 -122.86825 
    23.23922 -122.25436 
    22.70594 -121.72059 
    22.06308 -121.29194 
    21.43535 -120.89447 
    20.80486 -120.53927 
    20.18995 -120.20718 
    19.61778 -119.85867 
    19.06956 -119.49775 
    18.51986 -119.14625 
    17.96574 -118.80220 
    17.40474 -118.46259 
    16.80910 -118.18711 
    16.17858 -118.00404 
    15.54057 -117.86054 
    14.89758 -117.75639 
    14.25196 -117.69127 
    13.60596 -117.66481 
    12.96174 -117.61333 
    12.31359 -117.60242 
    11.66429 -117.63412 
    11.01693 -117.70940 
    10.37477 -117.82888 
    9.74128 -117.99289 
    9.11998 -118.20129 
    8.51444 -118.45347 
    7.92813 -118.74836 
    7.36436 -119.08440 
    6.82618 -119.45959 
    6.31633 -119.87153 
    5.83715 -120.31754 
    5.39063 -120.79471 
    4.97831 -121.29999 
    4.60139 -121.83031 
    4.26071 -122.38261 
    3.95685 -122.95397 
    3.69013 -123.54156 
    3.45727 -124.14137 
    3.25732 -124.75130 
    3.09616 -125.37140 
    2.97388 -125.99916 
    2.89048 -126.63216 
    2.84588 -127.26801 
Cell 19 100 25.20407 -111.50656 
    14.01517 -111.50656 
    14.07184 -112.20694 
    14.17971 -112.89926 
    14.33690 -113.57958 
    14.54116 -114.24433 
    14.78990 -114.89033 
    15.08035 -115.51482 
    15.40963 -116.11547 
    15.77482 -116.69034 
    16.17305 -117.23782 
    16.60159 -117.75663 
    17.06113 -118.24299 
    17.64304 -118.60684 
    18.21037 -118.95409 
    18.75800 -119.29852 
    19.29182 -119.64407 
    19.82396 -119.98426 
    20.36800 -120.30334 
    20.92243 -120.60551 
    21.47675 -120.92068 
    22.03117 -121.27174 
    22.59974 -121.64977 
    23.22741 -121.86861 
    23.88061 -121.98285 
    24.54050 -122.05377 
    25.20407 -122.08095 
    25.86830 -122.06419 
    26.53015 -122.00354 
    27.18658 -121.89923 
    27.83459 -121.75176 
    28.47123 -121.56184 
    29.09359 -121.33037 
    29.69887 -121.05849 
    30.28434 -120.74754 
    30.84742 -120.39905 
    31.38562 -120.01474 
    31.89665 -119.59650 
    32.37836 -119.14640 
    32.82878 -118.66664 
    33.24620 -118.15959 
    33.62911 -117.62771 
    33.97628 -117.07358 
    34.28678 -116.49982 
    34.56001 -115.90913 
    34.79572 -115.30416 
    34.99402 -114.68751 
    35.15541 -114.06163 
    35.28071 -113.42878 
    35.37102 -112.79095 
    35.42761 -112.14977 
    35.45180 -111.50656 
    35.44472 -110.86227 
    35.40718 -110.21761 
    35.33941 -109.57314 
    35.24096 -108.92953 
    35.11053 -108.28776 
    34.94608 -107.64943 
    34.74487 -107.01701 
    34.50377 -106.39401 
    34.21965 -105.78510 
    33.97049 -105.13738 
    33.71275 -104.46757 
    33.41933 -103.79192 
    33.08224 -103.11716 
    32.69342 -102.45349 
    32.24591 -101.81430 
    31.73499 -101.21548 
    31.15924 -100.67416 
    30.52117 -100.20715 
    29.82744 -99.82927 
    29.08846 -99.55163 
    28.31751 -99.38050 
    27.52943 -99.31657 
    26.73917 -99.35503 
    25.96033 -99.48621 
    25.20407 -99.69679 
    24.47834 -99.97147 
    23.78766 -100.29456 
    23.13336 -100.65152 
    22.51418 -101.03011 
    21.92711 -101.42111 
    21.36290 -101.80487 
    20.73455 -102.00835 
    20.11524 -102.25001 
    19.50754 -102.53027 
    18.91428 -102.84941 
    18.33855 -103.20757 
    17.78366 -103.60462 
    17.25314 -104.04014 
    16.75065 -104.51329 
    16.27996 -105.02282 
    15.84480 -105.56699 
    15.44882 -106.14357 
    15.09544 -106.74980 
    14.78777 -107.38245 
    14.52852 -108.03786 
    14.31990 -108.71198 
    14.16354 -109.40047 
    14.06048 -110.09880 
    14.01110 -110.80236 
Cell 20 100 57.75190 -110.95554 
    47.66982 -110.95554 
    47.68437 -111.58894 
    47.73884 -112.22049 
    47.83312 -112.84765 
    47.96691 -113.46790 
    48.13976 -114.07871 
    48.35103 -114.67761 
    48.59993 -115.26213 
    48.88549 -115.82990 
    49.20660 -116.37856 
    49.56198 -116.90587 
    49.95021 -117.40966 
    50.36974 -117.88786 
    50.81881 -118.33853 
    51.29566 -118.75980 
    51.79832 -119.14994 
    52.32475 -119.50736 
    52.87278 -119.83062 
    53.44019 -120.11840 
    54.02462 -120.36957 
    54.62371 -120.58312 
    55.23499 -120.75824 
    55.85599 -120.89426 
    56.48416 -120.99072 
    57.11698 -121.04726 
    57.75190 -121.06377 
    58.38638 -121.04028 
    59.01790 -120.97698 
    59.64399 -120.87424 
    60.23957 -120.64439 
    60.78952 -120.30437 
    61.32674 -119.98456 
    61.85497 -119.67500 
    62.37145 -119.35848 
    62.87875 -119.03416 
    63.37990 -118.70182 
    63.88229 -118.36591 
    64.39637 -118.03119 
    64.93378 -117.69977 
    65.51141 -117.37477 
    65.92808 -116.89588 
    66.29399 -116.37652 
    66.62771 -115.83506 
    66.92886 -115.27389 
    67.19631 -114.69485 
    67.42901 -114.09982 
    67.69305 -113.50800 
    67.97022 -112.90479 
    68.25105 -112.28190 
    68.52742 -111.63348 
    68.78007 -110.95554 
    68.97993 -110.24914 
    69.09351 -109.52277 
    69.09111 -108.79247 
    68.95541 -108.07897 
    68.68691 -107.40254 
    68.30392 -106.77770 
    67.83727 -106.20973 
    67.39117 -105.65631 
    67.24602 -104.93040 
    67.05625 -104.19553 
    66.80799 -103.46369 
    66.48819 -102.75162 
    66.08697 -102.07960 
    65.59969 -101.46920 
    65.02828 -100.94046 
    64.38145 -100.50903 
    63.67367 -100.18388 
    62.92315 -99.96608 
    62.14930 -99.84897 
    61.37022 -99.81951 
    60.60057 -99.86073 
    59.85048 -99.95440 
    59.12827 -100.06043 
    58.43645 -100.07494 
    57.75190 -100.13572 
    57.07773 -100.23990 
    56.41648 -100.38462 
    55.77021 -100.56714 
    55.14053 -100.78492 
    54.52875 -101.03572 
    53.93597 -101.31762 
    53.36315 -101.62898 
    52.81121 -101.96847 
    52.28111 -102.33496 
    51.77386 -102.72748 
    51.29058 -103.14516 
    50.83250 -103.58713 
    50.40091 -104.05251 
    49.99719 -104.54029 
    49.62276 -105.04938 
    49.27370 -105.57512 
    48.95041 -106.11688 
    48.66096 -106.67767 
    48.40658 -107.25547 
    48.18839 -107.84818 
    48.00738 -108.45358 
    47.86439 -109.06940 
    47.76013 -109.69329 
    47.69515 -110.32283 
Cell 21 100 65.79775 -129.14488 
    55.78774 -129.14488 
    55.80883 -129.77333 
    55.86936 -130.39912 
    55.96908 -131.01981 
    56.10748 -131.63292 
    56.26505 -132.24225 
    56.41441 -132.86002 
    56.60471 -133.47079 
    56.83638 -134.07144 
    57.10713 -134.66013 
    57.41691 -135.23392 
    57.76527 -135.78993 
    58.15152 -136.32518 
    58.57460 -136.83676 
    59.03317 -137.32185 
    59.52569 -137.77763 
    60.05024 -138.20151 
    60.60476 -138.59090 
    61.18687 -138.94350 
    61.79407 -139.25703 
    62.42364 -139.52933 
    63.07502 -139.74921 
    63.74443 -139.90875 
    64.42359 -140.02248 
    65.10910 -140.09073 
    65.79775 -140.11560 
    66.48745 -140.10730 
    67.17781 -140.06918 
    67.86904 -140.00298 
    68.55933 -139.90053 
    69.23392 -139.72031 
    69.89236 -139.48666 
    70.53283 -139.20744 
    71.00466 -138.61621 
    71.17884 -137.62411 
    71.53311 -137.03893 
    71.89615 -136.51657 
    72.22222 -135.98625 
    72.51559 -135.45335 
    72.78918 -134.92870 
    73.05434 -134.41711 
    73.32232 -133.92012 
    73.59756 -133.43288 
    73.88289 -132.94946 
    74.17942 -132.46342 
    74.48554 -131.96771 
    74.79527 -131.45505 
    75.09971 -130.91933 
    75.40327 -130.35834 
    75.75092 -129.77109 
    76.24185 -129.14488 
    76.20003 -128.49043 
    76.11155 -127.84195 
    76.03145 -127.19270 
    75.91672 -126.54678 
    75.75856 -125.90842 
    75.55683 -125.28099 
    75.31176 -124.66793 
    75.02399 -124.07272 
    74.69458 -123.49879 
    74.32501 -122.94946 
    73.91722 -122.42787 
    73.47351 -121.93687 
    72.99651 -121.47897 
    72.48916 -121.05636 
    71.95456 -120.67077 
    71.43188 -120.26691 
    70.95215 -119.76907 
    70.44340 -119.27239 
    69.89784 -118.78924 
    69.30888 -118.33875 
    68.67339 -117.94503 
    67.99364 -117.63360 
    67.27808 -117.42683 
    66.54049 -117.33942 
    65.79775 -117.37532 
    65.07276 -117.62157 
    64.39396 -118.03276 
    63.75747 -118.44937 
    63.15476 -118.85112 
    62.57556 -119.22800 
    62.01060 -119.57962 
    61.45254 -119.91084 
    60.90112 -120.23793 
    60.35707 -120.57174 
    59.84124 -120.94645 
    59.36418 -121.36803 
    58.90924 -121.80936 
    58.47591 -122.26922 
    58.06722 -122.74963 
    57.68618 -123.25148 
    57.33537 -123.77450 
    57.01694 -124.31760 
    56.73265 -124.87917 
    56.48391 -125.45728 
    56.27186 -126.04974 
    56.09743 -126.65427 
    55.96134 -127.26849 
    55.86414 -127.88998 
    55.80620 -128.51627 
Cell 22 100 77.00321 -95.73443 
    64.86989 -95.73443 
    64.88941 -96.49657 
    64.98315 -97.25291 
    65.14847 -97.99584 
    65.38116 -98.71847 
    65.67577 -99.41493 
    66.02596 -100.08063 
    66.42493 -100.71219 
    66.86580 -101.30752 
    67.34194 -101.86565 
    67.84732 -102.38657 
    68.37666 -102.87093 
    68.92558 -103.31982 
    69.49062 -103.73453 
    70.06915 -104.11628 
    70.65931 -104.46606 
    71.25981 -104.78458 
    71.86980 -105.07206 
    72.48865 -105.32837 
    73.11578 -105.55297 
    73.75057 -105.74502 
    74.39226 -105.90343 
    75.03980 -106.02700 
    75.69190 -106.11450 
    76.34699 -106.16476 
    77.00321 -106.18317 
    77.65963 -106.16788 
    78.31391 -106.10966 
    78.96314 -106.00876 
    79.60445 -105.86558 
    80.23498 -105.68077 
    80.85192 -105.45516 
    81.45257 -105.18980 
    82.03427 -104.88589 
    82.59448 -104.54486 
    83.13078 -104.16830 
    83.64085 -103.75795 
    84.12254 -103.31574 
    84.57384 -102.84373 
    84.99297 -102.34413 
    85.37838 -101.81934 
    85.72888 -101.27190 
    86.04388 -100.70458 
    86.32372 -100.12032 
    86.57013 -99.52224 
    86.78693 -98.91335 
    86.98059 -98.29618 
    87.16054 -97.67204 
    87.33854 -97.04008 
    87.52685 -96.39652 
    87.73480 -95.73443 
    87.96429 -95.04482 
    88.20532 -94.31927 
    88.43346 -93.55399 
    88.61110 -92.75403 
    88.69332 -91.93608 
    88.63759 -91.12805 
    88.41454 -90.36467 
    88.01625 -89.67996 
    87.45899 -89.09899 
    86.77924 -88.63173 
    86.02454 -88.27133 
    85.51776 -87.73874 
    85.10592 -87.10592 
    84.64666 -86.49508 
    84.13966 -85.91194 
    83.58537 -85.36261 
    82.98508 -84.85343 
    82.34113 -84.39077 
    81.65681 -83.98077 
    80.93645 -83.62918 
    80.18529 -83.34106 
    79.40942 -83.12061 
    78.61561 -82.97099 
    77.81105 -82.89417 
    77.00321 -82.89086 
    76.19955 -82.96049 
    75.40727 -83.10124 
    74.63316 -83.31014 
    73.88331 -83.58321 
    73.16306 -83.91566 
    72.47681 -84.30205 
    71.82803 -84.73662 
    71.21922 -85.21339 
    70.65197 -85.72648 
    70.12706 -86.27022 
    69.64455 -86.83932 
    69.20393 -87.42905 
    68.80432 -88.03516 
    68.44453 -88.65408 
    68.12327 -89.28278 
    67.63974 -89.79219 
    67.13750 -90.31071 
    66.66742 -90.87077 
    66.23684 -91.47173 
    65.85329 -92.11160 
    65.52415 -92.78711 
    65.25618 -93.49356 
    65.05514 -94.22504 
    64.92545 -94.97456 
Cell 23 100 94.75983 -122.10216 
    83.19343 -122.10216 
    83.36226 -122.81923 
    83.58045 -123.51444 
    83.84076 -124.18508 
    84.13648 -124.82977 
    84.46198 -125.44813 
    85.00912 -125.96274 
    85.69716 -126.36672 
    86.30415 -126.75070 
    86.82410 -127.13833 
    87.30252 -127.52021 
    87.77428 -127.88111 
    88.23707 -128.22745 
    88.69057 -128.56526 
    89.13647 -128.89964 
    89.57748 -129.23505 
    90.01841 -129.57344 
    90.46337 -129.91739 
    90.91716 -130.26823 
    91.38527 -130.62532 
    91.87378 -130.98450 
    92.38866 -131.33725 
    92.93468 -131.66997 
    93.48967 -132.15651 
    94.08864 -132.77052 
    94.75983 -132.81973 
    95.43439 -132.82388 
    96.10909 -132.78265 
    96.78072 -132.69600 
    97.44602 -132.56416 
    98.10177 -132.38756 
    98.74476 -132.16693 
    99.37186 -131.90321 
    99.98000 -131.59761 
    100.56624 -131.25159 
    101.12772 -130.86681 
    101.66174 -130.44513 
    102.16578 -129.98869 
    102.63744 -129.49973 
    103.07456 -128.98070 
    103.47517 -128.43422 
    103.83749 -127.86301 
    104.16001 -127.26995 
    104.44144 -126.65797 
    104.68070 -126.03011 
    104.87701 -125.38943 
    105.02978 -124.73903 
    105.13874 -124.08204 
    105.20385 -123.42155 
    105.22528 -122.76059 
    105.20353 -122.10216 
    105.13929 -121.44913 
    105.03352 -120.80429 
    104.88740 -120.17022 
    104.70234 -119.54935 
    104.47997 -118.94389 
    104.22208 -118.35579 
    103.93063 -117.78671 
    103.60767 -117.23801 
    103.25536 -116.71073 
    102.87582 -116.20555 
    102.47112 -115.72283 
    102.04952 -115.25668 
    101.60531 -114.81247 
    101.13407 -114.39703 
    100.63769 -114.01199 
    100.12978 -113.64049 
    99.60567 -113.28762 
    99.06387 -112.95561 
    98.50417 -112.64503 
    97.92619 -112.35711 
    97.32954 -112.09380 
    96.71405 -111.85780 
    96.07992 -111.65260 
    95.42798 -111.48233 
    94.75983 -111.35165 
    94.07805 -111.26544 
    93.38618 -111.22857 
    92.68883 -111.24555 
    91.99149 -111.32018 
    91.30045 -111.45526 
    90.62244 -111.65231 
    89.96442 -111.91140 
    89.33316 -112.23109 
    88.73491 -112.60840 
    88.17509 -113.03904 
    87.63787 -113.49319 
    87.00020 -113.83899 
    86.38199 -114.23484 
    85.79150 -114.68290 
    85.23771 -115.18393 
    84.72989 -115.73696 
    84.27692 -116.33913 
    83.88681 -116.98570 
    83.56602 -117.67021 
    83.31910 -118.38484 
    83.14834 -119.12083 
    83.05367 -119.86909 
    83.03275 -120.62068 
    83.08130 -121.36741 
Cell 24 100 -99.75718 -106.68645 
    -109.93092 -106.68645 
    -109.92147 -107.32594 
    -109.87121 -107.96416 
    -109.78017 -108.59844 
    -109.64867 -109.22616 
    -109.47716 -109.84467 
    -109.26630 -110.45138 
    -109.01692 -111.04375 
    -108.73005 -111.61933 
    -108.40685 -112.17570 
    -108.04869 -112.71059 
    -107.65706 -113.22180 
    -107.23360 -113.70728 
    -106.78013 -114.16514 
    -106.29852 -114.59358 
    -105.79080 -114.99103 
    -105.25907 -115.35605 
    -104.70549 -115.68739 
    -104.13228 -115.98400 
    -103.54167 -116.24500 
    -102.93594 -116.46967 
    -102.31731 -116.65749 
    -101.68798 -116.80809 
    -101.05013 -116.92125 
    -100.40585 -116.99687 
    -99.75718 -117.03495 
    -99.10607 -117.03558 
    -98.45441 -116.99887 
    -97.80407 -116.92500 
    -97.15684 -116.81413 
    -96.51450 -116.66640 
    -95.87888 -116.48193 
    -95.25183 -116.26080 
    -94.63531 -116.00309 
    -94.03141 -115.70882 
    -93.44860 -115.36947 
    -93.10423 -114.72849 
    -92.85455 -114.03701 
    -92.62411 -113.38485 
    -92.36784 -112.79945 
    -92.08439 -112.26106 
    -91.78856 -111.74349 
    -91.47408 -111.24013 
    -91.14217 -110.74037 
    -90.77005 -110.24471 
    -90.41897 -109.72063 
    -90.05045 -109.17872 
    -89.65002 -108.61450 
    -89.19936 -108.02022 
    -88.62206 -107.38702 
    -87.88564 -106.68645 
    -87.45670 -105.91257 
    -87.42297 -105.12828 
    -87.62536 -104.37218 
    -88.04088 -103.67822 
    -88.60955 -103.06437 
    -89.25522 -102.52843 
    -89.69791 -101.95292 
    -89.56237 -101.08181 
    -89.33808 -100.07430 
    -90.94468 -100.28380 
    -91.42574 -99.79409 
    -91.93365 -99.33968 
    -92.46507 -98.92114 
    -93.01683 -98.53877 
    -93.58604 -98.19260 
    -94.17002 -97.88250 
    -94.76637 -97.60822 
    -95.37293 -97.36945 
    -95.98772 -97.16591 
    -96.60899 -96.99731 
    -97.23505 -96.86343 
    -97.86440 -96.76412 
    -98.48739 -96.63506 
    -99.11643 -96.50209 
    -99.75718 -96.37750 
    -100.41316 -96.25990 
    -101.08772 -96.15421 
    -101.78176 -96.07322 
    -102.49148 -96.03707 
    -103.20671 -96.06989 
    -103.91129 -96.19436 
    -104.58562 -96.42551 
    -105.21088 -96.76620 
    -105.77371 -97.20592 
    -106.26922 -97.72340 
    -106.70153 -98.29218 
    -107.08155 -98.88679 
    -107.42305 -99.48772 
    -107.73859 -100.08366 
    -108.03677 -100.67098 
    -108.32111 -101.25163 
    -108.59076 -101.83015 
    -108.88281 -102.39226 
    -109.14715 -102.96870 
    -109.37485 -103.56149 
    -109.56482 -104.16828 
    -109.71611 -104.78669 
    -109.82794 -105.41422 
    -109.89970 -106.04834 
