60 25 
Cell 0 100 -120.05606 -149.43251 
    -130.05617 -149.43251 
    -130.03642 -150.06042 
    -129.97728 -150.68585 
    -129.87900 -151.30634 
    -129.74194 -151.91942 
    -129.56667 -152.52269 
    -129.35385 -153.11377 
    -129.10435 -153.69031 
    -128.81953 -154.25027 
    -128.50493 -154.79433 
    -128.16142 -155.32140 
    -127.78807 -155.82898 
    -127.38412 -156.31401 
    -126.94997 -156.77377 
    -126.48688 -157.20604 
    -125.99649 -157.60881 
    -125.48068 -157.98035 
    -124.94140 -158.31891 
    -124.38075 -158.62294 
    -123.80095 -158.89102 
    -123.20432 -159.12186 
    -122.59328 -159.31432 
    -121.97033 -159.46744 
    -121.33804 -159.58046 
    -120.69907 -159.65273 
    -120.05606 -159.68379 
    -119.41176 -159.67345 
    -118.76888 -159.62158 
    -118.13018 -159.52832 
    -117.49839 -159.39398 
    -116.87621 -159.21907 
    -116.26633 -159.00426 
    -115.67138 -158.75043 
    -115.09391 -158.45863 
    -114.53642 -158.13008 
    -114.00128 -157.76620 
    -113.49081 -157.36855 
    -113.00718 -156.93881 
    -112.55245 -156.47887 
    -112.12852 -155.99074 
    -111.73718 -155.47653 
    -111.38004 -154.93848 
    -111.05857 -154.37892 
    -110.77404 -153.80029 
    -110.52757 -153.20511 
    -110.29592 -152.60378 
    -110.09461 -151.99017 
    -109.92731 -151.36467 
    -109.79438 -150.72887 
    -109.72199 -150.08267 
    -110.10861 -149.43251 
    -110.42992 -148.82689 
    -110.69814 -148.25034 
    -110.93273 -147.69215 
    -111.14680 -147.14500 
    -111.35019 -146.60379 
    -111.55104 -146.06512 
    -111.75065 -145.52428 
    -111.95808 -144.98061 
    -112.17907 -144.43362 
    -112.41202 -143.87880 
    -112.69583 -143.34360 
    -113.01227 -142.81795 
    -113.34990 -142.29117 
    -113.67121 -141.71455 
    -113.93262 -141.00433 
    -113.72336 -139.45377 
    -114.56487 -139.44408 
    -115.36793 -139.46973 
    -116.10990 -139.46565 
    -116.81122 -139.44592 
    -117.47344 -139.37387 
    -118.11860 -139.27597 
    -118.75892 -139.16463 
    -119.40210 -139.03807 
    -120.05606 -138.81778 
    -120.74007 -138.56041 
    -121.46666 -138.26648 
    -122.24881 -137.93770 
    -122.99759 -137.97603 
    -123.68204 -138.27289 
    -124.29910 -138.71584 
    -124.82423 -139.29964 
    -125.26746 -139.95302 
    -125.77045 -140.42809 
    -126.26894 -140.88123 
    -126.84969 -141.22041 
    -127.64330 -141.35292 
    -127.64225 -142.30861 
    -127.95924 -142.89444 
    -128.30592 -143.43863 
    -128.62206 -143.99637 
    -128.90730 -144.56650 
    -129.16124 -145.14793 
    -129.38332 -145.73959 
    -129.57303 -146.34027 
    -129.74203 -146.94557 
    -129.87906 -147.55867 
    -129.97733 -148.17917 
    -130.03644 -148.80460 
Cell 1 100 -102.37078 -143.17387 
    -112.79800 -143.17387 
    -112.44957 -143.80798 
    -112.18732 -144.41399 
    -111.95020 -145.00125 
    -111.73112 -145.57721 
    -111.52058 -146.14682 
    -111.30921 -146.71284 
    -111.09441 -147.27890 
    -110.86832 -147.84543 
    -110.62335 -148.41110 
    -110.35246 -148.97290 
    -110.05176 -149.52812 
    -109.70911 -150.06503 
    -109.24352 -150.49260 
    -108.76337 -150.90118 
    -108.26778 -151.29039 
    -107.74846 -151.64774 
    -107.20747 -151.97176 
    -106.64693 -152.26114 
    -106.06907 -152.51468 
    -105.47618 -152.73132 
    -104.87064 -152.91017 
    -104.25484 -153.05049 
    -103.63127 -153.15169 
    -103.00241 -153.21332 
    -102.37078 -153.23511 
    -101.73892 -153.21695 
    -101.10938 -153.15892 
    -100.48467 -153.06120 
    -99.86732 -152.92419 
    -99.25983 -152.74841 
    -98.66461 -152.53459 
    -98.08408 -152.28357 
    -97.52058 -151.99637 
    -96.97636 -151.67410 
    -96.45364 -151.31813 
    -95.95448 -150.92986 
    -95.48091 -150.51085 
    -95.03481 -150.06281 
    -94.61798 -149.58755 
    -94.23206 -149.08701 
    -93.87166 -148.56758 
    -93.53708 -148.03024 
    -93.23151 -147.47449 
    -93.16460 -146.81886 
    -93.15101 -146.16957 
    -93.11721 -145.54979 
    -93.08294 -144.94563 
    -93.06190 -144.34985 
    -93.05389 -143.76004 
    -93.02909 -143.17387 
    -93.01009 -142.58496 
    -92.99908 -141.98996 
    -92.99018 -141.38443 
    -92.99044 -140.76541 
    -92.99868 -140.12869 
    -93.01059 -139.46791 
    -93.01411 -138.77097 
    -92.98410 -138.01350 
    -92.96143 -137.20251 
    -93.36321 -136.62949 
    -93.81803 -136.09842 
    -94.31972 -135.61342 
    -94.86105 -135.17682 
    -95.43433 -134.78914 
    -96.03206 -134.44937 
    -96.64738 -134.15523 
    -97.27448 -133.90373 
    -97.90875 -133.69157 
    -98.54682 -133.51566 
    -99.18641 -133.37337 
    -99.78260 -133.09357 
    -100.39452 -132.81393 
    -101.03298 -132.58408 
    -101.69481 -132.42955 
    -102.37078 -132.37123 
    -103.04746 -132.41830 
    -103.71101 -132.56487 
    -104.35121 -132.79210 
    -104.96380 -133.07474 
    -105.51989 -133.48189 
    -106.11974 -133.70509 
    -106.72846 -133.91333 
    -107.33476 -134.14444 
    -107.88726 -134.48131 
    -108.36825 -134.91907 
    -108.85519 -135.33556 
    -109.34753 -135.74440 
    -109.84443 -136.15565 
    -110.34619 -136.57605 
    -110.85204 -137.01187 
    -111.36219 -137.46776 
    -111.88103 -137.94557 
    -112.42283 -138.44374 
    -113.02136 -138.95700 
    -113.49889 -139.55814 
    -113.82840 -140.23206 
    -113.92789 -140.96924 
    -113.65218 -141.74870 
    -113.22170 -142.49118 
Cell 2 100 -82.65669 -145.03151 
    -93.08781 -145.03151 
    -93.12486 -145.69011 
    -93.15495 -146.35774 
    -93.18720 -147.04031 
    -92.99435 -147.68578 
    -92.68771 -148.29079 
    -92.36310 -148.87454 
    -92.02079 -149.43791 
    -91.66041 -149.98134 
    -91.28120 -150.50479 
    -90.88227 -151.00774 
    -90.46275 -151.48924 
    -90.03361 -151.95889 
    -89.61216 -152.43832 
    -89.15911 -152.89159 
    -88.67601 -153.31639 
    -88.16462 -153.71062 
    -87.62685 -154.07220 
    -87.06482 -154.39925 
    -86.48075 -154.68997 
    -85.87704 -154.94273 
    -85.25624 -155.15608 
    -84.62099 -155.32869 
    -83.97406 -155.45952 
    -83.31831 -155.54764 
    -82.65669 -155.59236 
    -81.99220 -155.59322 
    -81.32790 -155.55000 
    -80.66685 -155.46265 
    -80.01213 -155.33139 
    -79.36682 -155.15669 
    -78.73395 -154.93924 
    -78.11649 -154.67992 
    -77.51738 -154.37988 
    -76.93941 -154.04050 
    -76.38531 -153.66331 
    -75.85767 -153.25011 
    -75.35893 -152.80283 
    -74.89139 -152.32362 
    -74.45714 -151.81477 
    -74.05812 -151.27873 
    -73.69608 -150.71808 
    -73.37254 -150.13551 
    -73.08884 -149.53380 
    -72.83585 -148.91986 
    -72.57825 -148.30620 
    -72.35565 -147.67636 
    -72.17010 -147.03194 
    -72.02402 -146.37473 
    -71.92011 -145.70700 
    -71.86127 -145.03151 
    -71.85034 -144.35164 
    -71.88985 -143.67134 
    -71.98177 -142.99516 
    -72.12730 -142.32802 
    -72.32664 -141.67508 
    -72.57890 -141.04143 
    -72.88204 -140.43190 
    -73.23302 -139.85080 
    -73.62791 -139.30167 
    -74.06215 -138.78722 
    -74.53085 -138.30923 
    -75.02905 -137.86868 
    -75.55195 -137.46573 
    -76.09519 -137.10002 
    -76.65492 -136.77078 
    -77.22789 -136.47708 
    -77.81141 -136.21797 
    -78.37356 -135.92938 
    -78.94218 -135.64973 
    -79.52601 -135.39626 
    -80.12415 -135.16791 
    -80.73614 -134.96358 
    -81.36192 -134.78235 
    -82.00188 -134.62364 
    -82.65669 -134.48747 
    -83.32854 -134.35287 
    -84.02434 -134.20551 
    -84.73306 -134.14684 
    -85.43789 -134.19946 
    -86.18624 -134.16867 
    -86.94956 -134.18896 
    -87.70397 -134.30550 
    -88.43356 -134.52342 
    -89.18552 -134.74373 
    -89.92264 -135.03079 
    -90.63458 -135.38789 
    -91.31036 -135.81628 
    -91.93900 -136.31485 
    -92.51012 -136.88005 
    -92.97080 -137.53786 
    -93.00204 -138.46616 
    -93.01124 -139.33905 
    -92.99821 -140.16516 
    -92.99036 -140.94012 
    -92.99442 -141.67258 
    -93.00620 -142.37421 
    -93.02521 -143.05360 
    -93.05212 -143.71826 
    -93.06286 -144.37682 
Cell 3 100 -59.78174 -155.54538 
    -69.92180 -155.54538 
    -69.87701 -156.18053 
    -69.79517 -156.81036 
    -69.67695 -157.43300 
    -69.52293 -158.04649 
    -69.33363 -158.64897 
    -69.10956 -159.23853 
    -68.85127 -159.81317 
    -68.55942 -160.37094 
    -68.23474 -160.90981 
    -67.87814 -161.42776 
    -67.49072 -161.92279 
    -67.07368 -162.39297 
    -66.62848 -162.83641 
    -66.15665 -163.25133 
    -65.65995 -163.63605 
    -65.14022 -163.98900 
    -64.59945 -164.30875 
    -64.03970 -164.59399 
    -63.46333 -164.84401 
    -62.87243 -165.05753 
    -62.26924 -165.23354 
    -61.65614 -165.37132 
    -61.03556 -165.47035 
    -60.40993 -165.53021 
    -59.78174 -165.55067 
    -59.15346 -165.53162 
    -58.52757 -165.47316 
    -57.90654 -165.37556 
    -57.29253 -165.24022 
    -56.68790 -165.06723 
    -56.09481 -164.85751 
    -55.51523 -164.61218 
    -54.95098 -164.33250 
    -54.40365 -164.01990 
    -53.87455 -163.67593 
    -53.36474 -163.30220 
    -52.87502 -162.90030 
    -52.40593 -162.47173 
    -51.95790 -162.01782 
    -51.53126 -161.53970 
    -51.12645 -161.03819 
    -50.74418 -160.51382 
    -50.38561 -159.96686 
    -50.05251 -159.39746 
    -49.74739 -158.80574 
    -49.47362 -158.19206 
    -49.23529 -157.55722 
    -49.03716 -156.90274 
    -48.88438 -156.23099 
    -48.78210 -155.54538 
    -48.73514 -154.85039 
    -48.74747 -154.15143 
    -48.82186 -153.45467 
    -48.95953 -152.76671 
    -49.14513 -152.08934 
    -49.67209 -151.54269 
    -50.31006 -151.08835 
    -50.89204 -150.65823 
    -51.42294 -150.24071 
    -51.92784 -149.83919 
    -52.42015 -149.45535 
    -52.90660 -149.08919 
    -53.38972 -148.73857 
    -53.86874 -148.39778 
    -54.34970 -148.06882 
    -54.83344 -147.74811 
    -55.31886 -147.42743 
    -55.80836 -147.10153 
    -56.30484 -146.76370 
    -56.81032 -146.40028 
    -57.32866 -145.99124 
    -57.89502 -145.65485 
    -58.52231 -145.57594 
    -59.15147 -145.52753 
    -59.78174 -145.49564 
    -60.41370 -145.50075 
    -61.04536 -145.54280 
    -61.67477 -145.62178 
    -62.29992 -145.73772 
    -62.91874 -145.89069 
    -63.53506 -146.06558 
    -64.13268 -146.29915 
    -64.71355 -146.57445 
    -65.28236 -146.87779 
    -65.83134 -147.21883 
    -66.35719 -147.59703 
    -66.85647 -148.01157 
    -67.32583 -148.46101 
    -67.76209 -148.94347 
    -68.16241 -149.45647 
    -68.52436 -149.99715 
    -68.84609 -150.56221 
    -69.12630 -151.14816 
    -69.36431 -151.75137 
    -69.55993 -152.36826 
    -69.71346 -152.99535 
    -69.82553 -153.62943 
    -69.89698 -154.26753 
    -69.92876 -154.90698 
Cell 4 100 -47.03299 -141.92120 
    -59.04956 -141.92120 
    -58.88912 -142.66713 
    -58.67916 -143.39246 
    -58.42390 -144.09413 
    -58.12751 -144.76979 
    -57.79808 -145.41899 
    -57.32333 -145.99544 
    -56.70794 -146.47389 
    -56.09777 -146.90460 
    -55.50946 -147.30054 
    -54.94845 -147.67213 
    -54.41325 -148.02669 
    -53.90409 -148.37360 
    -53.41682 -148.71930 
    -52.94175 -149.06367 
    -52.47620 -149.41316 
    -52.01484 -149.77136 
    -51.55078 -150.13904 
    -51.07618 -150.51341 
    -50.58273 -150.88683 
    -50.06767 -151.26099 
    -49.53885 -151.68091 
    -48.98348 -152.14604 
    -48.34155 -152.27954 
    -47.69043 -152.37094 
    -47.03299 -152.41949 
    -46.37216 -152.42468 
    -45.71095 -152.38620 
    -45.05236 -152.30399 
    -44.39945 -152.17815 
    -43.75525 -152.00905 
    -43.12275 -151.79732 
    -42.50494 -151.54379 
    -41.90472 -151.24948 
    -41.32490 -150.91571 
    -40.76820 -150.54393 
    -40.23722 -150.13586 
    -39.73441 -149.69339 
    -39.26209 -149.21857 
    -38.82236 -148.71362 
    -38.41719 -148.18094 
    -38.04832 -147.62305 
    -37.71728 -147.04256 
    -37.42540 -146.44218 
    -37.17379 -145.82474 
    -36.96332 -145.19304 
    -36.79466 -144.54996 
    -36.66824 -143.89838 
    -36.58430 -143.24118 
    -36.54285 -142.58119 
    -36.54374 -141.92120 
    -36.58660 -141.26398 
    -36.67092 -140.61217 
    -36.79605 -139.96840 
    -36.96115 -139.33519 
    -37.16532 -138.71501 
    -37.40750 -138.11020 
    -37.68652 -137.52309 
    -38.00114 -136.95590 
    -38.44733 -136.47258 
    -38.93812 -136.03995 
    -39.38943 -135.59790 
    -39.83434 -135.16122 
    -40.27906 -134.72900 
    -40.72806 -134.29987 
    -41.18472 -133.87175 
    -41.65179 -133.44179 
    -42.13160 -133.00560 
    -42.62640 -132.55675 
    -43.14850 -132.11011 
    -43.72438 -131.73834 
    -44.34035 -131.43408 
    -44.98544 -131.18761 
    -45.65063 -130.97879 
    -46.33399 -130.81096 
    -47.03299 -130.68748 
    -47.74452 -130.61174 
    -48.46484 -130.58690 
    -49.18961 -130.61578 
    -49.91630 -130.69144 
    -50.56109 -131.06282 
    -51.19310 -131.41396 
    -51.80507 -131.78001 
    -52.39968 -132.15923 
    -52.97684 -132.55519 
    -53.53586 -132.97076 
    -54.06316 -133.42317 
    -54.54305 -133.92380 
    -55.00686 -134.43324 
    -55.45850 -134.95102 
    -55.89397 -135.48332 
    -56.31229 -136.03238 
    -56.71616 -136.59782 
    -57.11189 -137.17844 
    -57.51314 -137.77182 
    -57.94367 -138.37610 
    -58.38222 -139.00722 
    -58.72981 -139.68991 
    -59.07085 -140.40047 
    -59.15642 -141.15846 
Cell 5 100 -10.17339 -148.38150 
    -20.55930 -148.38150 
    -20.57150 -149.03569 
    -20.54078 -149.69121 
    -20.46691 -150.34509 
    -20.34991 -150.99438 
    -20.19000 -151.63609 
    -19.98763 -152.26723 
    -19.74348 -152.88484 
    -19.45846 -153.48601 
    -19.13367 -154.06787 
    -18.77047 -154.62764 
    -18.37041 -155.16266 
    -17.93523 -155.67035 
    -17.46690 -156.14830 
    -16.96753 -156.59419 
    -16.43943 -157.00597 
    -15.88505 -157.38162 
    -15.30698 -157.71947 
    -14.70795 -158.01791 
    -14.09077 -158.27567 
    -13.45836 -158.49159 
    -12.81370 -158.66483 
    -12.15981 -158.79466 
    -11.49975 -158.88069 
    -10.83659 -158.92274 
    -10.17339 -158.92084 
    -9.51318 -158.87523 
    -8.85895 -158.78639 
    -8.21361 -158.65504 
    -7.58000 -158.48207 
    -6.96087 -158.26862 
    -6.35885 -158.01591 
    -5.77644 -157.72549 
    -5.21602 -157.39894 
    -4.67980 -157.03802 
    -4.16985 -156.64467 
    -3.68806 -156.22092 
    -3.23618 -155.76888 
    -2.79495 -155.31032 
    -2.35440 -154.84993 
    -1.94063 -154.36295 
    -1.55850 -153.84868 
    -1.22273 -153.30217 
    -0.97254 -152.71109 
    -0.80562 -152.09047 
    -0.64857 -151.47630 
    -0.50280 -150.86449 
    -0.37005 -150.25159 
    -0.25277 -149.63477 
    -0.15202 -149.01199 
    -0.06802 -148.38150 
    0.00008 -147.74144 
    0.12131 -147.08096 
    0.36266 -146.37164 
    0.63666 -145.60596 
    0.97998 -144.75755 
    1.48309 -143.76637 
    1.32083 -142.97273 
    0.95224 -142.26514 
    0.44805 -141.64093 
    -0.16833 -141.11240 
    -0.86536 -140.68123 
    -1.60905 -140.33905 
    -2.36837 -140.06999 
    -3.11926 -139.85452 
    -3.84657 -139.67337 
    -4.54389 -139.51083 
    -5.20418 -139.34253 
    -5.79531 -139.07761 
    -6.39951 -138.84976 
    -7.01443 -138.65921 
    -7.63783 -138.50613 
    -8.25340 -138.31653 
    -8.87638 -138.11458 
    -9.51575 -137.92853 
    -10.17339 -137.81676 
    -10.84503 -137.70619 
    -11.51004 -137.80081 
    -12.17732 -137.87656 
    -12.84747 -137.96667 
    -13.52119 -138.07803 
    -14.19976 -138.21205 
    -14.88221 -138.37474 
    -15.51540 -138.66443 
    -16.07448 -139.08289 
    -16.55979 -139.59138 
    -16.99896 -140.13081 
    -17.39893 -140.68709 
    -17.76715 -141.25049 
    -18.10981 -141.81592 
    -18.43089 -142.38208 
    -18.73178 -142.95018 
    -19.01166 -143.52263 
    -19.33187 -144.07185 
    -19.62201 -144.64053 
    -19.87610 -145.22890 
    -20.09267 -145.83466 
    -20.27036 -146.45540 
    -20.40801 -147.08856 
    -20.50460 -147.73152 
Cell 6 100 8.88908 -151.97493 
    -0.77607 -151.97493 
    -0.94088 -152.59337 
    -1.20044 -153.24953 
    -1.63708 -153.98289 
    -1.85534 -154.73363 
    -1.83222 -155.45850 
    -1.62747 -156.13872 
    -1.36007 -156.79782 
    -1.04683 -157.43724 
    -0.68929 -158.05354 
    -0.28926 -158.64339 
    0.15108 -159.20363 
    0.62938 -159.73131 
    1.14296 -160.22371 
    1.68905 -160.67828 
    2.26456 -161.09280 
    2.86631 -161.46530 
    3.49095 -161.79410 
    4.13505 -162.07776 
    4.79507 -162.31523 
    5.46741 -162.50575 
    6.14851 -162.64876 
    6.83473 -162.74422 
    7.52255 -162.79214 
    8.20847 -162.79298 
    8.88908 -162.74745 
    9.56111 -162.65651 
    10.22141 -162.52139 
    10.86700 -162.34352 
    11.49505 -162.12451 
    12.10297 -161.86626 
    12.68834 -161.57076 
    13.27303 -161.29129 
    13.86988 -161.03497 
    14.45382 -160.74355 
    15.02286 -160.41734 
    15.57491 -160.05670 
    16.10776 -159.66203 
    16.61902 -159.23383 
    17.10616 -158.77269 
    17.56653 -158.27946 
    17.99731 -157.75519 
    18.39559 -157.20117 
    18.75842 -156.61908 
    19.08284 -156.01093 
    19.36598 -155.37907 
    19.60513 -154.72635 
    19.79778 -154.05588 
    19.94178 -153.37122 
    20.03534 -152.67619 
    20.07714 -151.97493 
    20.06639 -151.27171 
    20.00282 -150.57094 
    19.88676 -149.87701 
    19.71909 -149.19426 
    19.50121 -148.52684 
    19.23506 -147.87866 
    18.92300 -147.25333 
    18.56774 -146.65404 
    18.17230 -146.08362 
    17.73990 -145.54443 
    17.27386 -145.03844 
    16.77755 -144.56717 
    16.25429 -144.13177 
    15.70733 -143.73308 
    15.13977 -143.37160 
    14.55453 -143.04761 
    13.95436 -142.76123 
    13.34180 -142.51244 
    12.71922 -142.30110 
    12.08884 -142.12709 
    11.45272 -141.99020 
    10.81283 -141.89030 
    10.20075 -141.59204 
    9.56450 -141.23944 
    8.88908 -140.84685 
    8.16391 -140.44856 
    7.38962 -140.10548 
    6.58423 -139.89247 
    5.78265 -139.87617 
    5.02791 -140.09146 
    4.35697 -140.52812 
    3.78788 -141.13432 
    3.31481 -141.83537 
    2.86999 -142.49036 
    2.31080 -142.92070 
    1.79977 -143.40543 
    1.37700 -143.97537 
    1.05209 -144.61549 
    0.77552 -145.26280 
    0.53066 -145.90219 
    0.30886 -146.52975 
    0.10900 -147.14804 
    -0.00506 -147.78967 
    -0.07398 -148.42619 
    -0.15591 -149.03604 
    -0.25167 -149.62798 
    -0.36218 -150.21016 
    -0.48677 -150.79048 
    -0.62476 -151.37637 
Cell 7 100 28.61675 -140.73569 
    18.38284 -140.73569 
    18.35555 -141.38127 
    18.37036 -142.03011 
    18.42780 -142.67934 
    18.52821 -143.32599 
    18.67161 -143.96706 
    18.85758 -144.59961 
    19.08531 -145.22084 
    19.35360 -145.82814 
    19.66143 -146.41890 
    20.00913 -146.98949 
    20.39636 -147.53618 
    20.82025 -148.05708 
    21.27904 -148.54955 
    21.77075 -149.01108 
    22.29320 -149.43930 
    22.84402 -149.83205 
    23.42068 -150.18730 
    24.02048 -150.50323 
    24.64061 -150.77826 
    25.27810 -151.01099 
    25.92989 -151.20029 
    26.59287 -151.34521 
    27.26383 -151.44513 
    27.93954 -151.49962 
    28.61675 -151.50851 
    29.29221 -151.47191 
    29.96272 -151.39015 
    30.62509 -151.26381 
    31.27624 -151.09373 
    31.91314 -150.88095 
    32.53290 -150.62677 
    33.13273 -150.33264 
    33.70999 -150.00027 
    34.26221 -149.63152 
    34.78707 -149.22841 
    35.28245 -148.79314 
    35.74642 -148.32802 
    36.17725 -147.83548 
    36.57345 -147.31804 
    36.97113 -146.80551 
    37.37343 -146.29285 
    37.74772 -145.75548 
    38.09344 -145.19508 
    38.40820 -144.61240 
    38.69048 -144.00883 
    38.93859 -143.38588 
    39.15069 -142.74515 
    39.32487 -142.08844 
    39.45914 -141.41783 
    39.55155 -140.73569 
    39.60019 -140.04466 
    39.60325 -139.34776 
    39.55914 -138.64832 
    39.46652 -137.94994 
    39.32439 -137.25656 
    39.13216 -136.57234 
    38.88972 -135.90160 
    38.59747 -135.24873 
    38.25638 -134.61819 
    37.86796 -134.01430 
    37.43430 -133.44118 
    36.95802 -132.90271 
    36.44222 -132.40240 
    35.89402 -131.93898 
    35.38808 -131.41574 
    34.82390 -130.95477 
    34.20721 -130.56667 
    33.54665 -130.25911 
    32.85302 -130.03607 
    32.13827 -129.89755 
    31.41437 -129.83966 
    30.69233 -129.85512 
    29.98391 -129.91348 
    29.29709 -129.92195 
    28.61675 -129.74529 
    27.91647 -129.60516 
    27.19859 -129.50981 
    26.46729 -129.46783 
    25.72876 -129.48770 
    24.99106 -129.57698 
    24.26378 -129.74136 
    23.55736 -129.98395 
    22.88231 -130.30479 
    22.27153 -130.73723 
    21.79023 -131.33980 
    21.32934 -131.92673 
    20.90535 -132.52390 
    20.51724 -133.12975 
    20.16541 -133.74413 
    19.84571 -134.36314 
    19.54162 -134.97644 
    19.25397 -135.58846 
    18.96137 -136.19221 
    18.80518 -136.85101 
    18.69204 -137.51096 
    18.60594 -138.16534 
    18.54589 -138.81458 
    18.51192 -139.45915 
    18.45148 -140.09615 
Cell 8 100 45.95472 -151.57141 
    35.92743 -151.57141 
    35.94952 -152.20088 
    36.00264 -152.82864 
    36.09336 -153.45256 
    36.22309 -154.07007 
    36.39164 -154.67863 
    36.59845 -155.27582 
    36.84277 -155.85916 
    37.12368 -156.42632 
    37.44014 -156.97493 
    37.79094 -157.50275 
    38.17472 -158.00758 
    38.58997 -158.48737 
    39.03506 -158.94009 
    39.50823 -159.36388 
    40.00758 -159.75694 
    40.53111 -160.11765 
    41.07671 -160.44446 
    41.64217 -160.73604 
    42.22518 -160.99115 
    42.82336 -161.20872 
    43.43429 -161.38782 
    44.05545 -161.52771 
    44.68430 -161.62781 
    45.31825 -161.68768 
    45.95472 -161.70709 
    46.59107 -161.68599 
    47.22471 -161.62444 
    47.85303 -161.52274 
    48.47346 -161.38130 
    49.08348 -161.20076 
    49.68059 -160.98190 
    50.26236 -160.72563 
    50.82644 -160.43304 
    51.37055 -160.10539 
    51.89250 -159.74406 
    52.39021 -159.35059 
    52.86169 -158.92659 
    53.30507 -158.47386 
    53.71864 -157.99429 
    54.10076 -157.48985 
    54.44997 -156.96266 
    54.76493 -156.41487 
    55.04446 -155.84872 
    55.28753 -155.26654 
    55.49324 -154.67067 
    55.66087 -154.06352 
    55.78985 -153.44757 
    55.87980 -152.82524 
    55.93651 -152.19942 
    55.89668 -151.57141 
    55.84688 -150.94905 
    55.79694 -150.32805 
    55.74736 -149.70335 
    55.64651 -149.08298 
    55.47212 -148.47902 
    55.26010 -147.88715 
    55.01129 -147.30971 
    54.72664 -146.74901 
    54.40975 -146.20569 
    54.06332 -145.68016 
    53.68836 -145.17358 
    53.28722 -144.68573 
    52.86203 -144.21587 
    52.41427 -143.76315 
    51.94448 -143.32719 
    51.45207 -142.90897 
    50.93544 -142.51149 
    50.39256 -142.14052 
    49.92257 -141.54974 
    49.42865 -140.87975 
    48.72625 -140.77699 
    47.95118 -141.10561 
    47.28976 -141.00348 
    46.62159 -140.97183 
    45.95472 -140.82980 
    45.27713 -140.80150 
    44.62391 -141.03705 
    44.01515 -141.40385 
    43.40646 -141.64662 
    42.80902 -141.88995 
    42.22727 -142.15697 
    41.66105 -142.44690 
    41.11087 -142.76050 
    40.57801 -143.09909 
    40.06433 -143.46400 
    39.57204 -143.85609 
    39.10133 -144.27330 
    38.65723 -144.71861 
    38.24205 -145.19093 
    37.85695 -145.68803 
    37.50533 -146.20927 
    37.18576 -146.75064 
    36.90126 -147.31117 
    36.65257 -147.88843 
    36.43391 -148.47792 
    36.20758 -149.06877 
    36.03584 -149.67929 
    35.94926 -150.30743 
    35.92548 -150.94043 
Cell 9 100 66.72964 -152.33136 
    55.97097 -152.33136 
    56.06036 -153.00261 
    56.06107 -153.67911 
    56.06225 -154.36627 
    56.09901 -155.06084 
    56.25890 -155.73351 
    56.46221 -156.39651 
    56.70927 -157.04659 
    56.99995 -157.68030 
    57.33361 -158.29427 
    57.70925 -158.88506 
    58.12532 -159.44948 
    58.57994 -159.98444 
    59.07092 -160.48708 
    59.59581 -160.95468 
    60.15192 -161.38481 
    60.73632 -161.77533 
    61.34598 -162.12421 
    61.97765 -162.42986 
    62.62801 -162.69090 
    63.29362 -162.90637 
    63.97101 -163.07553 
    64.65672 -163.19803 
    65.34727 -163.27394 
    66.03933 -163.30362 
    66.72964 -163.28775 
    67.41517 -163.22751 
    68.09310 -163.12427 
    68.76092 -162.97969 
    69.41643 -162.79570 
    70.05785 -162.57452 
    70.68372 -162.31821 
    71.29305 -162.02908 
    71.88506 -161.70903 
    72.45943 -161.36006 
    73.01590 -160.98364 
    73.55425 -160.58090 
    74.07424 -160.15257 
    74.57520 -159.69882 
    75.05616 -159.21965 
    75.51534 -158.71454 
    75.95030 -158.18297 
    76.35778 -157.62448 
    76.71378 -157.02954 
    76.93037 -156.37012 
    77.13553 -155.71243 
    77.34531 -155.05701 
    77.51855 -154.38945 
    77.63476 -153.70900 
    77.69723 -153.02138 
    77.70602 -152.33136 
    77.65877 -151.64375 
    77.56149 -150.96298 
    77.41980 -150.29210 
    77.23692 -149.63354 
    77.02512 -148.98616 
    76.88613 -148.31012 
    76.70444 -147.63757 
    76.47790 -146.97221 
    76.20503 -146.31810 
    75.84343 -145.70981 
    75.43165 -145.13245 
    74.99232 -144.57219 
    74.52472 -144.03044 
    74.02847 -143.50859 
    73.50383 -143.00749 
    72.95155 -142.52721 
    72.35361 -142.10139 
    71.69659 -141.77608 
    71.01493 -141.50797 
    70.31445 -141.29845 
    69.60105 -141.14795 
    68.88055 -141.05589 
    68.15846 -141.02112 
    67.44002 -141.04036 
    66.72964 -141.11194 
    66.03134 -141.23219 
    65.34840 -141.39766 
    64.68345 -141.60483 
    64.03855 -141.85025 
    63.41526 -142.13074 
    62.81470 -142.44334 
    62.23770 -142.78549 
    61.68489 -143.15500 
    61.15682 -143.55000 
    60.65400 -143.96896 
    60.17702 -144.41060 
    59.72653 -144.87379 
    59.19464 -145.25551 
    58.64869 -145.64621 
    58.09871 -146.06062 
    57.55472 -146.50877 
    57.03504 -147.00171 
    56.56465 -147.54808 
    56.17089 -148.15085 
    55.87744 -148.80527 
    55.71483 -149.50323 
    55.79031 -150.24457 
    55.84749 -150.95662 
    55.90167 -151.65013 
Cell 10 100 83.70774 -139.23111 
    71.35326 -139.23111 
    71.34362 -140.00899 
    71.66140 -140.75291 
    72.04339 -141.45621 
    72.47938 -142.11406 
    73.11797 -142.67194 
    73.69896 -143.19386 
    74.21061 -143.70012 
    74.67052 -144.19937 
    75.09175 -144.69899 
    75.48407 -145.20595 
    75.85428 -145.72806 
    76.25294 -146.23163 
    76.74335 -146.64743 
    77.24609 -147.04190 
    77.76353 -147.41263 
    78.29710 -147.75693 
    78.84732 -148.07217 
    79.41391 -148.35596 
    79.99591 -148.60612 
    80.59185 -148.82085 
    81.19986 -148.99867 
    81.81782 -149.13844 
    82.44341 -149.23927 
    83.07422 -149.30061 
    83.70774 -149.32451 
    84.34179 -149.30907 
    84.97397 -149.25435 
    85.60191 -149.16072 
    86.22333 -149.02869 
    86.83600 -148.85890 
    87.43781 -148.65221 
    88.02676 -148.40950 
    88.60097 -148.13187 
    89.15867 -147.82040 
    89.69825 -147.47633 
    90.21821 -147.10091 
    90.71716 -146.69539 
    91.19385 -146.26103 
    91.64707 -145.79909 
    92.07570 -145.31079 
    92.47863 -144.79729 
    92.85475 -144.25972 
    93.20290 -143.69919 
    93.52185 -143.11679 
    93.81024 -142.51361 
    94.06658 -141.89081 
    94.28924 -141.24963 
    94.47642 -140.59151 
    94.62617 -139.91805 
    94.73642 -139.23111 
    94.80504 -138.53293 
    94.82986 -137.82607 
    94.80878 -137.11348 
    94.73982 -136.39856 
    94.62107 -135.68515 
    94.18299 -135.08366 
    93.63081 -134.56168 
    93.05077 -134.09473 
    92.53345 -133.63014 
    92.04694 -133.17232 
    91.57666 -132.72137 
    91.11328 -132.27684 
    90.65082 -131.83749 
    90.18628 -131.39990 
    89.71640 -130.96089 
    89.23925 -130.51485 
    88.75362 -130.05269 
    88.25051 -129.57724 
    87.69563 -129.15884 
    87.11491 -128.74489 
    86.50824 -128.32391 
    85.84876 -128.00746 
    85.12832 -127.98608 
    84.41346 -128.01404 
    83.70774 -128.08902 
    83.01426 -128.20857 
    82.33567 -128.37007 
    81.67420 -128.57092 
    81.03169 -128.80861 
    80.40968 -129.08070 
    79.80939 -129.38499 
    79.23188 -129.71942 
    78.67805 -130.08214 
    78.14870 -130.47147 
    77.59812 -130.82195 
    76.97864 -131.09702 
    76.48259 -131.53711 
    76.11066 -132.09698 
    75.75735 -132.65398 
    75.42178 -133.21100 
    75.06925 -133.74896 
    74.70567 -134.28218 
    74.33539 -134.82082 
    73.96458 -135.37352 
    73.59570 -135.94551 
    73.22606 -136.53987 
    72.84474 -137.15887 
    72.42472 -137.80574 
    71.90210 -138.48836 
Cell 11 100 112.81241 -147.70509 
    102.64738 -147.70509 
    102.65794 -148.34396 
    102.70934 -148.98141 
    102.80145 -149.61479 
    102.93398 -150.24144 
    103.10647 -150.85875 
    103.31825 -151.46410 
    103.56853 -152.05493 
    103.85628 -152.62877 
    104.18035 -153.18317 
    104.53941 -153.71577 
    104.93197 -154.22437 
    105.35640 -154.70676 
    105.81091 -155.16093 
    106.29360 -155.58498 
    106.80243 -155.97713 
    107.33524 -156.33574 
    107.88976 -156.65935 
    108.46368 -156.94662 
    109.05453 -157.19641 
    109.65984 -157.40771 
    110.27703 -157.57974 
    110.90353 -157.71182 
    111.53668 -157.80351 
    112.17386 -157.85454 
    112.81241 -157.86479 
    113.44969 -157.83440 
    114.08310 -157.76363 
    114.71006 -157.65295 
    115.32811 -157.50310 
    115.93484 -157.31497 
    116.52805 -157.08974 
    117.10568 -156.82877 
    117.66599 -156.53374 
    118.20757 -156.20650 
    118.72942 -155.84917 
    119.23109 -155.46394 
    119.71263 -155.05309 
    120.17467 -154.61871 
    120.61826 -154.16266 
    121.04470 -153.68620 
    121.45522 -153.18999 
    121.85051 -152.67383 
    122.23032 -152.13683 
    122.59286 -151.57744 
    122.93446 -150.99394 
    123.24935 -150.38484 
    123.52977 -149.74954 
    123.76638 -149.08890 
    123.94907 -148.40575 
    124.06793 -147.70509 
    124.11450 -146.99402 
    124.08278 -146.28131 
    123.97006 -145.57666 
    124.09892 -144.80721 
    124.28562 -143.97722 
    123.92736 -143.30437 
    123.13324 -142.84848 
    122.34300 -142.46561 
    121.86893 -141.95766 
    121.36948 -141.48802 
    120.85269 -141.05359 
    120.32446 -140.65080 
    119.78849 -140.27632 
    119.24660 -139.92749 
    118.72379 -139.56877 
    118.20733 -139.20406 
    117.67199 -138.86554 
    117.11968 -138.55168 
    116.55141 -138.26143 
    115.96724 -137.99551 
    115.36652 -137.75748 
    114.74876 -137.55438 
    114.11474 -137.39607 
    113.46747 -137.29323 
    112.81241 -137.25464 
    112.15680 -137.28452 
    111.48589 -137.20465 
    110.76554 -136.97505 
    110.00505 -136.77116 
    109.23266 -136.68776 
    108.49959 -136.81216 
    107.85803 -137.17651 
    107.33311 -137.73830 
    106.91003 -138.40445 
    106.54610 -139.08028 
    106.19688 -139.70828 
    105.83643 -140.27643 
    105.46142 -140.80205 
    105.08263 -141.31047 
    104.68867 -141.80286 
    104.32230 -142.31711 
    103.98869 -142.85422 
    103.68932 -143.41209 
    103.42554 -143.98857 
    103.19856 -144.58136 
    103.00945 -145.18813 
    102.85911 -145.80640 
    102.74829 -146.43370 
    102.67757 -147.06746 
Cell 12 100 -116.51221 -129.85745 
    -127.61786 -129.85745 
    -127.82714 -130.56932 
    -127.97996 -131.30617 
    -128.07359 -132.06291 
    -128.10606 -132.83424 
    -128.07596 -133.61475 
    -127.98257 -134.39890 
    -127.82590 -135.18127 
    -127.60642 -135.95654 
    -127.32523 -136.71960 
    -126.98373 -137.46545 
    -126.58385 -138.18944 
    -126.12775 -138.88704 
    -125.61798 -139.55411 
    -123.35767 -138.13220 
    -122.38803 -137.94482 
    -121.76828 -138.13969 
    -121.19543 -138.37621 
    -120.62745 -138.60278 
    -120.05936 -138.81654 
    -119.48598 -139.00981 
    -118.89500 -139.13785 
    -118.30277 -139.24394 
    -117.70988 -139.33800 
    -117.11340 -139.41304 
    -116.51221 -139.45433 
    -115.90765 -139.46677 
    -115.29818 -139.46750 
    -114.68275 -139.44785 
    -114.04926 -139.45001 
    -113.40051 -139.43428 
    -112.93781 -138.88535 
    -112.45773 -138.47366 
    -112.00372 -138.05838 
    -111.56439 -137.65396 
    -111.13227 -137.26230 
    -110.70113 -136.88185 
    -110.26607 -136.50893 
    -109.82363 -136.13844 
    -109.37181 -135.76450 
    -108.90982 -135.38092 
    -108.43986 -134.98032 
    -107.96792 -134.55472 
    -107.36401 -134.16228 
    -106.48156 -133.82887 
    -105.46992 -133.44531 
    -104.90948 -132.83653 
    -104.94540 -132.06393 
    -105.01872 -131.30942 
    -105.14131 -130.57285 
    -105.29560 -129.85745 
    -105.25996 -129.14952 
    -105.05849 -128.41051 
    -104.84185 -127.63121 
    -104.75668 -126.83915 
    -105.01783 -126.12270 
    -105.58721 -125.53194 
    -106.32110 -125.06188 
    -107.06091 -124.66156 
    -107.66759 -124.24448 
    -107.93050 -123.62248 
    -108.22673 -123.00311 
    -108.56226 -122.39195 
    -108.94339 -121.79749 
    -109.37562 -121.23080 
    -109.86239 -120.70477 
    -110.40417 -120.23272 
    -110.99780 -119.82678 
    -111.63663 -119.49632 
    -112.31108 -119.24661 
    -113.00983 -119.07824 
    -113.72120 -118.98719 
    -114.43449 -118.96568 
    -115.14104 -119.00354 
    -115.83476 -119.08976 
    -116.51221 -119.21402 
    -117.17216 -119.36784 
    -117.81494 -119.54523 
    -118.44168 -119.74281 
    -119.05357 -119.95950 
    -119.65142 -120.19596 
    -120.23533 -120.45391 
    -120.80468 -120.73549 
    -121.35815 -121.04272 
    -121.89393 -121.37721 
    -122.41129 -121.73806 
    -122.90899 -122.12507 
    -123.38127 -122.54264 
    -123.82626 -122.98910 
    -124.24220 -123.46265 
    -124.62743 -123.96140 
    -124.98044 -124.48335 
    -125.29982 -125.02642 
    -125.58434 -125.58843 
    -125.83286 -126.16714 
    -126.04456 -126.76020 
    -126.29305 -127.34616 
    -126.68832 -127.91625 
    -127.04417 -128.52696 
    -127.35555 -129.17525 
Cell 13 100 -86.34962 -120.07905 
    -96.51981 -120.07905 
    -96.51194 -120.71841 
    -96.46324 -121.35670 
    -96.37379 -121.99126 
    -96.24379 -122.61944 
    -96.07366 -123.23858 
    -95.86401 -123.84605 
    -95.61562 -124.43929 
    -95.32944 -125.01574 
    -95.00661 -125.57294 
    -94.64845 -126.10850 
    -94.25642 -126.62012 
    -93.83215 -127.10560 
    -93.37741 -127.56287 
    -92.89411 -127.98997 
    -92.38432 -128.38509 
    -91.85018 -128.74654 
    -91.29398 -129.07280 
    -90.71809 -129.36252 
    -90.12498 -129.61449 
    -89.51715 -129.82770 
    -88.89722 -130.00128 
    -88.26782 -130.13461 
    -87.63163 -130.22716 
    -86.99133 -130.27867 
    -86.34962 -130.28902 
    -85.70921 -130.25827 
    -85.07273 -130.18669 
    -84.44285 -130.07472 
    -83.82214 -129.92297 
    -83.21311 -129.73224 
    -82.61823 -129.50349 
    -82.03983 -129.23784 
    -81.48016 -128.93657 
    -80.92721 -128.62341 
    -80.38330 -128.29099 
    -79.85796 -127.92613 
    -79.35303 -127.52966 
    -78.87046 -127.10246 
    -78.41225 -126.64542 
    -77.98047 -126.15959 
    -77.57732 -125.64613 
    -77.20503 -125.10633 
    -76.86596 -124.54173 
    -76.56244 -123.95407 
    -76.29684 -123.34540 
    -76.07143 -122.71804 
    -75.88836 -122.07464 
    -75.74960 -121.41814 
    -75.65681 -120.75179 
    -75.61133 -120.07905 
    -75.61412 -119.40363 
    -75.66566 -118.72935 
    -75.76598 -118.06011 
    -75.91458 -117.39979 
    -76.11053 -116.75217 
    -76.35240 -116.12086 
    -76.63836 -115.50928 
    -76.89900 -114.88352 
    -77.16355 -114.24939 
    -77.46889 -113.62682 
    -77.81605 -113.01945 
    -78.20576 -112.43146 
    -78.63835 -111.86738 
    -79.11355 -111.33214 
    -79.63042 -110.83086 
    -80.18726 -110.36871 
    -80.78151 -109.95068 
    -81.40984 -109.58147 
    -82.06811 -109.26517 
    -82.75152 -109.00521 
    -83.45470 -108.80409 
    -84.17197 -108.66338 
    -84.89742 -108.58360 
    -85.62518 -108.56428 
    -86.34962 -108.60397 
    -87.06551 -108.70039 
    -87.76811 -108.85054 
    -88.45335 -109.05090 
    -89.11782 -109.29762 
    -89.75880 -109.58669 
    -90.37421 -109.91410 
    -90.91895 -110.36874 
    -91.40311 -110.88680 
    -91.85796 -111.39931 
    -92.28898 -111.90424 
    -92.69888 -112.40411 
    -93.09017 -112.90109 
    -93.46469 -113.39756 
    -93.82352 -113.89610 
    -94.19854 -114.37649 
    -94.57221 -114.86084 
    -94.93581 -115.35875 
    -95.28172 -115.87592 
    -95.58975 -116.42062 
    -95.84750 -116.99301 
    -96.07975 -117.58077 
    -96.30103 -118.18072 
    -96.41394 -118.80763 
    -96.48704 -119.44125 
Cell 14 100 -62.35844 -130.23442 
    -72.65587 -130.23442 
    -72.65645 -130.88231 
    -72.61913 -131.53064 
    -72.54289 -132.17722 
    -72.42690 -132.81956 
    -72.27061 -133.45508 
    -72.07382 -134.08101 
    -71.83664 -134.69452 
    -71.55955 -135.29277 
    -71.24332 -135.87292 
    -70.88899 -136.43224 
    -70.49789 -136.96797 
    -70.07156 -137.47752 
    -69.61180 -137.95847 
    -69.12059 -138.40846 
    -68.60011 -138.82533 
    -68.05267 -139.20709 
    -67.48076 -139.55188 
    -66.88697 -139.85803 
    -66.27404 -140.12410 
    -65.64481 -140.34882 
    -65.00220 -140.53119 
    -64.34922 -140.67044 
    -63.68896 -140.76662 
    -63.02445 -140.82030 
    -62.35844 -140.83296 
    -61.69316 -140.80870 
    -61.02828 -140.76369 
    -60.35849 -140.71855 
    -59.68753 -140.63695 
    -59.06157 -140.38113 
    -58.66508 -139.56277 
    -58.29163 -138.87685 
    -57.90915 -138.32765 
    -57.54589 -137.81779 
    -57.20899 -137.32204 
    -56.88692 -136.84836 
    -56.57215 -136.39619 
    -56.25888 -135.96228 
    -55.94023 -135.54404 
    -55.61064 -135.13699 
    -55.26886 -134.73361 
    -54.91144 -134.32845 
    -54.53530 -133.91571 
    -54.12957 -133.49246 
    -53.64600 -133.06526 
    -53.06484 -132.62061 
    -52.36942 -132.13992 
    -51.51191 -131.60466 
    -50.42621 -130.98514 
    -49.73704 -130.23442 
    -49.75552 -129.44151 
    -49.84007 -128.65298 
    -49.98998 -127.87501 
    -50.20369 -127.11361 
    -50.47879 -126.37449 
    -50.81210 -125.66290 
    -51.19981 -124.98357 
    -51.63755 -124.34056 
    -52.12055 -123.73726 
    -52.64379 -123.17632 
    -53.20211 -122.65965 
    -53.79038 -122.18848 
    -54.40360 -121.76337 
    -55.03701 -121.38433 
    -55.59771 -120.92906 
    -56.16919 -120.48173 
    -56.81559 -120.15201 
    -57.51478 -119.94112 
    -58.24099 -119.83494 
    -58.97039 -119.80708 
    -59.68655 -119.82811 
    -60.38176 -119.87227 
    -61.04977 -119.87525 
    -61.70789 -119.89422 
    -62.35844 -119.94627 
    -63.00040 -120.03072 
    -63.63278 -120.14698 
    -64.27116 -120.20758 
    -64.91048 -120.29488 
    -65.54987 -120.41222 
    -66.18835 -120.56117 
    -66.82404 -120.74454 
    -67.45369 -120.96620 
    -68.07246 -121.23058 
    -68.67384 -121.54202 
    -69.25005 -121.90390 
    -69.79257 -122.31788 
    -70.29311 -122.78326 
    -70.74451 -123.29686 
    -71.14162 -123.85307 
    -71.48182 -124.44455 
    -71.76522 -125.06300 
    -71.99436 -125.70010 
    -72.17352 -126.34836 
    -72.30788 -127.00166 
    -72.40272 -127.65549 
    -72.46125 -128.30721 
    -72.54539 -128.94751 
    -72.61851 -129.58891 
Cell 15 100 -55.23658 -109.57909 
    -65.71268 -109.57909 
    -65.60040 -110.23113 
    -65.50397 -110.87617 
    -65.39711 -111.51732 
    -65.25256 -112.15076 
    -65.07113 -112.77453 
    -64.85352 -113.38670 
    -64.60045 -113.98539 
    -64.31259 -114.56867 
    -63.99065 -115.13460 
    -63.63538 -115.68118 
    -63.24759 -116.20637 
    -62.82817 -116.70807 
    -62.37822 -117.18417 
    -61.89893 -117.63249 
    -61.39158 -118.05073 
    -60.85777 -118.43666 
    -60.29917 -118.78790 
    -59.71774 -119.10202 
    -59.11536 -119.37578 
    -58.49495 -119.60732 
    -57.86023 -119.79754 
    -57.21877 -119.97006 
    -56.56737 -120.11335 
    -55.90403 -120.18782 
    -55.23658 -120.21835 
    -54.56808 -120.20471 
    -53.90157 -120.14684 
    -53.24013 -120.04490 
    -52.58681 -119.89927 
    -51.94465 -119.71062 
    -51.31662 -119.47980 
    -50.70560 -119.20792 
    -50.11441 -118.89629 
    -49.54575 -118.54642 
    -49.00215 -118.16005 
    -48.48606 -117.73907 
    -47.99974 -117.28555 
    -47.54527 -116.80171 
    -47.12458 -116.28993 
    -46.73936 -115.75269 
    -46.33151 -115.23042 
    -45.93636 -114.69194 
    -45.57467 -114.12565 
    -45.24994 -113.53309 
    -44.96572 -112.91630 
    -44.72545 -112.27789 
    -44.53237 -111.62103 
    -44.38929 -110.94942 
    -44.29846 -110.26727 
    -44.26146 -109.57909 
    -44.27909 -108.88971 
    -44.35133 -108.20396 
    -44.47730 -107.52665 
    -44.65537 -106.86230 
    -44.88319 -106.21507 
    -45.15786 -105.58865 
    -45.47607 -104.98615 
    -45.83424 -104.41011 
    -46.22870 -103.86252 
    -46.20556 -103.01767 
    -45.73218 -101.71636 
    -47.16544 -101.99979 
    -48.10017 -101.97958 
    -48.62627 -101.58859 
    -49.11924 -101.15929 
    -49.60701 -100.70831 
    -50.11991 -100.27190 
    -50.65877 -99.85075 
    -51.22474 -99.44633 
    -51.81905 -99.06100 
    -52.44284 -98.69817 
    -53.09687 -98.36231 
    -53.78126 -98.05902 
    -54.49518 -97.79478 
    -55.23658 -97.57676 
    -56.00204 -97.41249 
    -56.78661 -97.30941 
    -57.58383 -97.27441 
    -58.38589 -97.31333 
    -59.18388 -97.43056 
    -59.96812 -97.62861 
    -60.72865 -97.90786 
    -61.45575 -98.26648 
    -62.14040 -98.70042 
    -62.77478 -99.20365 
    -63.35265 -99.76846 
    -63.86957 -100.38589 
    -64.32307 -101.04631 
    -64.71262 -101.73985 
    -65.03940 -102.45693 
    -65.30614 -103.18876 
    -65.51667 -103.92757 
    -65.67555 -104.66689 
    -65.78769 -105.40162 
    -65.85790 -106.12802 
    -65.89066 -106.84359 
    -65.88983 -107.54688 
    -65.85851 -108.23724 
    -65.79896 -108.91457 
Cell 16 100 -33.94596 -127.48977 
    -44.89761 -127.48977 
    -44.80554 -128.17299 
    -44.66203 -128.84352 
    -44.47189 -129.49770 
    -44.36505 -130.16493 
    -44.27405 -130.84557 
    -44.14143 -131.52644 
    -43.40829 -131.94240 
    -42.83624 -132.37724 
    -42.33985 -132.81668 
    -41.86786 -133.24536 
    -41.40989 -133.66446 
    -40.96321 -134.07941 
    -40.52412 -134.49478 
    -40.08821 -134.91447 
    -39.65061 -135.34155 
    -39.20573 -135.77783 
    -38.74166 -136.21312 
    -38.26215 -136.66214 
    -37.76393 -137.13286 
    -37.21663 -137.55586 
    -36.62703 -137.93184 
    -36.00009 -138.25789 
    -35.33992 -138.52408 
    -34.65341 -138.73436 
    -33.94596 -138.88264 
    -33.22455 -138.95624 
    -32.49759 -138.95485 
    -31.77324 -138.87958 
    -31.05908 -138.73343 
    -30.36339 -138.51578 
    -29.69856 -138.21748 
    -29.05951 -137.87399 
    -28.44953 -137.48773 
    -27.87162 -137.06140 
    -27.32846 -136.59798 
    -26.82248 -136.10059 
    -26.35582 -135.57245 
    -25.93024 -135.01703 
    -25.54723 -134.43781 
    -25.20790 -133.83835 
    -24.91306 -133.22223 
    -24.66317 -132.59303 
    -24.64145 -131.86813 
    -24.67060 -131.16214 
    -24.50406 -130.55763 
    -24.36750 -129.94910 
    -24.28485 -129.33272 
    -24.24384 -128.71544 
    -24.21182 -128.10219 
    -24.18015 -127.48977 
    -24.14619 -126.87322 
    -24.12134 -126.24863 
    -24.14178 -125.61952 
    -24.20184 -124.98791 
    -24.31729 -124.36122 
    -24.48382 -123.74345 
    -24.67555 -123.12744 
    -24.89145 -122.51201 
    -25.13155 -121.89597 
    -25.39724 -121.27876 
    -25.69136 -120.66097 
    -26.01810 -120.04501 
    -26.38259 -119.43559 
    -26.79030 -118.84006 
    -27.24616 -118.26828 
    -27.75363 -117.73222 
    -28.31384 -117.24499 
    -28.92501 -116.81971 
    -29.58217 -116.46809 
    -30.27741 -116.19913 
    -31.00053 -116.01805 
    -31.74002 -115.92579 
    -32.48423 -115.91893 
    -33.22248 -115.99030 
    -33.94596 -116.12997 
    -34.64830 -116.32650 
    -35.32566 -116.56835 
    -35.97657 -116.84497 
    -36.60136 -117.14768 
    -37.20298 -117.46568 
    -37.78124 -117.80297 
    -38.33570 -118.16109 
    -38.87550 -118.52298 
    -39.45999 -118.80105 
    -40.03385 -119.11051 
    -40.59538 -119.45201 
    -41.14227 -119.82648 
    -41.67148 -120.23502 
    -42.17909 -120.67873 
    -42.66041 -121.15836 
    -43.11002 -121.67408 
    -43.52206 -122.22527 
    -43.89055 -122.81020 
    -44.20977 -123.42604 
    -44.47469 -124.06878 
    -44.68135 -124.73339 
    -44.82718 -125.41407 
    -44.91117 -126.10454 
    -44.93394 -126.79846 
Cell 17 100 -14.45273 -128.50946 
    -24.23309 -128.50946 
    -24.27119 -129.12720 
    -24.34198 -129.75876 
    -24.47340 -130.42101 
    -24.66195 -131.13074 
    -24.64342 -131.82060 
    -24.45349 -132.46904 
    -24.18185 -133.08763 
    -23.87050 -133.68692 
    -23.52119 -134.26448 
    -23.13574 -134.81802 
    -22.71606 -135.34547 
    -22.26416 -135.84488 
    -21.78205 -136.31439 
    -21.27181 -136.75232 
    -20.73557 -137.15704 
    -20.17550 -137.52710 
    -19.59383 -137.86107 
    -18.99285 -138.15768 
    -18.37493 -138.41579 
    -17.74243 -138.63409 
    -17.09752 -138.81020 
    -16.43950 -138.92445 
    -15.75591 -138.82518 
    -15.07907 -138.46481 
    -14.45273 -138.27235 
    -13.84669 -138.14232 
    -13.24961 -138.03314 
    -12.65365 -137.94061 
    -12.05134 -137.86226 
    -11.43716 -137.79044 
    -10.80915 -137.71210 
    -10.06433 -137.83530 
    -9.41142 -137.67958 
    -8.85775 -137.32574 
    -8.32942 -136.93748 
    -7.82861 -136.51665 
    -7.35733 -136.06531 
    -6.91745 -135.58557 
    -6.51066 -135.07971 
    -6.13848 -134.55013 
    -5.80223 -133.99924 
    -5.50303 -133.42960 
    -5.24185 -132.84378 
    -5.01944 -132.24437 
    -4.83635 -131.63402 
    -4.69297 -131.01534 
    -4.56204 -130.39621 
    -4.44615 -129.77359 
    -4.36545 -129.14410 
    -4.31996 -128.50946 
    -4.30970 -127.87132 
    -4.33479 -127.23127 
    -4.39548 -126.59093 
    -4.49218 -125.95203 
    -4.62547 -125.31639 
    -4.79607 -124.68612 
    -5.00481 -124.06361 
    -5.25255 -123.45161 
    -5.54006 -122.85331 
    -5.86791 -122.27222 
    -6.23632 -121.71225 
    -6.64505 -121.17756 
    -7.09327 -120.67242 
    -7.57949 -120.20114 
    -8.10153 -119.76778 
    -8.65649 -119.37604 
    -9.24086 -119.02909 
    -9.85060 -118.72943 
    -10.34992 -118.14693 
    -10.64907 -116.80299 
    -11.45936 -116.85102 
    -12.34067 -117.43764 
    -13.04524 -117.36797 
    -13.75534 -117.42472 
    -14.45274 -117.58331 
    -15.12594 -117.80924 
    -15.77167 -118.06902 
    -16.39297 -118.33840 
    -17.00999 -118.54961 
    -17.61557 -118.77525 
    -18.20472 -119.03304 
    -18.77616 -119.32171 
    -19.32867 -119.64017 
    -19.86095 -119.98747 
    -20.37167 -120.36275 
    -20.88519 -120.73396 
    -21.40172 -121.10954 
    -21.89623 -121.51955 
    -22.36595 -121.96308 
    -22.80803 -122.43899 
    -23.21967 -122.94579 
    -23.59815 -123.48173 
    -23.94089 -124.04467 
    -24.23801 -124.63520 
    -24.16711 -125.35307 
    -24.12860 -126.02512 
    -24.13779 -126.66194 
    -24.16871 -127.28204 
    -24.20117 -127.89614 
Cell 18 100 10.85706 -129.80833 
    0.69934 -129.80833 
    0.71451 -130.44644 
    0.77037 -131.08258 
    0.86675 -131.71408 
    1.00328 -132.33835 
    1.17943 -132.95279 
    1.39449 -133.55482 
    1.64760 -134.14197 
    1.93771 -134.71179 
    2.26361 -135.26190 
    2.62396 -135.79002 
    3.01724 -136.29399 
    3.44180 -136.77173 
    3.89587 -137.22125 
    4.37753 -137.64075 
    4.88476 -138.02849 
    5.41544 -138.38295 
    5.96733 -138.70271 
    6.53813 -138.98653 
    7.12545 -139.23328 
    7.72686 -139.44209 
    8.33985 -139.61221 
    8.96190 -139.74309 
    9.59048 -139.83435 
    10.22303 -139.88585 
    10.85706 -139.89763 
    11.49008 -139.86996 
    12.11972 -139.80336 
    12.74371 -139.69850 
    13.35994 -139.55644 
    13.96707 -139.37997 
    14.56559 -139.17502 
    15.15326 -138.93825 
    15.72691 -138.66656 
    16.28465 -138.36084 
    16.82466 -138.02203 
    17.34515 -137.65109 
    17.84435 -137.24904 
    18.33026 -136.82614 
    18.80852 -136.38635 
    19.13906 -135.82556 
    19.41735 -135.24086 
    19.69503 -134.66705 
    19.98077 -134.10164 
    20.28228 -133.54004 
    20.61408 -132.97859 
    20.98678 -132.40921 
    21.41177 -131.82175 
    21.89926 -131.20329 
    22.39432 -130.53419 
    22.53533 -129.80833 
    22.61180 -129.06879 
    22.61855 -128.32251 
    22.55052 -127.57769 
    22.38608 -126.84818 
    21.92920 -126.21078 
    21.38561 -125.63979 
    20.78623 -125.13602 
    20.21761 -124.66232 
    19.68528 -124.20577 
    19.17733 -123.76330 
    18.71755 -123.30557 
    18.26514 -122.85168 
    17.80639 -122.40804 
    17.33968 -121.97219 
    16.86402 -121.54045 
    16.37878 -121.10748 
    15.88352 -120.66523 
    15.32365 -120.31633 
    14.70329 -120.09385 
    14.07288 -119.91106 
    13.43502 -119.76782 
    12.79221 -119.66391 
    12.14679 -119.59900 
    11.50176 -119.56104 
    10.85706 -119.50833 
    10.20833 -119.49716 
    9.55843 -119.52868 
    8.91044 -119.60384 
    8.26766 -119.72330 
    7.63353 -119.88735 
    7.01162 -120.09587 
    6.40548 -120.34826 
    5.81861 -120.64343 
    5.25431 -120.97982 
    4.71565 -121.35542 
    4.20537 -121.76783 
    3.72584 -122.21436 
    3.27902 -122.69208 
    2.86648 -123.19795 
    2.48941 -123.72888 
    2.14866 -124.28182 
    1.84480 -124.85381 
    1.57818 -125.44202 
    1.34108 -126.04070 
    1.14152 -126.65157 
    0.98085 -127.27256 
    0.85918 -127.90114 
    0.77648 -128.53487 
    0.72487 -129.17087 
Cell 19 100 25.80842 -116.55128 
    14.61452 -116.55128 
    14.67101 -117.25199 
    14.77875 -117.94466 
    14.93586 -118.62534 
    15.14007 -119.29045 
    15.38903 -119.93674 
    15.70352 -120.55209 
    16.29155 -121.02959 
    16.81413 -121.49593 
    17.30954 -121.94484 
    17.78053 -122.38389 
    18.23167 -122.81931 
    18.66838 -123.25623 
    19.10423 -123.69052 
    19.56369 -124.09986 
    20.03142 -124.50264 
    20.50766 -124.90395 
    20.99326 -125.31002 
    21.48337 -125.74248 
    21.96447 -126.25999 
    22.54454 -126.59647 
    23.17863 -126.79366 
    23.82502 -126.94865 
    24.48078 -127.06062 
    25.14293 -127.12896 
    25.80842 -127.15331 
    26.47420 -127.13351 
    27.13720 -127.06965 
    27.79437 -126.96203 
    28.44271 -126.81118 
    29.07925 -126.61786 
    29.70108 -126.38303 
    30.30542 -126.10789 
    30.88955 -125.79382 
    31.45090 -125.44241 
    31.98703 -125.05540 
    32.49565 -124.63476 
    32.97467 -124.18256 
    33.42216 -123.70107 
    33.83646 -123.19266 
    34.21608 -122.65981 
    34.55987 -122.10513 
    34.86694 -121.53125 
    35.13674 -120.94086 
    35.36908 -120.33662 
    35.56413 -119.72111 
    35.72242 -119.09676 
    35.84483 -118.46584 
    35.93251 -117.83025 
    35.98677 -117.19165 
    36.00895 -116.55128 
    36.00024 -115.91007 
    35.96145 -115.26866 
    35.89285 -114.62758 
    35.79400 -113.98743 
    35.66361 -113.34914 
    35.49964 -112.71426 
    35.29933 -112.08521 
    35.05955 -111.46543 
    34.78069 -110.85731 
    34.55264 -110.19824 
    34.29606 -109.52970 
    34.00395 -108.85517 
    33.66831 -108.18135 
    33.28105 -107.51842 
    32.83519 -106.87977 
    32.32597 -106.28127 
    31.75194 -105.74005 
    31.11560 -105.27294 
    30.42358 -104.89472 
    29.68625 -104.61653 
    28.91688 -104.44465 
    28.13026 -104.37978 
    27.34132 -104.41711 
    26.56367 -104.54698 
    25.80842 -104.75613 
    25.08352 -105.02926 
    24.39346 -105.35070 
    23.73956 -105.70594 
    23.12056 -106.08277 
    22.53346 -106.47200 
    21.96767 -106.85067 
    21.33923 -107.05378 
    20.71978 -107.29509 
    20.11190 -107.57501 
    19.51842 -107.89384 
    18.94243 -108.25173 
    18.38725 -108.64854 
    17.85641 -109.08385 
    17.35359 -109.55684 
    16.88254 -110.06625 
    16.44702 -110.61036 
    16.05066 -111.18691 
    15.69690 -111.79317 
    15.38887 -112.42590 
    15.12927 -113.08142 
    14.92031 -113.75569 
    14.76365 -114.44438 
    14.66030 -115.14295 
    14.61067 -115.84678 
Cell 20 100 54.07013 -116.47392 
    44.00037 -116.47392 
    44.01433 -117.10658 
    44.06812 -117.73747 
    44.16165 -118.36407 
    44.29463 -118.98384 
    44.46662 -119.59429 
    44.67699 -120.19292 
    44.92496 -120.77731 
    45.20959 -121.34504 
    45.52978 -121.89379 
    45.88426 -122.42130 
    46.27162 -122.92541 
    46.69032 -123.40402 
    47.13863 -123.85521 
    47.61479 -124.27708 
    48.11684 -124.66792 
    48.64275 -125.02610 
    49.19036 -125.35017 
    49.75745 -125.63882 
    50.34169 -125.89088 
    50.94068 -126.10535 
    51.55199 -126.28140 
    52.17313 -126.41834 
    52.80156 -126.51568 
    53.43474 -126.57308 
    54.07013 -126.59040 
    54.70517 -126.56765 
    55.33735 -126.50502 
    55.96417 -126.40287 
    56.58320 -126.26172 
    57.19206 -126.08224 
    57.70802 -125.66218 
    58.16576 -125.17760 
    58.62925 -124.76694 
    59.08354 -124.37380 
    59.52882 -123.98717 
    59.96541 -123.60009 
    60.39492 -123.20915 
    60.81826 -122.81084 
    61.23491 -122.40115 
    61.64650 -121.97848 
    62.05603 -121.54193 
    62.46798 -121.09068 
    62.89007 -120.62427 
    63.33464 -120.14201 
    63.75701 -119.62138 
    64.00394 -119.02449 
    64.28117 -118.42178 
    64.56213 -117.79937 
    64.83869 -117.15142 
    65.09160 -116.47392 
    65.29178 -115.76791 
    65.40571 -115.04191 
    65.40371 -114.31193 
    65.26846 -113.59868 
    65.00042 -112.92245 
    64.61793 -112.29775 
    64.15177 -111.72986 
    63.70947 -111.17464 
    63.56430 -110.44874 
    63.37453 -109.71388 
    63.12626 -108.98203 
    62.80645 -108.26997 
    62.40521 -107.59796 
    61.91792 -106.98757 
    61.34651 -106.45884 
    60.69968 -106.02741 
    59.99189 -105.70227 
    59.24136 -105.48449 
    58.46751 -105.36739 
    57.68843 -105.33794 
    56.91877 -105.37917 
    56.16869 -105.47285 
    55.44664 -105.57764 
    54.75476 -105.59201 
    54.07013 -105.65265 
    53.39585 -105.75671 
    52.73449 -105.90131 
    52.08809 -106.08374 
    51.45827 -106.30144 
    50.84636 -106.55219 
    50.25343 -106.83404 
    49.68045 -107.14539 
    49.12835 -107.48488 
    48.59809 -107.85139 
    48.09069 -108.24395 
    47.60728 -108.66168 
    47.14906 -109.10373 
    46.71734 -109.56920 
    46.31351 -110.05709 
    45.93898 -110.56630 
    45.59517 -111.09556 
    45.28184 -111.64252 
    44.99269 -112.20241 
    44.73848 -112.77927 
    44.52036 -113.37102 
    44.33929 -113.97546 
    44.19613 -114.59035 
    44.09158 -115.21334 
    44.02620 -115.84201 
Cell 21 100 66.39794 -130.47205 
    56.39117 -130.47205 
    56.35099 -131.10414 
    56.34575 -131.74193 
    56.37601 -132.38383 
    56.45434 -133.02513 
    56.57904 -133.66240 
    56.73808 -134.29666 
    56.94524 -134.92015 
    57.20026 -135.52852 
    57.49514 -136.12193 
    57.82943 -136.69743 
    58.20234 -137.25203 
    58.61274 -137.78284 
    59.05922 -138.28699 
    59.54007 -138.76178 
    60.05339 -139.20457 
    60.59696 -139.61293 
    61.16837 -139.98459 
    61.76504 -140.31746 
    62.38418 -140.60963 
    63.02311 -140.85869 
    63.68614 -141.03381 
    64.36791 -141.11382 
    65.04932 -141.14746 
    65.72688 -141.13826 
    66.39794 -141.09518 
    67.06353 -141.05124 
    67.73021 -141.01802 
    68.40643 -141.00092 
    69.09437 -140.97392 
    69.75547 -140.80547 
    70.39612 -140.57028 
    71.01806 -140.29030 
    71.34028 -139.46213 
    71.67784 -138.79184 
    72.06630 -138.27388 
    72.44239 -137.77853 
    72.77629 -137.26430 
    73.09173 -136.75793 
    73.39816 -136.26314 
    73.70284 -135.77937 
    74.01142 -135.30370 
    74.32809 -134.83170 
    74.65415 -134.35712 
    74.98534 -133.87204 
    75.31747 -133.37018 
    75.64197 -132.84550 
    75.98173 -132.30025 
    76.35455 -131.72986 
    76.71019 -131.12083 
    76.72914 -130.47205 
    76.72999 -129.82201 
    76.70071 -129.17050 
    76.62914 -128.52034 
    76.51459 -127.87453 
    76.35661 -127.23627 
    76.15509 -126.60892 
    75.91023 -125.99590 
    75.62268 -125.40070 
    75.29348 -124.82677 
    74.92413 -124.27740 
    74.51655 -123.75575 
    74.07303 -123.26466 
    73.59622 -122.80666 
    73.08904 -122.38390 
    72.55458 -121.99815 
    72.03207 -121.59409 
    71.55222 -121.09644 
    71.04338 -120.59998 
    70.49777 -120.11705 
    69.90878 -119.66679 
    69.27329 -119.27329 
    68.59358 -118.96210 
    67.87808 -118.75555 
    67.14056 -118.66835 
    66.39794 -118.70444 
    65.66713 -118.85618 
    64.96208 -119.10606 
    64.29165 -119.43047 
    63.65895 -119.80437 
    63.11790 -120.37712 
    62.61797 -120.92493 
    62.14822 -121.44094 
    61.69824 -121.92332 
    61.25978 -122.37560 
    60.82613 -122.80310 
    60.39186 -123.21194 
    59.95413 -123.61008 
    59.50982 -124.00367 
    59.05563 -124.39796 
    58.59153 -124.80035 
    58.12433 -125.22146 
    57.68416 -125.68160 
    57.33686 -126.20822 
    57.08724 -126.78568 
    56.87535 -127.37797 
    56.70092 -127.98228 
    56.56480 -128.59627 
    56.46753 -129.21754 
    56.40942 -129.84363 
Cell 22 100 78.93444 -104.13210 
    66.80112 -104.13210 
    66.82064 -104.89423 
    66.91438 -105.65058 
    67.07970 -106.39351 
    67.31239 -107.11613 
    67.60699 -107.81260 
    67.95719 -108.47829 
    68.35616 -109.10986 
    68.79703 -109.70518 
    69.27317 -110.26332 
    69.77855 -110.78424 
    70.30789 -111.26859 
    70.85681 -111.71749 
    71.42184 -112.13219 
    72.00037 -112.51395 
    72.59054 -112.86373 
    73.19104 -113.18224 
    73.80103 -113.46973 
    74.41988 -113.72604 
    75.04700 -113.95064 
    75.68180 -114.14268 
    76.32349 -114.30109 
    76.97103 -114.42467 
    77.62313 -114.51217 
    78.27822 -114.56242 
    78.93444 -114.58083 
    79.59086 -114.56554 
    80.24514 -114.50733 
    80.89437 -114.40643 
    81.53568 -114.26324 
    82.16621 -114.07844 
    82.78315 -113.85283 
    83.38380 -113.58746 
    83.96550 -113.28356 
    84.52571 -112.94253 
    85.06200 -112.56596 
    85.57207 -112.15562 
    86.05376 -111.71341 
    86.50507 -111.24139 
    86.92420 -110.74180 
    87.30961 -110.21701 
    87.66011 -109.66957 
    87.97511 -109.10225 
    88.25494 -108.51799 
    88.50136 -107.91991 
    88.71815 -107.31102 
    88.91182 -106.69385 
    89.09177 -106.06971 
    89.26977 -105.43775 
    89.45808 -104.79419 
    89.66603 -104.13210 
    89.89552 -103.44248 
    90.13655 -102.71694 
    90.36469 -101.95166 
    90.54233 -101.15170 
    90.62455 -100.33375 
    90.56882 -99.52572 
    90.34576 -98.76234 
    89.94748 -98.07763 
    89.39022 -97.49666 
    88.71047 -97.02940 
    87.95577 -96.66900 
    87.44899 -96.13640 
    87.03715 -95.50359 
    86.57790 -94.89275 
    86.07089 -94.30961 
    85.51659 -93.76028 
    84.91631 -93.25110 
    84.27236 -92.78844 
    83.58804 -92.37844 
    82.86768 -92.02685 
    82.11652 -91.73872 
    81.34065 -91.51828 
    80.54684 -91.36865 
    79.74228 -91.29184 
    78.93444 -91.28853 
    78.13078 -91.35816 
    77.33850 -91.49892 
    76.56438 -91.70781 
    75.81454 -91.98088 
    75.09428 -92.31332 
    74.40804 -92.69972 
    73.75926 -93.13428 
    73.15045 -93.61106 
    72.58320 -94.12415 
    72.05829 -94.66788 
    71.57578 -95.23699 
    71.13516 -95.82671 
    70.73555 -96.43282 
    70.37576 -97.05174 
    70.05450 -97.68044 
    69.57097 -98.18986 
    69.06873 -98.70837 
    68.59865 -99.26844 
    68.16807 -99.86939 
    67.78452 -100.50927 
    67.45538 -101.18478 
    67.18741 -101.89123 
    66.98637 -102.62270 
    66.85667 -103.37223 
Cell 23 100 96.73934 -125.37822 
    85.16998 -125.37822 
    85.33924 -126.09545 
    85.55789 -126.79076 
    85.81866 -127.46145 
    86.11896 -128.10507 
    86.87983 -128.58176 
    87.51528 -129.03029 
    88.08353 -129.45134 
    88.56345 -129.87297 
    89.00163 -130.28871 
    89.42735 -130.69069 
    89.84538 -131.08141 
    90.25648 -131.46603 
    90.66290 -131.84897 
    91.06795 -132.23376 
    91.47504 -132.62390 
    91.88911 -133.02097 
    92.31554 -133.42508 
    92.76038 -133.83394 
    93.23084 -134.23969 
    93.72617 -134.65182 
    94.23061 -135.14905 
    94.75562 -135.77725 
    95.40841 -135.91360 
    96.07066 -136.00650 
    96.73934 -136.05518 
    97.41132 -136.05910 
    98.08345 -136.01796 
    98.75253 -135.93173 
    99.41535 -135.80058 
    100.06873 -135.62503 
    100.70952 -135.40573 
    101.33459 -135.14362 
    101.94091 -134.83983 
    102.52555 -134.49582 
    103.08570 -134.11324 
    103.61869 -133.69392 
    104.12196 -133.23991 
    104.59319 -132.75348 
    105.03020 -132.23701 
    105.43100 -131.69307 
    105.79384 -131.12437 
    106.11718 -130.53372 
    106.39970 -129.92404 
    106.64035 -129.29831 
    106.83829 -128.65956 
    106.99295 -128.01089 
    107.10398 -127.35538 
    107.17132 -126.69608 
    107.19514 -126.03604 
    107.17585 -125.37822 
    107.11414 -124.72549 
    107.01093 -124.08062 
    106.86732 -123.44621 
    106.68473 -122.82468 
    106.46473 -122.21825 
    106.20907 -121.62889 
    105.91967 -121.05829 
    105.59856 -120.50782 
    105.24788 -119.97854 
    104.86969 -119.47118 
    104.46606 -118.98611 
    104.03894 -118.52345 
    103.59003 -118.08298 
    103.12079 -117.66438 
    102.63234 -117.26720 
    102.12546 -116.89105 
    101.60054 -116.53573 
    101.05763 -116.20138 
    100.49654 -115.88863 
    99.91689 -115.59872 
    99.31835 -115.33364 
    98.70075 -115.09614 
    98.06435 -114.88972 
    97.40999 -114.71854 
    96.73934 -114.58723 
    96.05499 -114.50076 
    95.36054 -114.46393 
    94.66064 -114.48129 
    93.96083 -114.55663 
    93.26741 -114.69272 
    92.58719 -114.89108 
    91.92713 -115.15175 
    91.29404 -115.47327 
    90.69421 -115.85263 
    90.13310 -116.28551 
    89.61286 -116.76379 
    88.97496 -117.10999 
    88.35656 -117.50626 
    87.76592 -117.95477 
    87.21207 -118.45625 
    86.70422 -119.00974 
    86.25130 -119.61237 
    85.86128 -120.25939 
    85.54065 -120.94434 
    85.29394 -121.65939 
    85.12344 -122.39576 
    85.02907 -123.14436 
    85.00851 -123.89627 
    85.05743 -124.64326 
Cell 24 100 -102.04747 -109.00231 
    -112.24094 -109.00231 
    -112.23145 -109.64304 
    -112.18099 -110.28247 
    -112.08961 -110.91795 
    -111.95762 -111.54681 
    -111.78548 -112.16638 
    -111.57388 -112.77408 
    -111.32363 -113.36734 
    -111.03579 -113.94368 
    -110.71154 -114.50069 
    -110.35226 -115.03609 
    -109.95944 -115.54766 
    -109.53478 -116.03337 
    -109.08008 -116.49128 
    -108.59725 -116.91963 
    -108.08833 -117.31684 
    -107.55544 -117.68147 
    -107.00075 -118.01228 
    -106.42651 -118.30824 
    -105.83497 -118.56844 
    -105.22840 -118.79221 
    -104.60906 -118.97904 
    -103.97916 -119.12857 
    -103.34087 -119.24059 
    -102.69629 -119.31502 
    -102.04747 -119.35188 
    -101.39637 -119.35128 
    -100.74488 -119.31337 
    -100.09485 -119.23832 
    -99.44807 -119.12630 
    -98.80634 -118.97750 
    -98.17144 -118.79204 
    -97.54525 -118.57002 
    -96.92969 -118.31152 
    -96.32683 -118.01660 
    -95.98643 -117.34461 
    -95.70280 -116.67169 
    -95.39861 -116.08263 
    -95.06804 -115.55643 
    -94.72041 -115.06378 
    -94.36089 -114.58694 
    -93.99333 -114.11362 
    -93.63136 -113.62911 
    -93.26621 -113.13446 
    -92.87869 -112.63249 
    -92.46302 -112.11649 
    -92.01145 -111.57912 
    -91.51394 -111.01169 
    -90.95191 -110.40401 
    -90.40853 -109.73457 
    -90.00645 -109.00231 
    -89.75892 -108.22918 
    -89.72513 -107.44564 
    -89.92736 -106.69028 
    -90.34263 -105.99702 
    -90.91096 -105.38384 
    -91.55621 -104.84853 
    -92.00470 -104.27654 
    -91.84917 -103.39574 
    -91.62508 -102.38806 
    -93.24829 -102.60933 
    -93.72816 -102.11998 
    -94.23483 -101.66576 
    -94.76500 -101.24727 
    -95.31551 -100.86478 
    -95.88350 -100.51833 
    -96.46630 -100.20779 
    -97.06154 -99.93294 
    -97.66706 -99.69347 
    -98.28091 -99.48908 
    -98.90134 -99.31953 
    -99.52672 -99.18462 
    -100.15549 -99.08419 
    -100.77763 -98.95043 
    -101.40670 -98.81757 
    -102.04747 -98.69308 
    -102.70347 -98.57558 
    -103.37801 -98.46999 
    -104.07204 -98.38911 
    -104.78174 -98.35305 
    -105.49693 -98.38597 
    -106.20146 -98.51052 
    -106.87572 -98.74175 
    -107.50092 -99.08252 
    -108.06367 -99.52230 
    -108.55909 -100.03984 
    -108.99131 -100.60866 
    -109.37123 -101.20330 
    -109.71262 -101.80425 
    -110.02808 -102.40018 
    -110.32614 -102.98750 
    -110.61038 -103.56812 
    -110.88835 -104.14200 
    -111.18908 -104.70060 
    -111.45433 -105.27788 
    -111.68284 -105.87159 
    -111.87350 -106.47942 
    -112.02534 -107.09893 
    -112.13759 -107.72763 
    -112.20959 -108.36297 
