127 25 
Cell 0 100 -124.15379 -140.84802 
    -134.15390 -140.84802 
    -134.13416 -141.47594 
    -134.07503 -142.10136 
    -133.97673 -142.72185 
    -133.83968 -143.33493 
    -133.66440 -143.93820 
    -133.45158 -144.52928 
    -133.20207 -145.10582 
    -132.92580 -145.67047 
    -132.62465 -146.22379 
    -132.28859 -146.75829 
    -131.91859 -147.27162 
    -131.51595 -147.76154 
    -131.08208 -148.22589 
    -130.61858 -148.66261 
    -130.12720 -149.06972 
    -129.60982 -149.44534 
    -129.06845 -149.78773 
    -128.50523 -150.09531 
    -127.92245 -150.36655 
    -127.32245 -150.60014 
    -126.70773 -150.79494 
    -126.08083 -150.94992 
    -125.44440 -151.06427 
    -124.80115 -151.13736 
    -124.15379 -151.16870 
    -123.50514 -151.15810 
    -122.85798 -151.10544 
    -122.21513 -151.01086 
    -121.57938 -150.87471 
    -120.95351 -150.69749 
    -120.34024 -150.47995 
    -119.74227 -150.22298 
    -119.16220 -149.92770 
    -118.60255 -149.59538 
    -118.06576 -149.22748 
    -117.55414 -148.82564 
    -117.06989 -148.39162 
    -116.61507 -147.92735 
    -116.19160 -147.43492 
    -115.80125 -146.91650 
    -115.44563 -146.37439 
    -115.12615 -145.81100 
    -114.84409 -145.22884 
    -114.60050 -144.63043 
    -114.37907 -144.02402 
    -114.17954 -143.40898 
    -114.01419 -142.78226 
    -113.88313 -142.14551 
    -113.78645 -141.50027 
    -114.00403 -140.84802 
    -114.41149 -140.23509 
    -114.73719 -139.65843 
    -115.01279 -139.10428 
    -115.25796 -138.56396 
    -115.48634 -138.03180 
    -115.70818 -137.50417 
    -115.93169 -136.97900 
    -116.15816 -136.45238 
    -116.39778 -135.92590 
    -116.65482 -135.39969 
    -116.92592 -134.86861 
    -117.21478 -134.33185 
    -117.53768 -133.80258 
    -117.90667 -133.29654 
    -118.29198 -132.77992 
    -118.65541 -132.18396 
    -118.87467 -131.24533 
    -119.25351 -130.43439 
    -120.02059 -130.40877 
    -120.73885 -130.33789 
    -121.42656 -130.22615 
    -122.10278 -130.09625 
    -122.77674 -129.94751 
    -123.45486 -129.73885 
    -124.15379 -129.43964 
    -124.89259 -129.10533 
    -125.66164 -128.91217 
    -126.41525 -128.99306 
    -127.13560 -129.23465 
    -127.77031 -129.71753 
    -128.36658 -130.20775 
    -128.89546 -130.77147 
    -129.33577 -131.42204 
    -129.85043 -131.87155 
    -130.34785 -132.32263 
    -130.94745 -132.63589 
    -131.74106 -132.76840 
    -131.74001 -133.72409 
    -132.03671 -134.32671 
    -132.38376 -134.86859 
    -132.70055 -135.42409 
    -132.98672 -135.99208 
    -133.24187 -136.57150 
    -133.46538 -137.16130 
    -133.66452 -137.75780 
    -133.83978 -138.36108 
    -133.97681 -138.97418 
    -134.07507 -139.59468 
    -134.13419 -140.22011 
Cell 1 100 -107.17522 -133.60588 
    -117.68111 -133.60588 
    -117.27020 -134.24100 
    -116.94151 -134.83965 
    -116.64833 -135.41296 
    -116.37825 -135.96881 
    -116.13091 -136.51576 
    -115.89752 -137.05928 
    -115.66711 -137.60187 
    -115.43662 -138.14763 
    -115.19758 -138.69702 
    -114.94121 -139.24820 
    -114.65895 -139.79695 
    -114.34351 -140.33736 
    -113.99669 -140.87001 
    -113.56699 -141.33221 
    -113.06351 -141.71043 
    -112.54433 -142.06624 
    -112.00365 -142.38876 
    -111.44362 -142.67670 
    -110.86644 -142.92885 
    -110.27441 -143.14421 
    -109.66987 -143.32190 
    -109.05521 -143.46118 
    -108.43291 -143.56149 
    -107.80540 -143.62239 
    -107.17522 -143.64365 
    -106.54486 -143.62514 
    -105.91685 -143.56691 
    -105.29369 -143.46921 
    -104.67787 -143.33241 
    -104.07186 -143.15703 
    -103.47808 -142.94379 
    -102.89890 -142.69351 
    -102.33665 -142.40720 
    -101.79356 -142.08601 
    -101.27182 -141.73122 
    -100.77350 -141.34422 
    -100.30059 -140.92661 
    -99.85499 -140.48004 
    -99.43845 -140.00629 
    -99.04854 -139.51025 
    -98.68482 -138.99405 
    -98.35009 -138.45753 
    -98.04427 -137.90257 
    -98.00663 -137.23598 
    -98.00981 -136.58391 
    -97.99323 -135.96341 
    -97.98527 -135.35895 
    -97.98934 -134.76633 
    -98.00762 -134.18266 
    -98.04197 -133.60588 
    -98.09340 -133.03450 
    -98.12544 -132.46263 
    -98.16129 -131.88638 
    -98.21159 -131.30441 
    -98.27219 -130.71310 
    -98.34985 -130.11168 
    -98.44373 -129.49715 
    -98.54877 -128.86345 
    -98.65602 -128.19943 
    -98.75293 -127.48673 
    -98.76852 -126.65125 
    -99.12008 -126.04160 
    -99.66113 -125.60419 
    -100.23425 -125.21570 
    -100.83192 -124.87508 
    -101.44729 -124.58011 
    -102.07453 -124.32777 
    -102.70906 -124.11481 
    -103.34748 -123.93813 
    -103.98751 -123.79513 
    -104.58190 -123.50557 
    -105.19493 -123.22486 
    -105.83463 -122.99408 
    -106.49781 -122.83878 
    -107.17522 -122.77988 
    -107.85278 -122.83644 
    -108.51080 -123.03362 
    -109.14765 -123.26601 
    -109.75072 -123.57495 
    -110.31713 -123.93607 
    -110.83315 -124.36698 
    -111.30260 -124.83473 
    -111.77563 -125.23777 
    -112.24954 -125.61002 
    -112.72652 -125.96516 
    -113.20728 -126.31437 
    -113.69041 -126.66791 
    -114.17490 -127.03274 
    -114.66085 -127.41323 
    -115.14982 -127.81200 
    -115.63884 -128.23471 
    -116.13179 -128.68196 
    -116.64001 -129.15208 
    -117.19055 -129.64053 
    -117.86950 -130.13110 
    -118.63274 -130.66409 
    -118.84319 -131.38010 
    -118.66224 -132.15474 
    -118.19296 -132.91270 
Cell 2 100 -88.30357 -133.78471 
    -98.03132 -133.78471 
    -98.00098 -134.39482 
    -97.98768 -135.00810 
    -97.98887 -135.63229 
    -98.00155 -136.27473 
    -98.00809 -136.93790 
    -98.02307 -137.63293 
    -97.68006 -138.19695 
    -97.31891 -138.74094 
    -96.93887 -139.26483 
    -96.53905 -139.76814 
    -96.14808 -140.27425 
    -95.75114 -140.77844 
    -95.32114 -141.25766 
    -94.85962 -141.70961 
    -94.36829 -142.13208 
    -93.84903 -142.52295 
    -93.30389 -142.88025 
    -92.73508 -143.20213 
    -92.14494 -143.48688 
    -91.53596 -143.73297 
    -90.91077 -143.93904 
    -90.27206 -144.10391 
    -89.62269 -144.22661 
    -88.96554 -144.30635 
    -88.30357 -144.34262 
    -87.63980 -144.33504 
    -86.97726 -144.28354 
    -86.31901 -144.18819 
    -85.66806 -144.04935 
    -85.02744 -143.86760 
    -84.40012 -143.64372 
    -83.78897 -143.37874 
    -83.19682 -143.07387 
    -82.62639 -142.73051 
    -82.08026 -142.35037 
    -81.56091 -141.93520 
    -81.07065 -141.48700 
    -80.61163 -141.00793 
    -80.18584 -140.50029 
    -79.79509 -139.96649 
    -79.44096 -139.40910 
    -79.12490 -138.83073 
    -78.84054 -138.23769 
    -78.55334 -137.64511 
    -78.29903 -137.03539 
    -78.07922 -136.40988 
    -77.89590 -135.77008 
    -77.75145 -135.11775 
    -77.64857 -134.45506 
    -77.59013 -133.78471 
    -77.57895 -133.10997 
    -77.61756 -132.43475 
    -77.70798 -131.76349 
    -77.85138 -131.10104 
    -78.04803 -130.45248 
    -78.29707 -129.82286 
    -78.59653 -129.21692 
    -78.94341 -128.63892 
    -79.33382 -128.09233 
    -79.76331 -127.57985 
    -80.22704 -127.10323 
    -80.72012 -126.66338 
    -81.23788 -126.26051 
    -81.77599 -125.89422 
    -82.33070 -125.56377 
    -82.89884 -125.26823 
    -83.47199 -124.99609 
    -84.02337 -124.68881 
    -84.59127 -124.40852 
    -85.17447 -124.15431 
    -85.77207 -123.92516 
    -86.38362 -123.71997 
    -87.00909 -123.53783 
    -87.64885 -123.37817 
    -88.30357 -123.24104 
    -88.97601 -123.09677 
    -89.67348 -122.94079 
    -90.38494 -122.87379 
    -91.09303 -122.92052 
    -91.83431 -122.91823 
    -92.59815 -122.93786 
    -93.35316 -123.05381 
    -94.08387 -123.27040 
    -94.83666 -123.49022 
    -95.57467 -123.77691 
    -96.28754 -124.13376 
    -96.96427 -124.56201 
    -97.59386 -125.06055 
    -98.16594 -125.62586 
    -98.67144 -126.25202 
    -98.75922 -127.14936 
    -98.67160 -128.08484 
    -98.53075 -128.97217 
    -98.39937 -129.78751 
    -98.29475 -130.53839 
    -98.21829 -131.23904 
    -98.16017 -131.90446 
    -98.12086 -132.54451 
    -98.08125 -133.16956 
Cell 3 100 -51.67282 -153.00887 
    -61.80389 -153.00887 
    -61.75854 -153.64340 
    -61.67623 -154.27258 
    -61.55762 -154.89449 
    -61.40330 -155.50723 
    -61.21380 -156.10892 
    -60.98964 -156.69765 
    -60.73136 -157.27148 
    -60.43961 -157.82845 
    -60.11610 -158.36713 
    -59.76300 -158.88672 
    -59.37796 -159.38310 
    -58.96251 -159.85434 
    -58.51830 -160.29855 
    -58.04707 -160.71400 
    -57.55068 -161.09903 
    -57.03109 -161.45215 
    -56.49036 -161.77193 
    -55.93062 -162.05713 
    -55.35407 -162.30663 
    -54.76300 -162.51942 
    -54.15973 -162.69470 
    -53.54664 -162.83174 
    -52.92616 -162.93001 
    -52.30073 -162.98914 
    -51.67282 -163.00887 
    -51.04492 -162.98914 
    -50.41949 -162.93001 
    -49.79901 -162.83174 
    -49.18593 -162.69470 
    -48.58266 -162.51942 
    -47.99009 -162.31039 
    -47.41053 -162.06671 
    -46.84609 -161.78867 
    -46.29836 -161.47768 
    -45.76866 -161.13525 
    -45.25807 -160.76297 
    -44.76738 -160.36241 
    -44.29718 -159.93506 
    -43.84787 -159.48222 
    -43.41984 -159.00500 
    -43.01353 -158.50421 
    -42.62969 -157.98038 
    -42.26949 -157.43375 
    -41.93473 -156.86446 
    -41.62796 -156.27264 
    -41.35255 -155.65866 
    -41.11264 -155.02333 
    -40.91300 -154.36815 
    -40.75881 -153.69551 
    -40.65525 -153.00887 
    -40.60715 -152.31267 
    -40.61849 -151.61238 
    -40.69207 -150.91417 
    -40.82916 -150.22469 
    -41.02934 -149.55058 
    -41.29045 -148.89819 
    -41.60880 -148.27309 
    -41.97937 -147.67984 
    -42.39626 -147.12178 
    -42.85313 -146.60098 
    -43.34359 -146.11832 
    -43.86165 -145.67369 
    -44.40199 -145.26620 
    -44.96012 -144.89459 
    -45.53249 -144.55742 
    -46.11641 -144.25336 
    -46.70992 -143.98138 
    -47.31165 -143.74091 
    -47.92057 -143.53175 
    -48.53584 -143.35422 
    -49.15662 -143.20891 
    -49.78197 -143.09668 
    -50.41075 -143.01849 
    -51.04157 -142.97534 
    -51.67282 -142.94971 
    -52.30534 -142.95541 
    -52.93747 -142.99814 
    -53.56727 -143.07784 
    -54.19271 -143.19455 
    -54.81369 -143.34229 
    -55.43020 -143.51883 
    -56.02781 -143.75406 
    -56.60651 -144.03452 
    -57.17510 -144.33867 
    -57.72378 -144.68045 
    -58.24922 -145.05937 
    -58.74801 -145.47456 
    -59.21681 -145.92459 
    -59.65244 -146.40756 
    -60.05206 -146.92099 
    -60.41327 -147.46201 
    -60.73422 -148.02733 
    -61.01363 -148.61342 
    -61.25082 -149.21667 
    -61.44563 -149.83350 
    -61.59837 -150.46042 
    -61.70966 -151.09424 
    -61.78038 -151.73198 
    -61.81146 -152.37100 
Cell 4 100 -63.44127 -130.44783 
    -75.49576 -130.44783 
    -75.33438 -131.19608 
    -75.12320 -131.92360 
    -74.86645 -132.62730 
    -74.56837 -133.30478 
    -74.23306 -133.95430 
    -73.86437 -134.57463 
    -73.46582 -135.16502 
    -73.04056 -135.72508 
    -72.59134 -136.25464 
    -72.12052 -136.75368 
    -71.63010 -137.22223 
    -71.12178 -137.66031 
    -70.59698 -138.06790 
    -70.05695 -138.44482 
    -69.50280 -138.79082 
    -68.93558 -139.10548 
    -68.35633 -139.38829 
    -67.78648 -139.68188 
    -67.21997 -139.99174 
    -66.63130 -140.26575 
    -66.02273 -140.50197 
    -65.39674 -140.69881 
    -64.75597 -140.85474 
    -64.10317 -140.96848 
    -63.44127 -141.03896 
    -62.77327 -141.06537 
    -62.10227 -141.04706 
    -61.43145 -140.98367 
    -60.76398 -140.87517 
    -60.10312 -140.72159 
    -59.45214 -140.52322 
    -58.81441 -140.28040 
    -58.19308 -139.99425 
    -57.59127 -139.66595 
    -57.01203 -139.29691 
    -56.45832 -138.88876 
    -55.93293 -138.44339 
    -55.43852 -137.96291 
    -54.97754 -137.44963 
    -54.55227 -136.90607 
    -54.16476 -136.33488 
    -53.81684 -135.73891 
    -53.51009 -135.12109 
    -53.24583 -134.48448 
    -53.02515 -133.83223 
    -52.84887 -133.16750 
    -52.71753 -132.49348 
    -52.63145 -131.81343 
    -52.59068 -131.13049 
    -52.59505 -130.44783 
    -52.64416 -129.76854 
    -52.73739 -129.09561 
    -52.87396 -128.43201 
    -53.05287 -127.78054 
    -53.27298 -127.14395 
    -53.53301 -126.52487 
    -53.83152 -125.92583 
    -54.16695 -125.34923 
    -54.53762 -124.79741 
    -54.94173 -124.27256 
    -55.37735 -123.77678 
    -55.84245 -123.31207 
    -56.33484 -122.88026 
    -56.85226 -122.48309 
    -57.37093 -122.09274 
    -57.87181 -121.67177 
    -58.39829 -121.27469 
    -58.94982 -120.90303 
    -59.52584 -120.55859 
    -60.12568 -120.24351 
    -60.74851 -119.96025 
    -61.39322 -119.71160 
    -62.05832 -119.50066 
    -62.74184 -119.33070 
    -63.44127 -119.20515 
    -64.15349 -119.12738 
    -64.87476 -119.10062 
    -65.60069 -119.12772 
    -66.32958 -119.19859 
    -67.07441 -119.26616 
    -67.82148 -119.38467 
    -68.56628 -119.55663 
    -69.30367 -119.78415 
    -70.02803 -120.06875 
    -70.73328 -120.41123 
    -71.41307 -120.81157 
    -72.06093 -121.26882 
    -72.67044 -121.78106 
    -73.23548 -122.34535 
    -73.75037 -122.95782 
    -74.21008 -123.61374 
    -74.61036 -124.30757 
    -74.94794 -125.03320 
    -75.22055 -125.78408 
    -75.42699 -126.55344 
    -75.56714 -127.33443 
    -75.64188 -128.12044 
    -75.65304 -128.90512 
    -75.60323 -129.68266 
Cell 5 100 -4.67373 -140.39058 
    -15.11026 -140.39058 
    -15.12837 -141.04832 
    -15.10308 -141.70811 
    -15.03405 -142.36691 
    -14.92125 -143.02170 
    -14.76482 -143.66937 
    -14.56516 -144.30687 
    -14.32292 -144.93114 
    -14.03894 -145.53914 
    -13.71435 -146.12793 
    -13.35048 -146.69461 
    -12.94890 -147.23639 
    -12.51138 -147.75063 
    -12.03990 -148.23474 
    -11.53664 -148.68640 
    -11.00396 -149.10339 
    -10.44440 -149.48370 
    -9.86061 -149.82549 
    -9.25541 -150.12714 
    -8.63172 -150.38731 
    -7.99255 -150.60484 
    -7.34098 -150.77881 
    -6.68014 -150.90854 
    -6.01321 -150.99362 
    -5.34335 -151.03384 
    -4.67373 -151.02930 
    -4.00749 -150.98026 
    -3.34769 -150.88730 
    -2.69735 -150.75116 
    -2.05938 -150.57281 
    -1.43659 -150.35347 
    -0.83168 -150.09448 
    -0.24719 -149.79745 
    0.31447 -149.46408 
    0.85107 -149.09627 
    1.36053 -148.69603 
    1.84096 -148.26549 
    2.27548 -147.79074 
    2.61570 -147.23581 
    2.93761 -146.68723 
    3.24797 -146.14603 
    3.54650 -145.60730 
    3.83214 -145.06673 
    4.10443 -144.52127 
    4.36340 -143.96863 
    4.60986 -143.40700 
    4.84553 -142.83472 
    5.07660 -142.25055 
    5.30692 -141.65143 
    5.54811 -141.03369 
    5.88434 -140.39058 
    6.42697 -139.69218 
    6.69027 -138.95497 
    6.90592 -138.18164 
    7.05248 -137.37979 
    7.09917 -136.56532 
    7.01958 -135.76086 
    6.79699 -134.99286 
    6.42806 -134.28732 
    5.92376 -133.66521 
    5.30757 -133.13875 
    4.61096 -132.70961 
    3.86795 -132.36940 
    3.10956 -132.10222 
    2.35983 -131.88846 
    1.63389 -131.70888 
    0.93811 -131.54773 
    0.29903 -131.34515 
    -0.29251 -131.08002 
    -0.89714 -130.85199 
    -1.51251 -130.66135 
    -2.13637 -130.50821 
    -2.75354 -130.32455 
    -3.37659 -130.12262 
    -4.01602 -129.93658 
    -4.67373 -129.64046 
    -5.40529 -128.76279 
    -6.06966 -129.34068 
    -6.74768 -129.51855 
    -7.44368 -129.60236 
    -8.11838 -129.78903 
    -8.73887 -130.12321 
    -9.34128 -130.47154 
    -9.92716 -130.83463 
    -10.49801 -131.21298 
    -11.03105 -131.64049 
    -11.49958 -132.13954 
    -11.89953 -132.69588 
    -12.26771 -133.25935 
    -12.61034 -133.82484 
    -12.93137 -134.39105 
    -13.23221 -134.95920 
    -13.51203 -135.53169 
    -13.83601 -136.07915 
    -14.13267 -136.64552 
    -14.39353 -137.23242 
    -14.61698 -137.83759 
    -14.80158 -138.45859 
    -14.94603 -139.09288 
    -15.04924 -139.73781 
Cell 6 100 12.34158 -149.46346 
    1.57837 -149.46346 
    1.48111 -150.14674 
    1.46226 -150.83783 
    1.51275 -151.52916 
    1.62303 -152.21552 
    1.78687 -152.89288 
    2.00181 -153.55725 
    2.26304 -154.20605 
    2.56891 -154.83603 
    2.91801 -155.44383 
    3.30859 -156.02631 
    3.73863 -156.58043 
    4.20597 -157.10330 
    4.70812 -157.59225 
    5.24241 -158.04488 
    5.80603 -158.45888 
    6.39590 -158.83234 
    7.00893 -159.16351 
    7.64181 -159.45097 
    8.29118 -159.69359 
    8.95365 -159.89043 
    9.62574 -160.04095 
    10.30401 -160.14479 
    10.98498 -160.20201 
    11.66529 -160.21278 
    12.34158 -160.17773 
    13.01062 -160.09760 
    13.66929 -159.97337 
    14.31459 -159.80635 
    14.94368 -159.59799 
    15.55391 -159.35001 
    16.14275 -159.06413 
    16.72622 -158.78128 
    17.32329 -158.52516 
    17.90747 -158.23390 
    18.47677 -157.90782 
    19.02910 -157.54727 
    19.56222 -157.15266 
    20.07377 -156.72447 
    20.56122 -156.26334 
    21.02187 -155.77005 
    21.45292 -155.24570 
    21.85147 -154.69156 
    22.21455 -154.10933 
    22.53920 -153.50098 
    22.82255 -152.86893 
    23.06187 -152.21596 
    23.25467 -151.54524 
    23.39878 -150.86031 
    23.49241 -150.16501 
    23.53426 -149.46346 
    23.52351 -148.75995 
    23.45991 -148.05888 
    23.34379 -147.36467 
    23.17600 -146.68164 
    22.95800 -146.01398 
    22.69168 -145.36555 
    22.37942 -144.74001 
    22.02394 -144.14053 
    21.62825 -143.56995 
    21.19559 -143.03064 
    20.72927 -142.52455 
    20.23267 -142.05322 
    19.70913 -141.61781 
    19.16188 -141.21913 
    18.59403 -140.85770 
    18.00851 -140.53380 
    17.40807 -140.24754 
    16.79526 -139.99890 
    16.17246 -139.78775 
    15.54188 -139.61395 
    14.90558 -139.47731 
    14.26554 -139.37766 
    13.65340 -139.07933 
    13.01705 -138.72713 
    12.34158 -138.33490 
    11.61639 -137.93703 
    10.84216 -137.59433 
    10.03686 -137.38171 
    9.23542 -137.36577 
    8.48087 -137.58141 
    7.81015 -138.01839 
    7.24133 -138.62488 
    6.76856 -139.32617 
    6.32265 -139.97916 
    5.82802 -140.49831 
    5.49032 -141.18172 
    5.21940 -141.87910 
    4.96393 -142.53539 
    4.71423 -143.15356 
    4.46377 -143.73990 
    4.20746 -144.30139 
    3.94235 -144.84595 
    3.66605 -145.38106 
    3.37657 -145.91396 
    3.07262 -146.45180 
    2.75316 -147.00156 
    2.41133 -147.56915 
    2.03942 -148.16199 
    1.76222 -148.79785 
Cell 7 100 35.92199 -127.69217 
    25.50399 -127.69217 
    25.48357 -128.34889 
    25.50645 -129.00795 
    25.57298 -129.66635 
    25.68325 -130.32103 
    25.83714 -130.96893 
    26.03431 -131.60698 
    26.27415 -132.23210 
    26.55582 -132.84126 
    26.87827 -133.43149 
    27.24018 -133.99986 
    27.64002 -134.54359 
    28.07606 -135.05998 
    28.54631 -135.54646 
    29.04864 -136.00061 
    29.58070 -136.42021 
    30.13996 -136.80319 
    30.72376 -137.14771 
    31.32932 -137.45209 
    31.95369 -137.71492 
    32.59388 -137.93503 
    33.24677 -138.11145 
    33.90922 -138.24347 
    34.57804 -138.33063 
    35.25002 -138.37273 
    35.92199 -138.36975 
    36.59076 -138.32204 
    37.25323 -138.23006 
    37.90635 -138.09457 
    38.54716 -137.91655 
    39.17281 -137.69719 
    39.78057 -137.43784 
    40.36783 -137.14008 
    40.93216 -136.80565 
    41.47128 -136.43645 
    41.98307 -136.03453 
    42.46562 -135.60207 
    42.91719 -135.14130 
    43.38685 -134.70215 
    43.83985 -134.24239 
    44.26796 -133.75587 
    44.66983 -133.24373 
    45.04406 -132.70708 
    45.38916 -132.14708 
    45.70358 -131.56497 
    45.98568 -130.96207 
    46.23370 -130.33977 
    46.44579 -129.69969 
    46.62004 -129.04364 
    46.75447 -128.37369 
    46.84712 -127.69217 
    46.89607 -127.00174 
    46.89952 -126.30538 
    46.85587 -125.60642 
    46.76376 -124.90847 
    46.62220 -124.21546 
    46.43058 -123.53152 
    46.18878 -122.86098 
    45.89719 -122.20825 
    45.55677 -121.57775 
    45.16902 -120.97381 
    44.73603 -120.40056 
    44.26039 -119.86189 
    43.74521 -119.36128 
    43.19399 -118.90182 
    42.67451 -118.39812 
    42.11915 -117.92700 
    41.50993 -117.52773 
    40.85539 -117.20815 
    40.16623 -116.97245 
    39.45431 -116.82079 
    38.73158 -116.74950 
    38.00902 -116.75155 
    37.29578 -116.81747 
    36.60258 -116.87443 
    35.92199 -116.70425 
    35.22189 -116.56445 
    34.50422 -116.46939 
    33.77317 -116.42767 
    33.03492 -116.44777 
    32.29753 -116.53724 
    31.57058 -116.70177 
    30.86450 -116.94447 
    30.18980 -117.26537 
    29.58892 -117.71286 
    29.17570 -118.40672 
    28.79309 -119.07481 
    28.45041 -119.73575 
    28.16028 -120.40345 
    27.92376 -121.07546 
    27.70303 -121.72075 
    27.49409 -122.34366 
    27.29607 -122.95004 
    27.10655 -123.54395 
    26.92219 -124.12890 
    26.73890 -124.70840 
    26.55078 -125.28606 
    26.35175 -125.86655 
    26.13513 -126.45580 
    25.89405 -127.06127 
Cell 8 100 46.49126 -147.46938 
    36.45949 -147.46938 
    36.48156 -148.09914 
    36.53470 -148.72719 
    36.62547 -149.35138 
    36.75529 -149.96915 
    36.92396 -150.57797 
    37.13092 -151.17540 
    37.37541 -151.75896 
    37.65653 -152.32631 
    37.97322 -152.87508 
    38.32426 -153.40305 
    38.70830 -153.90799 
    39.12383 -154.38785 
    39.56920 -154.84061 
    40.04266 -155.26439 
    40.54229 -155.65742 
    41.06610 -156.01805 
    41.61195 -156.34479 
    42.17766 -156.63623 
    42.76090 -156.89117 
    43.35930 -157.10855 
    43.97041 -157.28745 
    44.59172 -157.42709 
    45.22069 -157.52693 
    45.85474 -157.58655 
    46.49126 -157.60568 
    47.12763 -157.58429 
    47.76126 -157.52248 
    48.38953 -157.42050 
    49.00989 -157.27879 
    49.61979 -157.09801 
    50.21675 -156.87889 
    50.79834 -156.62241 
    51.36222 -156.32964 
    51.90611 -156.00182 
    52.42781 -155.64034 
    52.92525 -155.24675 
    53.39646 -154.82268 
    53.83957 -154.36990 
    54.25285 -153.89032 
    54.63469 -153.38593 
    54.98362 -152.85880 
    55.29832 -152.31110 
    55.57760 -151.74509 
    55.82043 -151.16306 
    56.02593 -150.56738 
    56.19338 -149.96046 
    56.32220 -149.34473 
    56.41246 -148.72272 
    56.47269 -148.09735 
    56.49355 -147.46938 
    56.47491 -146.84126 
    56.41686 -146.21548 
    56.31960 -145.59451 
    56.18350 -144.98083 
    56.00910 -144.37685 
    55.79707 -143.78494 
    55.54823 -143.20749 
    55.26356 -142.64676 
    54.94640 -142.10358 
    54.59996 -141.57806 
    54.22499 -141.07147 
    53.82384 -140.58362 
    53.39864 -140.11375 
    52.95087 -139.66104 
    52.48108 -139.22508 
    51.98866 -138.80685 
    51.47202 -138.40939 
    50.92912 -138.03842 
    50.45919 -137.44753 
    49.96524 -136.77754 
    49.26283 -136.67480 
    48.48772 -137.00354 
    47.82630 -136.90143 
    47.15813 -136.86978 
    46.49126 -136.72778 
    45.81367 -136.69945 
    45.16045 -136.93495 
    44.55167 -137.30173 
    43.94301 -137.54462 
    43.34557 -137.78795 
    42.76383 -138.05496 
    42.19761 -138.34492 
    41.64744 -138.65851 
    41.11459 -138.99712 
    40.60092 -139.36203 
    40.10864 -139.75412 
    39.63808 -140.17148 
    39.19402 -140.61681 
    38.77885 -141.08913 
    38.39424 -141.58655 
    38.04168 -142.10712 
    37.72256 -142.64874 
    37.43813 -143.20930 
    37.18951 -143.78656 
    36.96653 -144.37460 
    36.73977 -144.96562 
    36.56805 -145.57643 
    36.48145 -146.20485 
    36.45759 -146.83810 
Cell 9 100 68.67722 -150.10884 
    57.84324 -150.10884 
    57.81959 -150.79195 
    57.82896 -151.47929 
    57.88096 -152.16833 
    57.97940 -152.85558 
    58.13324 -153.53479 
    58.33398 -154.20401 
    58.58111 -154.85971 
    58.87371 -155.49837 
    59.21063 -156.11652 
    59.59037 -156.71082 
    60.01118 -157.27802 
    60.47094 -157.81506 
    60.96732 -158.31905 
    61.49776 -158.78732 
    62.05946 -159.21741 
    62.64942 -159.60713 
    63.26450 -159.95454 
    63.90137 -160.25804 
    64.55661 -160.51631 
    65.22671 -160.72842 
    65.90815 -160.89366 
    66.59737 -161.01180 
    67.29088 -161.08286 
    67.98525 -161.10742 
    68.67722 -161.08618 
    69.36372 -161.02037 
    70.04191 -160.91145 
    70.70927 -160.76125 
    71.36365 -160.57178 
    72.00323 -160.34523 
    72.62660 -160.08385 
    73.23281 -159.78996 
    73.82118 -159.46567 
    74.39133 -159.11282 
    74.94318 -158.73318 
    75.47652 -158.32779 
    75.99123 -157.89748 
    76.48672 -157.44244 
    76.96203 -156.96263 
    77.41555 -156.45761 
    77.84494 -155.92685 
    78.24696 -155.36984 
    78.61561 -154.78549 
    78.93758 -154.17120 
    79.22132 -153.53482 
    79.46347 -152.87828 
    79.65491 -152.20294 
    79.78901 -151.51259 
    79.86228 -150.81255 
    79.87200 -150.10884 
    79.81637 -149.40802 
    79.69604 -148.71684 
    79.51299 -148.04181 
    79.27059 -147.38893 
    78.97470 -146.76299 
    78.83370 -146.08760 
    78.65201 -145.41507 
    78.42543 -144.74971 
    78.15244 -144.09569 
    77.83186 -143.45761 
    77.46308 -142.84055 
    77.04619 -142.24986 
    76.58205 -141.69106 
    76.07241 -141.16960 
    75.51990 -140.69070 
    74.92802 -140.25916 
    74.30109 -139.87906 
    73.64407 -139.55377 
    72.96242 -139.28568 
    72.26195 -139.07619 
    71.54856 -138.92570 
    70.82808 -138.83365 
    70.10605 -138.79855 
    69.38757 -138.81819 
    68.67722 -138.88974 
    67.97894 -139.00999 
    67.29601 -139.17546 
    66.63109 -139.38263 
    65.98621 -139.62807 
    65.36295 -139.90854 
    64.76241 -140.22113 
    64.18542 -140.56328 
    63.63263 -140.93277 
    63.10458 -141.32776 
    62.60177 -141.74670 
    62.12480 -142.18832 
    61.67432 -142.65150 
    61.14201 -143.03281 
    60.59605 -143.42351 
    60.04608 -143.83795 
    59.50209 -144.28612 
    58.98241 -144.77907 
    58.51202 -145.32545 
    58.11827 -145.92825 
    57.82483 -146.58269 
    57.64587 -147.27647 
    57.58239 -147.99239 
    57.62225 -148.71228 
    57.74363 -149.42096 
Cell 10 100 83.21282 -130.47890 
    72.08415 -130.47890 
    71.85791 -131.19330 
    71.55188 -131.95201 
    71.51524 -132.71033 
    71.94319 -133.37245 
    72.39973 -133.99228 
    72.87141 -134.57335 
    73.34875 -135.12057 
    73.82642 -135.63911 
    74.30260 -136.13350 
    74.77819 -136.60701 
    75.25589 -137.06145 
    75.73921 -137.49709 
    76.23174 -137.91299 
    76.73660 -138.30730 
    77.25613 -138.67758 
    77.79171 -139.02119 
    78.34384 -139.33553 
    78.91222 -139.61815 
    79.49583 -139.86694 
    80.09320 -140.08011 
    80.70244 -140.25621 
    81.32140 -140.39410 
    81.94775 -140.49298 
    82.57906 -140.55223 
    83.21282 -140.57407 
    83.84686 -140.55669 
    84.47879 -140.50008 
    85.10625 -140.40459 
    85.72694 -140.27077 
    86.33868 -140.09930 
    86.93936 -139.89105 
    87.52699 -139.64696 
    88.09970 -139.36809 
    88.65577 -139.05560 
    89.19360 -138.71072 
    89.71172 -138.33472 
    90.20877 -137.92883 
    90.68352 -137.49435 
    91.13480 -137.03253 
    91.56153 -136.54459 
    91.96261 -136.03168 
    92.33698 -135.49493 
    92.68347 -134.93544 
    93.00092 -134.35428 
    93.28796 -133.75250 
    93.54314 -133.13127 
    93.76485 -132.49181 
    93.95129 -131.83548 
    94.10055 -131.16389 
    94.21054 -130.47890 
    94.27914 -129.78267 
    94.30418 -129.07773 
    94.28357 -128.36703 
    94.21532 -127.65394 
    94.09771 -126.94218 
    93.92933 -126.23593 
    93.70921 -125.53967 
    93.43691 -124.85815 
    93.11257 -124.19633 
    92.73698 -123.55920 
    92.31161 -122.95172 
    91.83760 -122.37969 
    91.20149 -121.97183 
    90.52184 -121.64381 
    89.77673 -121.44447 
    89.00133 -121.35767 
    88.28876 -121.24580 
    87.61519 -121.12340 
    86.96642 -120.99841 
    86.33342 -120.87469 
    85.70991 -120.75338 
    85.09090 -120.63367 
    84.47182 -120.51293 
    83.84781 -120.38610 
    83.21282 -120.24511 
    82.55840 -120.07729 
    81.87210 -119.86602 
    81.17851 -119.81468 
    80.53527 -120.05053 
    79.91229 -120.32091 
    79.31084 -120.62360 
    78.73196 -120.95660 
    78.17661 -121.31806 
    77.64558 -121.70634 
    77.09216 -122.05453 
    76.47061 -122.32896 
    75.83755 -122.62503 
    75.19281 -122.94760 
    74.53954 -123.30373 
    74.19443 -123.92665 
    73.92358 -124.58376 
    73.66652 -125.23078 
    73.45653 -125.88793 
    73.23582 -126.52872 
    73.01740 -127.16621 
    72.81041 -127.80801 
    72.61903 -128.45802 
    72.44162 -129.11818 
    72.26927 -129.79039 
Cell 11 100 121.29833 -139.50491 
    111.13330 -139.50491 
    111.14387 -140.14378 
    111.19527 -140.78123 
    111.28738 -141.41461 
    111.41991 -142.04126 
    111.59239 -142.65857 
    111.80418 -143.26392 
    112.05445 -143.85475 
    112.34220 -144.42859 
    112.66628 -144.98299 
    113.02533 -145.51559 
    113.41789 -146.02419 
    113.84232 -146.50658 
    114.29684 -146.96075 
    114.77953 -147.38480 
    115.28835 -147.77695 
    115.82116 -148.13556 
    116.37569 -148.45917 
    116.94960 -148.74644 
    117.54045 -148.99623 
    118.14576 -149.20753 
    118.76295 -149.37956 
    119.38945 -149.51164 
    120.02261 -149.60333 
    120.65978 -149.65436 
    121.29833 -149.66461 
    121.93562 -149.63422 
    122.56902 -149.56345 
    123.19598 -149.45277 
    123.81403 -149.30292 
    124.42077 -149.11479 
    125.01398 -148.88956 
    125.59161 -148.62859 
    126.15192 -148.33356 
    126.69349 -148.00632 
    127.21535 -147.64899 
    127.71701 -147.26376 
    128.19855 -146.85291 
    128.66060 -146.41853 
    129.10419 -145.96248 
    129.53062 -145.48602 
    129.94113 -144.98981 
    130.33643 -144.47365 
    130.71623 -143.93665 
    131.07878 -143.37726 
    131.42038 -142.79376 
    131.73528 -142.18466 
    132.01569 -141.54936 
    132.25230 -140.88872 
    132.43498 -140.20557 
    132.55385 -139.50491 
    132.60042 -138.79384 
    132.56870 -138.08113 
    132.45598 -137.37648 
    132.58484 -136.60703 
    132.77155 -135.77704 
    132.41328 -135.10419 
    131.61916 -134.64830 
    130.82892 -134.26543 
    130.35486 -133.75748 
    129.85541 -133.28784 
    129.33862 -132.85341 
    128.81038 -132.45062 
    128.27441 -132.07614 
    127.73253 -131.72731 
    127.20972 -131.36859 
    126.69325 -131.00388 
    126.15791 -130.66536 
    125.60561 -130.35150 
    125.03734 -130.06126 
    124.45316 -129.79533 
    123.85244 -129.55731 
    123.23468 -129.35420 
    122.60066 -129.19588 
    121.95339 -129.09305 
    121.29833 -129.05447 
    120.64272 -129.08434 
    119.97182 -129.00447 
    119.25146 -128.77487 
    118.49097 -128.57098 
    117.71858 -128.48758 
    116.98551 -128.61198 
    116.34396 -128.97633 
    115.81904 -129.53812 
    115.39596 -130.20427 
    115.03203 -130.88010 
    114.68280 -131.50810 
    114.32235 -132.07625 
    113.94734 -132.60187 
    113.56856 -133.11029 
    113.17460 -133.60268 
    112.80823 -134.11693 
    112.47462 -134.65404 
    112.17524 -135.21191 
    111.91146 -135.78839 
    111.68449 -136.38118 
    111.49538 -136.98795 
    111.34503 -137.60622 
    111.23421 -138.23352 
    111.16350 -138.86728 
Cell 12 100 -119.88441 -120.60898 
    -129.89494 -120.60898 
    -129.87303 -121.23741 
    -130.23921 -121.91709 
    -130.61465 -122.65588 
    -130.92886 -123.44471 
    -131.17612 -124.27787 
    -131.35121 -125.14900 
    -131.45001 -126.05133 
    -131.46887 -126.97758 
    -131.40529 -127.92035 
    -131.25714 -128.87175 
    -131.02333 -129.82388 
    -130.70346 -130.76874 
    -130.29791 -131.69823 
    -126.97588 -129.18108 
    -125.93864 -128.94191 
    -125.22360 -129.02219 
    -124.62251 -129.22754 
    -124.05892 -129.48026 
    -123.49276 -129.72263 
    -122.90578 -129.90781 
    -122.30866 -130.05081 
    -121.70866 -130.17197 
    -121.10593 -130.27824 
    -120.49800 -130.36166 
    -119.88441 -130.41331 
    -119.26627 -130.43396 
    -118.61567 -130.65216 
    -118.04464 -130.25340 
    -117.50683 -129.86906 
    -117.00374 -129.47479 
    -116.53897 -129.05861 
    -116.09939 -128.65256 
    -115.67440 -128.26697 
    -115.25535 -127.90322 
    -114.83666 -127.55661 
    -114.41482 -127.22059 
    -113.98582 -126.89035 
    -113.54535 -126.56176 
    -113.09040 -126.22948 
    -112.62070 -125.88638 
    -112.13982 -125.52384 
    -111.65368 -125.13386 
    -111.17482 -124.70741 
    -110.69151 -124.24870 
    -110.09012 -123.79134 
    -109.27730 -123.33242 
    -107.99081 -122.87781 
    -106.21066 -122.33637 
    -106.59019 -121.44538 
    -107.02973 -120.60898 
    -107.42454 -119.82507 
    -107.77932 -119.07975 
    -108.15459 -118.37139 
    -108.12755 -117.59033 
    -108.38885 -116.87384 
    -108.95837 -116.28305 
    -109.69241 -115.81298 
    -110.43237 -115.41267 
    -111.03947 -114.99580 
    -111.30247 -114.37383 
    -111.59876 -113.75449 
    -111.93436 -113.14338 
    -112.31555 -112.54896 
    -112.74783 -111.98233 
    -113.23466 -111.45637 
    -113.77647 -110.98439 
    -114.37013 -110.57854 
    -115.00898 -110.24815 
    -115.68344 -109.99852 
    -116.38219 -109.83023 
    -117.09354 -109.73927 
    -117.80682 -109.71783 
    -118.51334 -109.75577 
    -119.20702 -109.84206 
    -119.88441 -109.96638 
    -120.54431 -110.12026 
    -121.18703 -110.29771 
    -121.81370 -110.49532 
    -122.42551 -110.71204 
    -123.02328 -110.94853 
    -123.60712 -111.20650 
    -124.17638 -111.48808 
    -124.72977 -111.79531 
    -125.26548 -112.12978 
    -125.78211 -112.49150 
    -126.27967 -112.87844 
    -126.75183 -113.29592 
    -127.19671 -113.74228 
    -127.61255 -114.21571 
    -127.99770 -114.71434 
    -128.35063 -115.23615 
    -128.66997 -115.77908 
    -128.95445 -116.34095 
    -129.20296 -116.91951 
    -129.41452 -117.51246 
    -129.58833 -118.11743 
    -129.72372 -118.73203 
    -129.82016 -119.35380 
    -129.87730 -119.98028 
Cell 13 100 -73.89240 -105.07378 
    -83.60132 -105.07378 
    -83.65490 -105.68798 
    -83.77142 -106.32178 
    -83.93198 -106.98893 
    -83.80308 -107.61841 
    -83.63320 -108.23875 
    -83.42365 -108.84747 
    -83.17520 -109.44193 
    -82.88882 -110.01960 
    -82.56564 -110.57799 
    -82.20699 -111.11468 
    -81.81432 -111.62737 
    -81.38930 -112.11383 
    -80.93369 -112.57199 
    -80.44942 -112.99986 
    -79.93857 -113.39562 
    -79.40331 -113.75758 
    -78.84592 -114.08421 
    -78.26882 -114.37415 
    -77.67447 -114.62619 
    -77.06541 -114.83932 
    -76.44427 -115.01268 
    -75.81371 -115.14562 
    -75.17639 -115.23766 
    -74.53505 -115.28852 
    -73.89240 -115.29809 
    -73.25113 -115.26646 
    -72.61393 -115.19389 
    -71.98344 -115.08086 
    -71.36227 -114.92797 
    -70.75293 -114.73606 
    -70.15788 -114.50610 
    -69.57947 -114.23921 
    -69.01994 -113.93673 
    -68.47108 -113.61639 
    -67.92708 -113.28433 
    -67.40158 -112.91982 
    -66.89648 -112.52367 
    -66.41369 -112.09675 
    -65.95522 -111.63998 
    -65.52315 -111.15439 
    -65.11967 -110.64111 
    -64.74706 -110.10147 
    -64.40762 -109.53697 
    -64.10374 -108.94938 
    -63.83776 -108.34073 
    -63.61197 -107.71334 
    -63.42854 -107.06986 
    -63.28942 -106.41325 
    -63.19629 -105.74672 
    -63.15051 -105.07378 
    -63.15301 -104.39811 
    -63.20430 -103.72356 
    -63.30440 -103.05401 
    -63.45284 -102.39336 
    -63.64865 -101.74538 
    -63.89044 -101.11372 
    -64.17636 -100.50175 
    -64.43929 -99.87688 
    -64.70387 -99.24255 
    -65.00926 -98.61980 
    -65.35650 -98.01227 
    -65.74632 -97.42410 
    -66.17902 -96.85987 
    -66.65437 -96.32450 
    -67.17139 -95.82310 
    -67.72839 -95.36086 
    -68.32283 -94.94277 
    -68.95135 -94.57351 
    -69.60981 -94.25719 
    -70.29340 -93.99723 
    -70.99679 -93.79613 
    -71.71424 -93.65547 
    -72.43986 -93.57578 
    -73.16779 -93.55655 
    -73.89240 -93.59636 
    -74.60842 -93.69292 
    -75.31114 -93.84322 
    -75.99648 -94.04375 
    -76.66103 -94.29064 
    -77.30206 -94.57990 
    -77.91751 -94.90750 
    -78.50588 -95.26963 
    -79.06617 -95.66272 
    -79.59775 -96.08359 
    -80.10024 -96.52941 
    -80.57344 -96.99778 
    -81.01717 -97.48666 
    -81.43039 -97.99513 
    -81.57386 -98.71912 
    -81.82996 -99.30680 
    -82.13449 -99.84319 
    -82.43001 -100.38019 
    -82.69674 -100.93077 
    -82.93260 -101.49451 
    -83.14211 -102.06837 
    -83.28791 -102.66142 
    -83.39040 -103.26193 
    -83.47032 -103.86380 
    -83.54089 -104.46674 
Cell 14 100 -48.75973 -112.37682 
    -59.28579 -112.37682 
    -59.27624 -113.03847 
    -59.22719 -113.69917 
    -59.13779 -114.35654 
    -59.00744 -115.00799 
    -58.83579 -115.65073 
    -58.62289 -116.28192 
    -58.36911 -116.89865 
    -58.07517 -117.49803 
    -57.74210 -118.07721 
    -57.37123 -118.63344 
    -56.96412 -119.16408 
    -56.52257 -119.66662 
    -56.04670 -120.13666 
    -55.54039 -120.57323 
    -55.00697 -120.97540 
    -54.44930 -121.34215 
    -53.86978 -121.67196 
    -53.27074 -121.96320 
    -52.65467 -122.21430 
    -52.02423 -122.42391 
    -51.38233 -122.59116 
    -50.73185 -122.71505 
    -50.07589 -122.79528 
    -49.41750 -122.83179 
    -48.75973 -122.83096 
    -48.10086 -122.84924 
    -47.43849 -122.83552 
    -46.77404 -122.78616 
    -46.10893 -122.70103 
    -45.44456 -122.57987 
    -44.87995 -122.17604 
    -44.48874 -121.45315 
    -44.08168 -120.88617 
    -43.66702 -120.40166 
    -43.24924 -119.96136 
    -42.83013 -119.54448 
    -42.40959 -119.13904 
    -41.98631 -118.73749 
    -41.55561 -118.33659 
    -41.11902 -117.92813 
    -40.67231 -117.50926 
    -40.20946 -117.07737 
    -39.72166 -116.62981 
    -39.19432 -116.16403 
    -38.60334 -115.67683 
    -37.96813 -115.14764 
    -37.35447 -114.55250 
    -36.67033 -113.90407 
    -36.28086 -113.16193 
    -36.23004 -112.37682 
    -36.24437 -111.58942 
    -36.32409 -110.80584 
    -36.46859 -110.03217 
    -36.67636 -109.27435 
    -36.94512 -108.53802 
    -37.27178 -107.82842 
    -37.65262 -107.15022 
    -38.08340 -106.50746 
    -38.55946 -105.90353 
    -39.07587 -105.34109 
    -39.62760 -104.82207 
    -40.20961 -104.34772 
    -40.81701 -103.91868 
    -41.44512 -103.53498 
    -41.99847 -103.07076 
    -42.57182 -102.62624 
    -43.21937 -102.29894 
    -43.91955 -102.09091 
    -44.64632 -101.98753 
    -45.37595 -101.96262 
    -46.09198 -101.98662 
    -46.77817 -101.98909 
    -47.44471 -101.96736 
    -48.10561 -101.97990 
    -48.75973 -102.02595 
    -49.40599 -102.10488 
    -50.04331 -102.21624 
    -50.67060 -102.35968 
    -51.30600 -102.45979 
    -51.94361 -102.57784 
    -52.58027 -102.72726 
    -53.21407 -102.91087 
    -53.84183 -103.13253 
    -54.45871 -103.39667 
    -55.05827 -103.70763 
    -55.63272 -104.06880 
    -56.17360 -104.48186 
    -56.67262 -104.94613 
    -57.12265 -105.45841 
    -57.51856 -106.01316 
    -57.85777 -106.60303 
    -58.14038 -107.21976 
    -58.36895 -107.85507 
    -58.55397 -108.49901 
    -58.76887 -109.12466 
    -58.94613 -109.76140 
    -59.08648 -110.40689 
    -59.19013 -111.05916 
    -59.25679 -111.71641 
Cell 15 100 -61.29612 -84.96890 
    -71.77219 -84.96890 
    -71.65990 -85.62093 
    -71.56120 -86.26569 
    -71.45411 -86.90664 
    -71.30938 -87.53987 
    -71.12778 -88.16340 
    -70.91005 -88.77533 
    -70.65688 -89.37374 
    -70.36898 -89.95675 
    -70.04705 -90.52242 
    -69.69183 -91.06874 
    -69.30415 -91.59372 
    -68.88494 -92.09528 
    -68.43529 -92.57134 
    -67.95641 -93.01981 
    -67.44971 -93.43861 
    -66.91681 -93.82569 
    -66.35947 -94.17912 
    -65.77971 -94.49702 
    -65.17968 -94.77767 
    -64.56175 -95.01949 
    -63.92842 -95.22107 
    -63.28237 -95.38120 
    -62.62636 -95.49886 
    -61.96329 -95.57328 
    -61.29612 -95.60390 
    -60.62787 -95.59038 
    -59.96161 -95.53265 
    -59.30038 -95.43089 
    -58.64727 -95.28547 
    -58.00528 -95.09705 
    -57.37739 -94.86647 
    -56.76649 -94.59485 
    -56.17538 -94.28349 
    -55.60675 -93.93391 
    -55.06317 -93.54782 
    -54.54706 -93.12711 
    -54.06067 -92.67387 
    -53.60611 -92.19030 
    -53.18529 -91.67876 
    -52.79992 -91.14175 
    -52.39103 -90.62024 
    -51.99588 -90.08175 
    -51.63419 -89.51546 
    -51.30947 -88.92290 
    -51.02525 -88.30611 
    -50.78499 -87.66770 
    -50.59191 -87.01084 
    -50.44882 -86.33923 
    -50.35800 -85.65707 
    -50.32100 -84.96890 
    -50.33864 -84.27952 
    -50.41087 -83.59378 
    -50.53685 -82.91647 
    -50.71492 -82.25211 
    -50.94274 -81.60489 
    -51.21741 -80.97846 
    -51.53562 -80.37596 
    -51.89379 -79.79993 
    -52.28826 -79.25234 
    -52.26511 -78.40749 
    -51.79173 -77.10619 
    -53.22499 -77.38961 
    -54.15973 -77.36942 
    -54.68582 -76.97843 
    -55.17875 -76.54907 
    -55.66652 -76.09808 
    -56.17942 -75.66167 
    -56.71829 -75.24052 
    -57.28426 -74.83611 
    -57.87857 -74.45077 
    -58.50236 -74.08793 
    -59.15639 -73.75208 
    -59.84079 -73.44878 
    -60.55471 -73.18454 
    -61.29612 -72.96653 
    -62.06158 -72.80226 
    -62.84614 -72.69918 
    -63.64337 -72.66418 
    -64.44543 -72.70311 
    -65.24342 -72.82034 
    -66.02766 -73.01839 
    -66.78819 -73.29764 
    -67.51530 -73.65627 
    -68.19995 -74.09021 
    -68.83434 -74.59344 
    -69.41219 -75.15825 
    -69.92912 -75.77569 
    -70.38262 -76.43610 
    -70.77216 -77.12964 
    -71.09895 -77.84673 
    -71.36568 -78.57857 
    -71.57621 -79.31738 
    -71.73509 -80.05669 
    -71.84722 -80.79143 
    -71.91743 -81.51783 
    -71.95020 -82.23340 
    -71.94936 -82.93669 
    -71.91803 -83.62704 
    -71.85848 -84.30437 
Cell 16 100 -34.11446 -124.23985 
    -45.06586 -124.23985 
    -44.97390 -124.92307 
    -44.83050 -125.59361 
    -44.64047 -126.24780 
    -44.40874 -126.88297 
    -44.14003 -127.49735 
    -43.86628 -128.10088 
    -43.60308 -128.70486 
    -43.30712 -129.29356 
    -42.97886 -129.86537 
    -42.62794 -130.42526 
    -42.24073 -130.96249 
    -41.81979 -131.47565 
    -41.36653 -131.96252 
    -40.88271 -132.42126 
    -40.37023 -132.85019 
    -39.83011 -133.24628 
    -39.26419 -133.60716 
    -38.67459 -133.93063 
    -38.06342 -134.21378 
    -37.43357 -134.45505 
    -36.78818 -134.65331 
    -36.13034 -134.80746 
    -35.46325 -134.91660 
    -34.79020 -134.98036 
    -34.11446 -134.99832 
    -33.43937 -134.97009 
    -32.76829 -134.89592 
    -32.10453 -134.77629 
    -31.45132 -134.61209 
    -30.81186 -134.40422 
    -30.18935 -134.15355 
    -29.58635 -133.86258 
    -29.00557 -133.53288 
    -28.44954 -133.16634 
    -27.92063 -132.76492 
    -27.42104 -132.33081 
    -26.95278 -131.86627 
    -26.51767 -131.37370 
    -26.11732 -130.85567 
    -25.75313 -130.31471 
    -25.42627 -129.75354 
    -25.13775 -129.17485 
    -24.89398 -128.57867 
    -24.69344 -127.96989 
    -24.53897 -127.35112 
    -24.42705 -126.72716 
    -24.31830 -126.10857 
    -24.25717 -125.48512 
    -24.22707 -124.86192 
    -24.22606 -124.23985 
    -24.25720 -123.61968 
    -24.30989 -123.00125 
    -24.36881 -122.38077 
    -24.45114 -121.75874 
    -24.55953 -121.13527 
    -24.68917 -120.50812 
    -24.84344 -119.87724 
    -25.05924 -119.26170 
    -25.29926 -118.64555 
    -25.56488 -118.02822 
    -25.85894 -117.41029 
    -26.18563 -116.79419 
    -26.55011 -116.18463 
    -26.95781 -115.58895 
    -27.41369 -115.01703 
    -27.92119 -114.48083 
    -28.48146 -113.99346 
    -29.09270 -113.56806 
    -29.74994 -113.21632 
    -30.44527 -112.94726 
    -31.16850 -112.76608 
    -31.90811 -112.67374 
    -32.65245 -112.66682 
    -33.39083 -112.73814 
    -34.11446 -112.87778 
    -34.81694 -113.07430 
    -35.49445 -113.31616 
    -36.14549 -113.59280 
    -36.74908 -113.97870 
    -37.28382 -114.48554 
    -37.78474 -114.96979 
    -38.27330 -115.40188 
    -38.75382 -115.80089 
    -39.22329 -116.18962 
    -39.67404 -116.58775 
    -40.11300 -116.98886 
    -40.54578 -117.39119 
    -40.97728 -117.79523 
    -41.41232 -118.20254 
    -41.85546 -118.61569 
    -42.30637 -119.04111 
    -42.76665 -119.48328 
    -43.23559 -119.94778 
    -43.70285 -120.44354 
    -44.14871 -120.97953 
    -44.54720 -121.56118 
    -44.89119 -122.18408 
    -45.07920 -122.85468 
    -45.10208 -123.54857 
Cell 17 100 -14.47818 -122.18690 
    -24.39447 -122.18690 
    -24.32837 -122.80662 
    -24.27384 -123.42438 
    -24.23568 -124.04824 
    -24.22679 -124.68991 
    -24.25124 -125.36235 
    -24.31568 -126.08183 
    -24.13400 -126.73058 
    -23.82347 -127.32451 
    -23.47565 -127.89687 
    -23.09233 -128.44543 
    -22.67540 -128.96822 
    -22.22679 -129.46332 
    -21.74850 -129.92900 
    -21.24252 -130.36357 
    -20.71091 -130.76550 
    -20.15579 -131.13336 
    -19.57930 -131.46579 
    -18.98365 -131.76151 
    -18.37114 -132.01939 
    -17.74409 -132.23833 
    -17.10494 -132.41745 
    -16.45618 -132.55591 
    -15.80037 -132.65306 
    -15.14014 -132.70842 
    -14.47818 -132.72148 
    -13.81727 -132.69179 
    -13.16044 -132.61795 
    -12.51219 -132.49303 
    -11.88285 -132.29506 
    -11.31001 -131.93755 
    -10.80653 -131.46042 
    -10.29435 -131.07800 
    -9.77567 -130.74074 
    -9.25299 -130.42049 
    -8.71964 -130.11285 
    -8.16734 -129.81540 
    -7.49998 -129.61794 
    -6.94207 -129.26378 
    -6.53109 -128.76131 
    -6.15433 -128.23453 
    -5.81316 -127.68589 
    -5.50883 -127.11784 
    -5.24233 -126.53296 
    -5.01453 -125.93382 
    -4.82606 -125.32307 
    -4.67739 -124.70332 
    -4.56872 -124.07722 
    -4.46936 -123.45131 
    -4.38841 -122.82169 
    -4.34268 -122.18690 
    -4.33221 -121.54857 
    -4.35711 -120.90831 
    -4.41764 -120.26775 
    -4.51421 -119.62859 
    -4.64740 -118.99268 
    -4.81794 -118.36214 
    -5.02665 -117.73934 
    -5.27440 -117.12708 
    -5.56195 -116.52848 
    -5.88987 -115.94712 
    -6.25839 -115.38689 
    -6.66726 -114.85195 
    -7.11566 -114.34660 
    -7.60208 -113.87511 
    -8.12434 -113.44157 
    -8.67954 -113.04969 
    -9.26417 -112.70263 
    -9.87418 -112.40289 
    -10.37545 -111.82458 
    -10.67459 -110.48064 
    -11.48486 -110.52867 
    -12.36640 -111.11655 
    -13.07087 -111.04684 
    -13.78088 -111.10355 
    -14.47819 -111.26206 
    -15.15131 -111.48794 
    -15.79697 -111.74763 
    -16.41821 -112.01692 
    -17.03612 -112.22439 
    -17.64180 -112.45029 
    -18.23100 -112.70837 
    -18.80247 -112.99732 
    -19.35497 -113.31606 
    -19.88721 -113.66364 
    -20.39784 -114.03920 
    -20.91607 -114.40484 
    -21.42927 -114.78474 
    -21.91995 -115.19861 
    -22.38538 -115.64549 
    -22.82279 -116.12419 
    -23.22945 -116.63318 
    -23.60273 -117.17064 
    -23.94011 -117.73445 
    -24.23927 -118.32221 
    -24.49812 -118.93123 
    -24.71476 -119.55859 
    -24.75819 -120.22588 
    -24.60664 -120.90738 
    -24.48617 -121.55724 
Cell 18 100 18.10015 -120.46280 
    7.98247 -120.46280 
    8.00285 -121.09807 
    8.05354 -121.73198 
    8.14450 -122.36194 
    8.27548 -122.98534 
    8.44601 -123.59962 
    8.65549 -124.20220 
    8.90313 -124.79059 
    9.18797 -125.36231 
    9.50888 -125.91498 
    9.86460 -126.44627 
    10.25369 -126.95395 
    10.67456 -127.43589 
    11.12548 -127.89006 
    11.60461 -128.31456 
    12.10996 -128.70758 
    12.63941 -129.06754 
    13.19079 -129.39288 
    13.76177 -129.68231 
    14.34998 -129.93465 
    14.95295 -130.14886 
    15.56818 -130.32417 
    16.19310 -130.45990 
    16.82512 -130.55565 
    17.46166 -130.61118 
    18.10015 -130.62646 
    18.73803 -130.60173 
    19.37287 -130.53741 
    20.00229 -130.43419 
    20.62411 -130.29298 
    21.23630 -130.11490 
    21.83711 -129.90131 
    22.42504 -129.65366 
    22.99890 -129.37360 
    23.55784 -129.06274 
    24.10134 -128.72273 
    24.62917 -128.35504 
    25.14132 -127.96089 
    25.61222 -127.51711 
    25.93922 -126.94785 
    26.18017 -126.33328 
    26.39881 -125.72929 
    26.59980 -125.13552 
    26.78859 -124.55128 
    26.97072 -123.97491 
    27.15131 -123.40369 
    27.33407 -122.83367 
    27.52210 -122.26013 
    27.71773 -121.67778 
    27.92196 -121.08073 
    28.13939 -120.46280 
    28.41652 -119.81374 
    28.77247 -119.11457 
    29.21379 -118.34276 
    29.68480 -117.48837 
    29.46386 -116.77051 
    29.17132 -116.07941 
    28.81186 -115.42225 
    28.39176 -114.80493 
    27.91857 -114.23184 
    27.40051 -113.70569 
    26.84604 -113.22757 
    26.26329 -112.79710 
    25.65971 -112.41268 
    25.04175 -112.07185 
    24.41465 -111.77163 
    23.78246 -111.50890 
    23.17566 -111.23048 
    22.56809 -110.96793 
    21.94767 -110.74506 
    21.31714 -110.56190 
    20.67913 -110.41830 
    20.03612 -110.31406 
    19.39047 -110.24884 
    18.74442 -110.22231 
    18.10015 -110.17375 
    17.45214 -110.16299 
    16.80300 -110.19483 
    16.15581 -110.27022 
    15.51384 -110.38980 
    14.88054 -110.55387 
    14.25945 -110.76231 
    13.65411 -111.01450 
    13.06801 -111.30939 
    12.50444 -111.64539 
    11.96646 -112.02051 
    11.45679 -112.43237 
    10.97780 -112.87827 
    10.53143 -113.35531 
    10.11926 -113.86044 
    9.74246 -114.39059 
    9.40189 -114.94272 
    9.09809 -115.51388 
    8.83143 -116.10127 
    8.60041 -116.70159 
    8.40046 -117.31118 
    8.23926 -117.93095 
    8.11690 -118.55840 
    8.03338 -119.19107 
    7.98862 -119.82664 
Cell 19 100 22.50711 -97.72475 
    11.32041 -97.72475 
    11.37727 -98.42497 
    11.48531 -99.11713 
    11.64266 -99.79725 
    11.84704 -100.46179 
    12.09588 -101.10756 
    12.38639 -101.73182 
    12.71571 -102.33223 
    13.08090 -102.90685 
    13.47912 -103.45409 
    13.90759 -103.97266 
    14.36370 -104.46156 
    14.84501 -104.91994 
    15.34923 -105.34711 
    15.87428 -105.74246 
    16.40807 -106.11936 
    16.93420 -106.50625 
    17.48566 -106.85873 
    18.06013 -107.17507 
    18.65518 -107.45362 
    19.26824 -107.69297 
    19.89664 -107.89187 
    20.53761 -108.04923 
    21.18830 -108.16422 
    21.84579 -108.23618 
    22.50711 -108.26469 
    23.16928 -108.24953 
    23.82927 -108.19071 
    24.48409 -108.08846 
    25.13077 -107.94321 
    25.76635 -107.75566 
    26.38797 -107.52666 
    26.99281 -107.25734 
    27.57817 -106.94897 
    28.14145 -106.60305 
    28.68019 -106.22126 
    29.19206 -105.80546 
    29.67491 -105.35767 
    30.12676 -104.88007 
    30.54586 -104.37498 
    30.93068 -103.84483 
    31.27996 -103.29217 
    31.59275 -102.71962 
    31.86841 -102.12984 
    32.10663 -101.52547 
    32.30751 -100.90909 
    32.47150 -100.28316 
    32.59938 -99.64995 
    32.69221 -99.01142 
    32.75122 -98.36926 
    32.77769 -97.72475 
    32.77271 -97.07889 
    32.73706 -96.43240 
    32.67096 -95.78589 
    32.57389 -95.14004 
    32.44457 -94.49587 
    32.28091 -93.85503 
    32.08018 -93.22000 
    31.83922 -92.59438 
    31.55492 -91.98283 
    31.28799 -91.34506 
    31.02989 -90.67410 
    30.73596 -89.99734 
    30.39822 -89.32156 
    30.00864 -88.65696 
    29.56025 -88.01694 
    29.04835 -87.41740 
    28.47153 -86.87551 
    27.83233 -86.40808 
    27.13743 -86.02991 
    26.39725 -85.75213 
    25.62509 -85.58102 
    24.83581 -85.51727 
    24.04437 -85.55606 
    23.26442 -85.68770 
    22.50711 -85.89890 
    21.78042 -86.17432 
    21.08888 -86.49828 
    20.43383 -86.85620 
    19.81402 -87.23585 
    19.22647 -87.62798 
    18.66512 -88.02097 
    18.03673 -88.22469 
    17.41741 -88.46661 
    16.80973 -88.74711 
    16.21652 -89.06650 
    15.64088 -89.42490 
    15.08610 -89.82217 
    14.55572 -90.25789 
    14.05340 -90.73122 
    13.58289 -91.24092 
    13.14794 -91.78524 
    12.75218 -92.36193 
    12.39903 -92.96825 
    12.09160 -93.60095 
    11.83260 -94.25639 
    11.62422 -94.93050 
    11.46811 -95.61894 
    11.36529 -96.31721 
    11.31613 -97.02067 
Cell 20 100 70.34800 -96.84081 
    60.25925 -96.84081 
    60.27448 -97.47459 
    60.32969 -98.10642 
    60.42472 -98.73378 
    60.55929 -99.35413 
    60.73291 -99.96494 
    60.94496 -100.56374 
    61.19461 -101.14807 
    61.48089 -101.71555 
    61.80268 -102.26384 
    62.15868 -102.79070 
    62.54749 -103.29396 
    62.96750 -103.77156 
    63.41699 -104.22158 
    63.89417 -104.64215 
    64.39708 -105.03156 
    64.92365 -105.38821 
    65.47174 -105.71069 
    66.03909 -105.99770 
    66.62339 -106.24809 
    67.22224 -106.46090 
    67.83320 -106.63531 
    68.45378 -106.77067 
    69.08146 -106.86649 
    69.71371 -106.92249 
    70.34800 -106.93852 
    70.98179 -106.91463 
    71.61258 -106.85101 
    72.23791 -106.74805 
    72.85535 -106.60629 
    73.46254 -106.42639 
    74.05721 -106.20922 
    74.63716 -105.95575 
    75.20028 -105.66707 
    75.74454 -105.34441 
    76.26807 -104.98910 
    76.76907 -104.60255 
    77.24581 -104.18624 
    77.69674 -103.74174 
    78.12036 -103.27067 
    78.51527 -102.77467 
    78.88014 -102.25548 
    79.21375 -101.71480 
    79.51491 -101.15443 
    79.78248 -100.57619 
    80.01955 -99.98329 
    80.29386 -99.39448 
    80.57082 -98.79092 
    80.85139 -98.16770 
    81.12746 -97.51900 
    81.37978 -96.84081 
    81.57930 -96.13420 
    81.69249 -95.40767 
    81.68969 -94.67727 
    81.55359 -93.96371 
    81.28468 -93.28727 
    80.90128 -92.66248 
    80.43422 -92.09460 
    79.98726 -91.54159 
    79.84211 -90.81567 
    79.65236 -90.08080 
    79.40411 -89.34895 
    79.08431 -88.63687 
    78.68309 -87.96484 
    78.19581 -87.35444 
    77.62441 -86.82569 
    76.97759 -86.39424 
    76.26981 -86.06908 
    75.51928 -85.85128 
    74.74544 -85.73415 
    73.96635 -85.70469 
    73.19669 -85.74589 
    72.44660 -85.83956 
    71.72417 -85.94725 
    71.03245 -85.96185 
    70.34800 -86.02270 
    69.67394 -86.12694 
    69.01281 -86.27171 
    68.36665 -86.45425 
    67.73711 -86.67204 
    67.12546 -86.92284 
    66.53280 -87.20473 
    65.96010 -87.51605 
    65.40828 -87.85549 
    64.87828 -88.22192 
    64.37113 -88.61436 
    63.88795 -89.03195 
    63.42994 -89.47382 
    62.99841 -89.93909 
    62.59474 -90.42676 
    62.21608 -90.93262 
    61.86016 -91.45427 
    61.53684 -91.99684 
    61.24746 -92.55843 
    60.99324 -93.13700 
    60.77531 -93.73046 
    60.59464 -94.33658 
    60.45209 -94.95306 
    60.34834 -95.57756 
    60.28394 -96.20763 
Cell 21 100 64.13766 -125.42117 
    54.13178 -125.42117 
    54.15255 -126.04938 
    54.21273 -126.67497 
    54.31208 -127.29549 
    54.45020 -127.90849 
    54.62651 -128.51152 
    54.82784 -129.10718 
    55.02882 -129.70746 
    55.26029 -130.30153 
    55.53005 -130.88371 
    55.83799 -131.45123 
    56.18378 -132.00117 
    56.56672 -132.53075 
    56.98578 -133.03714 
    57.43974 -133.51756 
    57.92709 -133.96928 
    58.44599 -134.38980 
    58.99449 -134.77655 
    59.57032 -135.12726 
    60.17102 -135.43976 
    60.79395 -135.71202 
    61.43637 -135.94199 
    62.09525 -136.12787 
    62.76727 -136.26888 
    63.44919 -136.36403 
    64.13766 -136.41251 
    64.82928 -136.41426 
    65.52071 -136.36911 
    66.20853 -136.27707 
    66.88934 -136.13824 
    67.55923 -135.95169 
    68.21491 -135.71915 
    68.85307 -135.44194 
    69.46539 -135.11227 
    70.03484 -134.71364 
    70.53719 -134.22937 
    70.95052 -133.65651 
    71.25211 -132.99730 
    71.49374 -132.32899 
    71.67203 -131.65413 
    71.89989 -131.06075 
    72.08753 -130.46631 
    72.24557 -129.87852 
    72.39346 -129.30605 
    72.54102 -128.74829 
    72.69456 -128.20148 
    72.85809 -127.66019 
    73.03385 -127.11820 
    73.22209 -126.56879 
    73.41624 -126.00492 
    73.60568 -125.42117 
    73.83324 -124.81117 
    74.09701 -124.16301 
    74.36848 -123.46953 
    74.25410 -122.82371 
    74.09630 -122.18541 
    73.89494 -121.55798 
    73.65023 -120.94489 
    73.36282 -120.34959 
    73.03374 -119.77554 
    72.66451 -119.22604 
    72.25702 -118.70425 
    71.81358 -118.21300 
    71.33682 -117.75483 
    70.82967 -117.33191 
    70.29523 -116.94599 
    69.77082 -116.54472 
    69.29100 -116.04727 
    68.78220 -115.55099 
    68.23667 -115.06824 
    67.64777 -114.61816 
    67.01239 -114.22482 
    66.33281 -113.91376 
    65.61745 -113.70734 
    64.88010 -113.62025 
    64.13766 -113.65643 
    63.40703 -113.80823 
    62.70217 -114.05814 
    62.03193 -114.38257 
    61.39943 -114.75645 
    60.80283 -115.15762 
    60.23716 -115.56965 
    59.69643 -115.98307 
    59.17538 -116.39483 
    58.67073 -116.80666 
    58.18126 -117.22290 
    57.70375 -117.64391 
    57.24549 -118.08176 
    56.81402 -118.54382 
    56.40988 -119.02820 
    56.03111 -119.53142 
    55.68043 -120.05405 
    55.36209 -120.59676 
    55.07782 -121.15793 
    54.82906 -121.73563 
    54.61694 -122.32770 
    54.44239 -122.93185 
    54.30614 -123.54570 
    54.20872 -124.16685 
    54.15053 -124.79283 
Cell 22 100 71.35206 -70.99434 
    59.21873 -70.99434 
    59.23826 -71.75648 
    59.33200 -72.51283 
    59.49732 -73.25575 
    59.73000 -73.97838 
    60.02461 -74.67485 
    60.37481 -75.34054 
    60.77378 -75.97210 
    61.21465 -76.56743 
    61.69079 -77.12556 
    62.19617 -77.64648 
    62.72551 -78.13084 
    63.27443 -78.57973 
    63.83946 -78.99445 
    64.41799 -79.37619 
    65.00816 -79.72598 
    65.60867 -80.04448 
    66.21865 -80.33196 
    66.83749 -80.58828 
    67.46462 -80.81288 
    68.09942 -81.00493 
    68.74110 -81.16334 
    69.38865 -81.28691 
    70.04075 -81.37441 
    70.69584 -81.42467 
    71.35206 -81.44308 
    72.00848 -81.42779 
    72.66276 -81.36958 
    73.31199 -81.26867 
    73.95329 -81.12549 
    74.58382 -80.94068 
    75.20077 -80.71507 
    75.80141 -80.44971 
    76.38312 -80.14581 
    76.94333 -79.80477 
    77.47962 -79.42821 
    77.98969 -79.01786 
    78.47138 -78.57565 
    78.92269 -78.10364 
    79.34182 -77.60405 
    79.72723 -77.07925 
    80.07774 -76.53182 
    80.39274 -75.96449 
    80.67257 -75.38024 
    80.91898 -74.78215 
    81.13577 -74.17326 
    81.32943 -73.55609 
    81.50938 -72.93195 
    81.68738 -72.30000 
    81.87569 -71.65643 
    82.08365 -70.99434 
    82.31314 -70.30473 
    82.55417 -69.57919 
    82.78230 -68.81390 
    82.95995 -68.01394 
    83.04217 -67.19599 
    82.98643 -66.38796 
    82.76338 -65.62458 
    82.36510 -64.93987 
    81.80784 -64.35890 
    81.12809 -63.89164 
    80.37339 -63.53124 
    79.86661 -62.99865 
    79.45477 -62.36583 
    78.99551 -61.75499 
    78.48851 -61.17185 
    77.93421 -60.62252 
    77.33393 -60.11335 
    76.68998 -59.65068 
    76.00566 -59.24068 
    75.28529 -58.88909 
    74.53413 -58.60097 
    73.75827 -58.38052 
    72.96445 -58.23090 
    72.15990 -58.15408 
    71.35206 -58.15077 
    70.54839 -58.22041 
    69.75612 -58.36116 
    68.98200 -58.57006 
    68.23215 -58.84312 
    67.51190 -59.17556 
    66.82566 -59.56196 
    66.17688 -59.99652 
    65.56807 -60.47330 
    65.00082 -60.98639 
    64.47591 -61.53013 
    63.99339 -62.09924 
    63.55278 -62.68895 
    63.15317 -63.29507 
    62.79338 -63.91398 
    62.47211 -64.54269 
    61.98859 -65.05210 
    61.48634 -65.57062 
    61.01627 -66.13068 
    60.58569 -66.73163 
    60.20214 -67.37151 
    59.87300 -68.04702 
    59.60502 -68.75347 
    59.40398 -69.48495 
    59.27430 -70.23447 
Cell 23 100 87.75125 -111.93517 
    76.21127 -111.93517 
    76.37952 -112.65062 
    76.59692 -113.34429 
    76.85625 -114.01350 
    77.15082 -114.65690 
    77.47485 -115.27418 
    77.82367 -115.86578 
    78.19382 -116.43256 
    78.58297 -116.97548 
    78.98981 -117.49535 
    79.41380 -117.99268 
    79.85500 -118.46752 
    80.31374 -118.91946 
    80.78953 -119.34866 
    81.29008 -119.74538 
    81.96776 -119.89547 
    82.58051 -120.08296 
    83.18653 -120.23837 
    83.78147 -120.37137 
    84.36378 -120.49097 
    84.93483 -120.60323 
    85.49766 -120.71233 
    86.05624 -120.82076 
    86.61497 -120.92972 
    87.17847 -121.03926 
    87.75125 -121.14812 
    88.33751 -121.25346 
    88.94038 -121.34810 
    89.56063 -121.42027 
    90.22351 -121.56400 
    90.97719 -121.86357 
    91.77089 -122.08762 
    92.40638 -121.82783 
    93.02335 -121.52509 
    93.61871 -121.18081 
    94.18948 -120.79662 
    94.73280 -120.37442 
    95.24599 -119.91627 
    95.72656 -119.42449 
    96.17218 -118.90157 
    96.58074 -118.35017 
    96.95037 -117.77311 
    97.27942 -117.17332 
    97.56648 -116.55387 
    97.81045 -115.91789 
    98.01040 -115.26857 
    98.16576 -114.60916 
    98.27615 -113.94291 
    98.34155 -113.27304 
    98.36211 -112.60275 
    98.33834 -111.93517 
    98.27097 -111.27333 
    98.16099 -110.62012 
    98.00966 -109.97828 
    97.81847 -109.35035 
    97.58913 -108.73866 
    97.32355 -108.14523 
    97.02380 -107.57184 
    96.69208 -107.01991 
    96.33065 -106.49052 
    95.94179 -105.98440 
    95.52772 -105.50192 
    95.09054 -105.04313 
    94.63213 -104.60779 
    94.15408 -104.19548 
    93.65768 -103.80567 
    93.14382 -103.43784 
    92.61301 -103.09167 
    92.06540 -102.76714 
    91.50086 -102.46474 
    90.91909 -102.18556 
    90.31978 -101.93140 
    89.70279 -101.70484 
    89.06836 -101.50919 
    88.41731 -101.34845 
    87.75125 -101.22710 
    87.07270 -101.14988 
    86.38517 -101.12153 
    85.69318 -101.14641 
    85.00217 -101.22819 
    84.31828 -101.36956 
    83.64816 -101.57194 
    82.99862 -101.83531 
    82.37630 -102.15817 
    81.78730 -102.53749 
    81.23692 -102.96896 
    80.64358 -103.34348 
    80.00763 -103.68906 
    79.39110 -104.08447 
    78.80221 -104.53188 
    78.24993 -105.03207 
    77.74350 -105.58406 
    77.29178 -106.18503 
    76.90274 -106.83025 
    76.58286 -107.51329 
    76.33663 -108.22634 
    76.16637 -108.96068 
    76.07198 -109.70723 
    76.05113 -110.45711 
    76.09952 -111.20211 
Cell 24 100 -93.14040 -100.99289 
    -103.32816 -100.99289 
    -103.31534 -101.63304 
    -103.26164 -102.27150 
    -103.16718 -102.90560 
    -103.03229 -103.53270 
    -102.85750 -104.15017 
    -102.64352 -104.75544 
    -102.39124 -105.34600 
    -102.10170 -105.91940 
    -101.77613 -106.47330 
    -101.41592 -107.00541 
    -101.02261 -107.51363 
    -100.59787 -107.99592 
    -100.14350 -108.45044 
    -99.66143 -108.87547 
    -99.15368 -109.26946 
    -98.62234 -109.63104 
    -98.06958 -109.95903 
    -97.49760 -110.25240 
    -96.90862 -110.51033 
    -96.30488 -110.73215 
    -95.68858 -110.91740 
    -95.06190 -111.06573 
    -94.42695 -111.17697 
    -93.78578 -111.25103 
    -93.14040 -111.28796 
    -92.49269 -111.28783 
    -91.84452 -111.25082 
    -91.19766 -111.17707 
    -90.55387 -111.06675 
    -89.91488 -110.92000 
    -89.28246 -110.73692 
    -88.65842 -110.51757 
    -88.04466 -110.26199 
    -87.44322 -109.97020 
    -86.85629 -109.64222 
    -86.28625 -109.27812 
    -85.73570 -108.87808 
    -85.20743 -108.44244 
    -84.70445 -107.97171 
    -84.23138 -107.46567 
    -83.90021 -106.85689 
    -83.74165 -106.15989 
    -83.63550 -105.46555 
    -83.57220 -104.78120 
    -83.50089 -104.12495 
    -83.42049 -103.48854 
    -83.32278 -102.86570 
    -83.18684 -102.25032 
    -82.98278 -101.63196 
    -82.72272 -100.99289 
    -82.39516 -100.31686 
    -81.98730 -99.58392 
    -81.60587 -98.79256 
    -81.42524 -97.98495 
    -81.99173 -97.37047 
    -82.63530 -96.83363 
    -83.07264 -96.25536 
    -82.94791 -95.38952 
    -82.72427 -94.38262 
    -84.31200 -94.57869 
    -84.79131 -94.08592 
    -85.29784 -93.62824 
    -85.82831 -93.20631 
    -86.37955 -92.82043 
    -86.94869 -92.47074 
    -87.53305 -92.15713 
    -88.13023 -91.87942 
    -88.73802 -91.63737 
    -89.35447 -91.43073 
    -89.97775 -91.25926 
    -90.60619 -91.12280 
    -91.23820 -91.02123 
    -91.87122 -90.94635 
    -92.49997 -90.81355 
    -93.14040 -90.68907 
    -93.79605 -90.57155 
    -94.47027 -90.46588 
    -95.16398 -90.38490 
    -95.87336 -90.34869 
    -96.58827 -90.38142 
    -97.29255 -90.50575 
    -97.96658 -90.73673 
    -98.59158 -91.07722 
    -99.15417 -91.51670 
    -99.64947 -92.03393 
    -100.08160 -92.60241 
    -100.46149 -93.19671 
    -100.80289 -93.79733 
    -101.11839 -94.39292 
    -101.41655 -94.97991 
    -101.70092 -95.56022 
    -101.99961 -96.12250 
    -102.29805 -96.68362 
    -102.56072 -97.26312 
    -102.78640 -97.85872 
    -102.97401 -98.46805 
    -103.12265 -99.08868 
    -103.23158 -99.71808 
    -103.30021 -100.35369 
