100 25 
Cell 0 100 -122.38599 -144.38945 
    -132.38609 -144.38945 
    -132.36635 -145.01736 
    -132.30721 -145.64279 
    -132.20892 -146.26328 
    -132.07187 -146.87636 
    -131.89659 -147.47963 
    -131.68378 -148.07069 
    -131.44270 -148.65121 
    -131.17337 -149.22035 
    -130.87117 -149.77431 
    -130.53383 -150.30920 
    -130.16252 -150.82275 
    -129.75854 -151.31273 
    -129.32335 -151.77698 
    -128.85855 -152.21342 
    -128.36591 -152.62010 
    -127.84734 -152.99515 
    -127.30485 -153.33681 
    -126.74063 -153.64352 
    -126.15694 -153.91379 
    -125.55618 -154.14630 
    -124.94084 -154.33994 
    -124.31348 -154.49368 
    -123.67674 -154.60674 
    -123.03333 -154.67851 
    -122.38599 -154.70856 
    -121.73752 -154.69664 
    -121.09071 -154.64270 
    -120.44836 -154.54691 
    -119.81326 -154.40959 
    -119.18817 -154.23132 
    -118.57583 -154.01283 
    -117.97888 -153.75504 
    -117.39993 -153.45906 
    -116.84149 -153.12619 
    -116.30596 -152.75790 
    -115.79565 -152.35580 
    -115.31272 -151.92172 
    -114.85923 -151.45755 
    -114.43707 -150.96538 
    -114.04798 -150.44737 
    -113.69356 -149.90584 
    -113.37521 -149.34317 
    -113.09417 -148.76186 
    -112.85149 -148.16443 
    -112.62280 -147.56171 
    -112.42365 -146.94734 
    -112.25858 -146.32135 
    -112.12771 -145.68538 
    -112.03113 -145.04092 
    -112.05164 -144.38945 
    -112.48763 -143.76671 
    -112.83208 -143.18251 
    -113.12248 -142.62234 
    -113.37965 -142.07701 
    -113.61804 -141.54056 
    -113.84855 -141.00923 
    -114.07560 -140.47888 
    -114.30916 -139.94917 
    -114.55539 -139.42000 
    -114.81634 -138.88977 
    -115.09183 -138.35519 
    -115.38654 -137.81653 
    -115.70622 -137.27621 
    -116.07407 -136.75964 
    -116.46309 -136.23727 
    -116.83515 -135.64272 
    -117.08897 -134.75418 
    -117.55022 -134.11293 
    -118.26762 -133.98764 
    -118.99387 -133.94957 
    -119.68298 -133.86189 
    -120.35760 -133.75626 
    -121.02705 -133.63229 
    -121.69878 -133.46655 
    -122.38599 -133.20168 
    -123.10851 -132.90530 
    -123.88120 -132.55376 
    -124.66888 -132.42215 
    -125.37279 -132.75665 
    -126.04558 -133.12642 
    -126.63848 -133.64890 
    -127.13206 -134.30354 
    -127.57352 -134.95338 
    -128.08665 -135.40665 
    -128.58482 -135.85750 
    -129.17964 -136.17734 
    -129.97325 -136.30984 
    -129.97220 -137.26553 
    -130.27681 -137.86160 
    -130.62462 -138.40375 
    -130.94209 -138.95958 
    -131.22894 -139.52800 
    -131.48468 -140.10794 
    -131.70872 -140.69832 
    -131.90039 -141.29803 
    -132.07196 -141.90251 
    -132.20900 -142.51561 
    -132.30727 -143.13611 
    -132.36638 -143.76154 
Cell 1 100 -105.36533 -136.95009 
    -115.93845 -136.95009 
    -115.52113 -137.58904 
    -115.18208 -138.19023 
    -114.88053 -138.76520 
    -114.60358 -139.32208 
    -114.34678 -139.86833 
    -114.10569 -140.41064 
    -113.87251 -140.95326 
    -113.63678 -141.49736 
    -113.39381 -142.04512 
    -113.13525 -142.59526 
    -112.85217 -143.14375 
    -112.53633 -143.68411 
    -112.17965 -144.20660 
    -111.75511 -144.67401 
    -111.25715 -145.05948 
    -110.73782 -145.41579 
    -110.19695 -145.73877 
    -109.63666 -146.02713 
    -109.05918 -146.27969 
    -108.46679 -146.49542 
    -107.86185 -146.67342 
    -107.24677 -146.81297 
    -106.62399 -146.91348 
    -105.99601 -146.97453 
    -105.36533 -146.99586 
    -104.73446 -146.97739 
    -104.10594 -146.91913 
    -103.48228 -146.82132 
    -102.86599 -146.68436 
    -102.25952 -146.50876 
    -101.66532 -146.29524 
    -101.08575 -146.04465 
    -100.52316 -145.75797 
    -99.97977 -145.43636 
    -99.45779 -145.08112 
    -98.95928 -144.69366 
    -98.48625 -144.27556 
    -98.04057 -143.82849 
    -97.62405 -143.35423 
    -97.23621 -142.85623 
    -96.87257 -142.33975 
    -96.53794 -141.80298 
    -96.40710 -141.16551 
    -96.38678 -140.50494 
    -96.33680 -139.88362 
    -96.29496 -139.27896 
    -96.26429 -138.68620 
    -96.24730 -138.10196 
    -96.24603 -137.52382 
    -96.26149 -136.95009 
    -96.29086 -136.37918 
    -96.29960 -135.80481 
    -96.31026 -135.22275 
    -96.32617 -134.62923 
    -96.35501 -134.02246 
    -96.39521 -133.39857 
    -96.43985 -132.75008 
    -96.47907 -132.06482 
    -96.49213 -131.31897 
    -96.35621 -130.40459 
    -96.81068 -129.87306 
    -97.31207 -129.38757 
    -97.85316 -128.95044 
    -98.42628 -128.56223 
    -99.02391 -128.22188 
    -99.63921 -127.92718 
    -100.26636 -127.67510 
    -100.90075 -127.46239 
    -101.53902 -127.28593 
    -102.17885 -127.14313 
    -102.77387 -126.85704 
    -103.38648 -126.57661 
    -104.02573 -126.34604 
    -104.68842 -126.19090 
    -105.36533 -126.13210 
    -106.04300 -126.17880 
    -106.70246 -126.36561 
    -107.33427 -126.62849 
    -107.94261 -126.91224 
    -108.52321 -127.23112 
    -109.09235 -127.53670 
    -109.60457 -127.94125 
    -110.06598 -128.39964 
    -110.53330 -128.80666 
    -111.00433 -129.18867 
    -111.47974 -129.55904 
    -111.95802 -129.92958 
    -112.43781 -130.30859 
    -112.91747 -130.70242 
    -113.39775 -131.11420 
    -113.87833 -131.54758 
    -114.35924 -132.00565 
    -114.84863 -132.48759 
    -115.36652 -132.99033 
    -115.98343 -133.50006 
    -116.78056 -134.01917 
    -117.12273 -134.70724 
    -116.87711 -135.49582 
    -116.45168 -136.25259 
Cell 2 100 -86.32166 -138.33678 
    -96.25413 -138.33678 
    -96.27863 -138.96321 
    -96.31714 -139.59950 
    -96.36651 -140.25293 
    -96.39968 -140.92438 
    -96.36337 -141.59952 
    -96.03818 -142.18382 
    -95.69523 -142.74765 
    -95.33416 -143.29144 
    -94.95422 -143.81517 
    -94.55453 -144.31831 
    -94.14370 -144.80774 
    -93.74825 -145.31082 
    -93.32001 -145.78928 
    -92.86034 -146.24069 
    -92.37090 -146.66286 
    -91.85356 -147.05367 
    -91.31034 -147.41115 
    -90.74339 -147.73343 
    -90.15504 -148.01881 
    -89.54778 -148.26575 
    -88.92416 -148.47287 
    -88.28690 -148.63899 
    -87.63881 -148.76311 
    -86.98274 -148.84442 
    -86.32166 -148.88237 
    -85.65855 -148.87657 
    -84.99644 -148.82689 
    -84.33839 -148.73344 
    -83.68741 -148.59650 
    -83.04652 -148.41663 
    -82.41868 -148.19456 
    -81.80681 -147.93132 
    -81.21372 -147.62808 
    -80.64214 -147.28625 
    -80.09470 -146.90744 
    -79.57386 -146.49345 
    -79.08199 -146.04625 
    -78.62124 -145.56795 
    -78.19363 -145.06087 
    -77.80101 -144.52739 
    -77.44498 -143.97008 
    -77.12702 -143.39157 
    -76.84808 -142.79471 
    -76.56059 -142.20146 
    -76.30526 -141.59129 
    -76.08449 -140.96524 
    -75.90029 -140.32475 
    -75.75504 -139.67165 
    -75.65148 -139.00809 
    -75.59245 -138.33678 
    -75.58081 -137.66103 
    -75.61909 -136.98473 
    -75.70932 -136.31236 
    -75.85268 -135.64880 
    -76.04942 -134.99913 
    -76.29868 -134.36841 
    -76.59851 -133.76141 
    -76.94587 -133.18239 
    -77.33691 -132.63487 
    -77.76712 -132.12154 
    -78.23167 -131.64417 
    -78.72568 -131.20367 
    -79.24442 -130.80028 
    -79.78358 -130.43361 
    -80.33939 -130.10289 
    -80.90864 -129.80724 
    -81.48866 -129.54559 
    -82.04030 -129.23843 
    -82.60841 -128.95818 
    -83.19179 -128.70404 
    -83.78957 -128.47498 
    -84.40130 -128.26990 
    -85.02692 -128.08789 
    -85.66682 -127.92839 
    -86.32166 -127.79142 
    -86.99477 -127.63795 
    -87.69270 -127.48387 
    -88.40437 -127.41881 
    -89.11241 -127.46751 
    -89.85258 -127.46969 
    -90.61640 -127.48949 
    -91.37136 -127.60561 
    -92.10201 -127.82236 
    -92.85469 -128.04236 
    -93.59258 -128.32922 
    -94.30530 -128.68622 
    -94.98186 -129.11459 
    -95.61127 -129.61324 
    -96.18317 -130.17862 
    -96.44229 -130.98370 
    -96.48215 -131.88873 
    -96.43812 -132.77521 
    -96.38206 -133.60272 
    -96.33846 -134.37085 
    -96.31382 -135.09013 
    -96.30015 -135.77473 
    -96.28796 -136.43561 
    -96.25795 -137.08153 
    -96.24644 -137.71236 
Cell 3 100 -55.69078 -155.35387 
    -65.82198 -155.35387 
    -65.77682 -155.98842 
    -65.69469 -156.61766 
    -65.57626 -157.23962 
    -65.42210 -157.85245 
    -65.23275 -158.45424 
    -65.00873 -159.04309 
    -64.75056 -159.61708 
    -64.45892 -160.17418 
    -64.13453 -160.71243 
    -63.78096 -161.23172 
    -63.39592 -161.72810 
    -62.98047 -162.19934 
    -62.53625 -162.64355 
    -62.06503 -163.05901 
    -61.56864 -163.44403 
    -61.04905 -163.79715 
    -60.50832 -164.11693 
    -59.94858 -164.40213 
    -59.37203 -164.65163 
    -58.78096 -164.86443 
    -58.17768 -165.03970 
    -57.56460 -165.17674 
    -56.94412 -165.27501 
    -56.31869 -165.33414 
    -55.69078 -165.35387 
    -55.06288 -165.33414 
    -54.43745 -165.27501 
    -53.81697 -165.17674 
    -53.20370 -165.04042 
    -52.59919 -164.86882 
    -52.00603 -164.66049 
    -51.42622 -164.41653 
    -50.86157 -164.13818 
    -50.31366 -163.82686 
    -49.78384 -163.48409 
    -49.27316 -163.11145 
    -48.78243 -162.71051 
    -48.31224 -162.28278 
    -47.86299 -161.82957 
    -47.43506 -161.35201 
    -47.02890 -160.85086 
    -46.64525 -160.32669 
    -46.28528 -159.77975 
    -45.95079 -159.21021 
    -45.64431 -158.61816 
    -45.36923 -158.00400 
    -45.12966 -157.36852 
    -44.93039 -156.71323 
    -44.77657 -156.04053 
    -44.67340 -155.35387 
    -44.62567 -154.65771 
    -44.63738 -153.95750 
    -44.71132 -153.25941 
    -44.84875 -152.57010 
    -45.04923 -151.89621 
    -45.31063 -151.24408 
    -45.62923 -150.61926 
    -46.00001 -150.02632 
    -46.41708 -149.46860 
    -46.87407 -148.94815 
    -47.36461 -148.46585 
    -47.88271 -148.02159 
    -48.42303 -147.61450 
    -48.98111 -147.24326 
    -49.55337 -146.90643 
    -50.13713 -146.60271 
    -50.73022 -146.33063 
    -51.33003 -146.08681 
    -51.96455 -145.94249 
    -52.59320 -145.82048 
    -53.21704 -145.71925 
    -53.85066 -145.70761 
    -54.47269 -145.71169 
    -55.08400 -145.70923 
    -55.69078 -145.70543 
    -56.29777 -145.70613 
    -56.90994 -145.70328 
    -57.53505 -145.68587 
    -58.18002 -145.65892 
    -58.82992 -145.69261 
    -59.44615 -145.86890 
    -60.04352 -146.10384 
    -60.62325 -146.38174 
    -61.19176 -146.68571 
    -61.74038 -147.02733 
    -62.26577 -147.40607 
    -62.76456 -147.82106 
    -63.23336 -148.27092 
    -63.66903 -148.75369 
    -64.06870 -149.26695 
    -64.42999 -149.80780 
    -64.75104 -150.37296 
    -65.03057 -150.95889 
    -65.26789 -151.56203 
    -65.46285 -152.17873 
    -65.61575 -152.80557 
    -65.72721 -153.43932 
    -65.79810 -154.07701 
    -65.82938 -154.71600 
Cell 4 100 -55.24440 -136.06952 
    -67.29935 -136.06952 
    -67.13889 -136.81786 
    -66.92860 -137.54558 
    -66.67271 -138.24959 
    -66.37545 -138.92749 
    -66.04089 -139.57751 
    -65.67289 -140.19844 
    -65.27494 -140.78954 
    -64.85018 -141.35034 
    -64.40137 -141.88071 
    -63.93084 -142.38058 
    -63.44062 -142.85002 
    -62.93237 -143.28900 
    -62.40754 -143.69748 
    -61.86735 -144.07529 
    -61.31293 -144.42213 
    -60.74533 -144.73759 
    -60.16565 -145.02124 
    -59.57465 -145.27177 
    -58.98077 -145.50652 
    -58.36327 -145.66843 
    -57.71157 -145.67850 
    -57.08123 -145.69850 
    -56.46169 -145.70537 
    -55.85065 -145.70561 
    -55.24440 -145.70822 
    -54.63781 -145.71103 
    -54.02668 -145.70877 
    -53.40427 -145.71582 
    -52.74720 -145.79549 
    -52.04132 -145.92760 
    -51.31685 -145.98938 
    -50.68781 -145.75278 
    -50.07432 -145.47386 
    -49.47940 -145.15370 
    -48.90602 -144.79355 
    -48.35701 -144.39494 
    -47.83513 -143.95959 
    -47.34295 -143.48947 
    -46.88292 -142.98674 
    -46.45729 -142.45374 
    -46.06813 -141.89296 
    -45.71728 -141.30710 
    -45.40638 -140.69894 
    -45.13682 -140.07140 
    -44.90976 -139.42744 
    -44.72612 -138.77016 
    -44.58657 -138.10262 
    -44.49154 -137.42792 
    -44.44122 -136.74919 
    -44.43560 -136.06952 
    -44.47441 -135.39192 
    -44.55722 -134.71942 
    -44.68338 -134.05490 
    -44.85208 -133.40123 
    -45.06232 -132.76115 
    -45.31298 -132.13739 
    -45.60277 -131.53252 
    -45.93026 -130.94902 
    -46.29393 -130.38937 
    -46.69207 -129.85588 
    -47.12282 -129.35077 
    -47.58421 -128.87611 
    -48.07413 -128.43396 
    -48.59037 -128.02617 
    -49.13049 -127.65445 
    -49.68026 -127.30183 
    -50.20639 -126.90542 
    -50.81406 -126.65456 
    -51.45683 -126.50319 
    -52.11290 -126.43176 
    -52.76064 -126.39590 
    -53.38815 -126.33868 
    -54.00709 -126.27518 
    -54.62408 -126.20986 
    -55.24440 -126.15161 
    -55.87133 -126.10480 
    -56.50750 -126.07111 
    -57.15810 -126.03755 
    -57.83210 -125.99110 
    -58.53557 -125.94033 
    -59.28493 -125.86430 
    -60.10908 -125.73156 
    -60.95705 -125.67825 
    -61.72937 -125.85084 
    -62.55370 -126.00914 
    -63.21400 -126.43593 
    -63.85636 -126.89871 
    -64.46638 -127.40950 
    -65.03172 -127.97275 
    -65.54688 -128.58432 
    -66.00695 -129.23940 
    -66.40770 -129.93245 
    -66.74584 -130.65735 
    -67.01910 -131.40759 
    -67.22626 -132.17638 
    -67.36720 -132.95691 
    -67.44278 -133.74255 
    -67.45481 -134.52699 
    -67.40591 -135.30438 
Cell 5 100 -6.97850 -143.79330 
    -17.39047 -143.79330 
    -17.40613 -144.44936 
    -17.37860 -145.10715 
    -17.30761 -145.76369 
    -17.19314 -146.41599 
    -17.03537 -147.06097 
    -16.83471 -147.69565 
    -16.59182 -148.31699 
    -16.30757 -148.92200 
    -15.98309 -149.50780 
    -15.61971 -150.07150 
    -15.21895 -150.61040 
    -14.78261 -151.12186 
    -14.31266 -151.60339 
    -13.81124 -152.05267 
    -13.28069 -152.46751 
    -12.72349 -152.84596 
    -12.14228 -153.18617 
    -11.53983 -153.48663 
    -10.91902 -153.74593 
    -10.28281 -153.96294 
    -9.63425 -154.13676 
    -8.97641 -154.26672 
    -8.31242 -154.35239 
    -7.64541 -154.39359 
    -6.97850 -154.39035 
    -6.31477 -154.34296 
    -5.65727 -154.25192 
    -5.00896 -154.11800 
    -4.37274 -153.94208 
    -3.75138 -153.72536 
    -3.14755 -153.46919 
    -2.56378 -153.17506 
    -2.00246 -152.84468 
    -1.46585 -152.47986 
    -0.95598 -152.08260 
    -0.47480 -151.65492 
    -0.02399 -151.19911 
    0.39872 -150.72098 
    0.82682 -150.25043 
    1.17165 -149.71474 
    1.42874 -149.12871 
    1.67779 -148.55214 
    1.91558 -147.97855 
    2.13995 -147.40356 
    2.34956 -146.82417 
    2.54345 -146.23813 
    2.72251 -145.64388 
    2.88795 -145.03972 
    3.04119 -144.42369 
    3.18663 -143.79330 
    3.33501 -143.14444 
    3.74368 -142.43878 
    4.32195 -141.63762 
    4.75597 -140.78041 
    4.80431 -139.96484 
    4.72499 -139.15956 
    4.50257 -138.39072 
    4.13370 -137.68433 
    3.62936 -137.06136 
    3.01301 -136.53406 
    2.31615 -136.10411 
    1.57278 -135.76312 
    0.81393 -135.49521 
    0.06366 -135.28079 
    -0.66290 -135.10063 
    -1.35937 -134.93896 
    -2.00718 -134.75050 
    -2.59854 -134.48543 
    -3.20299 -134.25746 
    -3.81818 -134.06683 
    -4.44185 -133.91370 
    -5.05838 -133.72769 
    -5.68141 -133.52574 
    -6.32082 -133.33971 
    -6.97850 -133.00287 
    -7.68848 -132.50854 
    -8.35688 -132.88232 
    -9.03587 -133.00819 
    -9.70121 -133.18904 
    -10.35206 -133.41057 
    -10.99371 -133.65204 
    -11.62637 -133.91608 
    -12.25294 -134.19913 
    -12.84484 -134.54944 
    -13.36510 -135.00290 
    -13.80426 -135.54237 
    -14.20423 -136.09869 
    -14.57242 -136.66214 
    -14.91507 -137.22760 
    -15.23612 -137.79379 
    -15.53699 -138.36192 
    -15.81682 -138.93440 
    -16.13642 -139.48392 
    -16.43020 -140.05112 
    -16.68809 -140.63847 
    -16.90855 -141.24370 
    -17.09017 -141.86440 
    -17.23171 -142.49802 
    -17.33210 -143.14191 
Cell 6 100 11.06498 -150.46538 
    0.67650 -150.46538 
    0.35246 -151.13936 
    0.20016 -151.83792 
    0.18263 -152.54129 
    0.26204 -153.23911 
    0.41446 -153.92593 
    0.63157 -154.59625 
    0.89717 -155.24998 
    1.20800 -155.88429 
    1.56253 -156.49582 
    1.95896 -157.08128 
    2.39520 -157.63765 
    2.86895 -158.16196 
    3.37763 -158.65158 
    3.91849 -159.10400 
    4.48858 -159.51701 
    5.08476 -159.88869 
    5.70382 -160.21729 
    6.34235 -160.50146 
    6.99693 -160.74008 
    7.66406 -160.93233 
    8.34019 -161.07773 
    9.02182 -161.17599 
    9.70544 -161.22726 
    10.38761 -161.23183 
    11.06498 -161.19038 
    11.73429 -161.10373 
    12.39241 -160.97308 
    13.03637 -160.79974 
    13.66334 -160.58531 
    14.27071 -160.33160 
    14.85601 -160.04042 
    15.44918 -159.78227 
    16.04614 -159.52606 
    16.63019 -159.23474 
    17.19936 -158.90863 
    17.75155 -158.54805 
    18.28454 -158.15343 
    18.79595 -157.72523 
    19.28325 -157.26413 
    19.74377 -156.77089 
    20.17469 -156.24658 
    20.57312 -155.69252 
    20.93609 -155.11037 
    21.26064 -154.50212 
    21.54390 -153.87018 
    21.78315 -153.21733 
    21.97589 -152.54675 
    22.11996 -151.86195 
    22.21358 -151.16679 
    22.25542 -150.46538 
    22.24469 -149.76201 
    22.18112 -149.06108 
    22.06504 -148.36700 
    21.89733 -147.68410 
    21.67940 -147.01654 
    21.41318 -146.36824 
    21.10102 -145.74278 
    20.74566 -145.14339 
    20.35011 -144.57286 
    19.91757 -144.03360 
    19.45139 -143.52754 
    18.95493 -143.05621 
    18.43153 -142.62080 
    17.88442 -142.22209 
    17.31670 -141.86063 
    16.73131 -141.53667 
    16.13099 -141.25034 
    15.51830 -141.00160 
    14.89559 -140.79036 
    14.26510 -140.61644 
    13.62887 -140.47968 
    12.98889 -140.37990 
    12.37677 -140.08150 
    11.74045 -139.72910 
    11.06498 -139.33670 
    10.33978 -138.93863 
    9.56550 -138.59575 
    8.76013 -138.38293 
    7.95860 -138.36684 
    7.20394 -138.58232 
    6.53310 -139.01915 
    5.96413 -139.62552 
    5.49120 -140.32672 
    5.04596 -140.98091 
    4.48679 -141.41127 
    4.06105 -141.99908 
    3.66122 -142.58118 
    3.32334 -143.19550 
    3.15669 -143.92308 
    2.99651 -144.60330 
    2.83281 -145.24109 
    2.66172 -145.84564 
    2.48124 -146.42618 
    2.28927 -146.99083 
    2.08388 -147.54724 
    1.86400 -148.10297 
    1.62889 -148.66534 
    1.37913 -149.24178 
    1.09234 -149.83795 
Cell 7 100 32.74963 -132.87744 
    22.33934 -132.87744 
    22.31948 -133.53365 
    22.34285 -134.19212 
    22.40979 -134.84987 
    22.52038 -135.50386 
    22.67451 -136.15105 
    22.87183 -136.78833 
    23.11172 -137.41269 
    23.39336 -138.02109 
    23.71567 -138.61057 
    24.07735 -139.17822 
    24.47688 -139.72125 
    24.91252 -140.23698 
    25.38229 -140.72285 
    25.88406 -141.17648 
    26.41551 -141.59560 
    26.97411 -141.97820 
    27.55722 -142.32239 
    28.16203 -142.62657 
    28.78566 -142.88928 
    29.42507 -143.10938 
    30.07720 -143.28586 
    30.73890 -143.41803 
    31.40700 -143.50545 
    32.07830 -143.54788 
    32.74963 -143.54533 
    33.41782 -143.49811 
    34.07978 -143.40671 
    34.73246 -143.27185 
    35.37292 -143.09450 
    35.99830 -142.87582 
    36.60587 -142.61722 
    37.19305 -142.32021 
    37.75740 -141.98656 
    38.29662 -141.61810 
    38.80861 -141.21692 
    39.29145 -140.78516 
    39.74340 -140.32506 
    40.21429 -139.88722 
    40.66730 -139.42752 
    41.09544 -138.94104 
    41.49735 -138.42891 
    41.87160 -137.89229 
    42.21674 -137.33234 
    42.53121 -136.75024 
    42.81335 -136.14734 
    43.06142 -135.52505 
    43.27356 -134.88499 
    43.44785 -134.22894 
    43.58233 -133.55898 
    43.67502 -132.87744 
    43.72401 -132.18700 
    43.72751 -131.49062 
    43.68389 -130.79163 
    43.59182 -130.09364 
    43.45028 -129.40059 
    43.25868 -128.71661 
    43.01690 -128.04604 
    42.72532 -127.39326 
    42.38491 -126.76270 
    41.99716 -126.15871 
    41.56416 -125.58543 
    41.08851 -125.04671 
    40.57331 -124.54606 
    40.02208 -124.08656 
    39.50933 -123.57350 
    38.95330 -123.10201 
    38.34338 -122.70244 
    37.68810 -122.38266 
    36.99817 -122.14684 
    36.28549 -121.99518 
    35.56200 -121.92397 
    34.83869 -121.92620 
    34.12473 -121.99240 
    33.43026 -122.05901 
    32.74963 -121.88990 
    32.04955 -121.75008 
    31.33190 -121.65501 
    30.60087 -121.61327 
    29.86264 -121.63335 
    29.12527 -121.72280 
    28.39832 -121.88731 
    27.69225 -122.12998 
    27.03912 -122.49007 
    26.55974 -123.12374 
    26.11438 -123.74482 
    25.71565 -124.37482 
    25.39248 -125.04287 
    25.10755 -125.70105 
    24.83836 -126.33267 
    24.58541 -126.94579 
    24.34740 -127.54523 
    24.12132 -128.13399 
    23.90307 -128.71457 
    23.68768 -129.28955 
    23.46918 -129.86205 
    23.24009 -130.43581 
    22.99014 -131.01572 
    22.71743 -131.61008 
    22.40190 -132.22643 
Cell 8 100 46.27218 -149.12268 
    36.24042 -149.12268 
    36.26249 -149.75244 
    36.31563 -150.38049 
    36.40639 -151.00468 
    36.53621 -151.62245 
    36.70489 -152.23128 
    36.91184 -152.82870 
    37.15634 -153.41226 
    37.43746 -153.97961 
    37.75415 -154.52838 
    38.10518 -155.05635 
    38.48923 -155.56129 
    38.90475 -156.04115 
    39.35013 -156.49391 
    39.82358 -156.91769 
    40.32322 -157.31073 
    40.84702 -157.67136 
    41.39288 -157.99809 
    41.95858 -158.28954 
    42.54182 -158.54448 
    43.14022 -158.76186 
    43.75133 -158.94075 
    44.37265 -159.08040 
    45.00162 -159.18024 
    45.63566 -159.23985 
    46.27218 -159.25899 
    46.90856 -159.23759 
    47.54218 -159.17578 
    48.17046 -159.07381 
    48.79081 -158.93210 
    49.40071 -158.75131 
    49.99767 -158.53220 
    50.57927 -158.27571 
    51.14315 -157.98294 
    51.68703 -157.65512 
    52.20873 -157.29364 
    52.70618 -156.90005 
    53.17739 -156.47598 
    53.62049 -156.02321 
    54.03377 -155.54362 
    54.41562 -155.03923 
    54.76455 -154.51210 
    55.07924 -153.96440 
    55.35853 -153.39839 
    55.60136 -152.81636 
    55.80686 -152.22069 
    55.97431 -151.61377 
    56.10313 -150.99803 
    56.19338 -150.37602 
    56.25362 -149.75066 
    56.27448 -149.12268 
    56.25584 -148.49457 
    56.19779 -147.86879 
    56.10052 -147.24782 
    55.96443 -146.63414 
    55.79003 -146.03015 
    55.57799 -145.43825 
    55.32915 -144.86079 
    55.04449 -144.30006 
    54.72733 -143.75688 
    54.38089 -143.23137 
    54.00591 -142.72478 
    53.60477 -142.23692 
    53.17957 -141.76706 
    52.73180 -141.31435 
    52.26200 -140.87839 
    51.76958 -140.46016 
    51.25295 -140.06270 
    50.71005 -139.69173 
    50.24012 -139.10083 
    49.74617 -138.43085 
    49.04375 -138.32811 
    48.26865 -138.65685 
    47.60722 -138.55473 
    46.93905 -138.52309 
    46.27218 -138.38109 
    45.59460 -138.35275 
    44.94138 -138.58826 
    44.33260 -138.95503 
    43.72393 -139.19791 
    43.12650 -139.44125 
    42.54475 -139.70827 
    41.97853 -139.99821 
    41.42837 -140.31183 
    40.89552 -140.65042 
    40.38185 -141.01534 
    39.88957 -141.40742 
    39.41900 -141.82478 
    38.97494 -142.27011 
    38.55978 -142.74243 
    38.17517 -143.23985 
    37.82261 -143.76042 
    37.50349 -144.30205 
    37.21906 -144.86261 
    36.97044 -145.43987 
    36.74745 -146.02791 
    36.52069 -146.61893 
    36.34898 -147.22974 
    36.26238 -147.85815 
    36.23852 -148.49141 
Cell 9 100 67.89211 -150.99612 
    57.07094 -150.99612 
    57.06639 -151.67722 
    57.07396 -152.36278 
    57.11694 -153.05159 
    57.20451 -153.74023 
    57.35912 -154.41850 
    57.56007 -155.08687 
    57.80696 -155.74184 
    58.09906 -156.37990 
    58.43527 -156.99760 
    58.81421 -157.59160 
    59.23412 -158.15863 
    59.69296 -158.69563 
    60.18842 -159.19971 
    60.71796 -159.66817 
    61.27879 -160.09857 
    61.86792 -160.48872 
    62.48221 -160.83667 
    63.11839 -161.14078 
    63.77301 -161.39977 
    64.44260 -161.61261 
    65.12360 -161.77873 
    65.81251 -161.89774 
    66.50581 -161.96974 
    67.20010 -161.99524 
    67.89211 -161.97491 
    68.57875 -161.91000 
    69.25721 -161.80203 
    69.92495 -161.65266 
    70.57980 -161.46402 
    71.21996 -161.23822 
    71.84402 -160.97751 
    72.45095 -160.68416 
    73.04015 -160.36037 
    73.61116 -160.00792 
    74.16391 -159.62852 
    74.69819 -159.22327 
    75.21384 -158.79298 
    75.71027 -158.33786 
    76.18651 -157.85785 
    76.64091 -157.35251 
    77.07111 -156.82130 
    77.47394 -156.26378 
    77.84023 -155.67735 
    78.14387 -155.05508 
    78.41386 -154.41486 
    78.65018 -153.75833 
    78.83821 -153.08420 
    78.96893 -152.39545 
    79.04002 -151.69749 
    79.04926 -150.99612 
    78.99476 -150.29761 
    78.87807 -149.60828 
    78.70184 -148.93405 
    78.46936 -148.28035 
    78.18845 -147.65063 
    78.04858 -146.97488 
    77.86688 -146.30235 
    77.64031 -145.63699 
    77.36732 -144.98297 
    77.04674 -144.34489 
    76.67796 -143.72783 
    76.26107 -143.13715 
    75.79694 -142.57834 
    75.28729 -142.05688 
    74.73478 -141.57799 
    74.14291 -141.14644 
    73.51598 -140.76634 
    72.85895 -140.44106 
    72.17730 -140.17296 
    71.47683 -139.96347 
    70.76344 -139.81299 
    70.04296 -139.72093 
    69.32093 -139.68584 
    68.60246 -139.70547 
    67.89211 -139.77702 
    67.19382 -139.89728 
    66.51089 -140.06274 
    65.84597 -140.26991 
    65.20110 -140.51535 
    64.57783 -140.79582 
    63.97728 -141.10841 
    63.40030 -141.45056 
    62.84752 -141.82005 
    62.31946 -142.21504 
    61.81665 -142.63399 
    61.33968 -143.07561 
    60.88920 -143.53879 
    60.35689 -143.92009 
    59.81093 -144.31079 
    59.26096 -144.72523 
    58.71697 -145.17340 
    58.19729 -145.66635 
    57.72690 -146.21274 
    57.33315 -146.81554 
    57.03971 -147.46997 
    56.86075 -148.16376 
    56.79728 -148.87967 
    56.83713 -149.59956 
    56.95851 -150.30824 
Cell 10 100 82.97659 -134.24263 
    71.56741 -134.24263 
    71.07748 -134.99126 
    70.92219 -135.76546 
    71.29413 -136.47118 
    71.72274 -137.13213 
    72.17979 -137.75072 
    72.65180 -138.33051 
    73.12933 -138.87640 
    73.60700 -139.39360 
    74.08302 -139.88666 
    74.55830 -140.35889 
    75.03551 -140.81206 
    75.51820 -141.24654 
    76.00996 -141.66135 
    76.51392 -142.05467 
    77.03242 -142.42409 
    77.56688 -142.76697 
    78.11781 -143.08072 
    78.68492 -143.36290 
    79.26723 -143.61142 
    79.86327 -143.82448 
    80.47116 -144.00063 
    81.08881 -144.13875 
    81.71388 -144.23801 
    82.34389 -144.29913 
    82.97659 -144.32185 
    83.60968 -144.30522 
    84.24075 -144.24947 
    84.86746 -144.15494 
    85.48755 -144.02216 
    86.09880 -143.85181 
    86.69914 -143.64471 
    87.28658 -143.40181 
    87.85925 -143.12416 
    88.41544 -142.81287 
    88.95352 -142.46916 
    89.47205 -142.09428 
    89.96965 -141.68948 
    90.44508 -141.25600 
    90.89716 -140.79509 
    91.32479 -140.30795 
    91.72688 -139.79573 
    92.10231 -139.25954 
    92.44995 -138.70045 
    92.76858 -138.11955 
    93.05683 -137.51790 
    93.31323 -136.89662 
    93.53614 -136.25697 
    93.72376 -135.60031 
    93.87413 -134.92824 
    93.98518 -134.24263 
    94.05474 -133.54565 
    94.08066 -132.83986 
    94.06079 -132.12820 
    93.99316 -131.41405 
    93.87605 -130.70119 
    93.70802 -129.99376 
    93.48809 -129.29630 
    93.21571 -128.61363 
    92.79758 -128.01004 
    92.21275 -127.53217 
    91.51451 -127.17945 
    90.80312 -126.89304 
    90.15646 -126.59686 
    89.54778 -126.29942 
    88.96127 -126.00543 
    88.38702 -125.71716 
    87.81860 -125.43505 
    87.25155 -125.15790 
    86.68245 -124.88271 
    86.10831 -124.60419 
    85.52584 -124.31394 
    84.93073 -123.99873 
    84.31601 -123.64009 
    83.66378 -123.32001 
    82.97659 -123.08644 
    82.28215 -123.20477 
    81.60246 -123.36520 
    80.93975 -123.56512 
    80.29591 -123.80203 
    79.67245 -124.07355 
    79.07069 -124.37743 
    78.49165 -124.71165 
    77.93628 -125.07434 
    77.40540 -125.46384 
    76.85192 -125.81274 
    76.23086 -126.08844 
    75.59844 -126.38570 
    75.14317 -126.88656 
    74.79961 -127.47804 
    74.49167 -128.07797 
    74.21287 -128.68100 
    73.91985 -129.26364 
    73.61806 -129.83884 
    73.31721 -130.41821 
    73.02457 -131.00902 
    72.74350 -131.61520 
    72.47225 -132.23883 
    72.20191 -132.88147 
    71.91267 -133.54654 
Cell 11 100 117.87863 -142.80946 
    107.71360 -142.80946 
    107.72417 -143.44833 
    107.77557 -144.08578 
    107.86768 -144.71916 
    108.00021 -145.34581 
    108.17269 -145.96312 
    108.38448 -146.56847 
    108.63475 -147.15930 
    108.92250 -147.73314 
    109.24657 -148.28754 
    109.60563 -148.82014 
    109.99819 -149.32874 
    110.42262 -149.81113 
    110.87714 -150.26530 
    111.35983 -150.68935 
    111.86865 -151.08150 
    112.40146 -151.44011 
    112.95599 -151.76372 
    113.52990 -152.05099 
    114.12075 -152.30078 
    114.72606 -152.51208 
    115.34325 -152.68411 
    115.96975 -152.81619 
    116.60291 -152.90788 
    117.24008 -152.95891 
    117.87863 -152.96916 
    118.51591 -152.93877 
    119.14932 -152.86800 
    119.77628 -152.75732 
    120.39433 -152.60747 
    121.00107 -152.41934 
    121.59428 -152.19411 
    122.17191 -151.93314 
    122.73222 -151.63811 
    123.27379 -151.31087 
    123.79565 -150.95354 
    124.29731 -150.56831 
    124.77885 -150.15746 
    125.24089 -149.72308 
    125.68449 -149.26703 
    126.11092 -148.79057 
    126.52144 -148.29436 
    126.91673 -147.77820 
    127.29654 -147.24120 
    127.65908 -146.68181 
    128.00067 -146.09831 
    128.31557 -145.48921 
    128.59599 -144.85391 
    128.83260 -144.19327 
    129.01527 -143.51012 
    129.13416 -142.80946 
    129.18073 -142.09840 
    129.14899 -141.38568 
    129.03629 -140.68103 
    129.16515 -139.91158 
    129.35185 -139.08159 
    128.99358 -138.40875 
    128.19946 -137.95285 
    127.40923 -137.56998 
    126.93515 -137.06203 
    126.43570 -136.59239 
    125.91891 -136.15796 
    125.39069 -135.75517 
    124.85471 -135.38069 
    124.31283 -135.03186 
    123.79002 -134.67314 
    123.27355 -134.30843 
    122.73821 -133.96991 
    122.18591 -133.65605 
    121.61764 -133.36580 
    121.03346 -133.09988 
    120.43274 -132.86185 
    119.81498 -132.65875 
    119.18096 -132.50044 
    118.53369 -132.39760 
    117.87863 -132.35901 
    117.22302 -132.38889 
    116.55212 -132.30902 
    115.83176 -132.07942 
    115.07127 -131.87553 
    114.29888 -131.79213 
    113.56581 -131.91653 
    112.92426 -132.28088 
    112.39934 -132.84267 
    111.97626 -133.50882 
    111.61233 -134.18465 
    111.26310 -134.81265 
    110.90265 -135.38080 
    110.52764 -135.90642 
    110.14886 -136.41484 
    109.75490 -136.90723 
    109.38853 -137.42148 
    109.05492 -137.95859 
    108.75554 -138.51646 
    108.49176 -139.09294 
    108.26479 -139.68573 
    108.07568 -140.29250 
    107.92533 -140.91077 
    107.81451 -141.53807 
    107.74380 -142.17183 
Cell 12 100 -118.60661 -124.20837 
    -128.61955 -124.20837 
    -128.88586 -124.85508 
    -129.23903 -125.55155 
    -129.53639 -126.29333 
    -129.77278 -127.07536 
    -129.94368 -127.89200 
    -130.04509 -128.73718 
    -130.07399 -129.60451 
    -130.02794 -130.48729 
    -129.90532 -131.37874 
    -129.70505 -132.27185 
    -129.42682 -133.15962 
    -129.07091 -134.03499 
    -128.63829 -134.89102 
    -125.93316 -133.06464 
    -124.58452 -132.43625 
    -123.90069 -132.55051 
    -123.33192 -132.80367 
    -122.76533 -133.04608 
    -122.19627 -133.27481 
    -121.62101 -133.48575 
    -121.02630 -133.63243 
    -120.42557 -133.74367 
    -119.82336 -133.83990 
    -119.21769 -133.92110 
    -118.60661 -133.96986 
    -117.98828 -134.03642 
    -117.31387 -134.44151 
    -116.74013 -133.99284 
    -116.18689 -133.63257 
    -115.67134 -133.24219 
    -115.19537 -132.82419 
    -114.75438 -132.39478 
    -114.33350 -131.98114 
    -113.92238 -131.58954 
    -113.51344 -131.21852 
    -113.10281 -130.86133 
    -112.68642 -130.51273 
    -112.26006 -130.16818 
    -111.82005 -129.82269 
    -111.36503 -129.46968 
    -110.89659 -129.10130 
    -110.42072 -128.70860 
    -109.94824 -128.28268 
    -109.46227 -127.82887 
    -108.81741 -127.38908 
    -107.98502 -126.93553 
    -106.88966 -126.44350 
    -105.50734 -125.86319 
    -105.81378 -125.01322 
    -106.17229 -124.20837 
    -106.44189 -123.44302 
    -106.63316 -122.69577 
    -106.83432 -121.96268 
    -106.85175 -121.19023 
    -107.11289 -120.47383 
    -107.68227 -119.88311 
    -108.41614 -119.41309 
    -109.15594 -119.01281 
    -109.76231 -118.59560 
    -110.02522 -117.97362 
    -110.32142 -117.35426 
    -110.65693 -116.74312 
    -111.03804 -116.14866 
    -111.47025 -115.58198 
    -111.95699 -115.05595 
    -112.49875 -114.58391 
    -113.09236 -114.17798 
    -113.73116 -113.84751 
    -114.40559 -113.59779 
    -115.10432 -113.42941 
    -115.81567 -113.33835 
    -116.52895 -113.31683 
    -117.23547 -113.35468 
    -117.92918 -113.44087 
    -118.60661 -113.56511 
    -119.26656 -113.71891 
    -119.90933 -113.89629 
    -120.53606 -114.09383 
    -121.14796 -114.31050 
    -121.74580 -114.54694 
    -122.32973 -114.80486 
    -122.89908 -115.08642 
    -123.45255 -115.39364 
    -123.98836 -115.72810 
    -124.50573 -116.08894 
    -125.00346 -116.47591 
    -125.47578 -116.89345 
    -125.92081 -117.33988 
    -126.33678 -117.81342 
    -126.72206 -118.31215 
    -127.07510 -118.83410 
    -127.39454 -119.37717 
    -127.67909 -119.93918 
    -127.92766 -120.51791 
    -128.13927 -121.11102 
    -128.31310 -121.71616 
    -128.44847 -122.33093 
    -128.54489 -122.95287 
    -128.60197 -123.57951 
Cell 13 100 -78.99619 -111.26905 
    -89.09149 -111.26905 
    -89.16888 -111.90907 
    -89.12035 -112.54803 
    -89.03095 -113.18328 
    -88.90093 -113.81216 
    -88.73070 -114.43198 
    -88.52086 -115.04013 
    -88.27219 -115.63400 
    -87.98566 -116.21105 
    -87.66243 -116.76881 
    -87.30378 -117.30486 
    -86.91121 -117.81693 
    -86.48635 -118.30277 
    -86.03098 -118.76034 
    -85.54704 -119.18766 
    -85.03656 -119.58290 
    -84.50174 -119.94440 
    -83.94485 -120.27062 
    -83.36829 -120.56022 
    -82.77451 -120.81198 
    -82.16606 -121.02490 
    -81.54555 -121.19814 
    -80.91562 -121.33102 
    -80.27895 -121.42310 
    -79.63824 -121.47406 
    -78.99619 -121.48381 
    -78.35551 -121.45243 
    -77.71886 -121.38020 
    -77.08887 -121.26755 
    -76.46815 -121.11512 
    -75.85921 -120.92371 
    -75.26447 -120.69429 
    -74.68632 -120.42799 
    -74.12698 -120.12611 
    -73.57377 -119.81342 
    -73.02975 -119.48116 
    -72.50426 -119.11646 
    -71.99918 -118.72011 
    -71.51644 -118.29301 
    -71.05804 -117.83606 
    -70.62608 -117.35029 
    -70.22272 -116.83686 
    -69.85025 -116.29708 
    -69.51097 -115.73246 
    -69.20726 -115.14476 
    -68.94146 -114.53603 
    -68.71587 -113.90859 
    -68.53264 -113.26508 
    -68.39371 -112.60845 
    -68.30079 -111.94195 
    -68.25520 -111.26905 
    -68.25789 -110.59345 
    -68.30936 -109.91899 
    -68.40962 -109.24956 
    -68.55820 -108.58903 
    -68.75416 -107.94121 
    -68.99606 -107.30972 
    -69.28207 -106.69793 
    -69.54411 -106.07272 
    -69.80872 -105.43850 
    -70.11412 -104.81585 
    -70.46135 -104.20841 
    -70.85115 -103.62035 
    -71.28383 -103.05622 
    -71.75912 -102.52094 
    -72.27610 -102.01963 
    -72.83303 -101.55746 
    -73.42740 -101.13944 
    -74.05583 -100.77024 
    -74.71420 -100.45398 
    -75.39771 -100.19405 
    -76.10099 -99.99297 
    -76.81834 -99.85233 
    -77.54385 -99.77262 
    -78.27169 -99.75339 
    -78.99619 -99.79317 
    -79.71212 -99.88968 
    -80.41476 -100.03993 
    -81.10002 -100.24040 
    -81.76450 -100.48723 
    -82.40546 -100.77639 
    -83.02086 -101.10391 
    -83.60918 -101.46594 
    -84.16945 -101.85894 
    -84.63680 -102.38087 
    -85.04313 -102.94616 
    -85.44321 -103.47595 
    -85.83914 -103.98205 
    -86.21943 -104.48598 
    -86.57421 -104.99997 
    -86.91943 -105.51248 
    -87.25846 -106.02566 
    -87.56573 -106.55791 
    -87.83374 -107.11042 
    -88.06050 -107.68024 
    -88.25087 -108.26202 
    -88.41436 -108.85088 
    -88.56088 -109.44449 
    -88.69756 -110.04348 
    -88.83205 -110.65024 
Cell 14 100 -55.48596 -117.37038 
    -66.30697 -117.37038 
    -66.30847 -118.05127 
    -66.26801 -118.73247 
    -66.18463 -119.41125 
    -66.05761 -120.08472 
    -65.88659 -120.74974 
    -65.67157 -121.40314 
    -65.41299 -122.04168 
    -65.11161 -122.66212 
    -64.76859 -123.26131 
    -64.38539 -123.83620 
    -63.96379 -124.38384 
    -63.50579 -124.90150 
    -63.01368 -125.38658 
    -62.48990 -125.83669 
    -61.63148 -125.82896 
    -60.76592 -125.69027 
    -60.08471 -125.73548 
    -59.46895 -125.83466 
    -58.86578 -125.90683 
    -58.27658 -125.95902 
    -57.70169 -126.00009 
    -57.13949 -126.03851 
    -56.58461 -126.06713 
    -56.03493 -126.09613 
    -55.48596 -126.13358 
    -54.93164 -126.18098 
    -54.36582 -126.23720 
    -53.78289 -126.29818 
    -53.17838 -126.35781 
    -52.54959 -126.40759 
    -51.88863 -126.45618 
    -51.15492 -126.57429 
    -50.33354 -126.74260 
    -49.61168 -126.62675 
    -48.94486 -126.37343 
    -48.31631 -126.03699 
    -47.70990 -125.65103 
    -47.12609 -125.22081 
    -46.56565 -124.74990 
    -46.03193 -124.23913 
    -45.52876 -123.68941 
    -45.18462 -123.03359 
    -44.91239 -122.34592 
    -44.62638 -121.66999 
    -44.31757 -120.99921 
    -43.98048 -120.32448 
    -43.60559 -119.63668 
    -43.22000 -118.91993 
    -43.10993 -118.14901 
    -43.06308 -117.37038 
    -43.08052 -116.58989 
    -43.16244 -115.81355 
    -43.30819 -115.04734 
    -43.51627 -114.29708 
    -43.78434 -113.56829 
    -44.10937 -112.86607 
    -44.48764 -112.19496 
    -44.91496 -111.55892 
    -45.38671 -110.96120 
    -45.89806 -110.40436 
    -46.44404 -109.89025 
    -47.01971 -109.42004 
    -47.62027 -108.99427 
    -48.21088 -108.57632 
    -48.70187 -108.03289 
    -49.27816 -107.58846 
    -49.92862 -107.26162 
    -50.63164 -107.05442 
    -51.36112 -106.95222 
    -52.09330 -106.92885 
    -52.81166 -106.95469 
    -53.50857 -107.00455 
    -54.17896 -107.02440 
    -54.83545 -107.03080 
    -55.48596 -107.07004 
    -56.12949 -107.14178 
    -56.76501 -107.24561 
    -57.39547 -107.36034 
    -58.03296 -107.45049 
    -58.67016 -107.57042 
    -59.30616 -107.72166 
    -59.93909 -107.90698 
    -60.56578 -108.13022 
    -61.18140 -108.39579 
    -61.77953 -108.70802 
    -62.35241 -109.07027 
    -62.89158 -109.48418 
    -63.38881 -109.94910 
    -63.83699 -110.46181 
    -64.23100 -111.01673 
    -64.56831 -111.60654 
    -64.89444 -112.19802 
    -65.19919 -112.79968 
    -65.47070 -113.41714 
    -65.70551 -114.04984 
    -65.90259 -114.69584 
    -66.06170 -115.35294 
    -66.18259 -116.01908 
    -66.26465 -116.69224 
Cell 15 100 -58.85416 -94.88626 
    -69.33024 -94.88626 
    -69.21796 -95.53829 
    -69.11924 -96.18304 
    -69.01215 -96.82401 
    -68.86743 -97.45723 
    -68.68583 -98.08076 
    -68.46810 -98.69269 
    -68.21493 -99.29110 
    -67.92702 -99.87411 
    -67.60509 -100.43977 
    -67.24987 -100.98610 
    -66.86219 -101.51108 
    -66.44299 -102.01264 
    -65.99333 -102.48870 
    -65.51446 -102.93717 
    -65.00776 -103.35596 
    -64.47485 -103.74305 
    -63.91752 -104.09647 
    -63.33776 -104.41438 
    -62.73773 -104.69503 
    -62.11980 -104.93685 
    -61.48647 -105.13843 
    -60.84042 -105.29855 
    -60.18441 -105.41622 
    -59.52134 -105.49064 
    -58.85416 -105.52126 
    -58.18592 -105.50774 
    -57.51965 -105.45001 
    -56.85843 -105.34825 
    -56.20532 -105.20283 
    -55.56333 -105.01440 
    -54.93544 -104.78383 
    -54.32454 -104.51221 
    -53.73343 -104.20084 
    -53.16480 -103.85126 
    -52.62122 -103.46518 
    -52.10511 -103.04447 
    -51.61872 -102.59123 
    -51.16416 -102.10766 
    -50.74334 -101.59612 
    -50.35797 -101.05911 
    -49.94908 -100.53760 
    -49.55393 -99.99911 
    -49.19224 -99.43282 
    -48.86752 -98.84026 
    -48.58329 -98.22346 
    -48.34303 -97.58506 
    -48.14996 -96.92820 
    -48.00687 -96.25659 
    -47.91605 -95.57443 
    -47.87905 -94.88626 
    -47.89669 -94.19688 
    -47.96892 -93.51114 
    -48.09490 -92.83382 
    -48.27297 -92.16947 
    -48.50079 -91.52225 
    -48.77546 -90.89582 
    -49.09367 -90.29332 
    -49.45184 -89.71729 
    -49.84631 -89.16970 
    -49.82315 -88.32485 
    -49.34978 -87.02354 
    -50.78304 -87.30697 
    -51.71777 -87.28677 
    -52.24387 -86.89579 
    -52.73680 -86.46643 
    -53.22457 -86.01544 
    -53.73747 -85.57903 
    -54.27634 -85.15788 
    -54.84230 -84.75346 
    -55.43661 -84.36813 
    -56.06041 -84.00529 
    -56.71444 -83.66943 
    -57.39883 -83.36614 
    -58.11275 -83.10190 
    -58.85416 -82.88389 
    -59.61963 -82.71962 
    -60.40419 -82.61654 
    -61.20142 -82.58154 
    -62.00349 -82.62047 
    -62.80147 -82.73769 
    -63.58571 -82.93575 
    -64.34624 -83.21500 
    -65.07334 -83.57362 
    -65.75800 -84.00757 
    -66.39238 -84.51080 
    -66.97025 -85.07561 
    -67.48717 -85.69305 
    -67.94067 -86.35346 
    -68.33021 -87.04700 
    -68.65699 -87.76409 
    -68.92373 -88.49593 
    -69.13425 -89.23473 
    -69.29314 -89.97405 
    -69.40527 -90.70879 
    -69.47549 -91.43519 
    -69.50825 -92.15076 
    -69.50741 -92.85405 
    -69.47607 -93.54440 
    -69.41653 -94.22173 
Cell 16 100 -34.46695 -125.23882 
    -45.41923 -125.23882 
    -45.32721 -125.92209 
    -45.18375 -126.59267 
    -44.99365 -127.24689 
    -44.76185 -127.88210 
    -44.49306 -128.49651 
    -44.19147 -129.08904 
    -43.86060 -129.65913 
    -43.50322 -130.20656 
    -43.13293 -130.73842 
    -42.78958 -131.28557 
    -42.41366 -131.81291 
    -42.01059 -132.32277 
    -41.58047 -132.81395 
    -41.12435 -133.28624 
    -40.64333 -133.73988 
    -40.13403 -134.16872 
    -39.59632 -134.56911 
    -39.03071 -134.93730 
    -38.43700 -135.26602 
    -37.81819 -135.55289 
    -37.17772 -135.79655 
    -36.51884 -135.99519 
    -35.84494 -136.14670 
    -35.15976 -136.25063 
    -34.46695 -136.30559 
    -33.77043 -136.30966 
    -33.07431 -136.26270 
    -32.38269 -136.16489 
    -31.69958 -136.01703 
    -31.02901 -135.81972 
    -30.37552 -135.57260 
    -29.74133 -135.28128 
    -29.12965 -134.94734 
    -28.54348 -134.57272 
    -27.98567 -134.15955 
    -27.45887 -133.71013 
    -26.96551 -133.22705 
    -26.50784 -132.71292 
    -26.08778 -132.17068 
    -25.70705 -131.60326 
    -25.36713 -131.01375 
    -25.06916 -130.40530 
    -24.83707 -129.77029 
    -24.66300 -129.12048 
    -24.55741 -128.45863 
    -24.56233 -127.78190 
    -24.60421 -127.12024 
    -24.58468 -126.48724 
    -24.54635 -125.86298 
    -24.52983 -125.23882 
    -24.53808 -124.61415 
    -24.57038 -123.98860 
    -24.62560 -123.36149 
    -24.70327 -122.73193 
    -24.83720 -122.10992 
    -25.00370 -121.49206 
    -25.19542 -120.87597 
    -25.41131 -120.26044 
    -25.65143 -119.64433 
    -25.91714 -119.02702 
    -26.21129 -118.40915 
    -26.53806 -117.79311 
    -26.90261 -117.18362 
    -27.31038 -116.58801 
    -27.76631 -116.01618 
    -28.27385 -115.48006 
    -28.83415 -114.99280 
    -29.44540 -114.56750 
    -30.10265 -114.21586 
    -30.79798 -113.94688 
    -31.52118 -113.76582 
    -32.26076 -113.67357 
    -33.00505 -113.66674 
    -33.74339 -113.73814 
    -34.46695 -113.87785 
    -35.16935 -114.07445 
    -35.84678 -114.31636 
    -36.49774 -114.59305 
    -37.12298 -114.89426 
    -37.72816 -115.20184 
    -38.30667 -115.54079 
    -38.86035 -115.90237 
    -39.39624 -116.27248 
    -39.98075 -116.55048 
    -40.55462 -116.85987 
    -41.11617 -117.20130 
    -41.66310 -117.57571 
    -42.19234 -117.98420 
    -42.70000 -118.42785 
    -43.18137 -118.90742 
    -43.52642 -119.48951 
    -43.84805 -120.08152 
    -44.15749 -120.67880 
    -44.44976 -121.28635 
    -44.72602 -121.90546 
    -44.98820 -122.53742 
    -45.26128 -123.17969 
    -45.43267 -123.85353 
    -45.45551 -124.54749 
Cell 17 100 -14.42411 -124.62237 
    -24.53797 -124.62237 
    -24.53034 -125.25819 
    -24.54871 -125.90140 
    -24.58696 -126.56104 
    -24.59698 -127.23431 
    -24.55269 -127.91334 
    -24.32525 -128.54251 
    -24.05699 -129.15526 
    -23.74970 -129.74916 
    -23.40510 -130.32187 
    -23.02492 -130.87122 
    -22.61102 -131.39517 
    -22.16526 -131.89180 
    -21.68960 -132.35933 
    -21.18600 -132.79608 
    -20.65648 -133.20049 
    -20.10313 -133.57106 
    -19.52804 -133.90637 
    -18.93343 -134.20515 
    -18.32155 -134.46617 
    -17.69475 -134.68835 
    -17.05543 -134.87068 
    -16.40610 -135.01230 
    -15.74930 -135.11227 
    -15.08762 -135.16852 
    -14.42411 -135.17108 
    -13.76561 -135.08897 
    -13.13778 -134.80476 
    -12.56232 -134.38223 
    -11.99512 -134.08266 
    -11.43091 -133.83450 
    -10.86778 -133.60464 
    -10.29745 -133.39198 
    -9.71245 -133.19287 
    -9.09253 -133.02359 
    -8.41506 -132.89311 
    -7.83316 -132.58946 
    -7.29697 -132.21201 
    -6.85068 -131.73430 
    -6.43728 -131.22964 
    -6.05839 -130.70042 
    -5.71542 -130.14908 
    -5.40963 -129.57813 
    -5.14206 -128.99017 
    -4.91357 -128.38786 
    -4.72480 -127.77386 
    -4.57625 -127.15087 
    -4.46800 -126.52160 
    -4.39851 -125.88889 
    -4.33089 -125.25738 
    -4.28523 -124.62237 
    -4.27486 -123.98383 
    -4.29989 -123.34338 
    -4.36057 -122.70264 
    -4.45731 -122.06333 
    -4.59069 -121.42730 
    -4.76143 -120.79665 
    -4.97036 -120.17377 
    -5.21833 -119.56145 
    -5.50611 -118.96283 
    -5.83427 -118.38148 
    -6.20301 -117.82128 
    -6.61211 -117.28641 
    -7.06071 -116.78114 
    -7.54734 -116.30978 
    -8.06977 -115.87637 
    -8.62514 -115.48466 
    -9.20991 -115.13778 
    -9.82005 -114.83823 
    -10.32138 -114.26005 
    -10.62051 -112.91609 
    -11.43078 -112.96411 
    -12.31228 -113.55173 
    -13.01675 -113.48194 
    -13.72678 -113.53857 
    -14.42411 -113.69700 
    -15.09727 -113.92279 
    -15.74299 -114.18241 
    -16.36428 -114.45164 
    -16.98149 -114.66203 
    -17.58698 -114.88805 
    -18.17598 -115.14624 
    -18.74723 -115.43527 
    -19.29950 -115.75407 
    -19.83151 -116.10167 
    -20.34191 -116.47722 
    -20.83014 -116.87881 
    -21.34047 -117.25719 
    -21.82850 -117.66918 
    -22.29154 -118.11387 
    -22.72685 -118.59008 
    -23.13175 -119.09634 
    -23.50361 -119.63087 
    -23.83996 -120.19160 
    -24.13848 -120.77618 
    -24.39581 -121.38237 
    -24.60470 -122.00844 
    -24.71431 -122.65941 
    -24.62910 -123.33318 
    -24.57078 -123.98399 
Cell 18 100 15.42506 -124.49411 
    5.30616 -124.49411 
    5.32215 -125.12973 
    5.37246 -125.76405 
    5.46310 -126.39445 
    5.59381 -127.01834 
    5.76415 -127.63313 
    5.97350 -128.23625 
    6.22107 -128.82518 
    6.50591 -129.39746 
    6.82689 -129.95067 
    7.18275 -130.48250 
    7.57204 -130.99069 
    7.99317 -131.47311 
    8.44442 -131.92773 
    8.92392 -132.35263 
    9.42969 -132.74602 
    9.95961 -133.10628 
    10.51148 -133.43187 
    11.08299 -133.72148 
    11.67173 -133.97392 
    12.27526 -134.18819 
    12.89104 -134.36346 
    13.51650 -134.49911 
    14.14905 -134.59471 
    14.78610 -134.65001 
    15.42506 -134.66501 
    16.06338 -134.63994 
    16.69860 -134.57524 
    17.32836 -134.47157 
    17.95046 -134.32990 
    18.56288 -134.15132 
    19.16384 -133.93718 
    19.75185 -133.68901 
    20.32572 -133.40839 
    20.88461 -133.09698 
    21.42799 -132.75644 
    21.95564 -132.38823 
    22.46749 -131.99355 
    22.80336 -131.42279 
    23.07377 -130.82169 
    23.32172 -130.23137 
    23.54998 -129.65034 
    23.76628 -129.07974 
    23.97686 -128.51828 
    24.18691 -127.96317 
    24.40088 -127.41054 
    24.62260 -126.85564 
    24.85526 -126.29301 
    25.10098 -125.71646 
    25.35946 -125.11913 
    25.65794 -124.49411 
    26.06377 -123.82478 
    26.59007 -123.08364 
    27.15020 -122.25742 
    27.00326 -121.52133 
    26.78210 -120.80399 
    26.48941 -120.11343 
    26.12986 -119.45681 
    25.70975 -118.84005 
    25.23661 -118.26751 
    24.71869 -117.74190 
    24.16440 -117.26430 
    23.58190 -116.83432 
    22.97862 -116.45039 
    22.36097 -116.11003 
    21.73426 -115.81023 
    21.10260 -115.54774 
    20.50088 -115.26122 
    19.89327 -114.99866 
    19.27281 -114.77579 
    18.64225 -114.59262 
    18.00420 -114.44903 
    17.36115 -114.34478 
    16.71545 -114.27958 
    16.06937 -114.25306 
    15.42506 -114.20618 
    14.77711 -114.19537 
    14.12804 -114.22715 
    13.48090 -114.30247 
    12.83897 -114.42197 
    12.20571 -114.58597 
    11.58464 -114.79433 
    10.97932 -115.04644 
    10.39322 -115.34123 
    9.82964 -115.67715 
    9.29164 -116.05219 
    8.78195 -116.46397 
    8.30291 -116.90980 
    7.85650 -117.38676 
    7.44427 -117.89183 
    7.06741 -118.42192 
    6.72676 -118.97401 
    6.42289 -119.54513 
    6.15615 -120.13250 
    5.92488 -120.73273 
    5.72479 -121.34231 
    5.56346 -121.96208 
    5.44096 -122.58954 
    5.35731 -123.22226 
    5.31242 -123.85788 
Cell 19 100 24.00064 -105.10139 
    12.81394 -105.10139 
    12.87080 -105.80162 
    12.97884 -106.49377 
    13.13619 -107.17389 
    13.34056 -107.83843 
    13.58940 -108.48420 
    13.87992 -109.10846 
    14.20923 -109.70887 
    14.57443 -110.28349 
    14.97264 -110.83073 
    15.40111 -111.34931 
    15.85722 -111.83820 
    16.33853 -112.29659 
    16.84276 -112.72375 
    17.36780 -113.11911 
    17.90147 -113.49618 
    18.42802 -113.88242 
    18.98009 -114.23373 
    19.55486 -114.54916 
    20.14972 -114.82771 
    20.76222 -115.06821 
    21.39011 -115.26873 
    22.03105 -115.42632 
    22.68177 -115.54131 
    23.33929 -115.61327 
    24.00064 -115.64176 
    24.66283 -115.62659 
    25.32285 -115.56774 
    25.97769 -115.46546 
    26.62438 -115.32020 
    27.25998 -115.13261 
    27.88161 -114.90359 
    28.48646 -114.63424 
    29.07183 -114.32584 
    29.63511 -113.97990 
    30.17385 -113.59808 
    30.68571 -113.18224 
    31.16854 -112.73443 
    31.62038 -112.25680 
    32.03946 -111.75167 
    32.42426 -111.22150 
    32.77353 -110.66883 
    33.08629 -110.09627 
    33.36191 -109.50647 
    33.60011 -108.90208 
    33.80097 -108.28571 
    33.96493 -107.65978 
    34.09277 -107.02657 
    34.18557 -106.38805 
    34.24456 -105.74588 
    34.27099 -105.10139 
    34.26599 -104.45554 
    34.23032 -103.80907 
    34.16419 -103.16259 
    34.06711 -102.51675 
    33.93778 -101.87261 
    33.77411 -101.23180 
    33.57336 -100.59681 
    33.33240 -99.97121 
    33.04809 -99.35970 
    32.78148 -98.72174 
    32.52337 -98.05077 
    32.22944 -97.37402 
    31.89171 -96.69825 
    31.50213 -96.03365 
    31.05374 -95.39363 
    30.54184 -94.79410 
    29.96503 -94.25220 
    29.32583 -93.78477 
    28.63093 -93.40660 
    27.89076 -93.12883 
    27.11860 -92.95772 
    26.32933 -92.89397 
    25.53790 -92.93276 
    24.75794 -93.06440 
    24.00064 -93.27560 
    23.27395 -93.55102 
    22.58241 -93.87497 
    21.92736 -94.23289 
    21.30756 -94.61253 
    20.72002 -95.00467 
    20.15864 -95.39761 
    19.53026 -95.60134 
    18.91094 -95.84325 
    18.30326 -96.12375 
    17.71005 -96.44314 
    17.13441 -96.80154 
    16.57963 -97.19881 
    16.04925 -97.63453 
    15.54693 -98.10786 
    15.07642 -98.61756 
    14.64147 -99.16188 
    14.24570 -99.73856 
    13.89255 -100.34489 
    13.58513 -100.97759 
    13.32612 -101.63303 
    13.11775 -102.30714 
    12.96164 -102.99558 
    12.85881 -103.69385 
    12.80966 -104.39731 
Cell 20 100 63.47536 -104.36150 
    53.38682 -104.36150 
    53.40208 -104.99526 
    53.45729 -105.62708 
    53.55235 -106.25442 
    53.68693 -106.87475 
    53.86056 -107.48554 
    54.07261 -108.08431 
    54.32226 -108.66862 
    54.60855 -109.23608 
    54.93033 -109.78434 
    55.28634 -110.31117 
    55.67513 -110.81441 
    56.09513 -111.29200 
    56.54462 -111.74200 
    57.02177 -112.16255 
    57.52467 -112.55193 
    58.05122 -112.90858 
    58.59929 -113.23105 
    59.16662 -113.51804 
    59.75089 -113.76843 
    60.34972 -113.98123 
    60.96066 -114.15564 
    61.58121 -114.29099 
    62.20887 -114.38683 
    62.84109 -114.44284 
    63.47536 -114.45888 
    64.10913 -114.43500 
    64.73991 -114.37140 
    65.36521 -114.26846 
    65.98264 -114.12670 
    66.58982 -113.94684 
    67.18449 -113.72969 
    67.76443 -113.47623 
    68.32754 -113.18758 
    68.87181 -112.86495 
    69.39535 -112.50966 
    69.89633 -112.12313 
    70.37309 -111.70685 
    70.82404 -111.26237 
    71.24767 -110.79131 
    71.64259 -110.29534 
    72.00748 -109.77615 
    72.34112 -109.23550 
    72.64230 -108.67513 
    72.90989 -108.09690 
    73.14688 -107.50397 
    73.42118 -106.91515 
    73.69813 -106.31160 
    73.97870 -105.68839 
    74.25476 -105.03969 
    74.50707 -104.36150 
    74.70658 -103.65489 
    74.81976 -102.92838 
    74.81696 -102.19798 
    74.68085 -101.48442 
    74.41193 -100.80800 
    74.02853 -100.18321 
    73.56147 -99.61534 
    73.11462 -99.06227 
    72.96947 -98.33636 
    72.77972 -97.60149 
    72.53147 -96.86964 
    72.21168 -96.15755 
    71.81046 -95.48553 
    71.32317 -94.87513 
    70.75178 -94.34637 
    70.08820 -93.94135 
    69.37974 -93.62148 
    68.64664 -93.37196 
    67.87280 -93.25484 
    67.09371 -93.22537 
    66.32405 -93.26658 
    65.57396 -93.36025 
    64.85153 -93.46799 
    64.15981 -93.48258 
    63.47536 -93.54343 
    62.80130 -93.64767 
    62.14017 -93.79243 
    61.49403 -93.97498 
    60.86447 -94.19277 
    60.25283 -94.44357 
    59.66017 -94.72544 
    59.08747 -95.03677 
    58.53565 -95.37621 
    58.00565 -95.74263 
    57.49850 -96.13507 
    57.01532 -96.55265 
    56.55730 -96.99452 
    56.12578 -97.45979 
    55.72211 -97.94746 
    55.34343 -98.45331 
    54.98753 -98.97497 
    54.66423 -99.51755 
    54.37487 -100.07914 
    54.12067 -100.65772 
    53.90276 -101.25118 
    53.72213 -101.85730 
    53.57960 -102.47379 
    53.47587 -103.09827 
    53.41149 -103.72834 
Cell 21 100 64.91927 -127.28439 
    54.91083 -127.28439 
    54.93180 -127.91274 
    54.99220 -128.53847 
    55.09178 -129.15907 
    55.23013 -129.77213 
    55.40670 -130.37520 
    55.62076 -130.96593 
    55.82512 -131.56377 
    56.04741 -132.16173 
    56.30856 -132.74890 
    56.60859 -133.32245 
    56.94728 -133.87939 
    57.32404 -134.41678 
    57.73798 -134.93167 
    58.18793 -135.42117 
    58.67240 -135.88246 
    59.18969 -136.31274 
    59.73779 -136.70944 
    60.31448 -137.07005 
    60.91727 -137.39226 
    61.54351 -137.67390 
    62.19081 -137.91100 
    62.85597 -138.10054 
    63.53469 -138.24445 
    64.22359 -138.34180 
    64.91927 -138.39230 
    65.61845 -138.39760 
    66.31820 -138.35811 
    67.01567 -138.27414 
    67.70757 -138.14413 
    68.38789 -137.95972 
    69.05367 -137.72672 
    69.70177 -137.44772 
    70.29738 -137.06714 
    70.75183 -136.47504 
    70.95657 -135.59402 
    71.17352 -134.84450 
    71.52062 -134.31412 
    71.80943 -133.75468 
    72.06513 -133.19597 
    72.30048 -132.64716 
    72.52719 -132.11252 
    72.75436 -131.59177 
    72.99053 -131.08243 
    73.23805 -130.57803 
    73.49723 -130.07153 
    73.76648 -129.55597 
    74.04021 -129.02431 
    74.31009 -128.47072 
    74.58681 -127.89262 
    74.91210 -127.28439 
    75.35496 -126.62783 
    75.22929 -125.98193 
    75.15189 -125.33241 
    75.03728 -124.68652 
    74.87925 -124.04819 
    74.67766 -123.42076 
    74.43272 -122.80769 
    74.14509 -122.21245 
    73.81580 -121.63847 
    73.44636 -121.08909 
    73.03868 -120.56742 
    72.59507 -120.07632 
    72.11816 -119.61833 
    71.61089 -119.19560 
    71.07635 -118.80989 
    70.55304 -118.40697 
    70.07327 -117.90928 
    69.56451 -117.41275 
    69.01896 -116.92975 
    68.43002 -116.47942 
    67.79456 -116.08584 
    67.11488 -115.77455 
    66.39940 -115.56792 
    65.66190 -115.48063 
    64.91927 -115.51663 
    64.18844 -115.66827 
    63.48336 -115.91807 
    62.81289 -116.24239 
    62.18015 -116.61622 
    61.58330 -117.01734 
    61.01739 -117.42937 
    60.47640 -117.84282 
    59.95512 -118.25464 
    59.45023 -118.66656 
    58.96065 -119.08305 
    58.48730 -119.50948 
    58.03248 -119.95071 
    57.59918 -120.41037 
    57.19057 -120.89065 
    56.80960 -121.39236 
    56.45884 -121.91524 
    56.14044 -122.45819 
    55.85616 -123.01962 
    55.60741 -123.59756 
    55.39534 -124.18987 
    55.22086 -124.79426 
    55.08471 -125.40835 
    54.98743 -126.02970 
    54.92939 -126.65588 
Cell 22 100 74.41856 -84.33376 
    62.28412 -84.33376 
    62.30353 -85.09597 
    62.39716 -85.85241 
    62.56238 -86.59544 
    62.79498 -87.31818 
    63.08952 -88.01478 
    63.43967 -88.68060 
    63.83861 -89.31229 
    64.27946 -89.90777 
    64.75561 -90.46605 
    65.26100 -90.98711 
    65.79040 -91.47159 
    66.33948 -91.92052 
    66.90508 -92.33480 
    67.48574 -92.71409 
    68.08167 -93.05573 
    68.69464 -93.35320 
    69.32317 -93.60223 
    69.93097 -93.87036 
    70.53030 -94.15438 
    71.16524 -94.34645 
    71.80706 -94.50488 
    72.45474 -94.62844 
    73.10699 -94.71592 
    73.76221 -94.76614 
    74.41856 -94.78477 
    75.07511 -94.76939 
    75.72952 -94.71109 
    76.37887 -94.61007 
    77.02027 -94.46677 
    77.65088 -94.28182 
    78.26789 -94.05607 
    78.86859 -93.79055 
    79.45032 -93.48650 
    80.01054 -93.14531 
    80.54682 -92.76859 
    81.05686 -92.35809 
    81.53851 -91.91573 
    81.98975 -91.44358 
    82.40879 -90.94386 
    82.79410 -90.41895 
    83.14449 -89.87140 
    83.45937 -89.30399 
    83.73906 -88.71965 
    83.98533 -88.12151 
    84.20197 -87.51258 
    84.39547 -86.89539 
    84.57526 -86.27125 
    84.75310 -85.63931 
    84.94125 -84.99579 
    85.14906 -84.33376 
    85.37842 -83.64422 
    85.61931 -82.91877 
    85.84733 -82.15360 
    86.02486 -81.35376 
    86.10699 -80.53595 
    86.05119 -79.72807 
    85.82809 -78.96484 
    85.42977 -78.28029 
    84.87250 -77.69948 
    84.19276 -77.23238 
    83.43809 -76.87215 
    82.93324 -76.33793 
    82.52139 -75.70511 
    82.06213 -75.09425 
    81.55513 -74.51110 
    81.00082 -73.96177 
    80.40054 -73.45258 
    79.75657 -72.98991 
    79.07224 -72.57991 
    78.35185 -72.22831 
    77.60069 -71.94019 
    76.82481 -71.71973 
    76.03098 -71.57012 
    75.22641 -71.49330 
    74.41856 -71.49000 
    73.61488 -71.55964 
    72.82259 -71.70039 
    72.04846 -71.90930 
    71.29861 -72.18238 
    70.57835 -72.51484 
    69.89211 -72.90125 
    69.24332 -73.33582 
    68.63451 -73.81261 
    68.06726 -74.32571 
    67.54234 -74.86947 
    67.05984 -75.43859 
    66.61923 -76.02832 
    66.21962 -76.63445 
    65.85984 -77.25337 
    65.53858 -77.88208 
    65.05519 -78.39159 
    64.55283 -78.91003 
    64.08262 -79.47003 
    63.65190 -80.07094 
    63.26822 -80.71079 
    62.93893 -81.38629 
    62.67081 -82.09275 
    62.46963 -82.82426 
    62.33981 -83.57383 
Cell 23 100 91.78676 -117.49497 
    80.23211 -117.49497 
    80.40060 -118.21133 
    80.61838 -118.90587 
    80.87818 -119.57590 
    81.17332 -120.22004 
    81.49801 -120.83799 
    81.84757 -121.43018 
    82.21853 -121.99744 
    82.60863 -122.54070 
    83.02605 -123.05468 
    83.72675 -123.35091 
    84.34097 -123.65466 
    84.88770 -123.97363 
    85.43066 -124.26353 
    85.96470 -124.53263 
    86.48785 -124.78831 
    87.00069 -125.03660 
    87.50573 -125.28214 
    88.00655 -125.52833 
    88.50744 -125.77760 
    89.01310 -126.03141 
    89.52863 -126.28982 
    90.05952 -126.54948 
    90.61064 -126.80488 
    91.18579 -127.04710 
    91.78676 -127.31698 
    92.42938 -127.70918 
    93.14040 -128.21021 
    93.81485 -128.12660 
    94.48334 -127.99744 
    95.14257 -127.82311 
    95.78931 -127.60428 
    96.42037 -127.34190 
    97.03261 -127.03714 
    97.62301 -126.69144 
    98.18867 -126.30645 
    98.72683 -125.88408 
    99.23488 -125.42641 
    99.71038 -124.93575 
    100.15111 -124.41457 
    100.55502 -123.86549 
    100.92032 -123.29131 
    101.24542 -122.69492 
    101.52899 -122.07932 
    101.76994 -121.44759 
    101.96745 -120.80288 
    102.12093 -120.14834 
    102.23007 -119.48714 
    102.29483 -118.82245 
    102.31542 -118.15738 
    102.29231 -117.49497 
    102.22622 -116.83818 
    102.11816 -116.18981 
    101.96932 -115.55254 
    101.78117 -114.92884 
    101.55538 -114.32095 
    101.29379 -113.73087 
    100.99841 -113.16029 
    100.67139 -112.61060 
    100.31490 -112.08285 
    99.93114 -111.57773 
    99.52228 -111.09560 
    99.09035 -110.63645 
    98.63742 -110.19975 
    98.16444 -109.78568 
    97.67231 -109.39420 
    97.16286 -109.02357 
    96.63610 -108.67405 
    96.09209 -108.34567 
    95.53065 -108.03899 
    94.95142 -107.75517 
    94.35404 -107.49606 
    93.73835 -107.26434 
    93.10457 -107.06342 
    92.45351 -106.89735 
    91.78676 -106.77072 
    91.10686 -106.68835 
    90.41736 -106.65506 
    89.72279 -106.67528 
    89.02863 -106.75278 
    88.34109 -106.89029 
    87.66686 -107.08931 
    87.01283 -107.34987 
    86.38571 -107.67051 
    85.79168 -108.04824 
    85.23610 -108.47877 
    84.67175 -108.89440 
    84.03485 -109.24003 
    83.41739 -109.63561 
    82.82760 -110.08331 
    82.27446 -110.58389 
    81.76723 -111.13638 
    81.31478 -111.73796 
    80.92510 -112.38387 
    80.60467 -113.06767 
    80.35800 -113.78155 
    80.18739 -114.51676 
    80.09278 -115.26423 
    80.07182 -116.01503 
    80.12022 -116.76098 
Cell 24 100 -96.79292 -103.79976 
    -106.96453 -103.79976 
    -106.95378 -104.43903 
    -106.90225 -105.07687 
    -106.81001 -105.71062 
    -106.67737 -106.33765 
    -106.50481 -106.95535 
    -106.29302 -107.56111 
    -106.04284 -108.15244 
    -105.75530 -108.72687 
    -105.43159 -109.28202 
    -105.07306 -109.81563 
    -104.68122 -110.32553 
    -104.25774 -110.80968 
    -103.80438 -111.26620 
    -103.32307 -111.69335 
    -102.81580 -112.08954 
    -102.28468 -112.45337 
    -101.73183 -112.78361 
    -101.15950 -113.07921 
    -100.56990 -113.33930 
    -99.96526 -113.56321 
    -99.34782 -113.75040 
    -98.71975 -113.90054 
    -98.08321 -114.01338 
    -97.44026 -114.08885 
    -96.79292 -114.12695 
    -96.14314 -114.12775 
    -95.49278 -114.09140 
    -94.84368 -114.01804 
    -94.19762 -113.90781 
    -93.55636 -113.76088 
    -92.92171 -113.57734 
    -92.29551 -113.35725 
    -91.67970 -113.10067 
    -91.07635 -112.80762 
    -90.48769 -112.47816 
    -89.91613 -112.11237 
    -89.36767 -111.70686 
    -89.02015 -111.09888 
    -88.78248 -110.42657 
    -88.62669 -109.73288 
    -88.47115 -109.08092 
    -88.30718 -108.46484 
    -88.12534 -107.87841 
    -87.91505 -107.31476 
    -87.66628 -106.76519 
    -87.37015 -106.21912 
    -87.01961 -105.66412 
    -86.63052 -105.08357 
    -86.20431 -104.46593 
    -85.69653 -103.79976 
    -85.13380 -103.06623 
    -84.51890 -102.24919 
    -84.65780 -101.48486 
    -85.07256 -100.79048 
    -85.64052 -100.17612 
    -86.28554 -99.63960 
    -86.72401 -99.06169 
    -86.60038 -98.19636 
    -86.37627 -97.18915 
    -87.96911 -97.38889 
    -88.44994 -96.89784 
    -88.95779 -96.44208 
    -89.48931 -96.02220 
    -90.04134 -95.63850 
    -90.61099 -95.29106 
    -91.19557 -94.97975 
    -91.79268 -94.70435 
    -92.40012 -94.46457 
    -93.01591 -94.26013 
    -93.63828 -94.09077 
    -94.26555 -93.95628 
    -94.89615 -93.85653 
    -95.52339 -93.75040 
    -96.15231 -93.61746 
    -96.79292 -93.49287 
    -97.44878 -93.37526 
    -98.12320 -93.26954 
    -98.81712 -93.18851 
    -99.52673 -93.15231 
    -100.24185 -93.18505 
    -100.94634 -93.30943 
    -101.62057 -93.54048 
    -102.24577 -93.88107 
    -102.80853 -94.32067 
    -103.30400 -94.83804 
    -103.73628 -95.40668 
    -104.11629 -96.00117 
    -104.45779 -96.60197 
    -104.77336 -97.19777 
    -105.07156 -97.78497 
    -105.35596 -98.36549 
    -105.62642 -98.94350 
    -105.92493 -99.50256 
    -106.18825 -100.07989 
    -106.41484 -100.67341 
    -106.60363 -101.28080 
    -106.75367 -101.89964 
    -106.86420 -102.52746 
    -106.93463 -103.16170 
