101 25 
Cell 0 100 -122.44723 -144.25818 
    -132.44733 -144.25818 
    -132.42758 -144.88609 
    -132.36844 -145.51152 
    -132.27016 -146.13200 
    -132.13310 -146.74509 
    -131.95782 -147.34836 
    -131.74501 -147.93942 
    -131.50362 -148.51979 
    -131.23412 -149.08881 
    -130.93195 -149.64275 
    -130.59465 -150.17763 
    -130.22339 -150.69118 
    -129.81944 -151.18115 
    -129.38429 -151.64540 
    -128.91954 -152.08186 
    -128.42694 -152.48856 
    -127.90841 -152.86362 
    -127.36595 -153.20531 
    -126.80177 -153.51204 
    -126.21811 -153.78235 
    -125.61738 -154.01489 
    -125.00205 -154.20856 
    -124.37470 -154.36235 
    -123.73797 -154.47545 
    -123.09457 -154.54727 
    -122.44723 -154.57735 
    -121.79874 -154.56548 
    -121.15192 -154.51158 
    -120.50955 -154.41582 
    -119.87444 -154.27855 
    -119.24932 -154.10031 
    -118.63695 -153.88185 
    -118.03997 -153.62408 
    -117.46098 -153.32813 
    -116.90250 -152.99527 
    -116.36693 -152.62700 
    -115.85658 -152.22491 
    -115.37360 -151.79082 
    -114.92007 -151.32664 
    -114.49786 -150.83446 
    -114.10874 -150.31645 
    -113.75428 -149.77489 
    -113.43589 -149.21220 
    -113.15482 -148.63086 
    -112.91212 -148.03340 
    -112.68365 -147.43056 
    -112.48450 -146.81618 
    -112.31943 -146.19016 
    -112.18855 -145.55415 
    -112.09196 -144.90968 
    -112.11436 -144.25818 
    -112.55090 -143.63554 
    -112.89548 -143.05151 
    -113.18597 -142.49150 
    -113.44322 -141.94635 
    -113.68169 -141.41010 
    -113.91228 -140.87895 
    -114.13922 -140.34872 
    -114.37287 -139.81926 
    -114.61921 -139.29037 
    -114.88003 -138.76028 
    -115.15569 -138.22609 
    -115.45060 -137.68790 
    -115.76978 -137.14742 
    -116.13752 -136.63104 
    -116.52653 -136.10904 
    -116.89947 -135.51630 
    -117.15801 -134.63713 
    -117.61298 -133.98488 
    -118.32744 -133.85278 
    -119.05377 -133.81421 
    -119.74306 -133.72612 
    -120.41789 -133.62003 
    -121.08759 -133.49553 
    -121.75959 -133.32854 
    -122.44723 -133.06268 
    -123.17030 -132.76538 
    -123.94359 -132.41322 
    -124.72958 -132.29364 
    -125.43349 -132.62743 
    -126.10607 -132.99744 
    -126.69960 -133.51791 
    -127.19315 -134.17258 
    -127.63457 -134.82245 
    -128.14777 -135.27557 
    -128.64590 -135.72643 
    -129.24088 -136.04607 
    -130.03448 -136.17857 
    -130.03343 -137.13426 
    -130.33780 -137.73053 
    -130.68558 -138.27267 
    -131.00304 -138.82851 
    -131.28986 -139.39690 
    -131.54558 -139.97682 
    -131.76959 -140.56720 
    -131.96126 -141.16689 
    -132.13321 -141.77124 
    -132.27023 -142.38434 
    -132.36850 -143.00484 
    -132.42761 -143.63026 
Cell 1 100 -105.43390 -136.81450 
    -116.00687 -136.81450 
    -115.58907 -137.45341 
    -115.24970 -138.05452 
    -114.94760 -138.62933 
    -114.67053 -139.18607 
    -114.41345 -139.73213 
    -114.17210 -140.27420 
    -113.93893 -140.81667 
    -113.70319 -141.36058 
    -113.46021 -141.90814 
    -113.20171 -142.45815 
    -112.91880 -143.00655 
    -112.60320 -143.54691 
    -112.24671 -144.06941 
    -111.82375 -144.53850 
    -111.32561 -144.92374 
    -110.80629 -145.28003 
    -110.26542 -145.60300 
    -109.70514 -145.89134 
    -109.12766 -146.14389 
    -108.53529 -146.35960 
    -107.93037 -146.53758 
    -107.31529 -146.67712 
    -106.69254 -146.77763 
    -106.06457 -146.83868 
    -105.43390 -146.86002 
    -104.80305 -146.84152 
    -104.17455 -146.78326 
    -103.55091 -146.68547 
    -102.93463 -146.54851 
    -102.32818 -146.37291 
    -101.73399 -146.15941 
    -101.15444 -145.90881 
    -100.59186 -145.62215 
    -100.04848 -145.30055 
    -99.52650 -144.94533 
    -99.02801 -144.55789 
    -98.55498 -144.13980 
    -98.10931 -143.69275 
    -97.69278 -143.21851 
    -97.30488 -142.72058 
    -96.94123 -142.20412 
    -96.60660 -141.66734 
    -96.47187 -141.03171 
    -96.45299 -140.37030 
    -96.40393 -139.74850 
    -96.36260 -139.14362 
    -96.33253 -138.55067 
    -96.31616 -137.96634 
    -96.31553 -137.38818 
    -96.33109 -136.81450 
    -96.36115 -136.24368 
    -96.37172 -135.66968 
    -96.38248 -135.08784 
    -96.39954 -134.49487 
    -96.42975 -133.88887 
    -96.47158 -133.26607 
    -96.51667 -132.61836 
    -96.55800 -131.93494 
    -96.57433 -131.19205 
    -96.42719 -130.27074 
    -96.87920 -129.73743 
    -97.38058 -129.25194 
    -97.92168 -128.81479 
    -98.49480 -128.42656 
    -99.09243 -128.08621 
    -99.70773 -127.79150 
    -100.33488 -127.53941 
    -100.96928 -127.32668 
    -101.60754 -127.15022 
    -102.24738 -127.00742 
    -102.84238 -126.72121 
    -103.45500 -126.44077 
    -104.09426 -126.21019 
    -104.75697 -126.05504 
    -105.43390 -125.99623 
    -106.11159 -126.04294 
    -106.77080 -126.23183 
    -107.40285 -126.49290 
    -108.01131 -126.77613 
    -108.59158 -127.09615 
    -109.15946 -127.40482 
    -109.66797 -127.81665 
    -110.12984 -128.27263 
    -110.59739 -128.67815 
    -111.06811 -129.05968 
    -111.54359 -129.42915 
    -112.02193 -129.79897 
    -112.50175 -130.17735 
    -112.98142 -130.57065 
    -113.46139 -130.98219 
    -113.94197 -131.41512 
    -114.42283 -131.87280 
    -114.91216 -132.35439 
    -115.42991 -132.85681 
    -116.04750 -133.36592 
    -116.85085 -133.88312 
    -117.20559 -134.56892 
    -116.94535 -135.36028 
    -116.52061 -136.11697 
Cell 2 100 -86.39900 -138.17018 
    -96.32187 -138.17018 
    -96.34496 -138.79593 
    -96.38226 -139.43137 
    -96.43038 -140.08377 
    -96.46395 -140.75441 
    -96.44089 -141.43298 
    -96.11569 -142.01729 
    -95.77274 -142.58113 
    -95.41166 -143.12492 
    -95.03171 -143.64867 
    -94.63201 -144.15181 
    -94.22208 -144.64198 
    -93.82655 -145.14511 
    -93.39820 -145.62358 
    -92.93842 -146.07498 
    -92.44888 -146.49712 
    -91.93143 -146.88788 
    -91.38810 -147.24532 
    -90.82106 -147.56754 
    -90.23264 -147.85284 
    -89.62530 -148.09969 
    -89.00163 -148.30672 
    -88.36432 -148.47273 
    -87.71619 -148.59674 
    -87.06010 -148.67795 
    -86.39900 -148.71579 
    -85.73590 -148.70988 
    -85.07381 -148.66010 
    -84.41579 -148.56654 
    -83.76486 -148.42949 
    -83.12402 -148.24953 
    -82.49626 -148.02737 
    -81.88447 -147.76405 
    -81.29147 -147.46075 
    -80.71999 -147.11887 
    -80.17265 -146.74002 
    -79.65192 -146.32600 
    -79.16015 -145.87878 
    -78.69952 -145.40048 
    -78.27202 -144.89340 
    -77.87951 -144.35995 
    -77.52359 -143.80269 
    -77.20573 -143.22423 
    -76.92654 -142.62758 
    -76.63884 -142.03450 
    -76.38355 -141.42439 
    -76.16281 -140.79839 
    -75.97865 -140.15797 
    -75.83342 -139.50493 
    -75.72987 -138.84143 
    -75.67085 -138.17018 
    -75.65921 -137.49449 
    -75.69749 -136.81827 
    -75.78769 -136.14597 
    -75.93102 -135.48247 
    -76.12773 -134.83284 
    -76.37696 -134.20218 
    -76.67673 -133.59523 
    -77.02404 -133.01625 
    -77.41502 -132.46877 
    -77.84517 -131.95546 
    -78.30967 -131.47810 
    -78.80360 -131.03763 
    -79.32227 -130.63423 
    -79.86137 -130.26755 
    -80.41711 -129.93681 
    -80.98631 -129.64114 
    -81.56610 -129.37917 
    -82.11768 -129.07191 
    -82.68578 -128.79166 
    -83.26916 -128.53751 
    -83.86694 -128.30843 
    -84.47865 -128.10335 
    -85.10427 -127.92133 
    -85.74416 -127.76181 
    -86.39900 -127.62483 
    -87.07212 -127.47128 
    -87.77007 -127.31709 
    -88.48177 -127.25192 
    -89.18986 -127.30051 
    -89.92995 -127.30305 
    -90.69376 -127.32285 
    -91.44873 -127.43896 
    -92.17940 -127.65569 
    -92.93209 -127.87568 
    -93.66998 -128.16254 
    -94.38272 -128.51953 
    -95.05930 -128.94789 
    -95.68873 -129.44655 
    -96.26063 -130.01193 
    -96.51498 -130.82050 
    -96.56272 -131.72008 
    -96.51732 -132.60759 
    -96.46018 -133.43575 
    -96.41399 -134.20497 
    -96.38717 -134.92484 
    -96.37283 -135.60933 
    -96.35976 -136.27007 
    -96.32834 -136.91582 
    -96.31570 -137.54628 
Cell 3 100 -55.54261 -155.29330 
    -65.67374 -155.29330 
    -65.62855 -155.92786 
    -65.54639 -156.55707 
    -65.42792 -157.17903 
    -65.27374 -157.79184 
    -65.08437 -158.39362 
    -64.86033 -158.98245 
    -64.60215 -159.55640 
    -64.31049 -160.11348 
    -63.98608 -160.65170 
    -63.63278 -161.17116 
    -63.24774 -161.66754 
    -62.83230 -162.13878 
    -62.38808 -162.58299 
    -61.91685 -162.99844 
    -61.42046 -163.38347 
    -60.90088 -163.73659 
    -60.36015 -164.05637 
    -59.80040 -164.34157 
    -59.22386 -164.59106 
    -58.63278 -164.80386 
    -58.02951 -164.97914 
    -57.41642 -165.11618 
    -56.79594 -165.21445 
    -56.17052 -165.27357 
    -55.54261 -165.29330 
    -54.91470 -165.27357 
    -54.28928 -165.21445 
    -53.66880 -165.11618 
    -53.05571 -164.97914 
    -52.45128 -164.80743 
    -51.85816 -164.59917 
    -51.27839 -164.35524 
    -50.71376 -164.07695 
    -50.16588 -163.76569 
    -49.63607 -163.42296 
    -49.12540 -163.05038 
    -48.63467 -162.64952 
    -48.16446 -162.22185 
    -47.71520 -161.76871 
    -47.28725 -161.29118 
    -46.88106 -160.79008 
    -46.49737 -160.26596 
    -46.13736 -159.71909 
    -45.80281 -159.14957 
    -45.49629 -158.55756 
    -45.22115 -157.94341 
    -44.98153 -157.30794 
    -44.78220 -156.65266 
    -44.62831 -155.97998 
    -44.52508 -155.29330 
    -44.47729 -154.59714 
    -44.48895 -153.89690 
    -44.56283 -153.19881 
    -44.70021 -152.50945 
    -44.90065 -151.83553 
    -45.16201 -151.18333 
    -45.48056 -150.55847 
    -45.85132 -149.96547 
    -46.26837 -149.40768 
    -46.72535 -148.88719 
    -47.21589 -148.40483 
    -47.73398 -147.96051 
    -48.27431 -147.55336 
    -48.83241 -147.18205 
    -49.40469 -146.84518 
    -49.98849 -146.54141 
    -50.58190 -146.26981 
    -51.18378 -146.03032 
    -51.79227 -145.82103 
    -52.43330 -145.72383 
    -53.05976 -145.62323 
    -53.68395 -145.54987 
    -54.31317 -145.56129 
    -54.93135 -145.57767 
    -55.54261 -145.58806 
    -56.15243 -145.60054 
    -56.76622 -145.60745 
    -57.39085 -145.60449 
    -58.03281 -145.59462 
    -58.68201 -145.63123 
    -59.29828 -145.80756 
    -59.89568 -146.04256 
    -60.47525 -146.32086 
    -61.04377 -146.62486 
    -61.59240 -146.96649 
    -62.11780 -147.34528 
    -62.61658 -147.76030 
    -63.08538 -148.21017 
    -63.52103 -148.69298 
    -63.92070 -149.20627 
    -64.28197 -149.74713 
    -64.60300 -150.31232 
    -64.88251 -150.89828 
    -65.11980 -151.50142 
    -65.31474 -152.11815 
    -65.46761 -152.74500 
    -65.57905 -153.37875 
    -65.64991 -154.01645 
    -65.68115 -154.65544 
Cell 4 100 -55.54831 -135.89873 
    -67.60435 -135.89873 
    -67.44377 -136.64713 
    -67.23337 -137.37489 
    -66.97736 -138.07893 
    -66.67997 -138.75685 
    -66.34529 -139.40688 
    -65.97716 -140.02780 
    -65.57908 -140.61885 
    -65.15421 -141.17961 
    -64.70528 -141.70992 
    -64.23466 -142.20973 
    -63.74434 -142.67908 
    -63.23602 -143.11797 
    -62.71111 -143.52634 
    -62.17088 -143.90404 
    -61.61642 -144.25076 
    -61.04881 -144.56612 
    -60.46907 -144.84955 
    -59.87841 -145.10065 
    -59.28363 -145.33307 
    -58.67595 -145.52460 
    -58.03787 -145.59491 
    -57.39976 -145.60435 
    -56.77481 -145.60741 
    -56.15871 -145.60062 
    -55.54831 -145.58818 
    -54.93936 -145.57780 
    -54.32760 -145.56168 
    -53.70718 -145.55029 
    -53.05113 -145.62462 
    -52.35193 -145.73618 
    -51.61553 -145.83180 
    -50.98549 -145.59523 
    -50.37100 -145.31622 
    -49.77510 -144.99585 
    -49.20077 -144.63538 
    -48.65086 -144.23631 
    -48.12813 -143.80042 
    -47.63519 -143.32965 
    -47.17447 -142.82617 
    -46.74825 -142.29234 
    -46.35860 -141.73070 
    -46.00739 -141.14389 
    -45.69623 -140.53476 
    -45.42654 -139.90622 
    -45.19947 -139.26128 
    -45.01594 -138.60298 
    -44.87662 -137.93446 
    -44.78194 -137.25883 
    -44.73208 -136.57922 
    -44.72702 -135.89873 
    -44.76650 -135.22040 
    -44.85006 -134.54723 
    -44.97705 -133.88216 
    -45.14663 -133.22803 
    -45.35780 -132.58763 
    -45.60943 -131.96365 
    -45.90021 -131.35867 
    -46.22869 -130.77522 
    -46.59333 -130.21573 
    -46.99241 -129.68251 
    -47.42408 -129.17776 
    -47.88631 -128.70363 
    -48.37704 -128.26208 
    -48.89399 -127.85503 
    -49.43475 -127.48412 
    -49.98388 -127.13058 
    -50.50999 -126.73406 
    -51.14177 -126.53436 
    -51.77606 -126.37110 
    -52.43707 -126.32329 
    -53.07252 -126.25613 
    -53.69361 -126.17602 
    -54.30960 -126.09333 
    -54.92620 -126.01063 
    -55.54831 -125.93641 
    -56.17908 -125.87288 
    -56.82152 -125.82027 
    -57.48112 -125.76657 
    -58.16880 -125.69259 
    -58.89391 -125.60206 
    -59.67691 -125.47108 
    -60.52431 -125.32420 
    -61.30443 -125.42840 
    -62.12381 -125.53741 
    -62.82608 -125.88174 
    -63.51272 -126.27142 
    -64.16251 -126.72554 
    -64.77195 -127.23716 
    -65.33713 -127.80072 
    -65.85229 -128.41245 
    -66.31238 -129.06764 
    -66.71313 -129.76082 
    -67.05127 -130.48586 
    -67.32450 -131.23621 
    -67.53164 -132.00511 
    -67.67252 -132.78577 
    -67.74803 -133.57150 
    -67.75999 -134.35603 
    -67.71101 -135.13351 
Cell 5 100 -6.89577 -143.67136 
    -17.30843 -143.67136 
    -17.32421 -144.32745 
    -17.29680 -144.98531 
    -17.22593 -145.64194 
    -17.11156 -146.29433 
    -16.95387 -146.93942 
    -16.75329 -147.57422 
    -16.51045 -148.19568 
    -16.22624 -148.80083 
    -15.90179 -149.38675 
    -15.53841 -149.95059 
    -15.13765 -150.48962 
    -14.70129 -151.00122 
    -14.23130 -151.48289 
    -13.72982 -151.93230 
    -13.19919 -152.34726 
    -12.64191 -152.72581 
    -12.06059 -153.06612 
    -11.45804 -153.36665 
    -10.83711 -153.62602 
    -10.20077 -153.84308 
    -9.55207 -154.01695 
    -8.89410 -154.14693 
    -8.22997 -154.23259 
    -7.56282 -154.27377 
    -6.89577 -154.27051 
    -6.23192 -154.22307 
    -5.57429 -154.13197 
    -4.92587 -153.99797 
    -4.28954 -153.82196 
    -3.66809 -153.60513 
    -3.06418 -153.34886 
    -2.48035 -153.05461 
    -1.91899 -152.72409 
    -1.38235 -152.35913 
    -0.87247 -151.96173 
    -0.39129 -151.53392 
    0.05950 -151.07797 
    0.48153 -150.59911 
    0.91018 -150.12900 
    1.24373 -149.58505 
    1.50284 -149.00128 
    1.75344 -148.42630 
    1.99265 -147.85393 
    2.21838 -147.27991 
    2.42929 -146.70126 
    2.62479 -146.11583 
    2.80470 -145.52182 
    2.97081 -144.91780 
    3.12603 -144.30188 
    3.27395 -143.67136 
    3.43007 -143.02170 
    3.85270 -142.31351 
    4.45358 -141.50636 
    4.83884 -140.65842 
    4.88664 -139.84302 
    4.80729 -139.03778 
    4.58486 -138.26898 
    4.21596 -137.56262 
    3.71161 -136.93970 
    3.09525 -136.41245 
    2.39839 -135.98256 
    1.65503 -135.64162 
    0.89620 -135.37375 
    0.14594 -135.15938 
    -0.58059 -134.97926 
    -1.27703 -134.81763 
    -1.92430 -134.62827 
    -2.51568 -134.36319 
    -3.12015 -134.13521 
    -3.73535 -133.94456 
    -4.35904 -133.79143 
    -4.97565 -133.60571 
    -5.59868 -133.40376 
    -6.23809 -133.21771 
    -6.89577 -132.88286 
    -7.60910 -132.33345 
    -8.27617 -132.74440 
    -8.95423 -132.88055 
    -9.62059 -133.05890 
    -10.27078 -133.28416 
    -10.91157 -133.52861 
    -11.54300 -133.79549 
    -12.16667 -134.08363 
    -12.76132 -134.42873 
    -13.28239 -134.88094 
    -13.72155 -135.42041 
    -14.12152 -135.97673 
    -14.48971 -136.54018 
    -14.83236 -137.10565 
    -15.15341 -137.67183 
    -15.45427 -138.23997 
    -15.73411 -138.81244 
    -16.05344 -139.36209 
    -16.34735 -139.92921 
    -16.60537 -140.51653 
    -16.82596 -141.12172 
    -17.00772 -141.74240 
    -17.14940 -142.37602 
    -17.24993 -143.01993 
Cell 6 100 11.11517 -150.42812 
    0.69828 -150.42812 
    0.38935 -151.10292 
    0.24597 -151.80121 
    0.23303 -152.50400 
    0.31457 -153.20123 
    0.46787 -153.88763 
    0.68497 -154.55772 
    0.95043 -155.21127 
    1.26110 -155.84544 
    1.61545 -156.45682 
    2.01170 -157.04218 
    2.44773 -157.59845 
    2.92127 -158.12270 
    3.42973 -158.61229 
    3.97037 -159.06470 
    4.54024 -159.47774 
    5.13621 -159.84946 
    5.75506 -160.17812 
    6.39340 -160.46240 
    7.04780 -160.70114 
    7.71475 -160.89352 
    8.39074 -161.03909 
    9.07224 -161.13754 
    9.75576 -161.18900 
    10.43786 -161.19376 
    11.11517 -161.15253 
    11.78446 -161.06609 
    12.44258 -160.93565 
    13.08657 -160.76253 
    13.71360 -160.54831 
    14.32105 -160.29478 
    14.90645 -160.00378 
    15.49940 -159.74507 
    16.09636 -159.48886 
    16.68042 -159.19754 
    17.24960 -158.87143 
    17.80180 -158.51085 
    18.33479 -158.11623 
    18.84621 -157.68805 
    19.33352 -157.22693 
    19.79405 -156.73369 
    20.22498 -156.20938 
    20.62341 -155.65532 
    20.98639 -155.07315 
    21.31094 -154.46490 
    21.59421 -153.83296 
    21.83346 -153.18010 
    22.02621 -152.50951 
    22.17028 -151.82471 
    22.26390 -151.12953 
    22.30574 -150.42812 
    22.29501 -149.72475 
    22.23144 -149.02380 
    22.11536 -148.32971 
    21.94764 -147.64680 
    21.72971 -146.97925 
    21.46348 -146.33093 
    21.15132 -145.70546 
    20.79595 -145.10606 
    20.40038 -144.53554 
    19.96784 -143.99628 
    19.50166 -143.49022 
    19.00519 -143.01889 
    18.48178 -142.58348 
    17.93466 -142.18477 
    17.36694 -141.82330 
    16.78154 -141.49934 
    16.18121 -141.21303 
    15.56851 -140.96429 
    14.94580 -140.75305 
    14.31530 -140.57915 
    13.67907 -140.44238 
    13.03908 -140.34262 
    12.42696 -140.04422 
    11.79064 -139.69183 
    11.11517 -139.29944 
    10.38997 -138.90138 
    9.61569 -138.55852 
    8.81033 -138.34572 
    8.00881 -138.32962 
    7.25415 -138.54512 
    6.58332 -138.98196 
    6.01435 -139.58833 
    5.54144 -140.28954 
    5.09616 -140.94366 
    4.53699 -141.37402 
    4.11296 -141.96390 
    3.71373 -142.54639 
    3.39289 -143.17641 
    3.22092 -143.89742 
    3.05749 -144.57387 
    2.89079 -145.20877 
    2.71705 -145.81122 
    2.53331 -146.38980 
    2.33760 -146.95284 
    2.12860 -147.50821 
    1.90512 -148.06337 
    1.66654 -148.62570 
    1.41353 -149.20251 
    1.11266 -149.79881 
Cell 7 100 32.86631 -132.68680 
    22.45531 -132.68680 
    22.43545 -133.34305 
    22.45882 -134.00157 
    22.52578 -134.65936 
    22.63639 -135.31340 
    22.79055 -135.96060 
    22.98790 -136.59793 
    23.22782 -137.22232 
    23.50949 -137.83075 
    23.83184 -138.42024 
    24.19357 -138.98792 
    24.59314 -139.53096 
    25.02882 -140.04669 
    25.49864 -140.53256 
    26.00046 -140.98619 
    26.53195 -141.40530 
    27.09059 -141.78787 
    27.67374 -142.13205 
    28.27859 -142.43620 
    28.90224 -142.69888 
    29.54169 -142.91895 
    30.19384 -143.09538 
    30.85556 -143.22752 
    31.52367 -143.31490 
    32.19498 -143.35728 
    32.86631 -143.35469 
    33.53450 -143.30742 
    34.19645 -143.21597 
    34.84912 -143.08109 
    35.48956 -142.90369 
    36.11491 -142.68498 
    36.72247 -142.42633 
    37.30961 -142.12929 
    37.87392 -141.79561 
    38.41310 -141.42714 
    38.92505 -141.02594 
    39.40785 -140.59416 
    39.85975 -140.13406 
    40.33096 -139.69658 
    40.78398 -139.23686 
    41.21212 -138.75038 
    41.61402 -138.23827 
    41.98827 -137.70164 
    42.33341 -137.14168 
    42.64788 -136.55960 
    42.93002 -135.95670 
    43.17808 -135.33441 
    43.39022 -134.69434 
    43.56451 -134.03830 
    43.69899 -133.36833 
    43.79168 -132.68680 
    43.84068 -131.99635 
    43.84417 -131.29997 
    43.80055 -130.60098 
    43.70848 -129.90300 
    43.56694 -129.20995 
    43.37534 -128.52597 
    43.13356 -127.85540 
    42.84199 -127.20262 
    42.50157 -126.57207 
    42.11383 -125.96809 
    41.68083 -125.39479 
    41.20518 -124.85608 
    40.68998 -124.35543 
    40.13875 -123.89593 
    39.62577 -123.38320 
    39.06978 -122.91169 
    38.45990 -122.51210 
    37.80465 -122.19229 
    37.11476 -121.95644 
    36.40210 -121.80474 
    35.67864 -121.73350 
    34.95535 -121.73568 
    34.24140 -121.80183 
    33.54695 -121.86837 
    32.86631 -121.69925 
    32.16624 -121.55943 
    31.44859 -121.46437 
    30.71756 -121.42263 
    29.97932 -121.44272 
    29.24195 -121.53217 
    28.51501 -121.69666 
    27.80894 -121.93934 
    27.15407 -122.29627 
    26.67362 -122.92867 
    26.22908 -123.55143 
    25.83040 -124.18185 
    25.50557 -124.84841 
    25.22159 -125.50793 
    24.95357 -126.14081 
    24.70171 -126.75487 
    24.46480 -127.35503 
    24.23985 -127.94436 
    24.02279 -128.52536 
    23.80870 -129.10063 
    23.59137 -129.67319 
    23.36278 -130.24670 
    23.11584 -130.82678 
    22.84176 -131.42041 
    22.51786 -132.03574 
Cell 8 100 46.28030 -149.06145 
    36.24853 -149.06145 
    36.27060 -149.69121 
    36.32374 -150.31926 
    36.41451 -150.94345 
    36.54433 -151.56122 
    36.71300 -152.17004 
    36.91996 -152.76747 
    37.16445 -153.35103 
    37.44557 -153.91838 
    37.76226 -154.46715 
    38.11330 -154.99512 
    38.49734 -155.50006 
    38.91287 -155.97992 
    39.35824 -156.43268 
    39.83170 -156.85646 
    40.33133 -157.24950 
    40.85514 -157.61012 
    41.40099 -157.93686 
    41.96670 -158.22830 
    42.54994 -158.48325 
    43.14834 -158.70062 
    43.75945 -158.87952 
    44.38076 -159.01917 
    45.00973 -159.11900 
    45.64378 -159.17862 
    46.28030 -159.19775 
    46.91667 -159.17636 
    47.55030 -159.11455 
    48.17857 -159.01257 
    48.79893 -158.87086 
    49.40883 -158.69008 
    50.00579 -158.47096 
    50.58738 -158.21448 
    51.15126 -157.92171 
    51.69514 -157.59389 
    52.21685 -157.23241 
    52.71429 -156.83882 
    53.18550 -156.41475 
    53.62861 -155.96198 
    54.04189 -155.48239 
    54.42373 -154.97800 
    54.77266 -154.45087 
    55.08736 -153.90317 
    55.36664 -153.33716 
    55.60947 -152.75513 
    55.81497 -152.15945 
    55.98242 -151.55254 
    56.11124 -150.93680 
    56.20150 -150.31479 
    56.26173 -149.68942 
    56.28259 -149.06145 
    56.26395 -148.43333 
    56.20590 -147.80756 
    56.10864 -147.18658 
    55.97254 -146.57291 
    55.79814 -145.96892 
    55.58611 -145.37701 
    55.33727 -144.79956 
    55.05260 -144.23883 
    54.73544 -143.69565 
    54.38900 -143.17014 
    54.01403 -142.66354 
    53.61288 -142.17569 
    53.18768 -141.70583 
    52.73991 -141.25311 
    52.27012 -140.81715 
    51.77770 -140.39893 
    51.26106 -140.00146 
    50.71816 -139.63049 
    50.24823 -139.03960 
    49.75428 -138.36961 
    49.05187 -138.26688 
    48.27676 -138.59561 
    47.61534 -138.49350 
    46.94717 -138.46185 
    46.28030 -138.31985 
    45.60271 -138.29152 
    44.94949 -138.52702 
    44.34071 -138.89380 
    43.73205 -139.13669 
    43.13461 -139.38002 
    42.55287 -139.64703 
    41.98665 -139.93700 
    41.43648 -140.25058 
    40.90363 -140.58919 
    40.38996 -140.95410 
    39.89768 -141.34619 
    39.42712 -141.76355 
    38.98306 -142.20888 
    38.56789 -142.68120 
    38.18328 -143.17862 
    37.83072 -143.69919 
    37.51160 -144.24081 
    37.22717 -144.80138 
    36.97855 -145.37863 
    36.75557 -145.96667 
    36.52881 -146.55769 
    36.35709 -147.16850 
    36.27049 -147.79692 
    36.24663 -148.43018 
Cell 9 100 67.92119 -150.96326 
    57.09930 -150.96326 
    57.09370 -151.64447 
    57.10136 -152.33012 
    57.14484 -153.01895 
    57.23301 -153.70752 
    57.38758 -154.38583 
    57.58852 -155.05424 
    57.83543 -155.70926 
    58.12756 -156.34735 
    58.46381 -156.96509 
    58.84279 -157.55910 
    59.26275 -158.12614 
    59.72164 -158.66315 
    60.21716 -159.16722 
    60.74675 -159.63567 
    61.30762 -160.06606 
    61.89680 -160.45618 
    62.51114 -160.80409 
    63.14735 -161.10817 
    63.80201 -161.36711 
    64.47163 -161.57993 
    65.15265 -161.74599 
    65.84158 -161.86494 
    66.53490 -161.93690 
    67.22919 -161.96234 
    67.92119 -161.94197 
    68.60783 -161.87701 
    69.28627 -161.76898 
    69.95399 -161.61957 
    70.60882 -161.43088 
    71.24895 -161.20503 
    71.87296 -160.94429 
    72.47985 -160.65091 
    73.06900 -160.32709 
    73.63997 -159.97462 
    74.19267 -159.59521 
    74.72690 -159.18994 
    75.24250 -158.75966 
    75.73886 -158.30455 
    76.21506 -157.82454 
    76.66941 -157.31921 
    77.09957 -156.78804 
    77.50234 -156.23055 
    77.86877 -155.64423 
    78.17342 -155.02240 
    78.44418 -154.38239 
    78.68082 -153.72586 
    78.86905 -153.05167 
    78.99995 -152.36282 
    79.07117 -151.66475 
    79.08043 -150.96326 
    79.02587 -150.26460 
    78.90897 -149.57518 
    78.73236 -148.90091 
    78.49934 -148.24725 
    78.21760 -147.61775 
    78.07767 -146.94202 
    77.89597 -146.26949 
    77.66940 -145.60414 
    77.39640 -144.95010 
    77.07582 -144.31203 
    76.70705 -143.69496 
    76.29015 -143.10428 
    75.82602 -142.54547 
    75.31638 -142.02402 
    74.76386 -141.54512 
    74.17199 -141.11357 
    73.54505 -140.73347 
    72.88803 -140.40819 
    72.20638 -140.14009 
    71.50591 -139.93060 
    70.79253 -139.78012 
    70.07204 -139.68806 
    69.35001 -139.65297 
    68.63154 -139.67261 
    67.92119 -139.74417 
    67.22291 -139.86441 
    66.53998 -140.02988 
    65.87505 -140.23705 
    65.23018 -140.48248 
    64.60691 -140.76295 
    64.00637 -141.07555 
    63.42939 -141.41769 
    62.87660 -141.78719 
    62.34854 -142.18217 
    61.84574 -142.60112 
    61.36876 -143.04274 
    60.91829 -143.50592 
    60.38597 -143.88722 
    59.84002 -144.27792 
    59.29004 -144.69237 
    58.74605 -145.14053 
    58.22637 -145.63348 
    57.75599 -146.17987 
    57.36224 -146.78267 
    57.06880 -147.43710 
    56.88983 -148.13089 
    56.82636 -148.84680 
    56.86621 -149.56670 
    56.98759 -150.27538 
Cell 10 100 82.97528 -134.11606 
    71.57758 -134.11606 
    71.09719 -134.86336 
    70.92544 -135.63831 
    71.29211 -136.34474 
    71.72071 -137.00574 
    72.17776 -137.62437 
    72.64978 -138.20421 
    73.12732 -138.75015 
    73.60501 -139.26741 
    74.08105 -139.76051 
    74.55635 -140.23277 
    75.03361 -140.68599 
    75.51633 -141.12048 
    76.00813 -141.53532 
    76.51212 -141.92867 
    77.03068 -142.29811 
    77.56519 -142.64101 
    78.11617 -142.95474 
    78.68332 -143.23694 
    79.26568 -143.48544 
    79.86176 -143.69849 
    80.46971 -143.87462 
    81.08739 -144.01271 
    81.71251 -144.11194 
    82.34255 -144.17299 
    82.97528 -144.19568 
    83.60839 -144.17902 
    84.23948 -144.12321 
    84.86620 -144.02864 
    85.48630 -143.89581 
    86.09755 -143.72542 
    86.69788 -143.51828 
    87.28531 -143.27534 
    87.85797 -142.99765 
    88.41413 -142.68633 
    88.95219 -142.34258 
    89.47070 -141.96767 
    89.96826 -141.56284 
    90.44365 -141.12932 
    90.89570 -140.66840 
    91.32329 -140.18124 
    91.72533 -139.66901 
    92.10072 -139.13281 
    92.44832 -138.57373 
    92.76690 -137.99283 
    93.05511 -137.39119 
    93.31147 -136.76994 
    93.53434 -136.13031 
    93.72192 -135.47368 
    93.87226 -134.80164 
    93.98328 -134.11606 
    94.05282 -133.41911 
    94.07872 -132.71336 
    94.05884 -132.00175 
    93.99121 -131.28764 
    93.87408 -130.57483 
    93.70605 -129.86745 
    93.48615 -129.17001 
    93.21386 -128.48735 
    92.82138 -127.86753 
    92.23635 -127.38749 
    91.55870 -127.01524 
    90.83225 -126.73786 
    90.17680 -126.44723 
    89.56134 -126.15488 
    88.96947 -125.86576 
    88.39095 -125.58233 
    87.81908 -125.30522 
    87.24927 -125.03338 
    86.67808 -124.76385 
    86.10279 -124.49058 
    85.51934 -124.20761 
    84.92355 -123.90286 
    84.30928 -123.55637 
    83.66049 -123.22492 
    82.97528 -122.96027 
    82.28086 -123.07856 
    81.60118 -123.23894 
    80.93849 -123.43882 
    80.29465 -123.67569 
    79.67120 -123.94716 
    79.06943 -124.25100 
    78.49039 -124.58517 
    77.93500 -124.94782 
    77.40410 -125.33728 
    76.85059 -125.68614 
    76.22949 -125.96181 
    75.59704 -126.25903 
    75.13155 -126.75030 
    74.78423 -127.33983 
    74.47661 -127.94141 
    74.19698 -128.54517 
    73.90647 -129.13045 
    73.60691 -129.70764 
    73.30825 -130.28862 
    73.01784 -130.88069 
    72.73923 -131.48788 
    72.47067 -132.11220 
    72.20316 -132.75522 
    71.91736 -133.42035 
Cell 11 100 118.00529 -142.68707 
    107.84026 -142.68707 
    107.85082 -143.32594 
    107.90222 -143.96339 
    107.99433 -144.59677 
    108.12686 -145.22342 
    108.29935 -145.84073 
    108.51113 -146.44608 
    108.76141 -147.03691 
    109.04916 -147.61075 
    109.37323 -148.16515 
    109.73228 -148.69775 
    110.12485 -149.20634 
    110.54928 -149.68874 
    111.00379 -150.14291 
    111.48648 -150.56696 
    111.99531 -150.95911 
    112.52811 -151.31772 
    113.08264 -151.64133 
    113.65656 -151.92860 
    114.24741 -152.17839 
    114.85271 -152.38969 
    115.46991 -152.56172 
    116.09641 -152.69380 
    116.72956 -152.78549 
    117.36674 -152.83652 
    118.00529 -152.84677 
    118.64257 -152.81638 
    119.27598 -152.74561 
    119.90294 -152.63493 
    120.52099 -152.48508 
    121.12772 -152.29695 
    121.72093 -152.07172 
    122.29856 -151.81075 
    122.85887 -151.51572 
    123.40044 -151.18848 
    123.92230 -150.83115 
    124.42397 -150.44592 
    124.90551 -150.03506 
    125.36755 -149.60069 
    125.81114 -149.14464 
    126.23758 -148.66818 
    126.64809 -148.17197 
    127.04339 -147.65581 
    127.42319 -147.11880 
    127.78574 -146.55942 
    128.12733 -145.97592 
    128.44223 -145.36682 
    128.72264 -144.73152 
    128.95926 -144.07088 
    129.14194 -143.38773 
    129.26080 -142.68707 
    129.30737 -141.97600 
    129.27565 -141.26329 
    129.16293 -140.55864 
    129.29179 -139.78918 
    129.47850 -138.95920 
    129.12024 -138.28635 
    128.32611 -137.83046 
    127.53588 -137.44759 
    127.06181 -136.93964 
    126.56236 -136.47000 
    126.04557 -136.03557 
    125.51734 -135.63278 
    124.98137 -135.25830 
    124.43948 -134.90947 
    123.91667 -134.55075 
    123.40021 -134.18604 
    122.86487 -133.84752 
    122.31256 -133.53366 
    121.74429 -133.24342 
    121.16012 -132.97749 
    120.55939 -132.73947 
    119.94164 -132.53636 
    119.30762 -132.37804 
    118.66035 -132.27521 
    118.00529 -132.23663 
    117.34968 -132.26649 
    116.67877 -132.18663 
    115.95842 -131.95703 
    115.19793 -131.75314 
    114.42554 -131.66974 
    113.69247 -131.79414 
    113.05091 -132.15849 
    112.52599 -132.72028 
    112.10291 -133.38643 
    111.73898 -134.06226 
    111.38976 -134.69026 
    111.02930 -135.25841 
    110.65430 -135.78403 
    110.27551 -136.29245 
    109.88155 -136.78484 
    109.51518 -137.29909 
    109.18157 -137.83620 
    108.88219 -138.39407 
    108.61842 -138.97055 
    108.39144 -139.56334 
    108.20233 -140.17010 
    108.05199 -140.78838 
    107.94117 -141.41568 
    107.87045 -142.04944 
Cell 12 100 -118.65762 -124.07214 
    -128.67050 -124.07214 
    -128.91792 -124.71767 
    -129.27464 -125.41338 
    -129.57562 -126.15486 
    -129.81564 -126.93703 
    -129.99013 -127.75430 
    -130.09502 -128.60052 
    -130.12724 -129.46933 
    -130.08429 -130.35400 
    -129.96452 -131.24771 
    -129.76678 -132.14342 
    -129.49075 -133.03409 
    -129.13666 -133.91261 
    -128.70546 -134.77200 
    -125.98714 -132.93201 
    -124.64072 -132.30716 
    -123.95038 -132.41219 
    -123.38342 -132.66832 
    -122.81676 -132.91075 
    -122.24776 -133.13980 
    -121.67226 -133.35023 
    -121.07761 -133.49739 
    -120.47688 -133.60905 
    -119.87460 -133.70544 
    -119.26881 -133.78673 
    -118.65762 -133.83525 
    -118.03892 -133.90613 
    -117.35944 -134.34836 
    -116.79316 -133.84598 
    -116.23963 -133.48961 
    -115.72443 -133.09959 
    -115.24902 -132.68127 
    -114.80836 -132.25223 
    -114.38760 -131.83928 
    -113.97667 -131.44814 
    -113.56763 -131.07791 
    -113.15703 -130.72122 
    -112.74057 -130.37317 
    -112.31395 -130.02925 
    -111.87365 -129.68433 
    -111.41831 -129.33180 
    -110.94973 -128.96373 
    -110.47400 -128.57112 
    -110.00114 -128.14557 
    -109.51434 -127.69223 
    -108.87560 -127.25052 
    -108.04784 -126.79627 
    -106.94942 -126.30561 
    -105.52934 -125.73063 
    -105.83907 -124.87862 
    -106.20125 -124.07214 
    -106.47643 -123.30577 
    -106.67498 -122.55839 
    -106.88391 -121.82619 
    -106.90273 -121.05400 
    -107.16389 -120.33760 
    -107.73328 -119.74689 
    -108.46716 -119.27687 
    -109.20696 -118.87659 
    -109.81332 -118.45938 
    -110.07623 -117.83740 
    -110.37244 -117.21805 
    -110.70795 -116.60691 
    -111.08907 -116.01245 
    -111.52127 -115.44578 
    -112.00803 -114.91976 
    -112.54978 -114.44772 
    -113.14339 -114.04179 
    -113.78220 -113.71133 
    -114.45662 -113.46162 
    -115.15534 -113.29324 
    -115.86669 -113.20218 
    -116.57996 -113.18066 
    -117.28649 -113.21851 
    -117.98019 -113.30471 
    -118.65762 -113.42896 
    -119.31756 -113.58276 
    -119.96033 -113.76013 
    -120.58706 -113.95768 
    -121.19894 -114.17434 
    -121.79679 -114.41078 
    -122.38071 -114.66871 
    -122.95006 -114.95026 
    -123.50353 -115.25748 
    -124.03933 -115.59193 
    -124.55666 -115.95281 
    -125.05439 -116.33978 
    -125.52670 -116.75732 
    -125.97173 -117.20374 
    -126.38770 -117.67726 
    -126.77298 -118.17599 
    -127.12603 -118.69793 
    -127.44546 -119.24099 
    -127.73002 -119.80300 
    -127.97859 -120.38171 
    -128.19020 -120.97482 
    -128.36403 -121.57996 
    -128.49940 -122.19473 
    -128.59583 -122.81666 
    -128.65292 -123.44329 
Cell 13 100 -78.80908 -111.04427 
    -88.87572 -111.04427 
    -88.98208 -111.68430 
    -88.93355 -112.32328 
    -88.84415 -112.95856 
    -88.71413 -113.58745 
    -88.54390 -114.20730 
    -88.33405 -114.81547 
    -88.08538 -115.40936 
    -87.79885 -115.98643 
    -87.47560 -116.54420 
    -87.11694 -117.08028 
    -86.72436 -117.59235 
    -86.29948 -118.07822 
    -85.84409 -118.53579 
    -85.36012 -118.96311 
    -84.84962 -119.35836 
    -84.31478 -119.71986 
    -83.75787 -120.04609 
    -83.18129 -120.33568 
    -82.58749 -120.58744 
    -81.97903 -120.80035 
    -81.35850 -120.97358 
    -80.72855 -121.10645 
    -80.09187 -121.19851 
    -79.45114 -121.24946 
    -78.80908 -121.25919 
    -78.16839 -121.22780 
    -77.53173 -121.15554 
    -76.90175 -121.04288 
    -76.28102 -120.89043 
    -75.67207 -120.69900 
    -75.07735 -120.46955 
    -74.49920 -120.20324 
    -73.93987 -119.90134 
    -73.38664 -119.58866 
    -72.84261 -119.25641 
    -72.31712 -118.89170 
    -71.81203 -118.49537 
    -71.32929 -118.06826 
    -70.87089 -117.61131 
    -70.43891 -117.12555 
    -70.03555 -116.61212 
    -69.66306 -116.07233 
    -69.32378 -115.50771 
    -69.02006 -114.92001 
    -68.75426 -114.31128 
    -68.52866 -113.68383 
    -68.34541 -113.04031 
    -68.20648 -112.38368 
    -68.11356 -111.71717 
    -68.06796 -111.04427 
    -68.07065 -110.36866 
    -68.12212 -109.69419 
    -68.22238 -109.02474 
    -68.37097 -108.36421 
    -68.56692 -107.71638 
    -68.80882 -107.08488 
    -69.09484 -106.47309 
    -69.35695 -105.84792 
    -69.62155 -105.21368 
    -69.92696 -104.59103 
    -70.27420 -103.98360 
    -70.66400 -103.39552 
    -71.09668 -102.83139 
    -71.57198 -102.29611 
    -72.08896 -101.79481 
    -72.64590 -101.33263 
    -73.24026 -100.91462 
    -73.86870 -100.54542 
    -74.52708 -100.22916 
    -75.21059 -99.96922 
    -75.91387 -99.76816 
    -76.63122 -99.62751 
    -77.35674 -99.54781 
    -78.08458 -99.52858 
    -78.80908 -99.56836 
    -79.52501 -99.66488 
    -80.22765 -99.81514 
    -80.91291 -100.01561 
    -81.57738 -100.26244 
    -82.21835 -100.55161 
    -82.83375 -100.87913 
    -83.42207 -101.24117 
    -83.98233 -101.63416 
    -84.46080 -102.13859 
    -84.86008 -102.71579 
    -85.25978 -103.24671 
    -85.65132 -103.75803 
    -86.02966 -104.26369 
    -86.39053 -104.77235 
    -86.73739 -105.28401 
    -87.07578 -105.79806 
    -87.38148 -106.33156 
    -87.64779 -106.88509 
    -87.87280 -107.45569 
    -88.06139 -108.03801 
    -88.22308 -108.62717 
    -88.36772 -109.22086 
    -88.50222 -109.81974 
    -88.62908 -110.42645 
Cell 14 100 -55.15891 -117.13226 
    -65.98766 -117.13226 
    -65.98785 -117.81355 
    -65.94604 -118.49499 
    -65.86129 -119.17384 
    -65.73290 -119.84720 
    -65.56054 -120.51195 
    -65.34423 -121.16491 
    -65.08441 -121.80284 
    -64.78189 -122.42254 
    -64.43783 -123.02084 
    -64.05371 -123.59471 
    -63.63131 -124.14124 
    -63.17268 -124.65769 
    -62.68007 -125.14148 
    -62.11082 -125.53568 
    -61.17372 -125.41094 
    -60.37418 -125.35022 
    -59.73745 -125.46059 
    -59.12621 -125.56320 
    -58.53031 -125.64745 
    -57.94804 -125.71634 
    -57.37798 -125.77497 
    -56.81631 -125.82070 
    -56.26224 -125.86607 
    -55.71178 -125.91994 
    -55.15891 -125.98286 
    -54.59755 -126.05471 
    -54.02198 -126.13194 
    -53.42716 -126.21039 
    -52.80914 -126.28397 
    -52.16619 -126.34288 
    -51.46977 -126.44994 
    -50.66347 -126.68555 
    -49.93486 -126.63476 
    -49.25798 -126.43063 
    -48.61148 -126.14400 
    -47.98926 -125.79887 
    -47.38567 -125.40991 
    -46.80265 -124.97931 
    -46.24247 -124.50857 
    -45.70877 -123.99818 
    -45.29435 -123.39249 
    -45.02033 -122.70598 
    -44.74221 -122.03398 
    -44.44379 -121.37467 
    -44.12283 -120.71809 
    -43.77425 -120.05534 
    -43.38559 -119.37814 
    -42.94510 -118.67522 
    -42.78409 -117.91081 
    -42.73679 -117.13226 
    -42.75377 -116.35179 
    -42.83523 -115.57542 
    -42.98053 -114.80910 
    -43.18818 -114.05869 
    -43.45584 -113.32970 
    -43.78048 -112.62722 
    -44.15841 -111.95581 
    -44.58542 -111.31944 
    -45.05691 -110.72134 
    -45.56804 -110.16409 
    -46.11386 -109.64954 
    -46.68943 -109.17889 
    -47.28995 -108.75267 
    -47.88544 -108.34015 
    -48.37636 -107.79688 
    -48.95256 -107.35262 
    -49.60291 -107.02592 
    -50.30579 -106.81886 
    -51.03513 -106.71677 
    -51.76714 -106.69349 
    -52.48534 -106.71941 
    -53.18207 -106.76932 
    -53.85104 -106.77943 
    -54.50795 -106.78564 
    -55.15891 -106.82482 
    -55.80288 -106.89656 
    -56.43885 -107.00049 
    -57.06809 -107.12396 
    -57.70547 -107.21404 
    -58.34259 -107.33389 
    -58.97851 -107.48505 
    -59.61138 -107.67027 
    -60.23801 -107.89340 
    -60.85360 -108.15886 
    -61.45170 -108.47097 
    -62.02456 -108.83311 
    -62.56374 -109.24690 
    -63.06099 -109.71170 
    -63.50920 -110.22429 
    -63.90326 -110.77911 
    -64.24240 -111.36769 
    -64.57729 -111.95445 
    -64.88486 -112.55556 
    -65.15697 -113.17374 
    -65.39143 -113.80751 
    -65.58775 -114.45458 
    -65.74591 -115.11268 
    -65.86572 -115.77967 
    -65.94660 -116.45355 
Cell 15 100 -58.94461 -94.51895 
    -69.42068 -94.51895 
    -69.30840 -95.17098 
    -69.20969 -95.81573 
    -69.10260 -96.45669 
    -68.95787 -97.08992 
    -68.77628 -97.71345 
    -68.55854 -98.32538 
    -68.30537 -98.92379 
    -68.01747 -99.50680 
    -67.69554 -100.07246 
    -67.34032 -100.61879 
    -66.95264 -101.14377 
    -66.53343 -101.64533 
    -66.08378 -102.12139 
    -65.60490 -102.56986 
    -65.09821 -102.98866 
    -64.56530 -103.37574 
    -64.00797 -103.72916 
    -63.42820 -104.04707 
    -62.82817 -104.32772 
    -62.21024 -104.56954 
    -61.57692 -104.77112 
    -60.93086 -104.93124 
    -60.27485 -105.04891 
    -59.61178 -105.12333 
    -58.94461 -105.15395 
    -58.27636 -105.14043 
    -57.61010 -105.08270 
    -56.94888 -104.98094 
    -56.29576 -104.83552 
    -55.65377 -104.64709 
    -55.02588 -104.41652 
    -54.41498 -104.14490 
    -53.82387 -103.83353 
    -53.25525 -103.48396 
    -52.71166 -103.09787 
    -52.19555 -102.67716 
    -51.70916 -102.22392 
    -51.25460 -101.74035 
    -50.83378 -101.22881 
    -50.44841 -100.69180 
    -50.03952 -100.17029 
    -49.64437 -99.63180 
    -49.28268 -99.06551 
    -48.95796 -98.47295 
    -48.67374 -97.85616 
    -48.43348 -97.21775 
    -48.24040 -96.56089 
    -48.09731 -95.88928 
    -48.00649 -95.20712 
    -47.96949 -94.51895 
    -47.98713 -93.82957 
    -48.05936 -93.14383 
    -48.18534 -92.46651 
    -48.36341 -91.80216 
    -48.59123 -91.15494 
    -48.86591 -90.52851 
    -49.18411 -89.92601 
    -49.54228 -89.34998 
    -49.93675 -88.80239 
    -49.91360 -87.95754 
    -49.44022 -86.65623 
    -50.87348 -86.93966 
    -51.80822 -86.91946 
    -52.33431 -86.52848 
    -52.82724 -86.09912 
    -53.31501 -85.64813 
    -53.82791 -85.21172 
    -54.36678 -84.79057 
    -54.93275 -84.38615 
    -55.52706 -84.00082 
    -56.15085 -83.63798 
    -56.80489 -83.30212 
    -57.48928 -82.99883 
    -58.20320 -82.73459 
    -58.94461 -82.51658 
    -59.71007 -82.35231 
    -60.49463 -82.24923 
    -61.29186 -82.21423 
    -62.09393 -82.25316 
    -62.89191 -82.37038 
    -63.67615 -82.56844 
    -64.43668 -82.84769 
    -65.16379 -83.20631 
    -65.84844 -83.64026 
    -66.48283 -84.14349 
    -67.06068 -84.70830 
    -67.57761 -85.32574 
    -68.03111 -85.98615 
    -68.42065 -86.67969 
    -68.74744 -87.39678 
    -69.01417 -88.12862 
    -69.22470 -88.86742 
    -69.38358 -89.60674 
    -69.49571 -90.34148 
    -69.56593 -91.06788 
    -69.59869 -91.78345 
    -69.59785 -92.48674 
    -69.56652 -93.17709 
    -69.50697 -93.85442 
Cell 16 100 -34.47189 -125.18996 
    -45.42397 -125.18996 
    -45.33197 -125.87322 
    -45.18851 -126.54379 
    -44.99842 -127.19801 
    -44.76663 -127.83321 
    -44.49785 -128.44759 
    -44.19627 -129.04012 
    -43.86541 -129.61021 
    -43.51042 -130.15894 
    -43.14434 -130.69366 
    -42.80183 -131.24202 
    -42.42645 -131.77055 
    -42.02340 -132.28131 
    -41.59285 -132.77303 
    -41.13589 -133.24536 
    -40.65365 -133.69843 
    -40.14303 -134.12625 
    -39.60401 -134.52525 
    -39.03722 -134.89178 
    -38.44259 -135.21881 
    -37.82313 -135.50401 
    -37.18223 -135.74603 
    -36.52315 -135.94307 
    -35.84927 -136.09305 
    -35.16430 -136.19556 
    -34.47189 -136.24921 
    -33.77591 -136.25218 
    -33.08045 -136.20435 
    -32.38956 -136.10590 
    -31.70723 -135.95761 
    -31.03744 -135.76010 
    -30.38467 -135.51309 
    -29.75118 -135.22197 
    -29.14018 -134.88832 
    -28.55464 -134.51407 
    -27.99741 -134.10132 
    -27.47114 -133.65242 
    -26.97823 -133.16991 
    -26.52094 -132.65640 
    -26.10117 -132.11482 
    -25.72066 -131.54810 
    -25.38086 -130.95930 
    -25.08293 -130.35159 
    -24.84963 -129.71786 
    -24.67351 -129.06941 
    -24.56455 -128.40906 
    -24.56508 -127.73360 
    -24.61214 -127.07081 
    -24.59192 -126.43810 
    -24.55301 -125.81400 
    -24.53692 -125.18996 
    -24.54575 -124.56547 
    -24.57856 -123.94015 
    -24.63453 -123.31339 
    -24.71289 -122.68427 
    -24.84233 -122.06113 
    -25.00882 -121.44327 
    -25.20053 -120.82719 
    -25.41640 -120.21167 
    -25.65650 -119.59555 
    -25.92220 -118.97825 
    -26.21633 -118.36037 
    -26.54309 -117.74432 
    -26.90762 -117.13483 
    -27.31538 -116.53922 
    -27.77129 -115.96738 
    -28.27882 -115.43125 
    -28.83911 -114.94398 
    -29.45036 -114.51866 
    -30.10759 -114.16702 
    -30.80292 -113.89803 
    -31.52612 -113.71693 
    -32.26569 -113.62467 
    -33.00999 -113.61783 
    -33.74833 -113.68922 
    -34.47189 -113.82891 
    -35.17430 -114.02549 
    -35.85173 -114.26739 
    -36.50270 -114.54407 
    -37.12840 -114.84355 
    -37.73380 -115.15085 
    -38.31250 -115.48968 
    -38.86639 -115.85117 
    -39.40111 -116.22375 
    -39.98560 -116.50175 
    -40.55946 -116.81115 
    -41.12099 -117.15258 
    -41.66791 -117.52698 
    -42.19714 -117.93547 
    -42.70480 -118.37911 
    -43.09951 -118.92163 
    -43.45081 -119.49177 
    -43.78266 -120.07132 
    -44.09352 -120.66237 
    -44.38938 -121.26335 
    -44.67078 -121.87615 
    -44.93638 -122.50314 
    -45.19531 -123.14436 
    -45.43741 -123.80470 
    -45.46025 -124.49863 
Cell 17 100 -14.43235 -124.52966 
    -24.54763 -124.52966 
    -24.53727 -125.16540 
    -24.55286 -125.80817 
    -24.59287 -126.46787 
    -24.60708 -127.14208 
    -24.55900 -127.82000 
    -24.33153 -128.44902 
    -24.06329 -129.06163 
    -23.75604 -129.65540 
    -23.41148 -130.22798 
    -23.03138 -130.77721 
    -22.61756 -131.30106 
    -22.17190 -131.79758 
    -21.69634 -132.26503 
    -21.19286 -132.70171 
    -20.66346 -133.10605 
    -20.11024 -133.47658 
    -19.53529 -133.81187 
    -18.94082 -134.11064 
    -18.32908 -134.37167 
    -17.70241 -134.59389 
    -17.06323 -134.77626 
    -16.41402 -134.91794 
    -15.75734 -135.01802 
    -15.09579 -135.07466 
    -14.43235 -135.07938 
    -13.77324 -135.00580 
    -13.14067 -134.75435 
    -12.56566 -134.31517 
    -11.99917 -134.00624 
    -11.43635 -133.75041 
    -10.87494 -133.51463 
    -10.30640 -133.29774 
    -9.72371 -133.09462 
    -9.10680 -132.92139 
    -8.44007 -132.77731 
    -7.85246 -132.48337 
    -7.30511 -132.11940 
    -6.85871 -131.64177 
    -6.44520 -131.13721 
    -6.06618 -130.60803 
    -5.72308 -130.05673 
    -5.41715 -129.48579 
    -5.14944 -128.89786 
    -4.92081 -128.29553 
    -4.73192 -127.68152 
    -4.58323 -127.05848 
    -4.47488 -126.42915 
    -4.40556 -125.79633 
    -4.33908 -125.16467 
    -4.29342 -124.52966 
    -4.28305 -123.89111 
    -4.30807 -123.25066 
    -4.36875 -122.60992 
    -4.46549 -121.97060 
    -4.59887 -121.33456 
    -4.76961 -120.70390 
    -4.97853 -120.08103 
    -5.22650 -119.46870 
    -5.51429 -118.87008 
    -5.84244 -118.28872 
    -6.21119 -117.72852 
    -6.62029 -117.19364 
    -7.06890 -116.68838 
    -7.55552 -116.21700 
    -8.07796 -115.78360 
    -8.63334 -115.39188 
    -9.21811 -115.04500 
    -9.82825 -114.74545 
    -10.32962 -114.16734 
    -10.62875 -112.82339 
    -11.43902 -112.87141 
    -12.32052 -113.45905 
    -13.02499 -113.38926 
    -13.73502 -113.44588 
    -14.43235 -113.60432 
    -15.10551 -113.83011 
    -15.75122 -114.08973 
    -16.37251 -114.35896 
    -16.98974 -114.56927 
    -17.59523 -114.79530 
    -18.18423 -115.05349 
    -18.75548 -115.34253 
    -19.30775 -115.66132 
    -19.83976 -116.00893 
    -20.35016 -116.38448 
    -20.83835 -116.78613 
    -21.34859 -117.16460 
    -21.83652 -117.57668 
    -22.29943 -118.02144 
    -22.73462 -118.49770 
    -23.13938 -119.00401 
    -23.51110 -119.53857 
    -23.84732 -120.09930 
    -24.14570 -120.68387 
    -24.40309 -121.28997 
    -24.61307 -121.91569 
    -24.73228 -122.56484 
    -24.64371 -123.23965 
    -24.58295 -123.89104 
Cell 18 100 15.52694 -124.34190 
    5.40811 -124.34190 
    5.42432 -124.97750 
    5.47464 -125.61179 
    5.56529 -126.24218 
    5.69600 -126.86605 
    5.86633 -127.48081 
    6.07567 -128.08391 
    6.32323 -128.67282 
    6.60806 -129.24509 
    6.92904 -129.79829 
    7.28488 -130.33009 
    7.67415 -130.83829 
    8.09527 -131.32069 
    8.54650 -131.77530 
    9.02598 -132.20020 
    9.53173 -132.59358 
    10.06163 -132.95383 
    10.61348 -133.27943 
    11.18497 -133.56905 
    11.77370 -133.82149 
    12.37721 -134.03577 
    12.99297 -134.21106 
    13.61841 -134.34671 
    14.25095 -134.44232 
    14.88799 -134.49763 
    15.52694 -134.51266 
    16.16525 -134.48761 
    16.80046 -134.42293 
    17.43022 -134.31927 
    18.05232 -134.17761 
    18.66474 -133.99907 
    19.26570 -133.78494 
    19.85372 -133.53679 
    20.42761 -133.25618 
    20.98651 -132.94481 
    21.52990 -132.60426 
    22.05756 -132.23607 
    22.56946 -131.84142 
    22.90921 -131.27431 
    23.18094 -130.67384 
    23.42822 -130.08252 
    23.65666 -129.50117 
    23.87228 -128.92979 
    24.08177 -128.36749 
    24.29051 -127.81164 
    24.50295 -127.25838 
    24.72297 -126.70303 
    24.95384 -126.14017 
    25.19801 -125.56364 
    25.45473 -124.96650 
    25.75241 -124.34190 
    26.15192 -123.67343 
    26.66964 -122.93424 
    27.25238 -122.10515 
    27.10544 -121.36904 
    26.88428 -120.65167 
    26.59158 -119.96109 
    26.23203 -119.30447 
    25.81191 -118.68768 
    25.33876 -118.11512 
    24.82082 -117.58949 
    24.26652 -117.11189 
    23.68401 -116.68190 
    23.08072 -116.29794 
    22.46308 -115.95754 
    21.83636 -115.65771 
    21.20465 -115.39525 
    20.60275 -115.10902 
    19.99514 -114.84647 
    19.37468 -114.62360 
    18.74412 -114.44042 
    18.10607 -114.29683 
    17.46302 -114.19258 
    16.81733 -114.12738 
    16.17125 -114.10085 
    15.52694 -114.05394 
    14.87899 -114.04314 
    14.22991 -114.07492 
    13.58277 -114.15024 
    12.94085 -114.26975 
    12.30758 -114.43375 
    11.68652 -114.64211 
    11.08120 -114.89422 
    10.49510 -115.18902 
    9.93152 -115.52494 
    9.39352 -115.89998 
    8.88383 -116.31176 
    8.40480 -116.75759 
    7.95839 -117.23456 
    7.54616 -117.73962 
    7.16930 -118.26972 
    6.82866 -118.82180 
    6.52479 -119.39293 
    6.25805 -119.98029 
    6.02680 -120.58053 
    5.82672 -121.19011 
    5.66539 -121.80988 
    5.54289 -122.43734 
    5.45925 -123.07005 
    5.41436 -123.70567 
Cell 19 100 23.94533 -104.82817 
    12.75863 -104.82817 
    12.81549 -105.52840 
    12.92353 -106.22055 
    13.08088 -106.90067 
    13.28526 -107.56522 
    13.53409 -108.21098 
    13.82461 -108.83524 
    14.15392 -109.43565 
    14.51912 -110.01027 
    14.91733 -110.55751 
    15.34580 -111.07610 
    15.80192 -111.56499 
    16.28322 -112.02337 
    16.78745 -112.45054 
    17.31250 -112.84589 
    17.84620 -113.22291 
    18.37261 -113.60937 
    18.92447 -113.96107 
    19.49914 -114.27681 
    20.09406 -114.55536 
    20.70676 -114.79547 
    21.33482 -114.99545 
    21.97577 -115.15296 
    22.62648 -115.26794 
    23.28399 -115.33990 
    23.94533 -115.36841 
    24.60751 -115.35324 
    25.26752 -115.29440 
    25.92236 -115.19212 
    26.56905 -115.04687 
    27.20464 -114.85929 
    27.82626 -114.63029 
    28.43111 -114.36094 
    29.01648 -114.05255 
    29.57976 -113.70661 
    30.11850 -113.32481 
    30.63036 -112.90898 
    31.11320 -112.46117 
    31.56504 -111.98355 
    31.98412 -111.47844 
    32.36893 -110.94827 
    32.71820 -110.39561 
    33.03098 -109.82304 
    33.30661 -109.23325 
    33.54482 -108.62888 
    33.74568 -108.01250 
    33.90965 -107.38657 
    34.03751 -106.75336 
    34.13032 -106.11483 
    34.18931 -105.47266 
    34.21576 -104.82817 
    34.21076 -104.18233 
    34.17510 -103.53585 
    34.10897 -102.88935 
    34.01190 -102.24352 
    33.88257 -101.59937 
    33.71891 -100.95854 
    33.51816 -100.32354 
    33.27721 -99.69793 
    32.99290 -99.08641 
    32.72618 -98.44851 
    32.46808 -97.77753 
    32.17415 -97.10079 
    31.83642 -96.42502 
    31.44683 -95.76041 
    30.99844 -95.12039 
    30.48655 -94.52086 
    29.90973 -93.97897 
    29.27054 -93.51154 
    28.57563 -93.13336 
    27.83546 -92.85559 
    27.06330 -92.68448 
    26.27402 -92.62073 
    25.48259 -92.65952 
    24.70264 -92.79116 
    23.94533 -93.00236 
    23.21864 -93.27778 
    22.52710 -93.60173 
    21.87205 -93.95966 
    21.25225 -94.33930 
    20.66470 -94.73144 
    20.10333 -95.12440 
    19.47495 -95.32813 
    18.85563 -95.57003 
    18.24795 -95.85053 
    17.65474 -96.16992 
    17.07910 -96.52832 
    16.52432 -96.92560 
    15.99394 -97.36131 
    15.49162 -97.83465 
    15.02111 -98.34435 
    14.58616 -98.88866 
    14.19040 -99.46535 
    13.83724 -100.07167 
    13.52982 -100.70438 
    13.27082 -101.35981 
    13.06244 -102.03392 
    12.90633 -102.72237 
    12.80350 -103.42063 
    12.75435 -104.12409 
Cell 20 100 63.72961 -104.08344 
    53.64099 -104.08344 
    53.65624 -104.71720 
    53.71145 -105.34903 
    53.80650 -105.97638 
    53.94107 -106.59671 
    54.11471 -107.20751 
    54.32676 -107.80630 
    54.57640 -108.39062 
    54.86269 -108.95808 
    55.18447 -109.50636 
    55.54048 -110.03320 
    55.92928 -110.53645 
    56.34929 -111.01403 
    56.79877 -111.46404 
    57.27594 -111.88460 
    57.77883 -112.27399 
    58.30539 -112.63065 
    58.85347 -112.95311 
    59.42081 -113.24011 
    60.00509 -113.49050 
    60.60393 -113.70331 
    61.21487 -113.87772 
    61.83544 -114.01307 
    62.46310 -114.10890 
    63.09534 -114.16491 
    63.72961 -114.18095 
    64.36340 -114.15706 
    64.99417 -114.09345 
    65.61948 -113.99050 
    66.23692 -113.84874 
    66.84411 -113.66887 
    67.43877 -113.45171 
    68.01871 -113.19825 
    68.58183 -112.90959 
    69.12610 -112.58694 
    69.64964 -112.23165 
    70.15062 -111.84511 
    70.62738 -111.42882 
    71.07832 -110.98433 
    71.50194 -110.51327 
    71.89685 -110.01729 
    72.26174 -109.49810 
    72.59537 -108.95744 
    72.89654 -108.39707 
    73.16412 -107.81883 
    73.40115 -107.22591 
    73.67545 -106.63710 
    73.95240 -106.03355 
    74.23297 -105.41032 
    74.50904 -104.76163 
    74.76135 -104.08344 
    74.96086 -103.37683 
    75.07405 -102.65031 
    75.07125 -101.91991 
    74.93514 -101.20635 
    74.66622 -100.52992 
    74.28282 -99.90513 
    73.81577 -99.33727 
    73.36887 -98.78421 
    73.22373 -98.05830 
    73.03397 -97.32343 
    72.78572 -96.59158 
    72.46593 -95.87950 
    72.06470 -95.20747 
    71.57743 -94.59707 
    71.00603 -94.06831 
    70.35914 -93.63698 
    69.64445 -93.32440 
    68.90089 -93.09390 
    68.12705 -92.97678 
    67.34796 -92.94731 
    66.57831 -92.98852 
    65.82822 -93.08219 
    65.10579 -93.18991 
    64.41405 -93.20451 
    63.72961 -93.26535 
    63.05555 -93.36959 
    62.39443 -93.51436 
    61.74828 -93.69690 
    61.11872 -93.91470 
    60.50708 -94.16550 
    59.91442 -94.44737 
    59.34172 -94.75870 
    58.78990 -95.09814 
    58.25990 -95.46456 
    57.75275 -95.85700 
    57.26957 -96.27458 
    56.81155 -96.71646 
    56.38003 -97.18172 
    55.97636 -97.66940 
    55.59768 -98.17525 
    55.24178 -98.69690 
    54.91847 -99.23948 
    54.62910 -99.80106 
    54.37490 -100.37965 
    54.15698 -100.97311 
    53.97633 -101.57922 
    53.83379 -102.19572 
    53.73006 -102.82021 
    53.66567 -103.45027 
Cell 21 100 64.88618 -127.20988 
    54.87783 -127.20988 
    54.89879 -127.83823 
    54.95918 -128.46394 
    55.05876 -129.08456 
    55.19711 -129.69762 
    55.37366 -130.30067 
    55.58772 -130.89140 
    55.79256 -131.48901 
    56.01506 -132.08682 
    56.27639 -132.67383 
    56.57657 -133.24716 
    56.91539 -133.80389 
    57.29226 -134.34105 
    57.70627 -134.85570 
    58.15626 -135.34496 
    58.64074 -135.80598 
    59.15802 -136.23602 
    59.70607 -136.63248 
    60.28267 -136.99284 
    60.88535 -137.31482 
    61.51144 -137.59627 
    62.15855 -137.83330 
    62.82346 -138.02303 
    63.50196 -138.16714 
    64.19067 -138.26472 
    64.88618 -138.31543 
    65.58522 -138.32076 
    66.28480 -138.28107 
    66.98203 -138.19666 
    67.67358 -138.06607 
    68.35362 -137.88155 
    69.01915 -137.64856 
    69.66700 -137.36963 
    70.26442 -136.99286 
    70.72829 -136.41557 
    70.94516 -135.54933 
    71.14988 -134.78139 
    71.49384 -134.24632 
    71.78603 -133.68925 
    72.04219 -133.12984 
    72.27640 -132.57918 
    72.50077 -132.04224 
    72.72558 -131.51962 
    72.95910 -131.00870 
    73.20319 -130.50281 
    73.45901 -129.99535 
    73.72537 -129.47939 
    73.99709 -128.94788 
    74.26657 -128.39490 
    74.54010 -127.81725 
    74.86079 -127.20988 
    75.31796 -126.55357 
    75.19298 -125.90783 
    75.11874 -125.25791 
    75.00415 -124.61202 
    74.84612 -123.97369 
    74.64454 -123.34628 
    74.39961 -122.73320 
    74.11198 -122.13795 
    73.78270 -121.56398 
    73.41326 -121.01459 
    73.00559 -120.49292 
    72.56198 -120.00182 
    72.08508 -119.54382 
    71.57781 -119.12109 
    71.04327 -118.73537 
    70.51994 -118.33249 
    70.04018 -117.83480 
    69.53140 -117.33829 
    68.98586 -116.85529 
    68.39691 -116.40496 
    67.76147 -116.01139 
    67.08179 -115.70012 
    66.36631 -115.49348 
    65.62881 -115.40620 
    64.88618 -115.44221 
    64.15536 -115.59386 
    63.45029 -115.84366 
    62.77983 -116.16799 
    62.14709 -116.54182 
    61.55025 -116.94294 
    60.98435 -117.35497 
    60.44337 -117.76841 
    59.92209 -118.18023 
    59.41721 -118.59215 
    58.92764 -119.00864 
    58.45430 -119.43507 
    57.99948 -119.87628 
    57.56619 -120.33595 
    57.15758 -120.81622 
    56.77661 -121.31792 
    56.42585 -121.84079 
    56.10746 -122.38374 
    55.82318 -122.94515 
    55.57443 -123.52309 
    55.36235 -124.11540 
    55.18788 -124.71977 
    55.05172 -125.33385 
    54.95444 -125.95521 
    54.89640 -126.58138 
Cell 22 100 74.30547 -83.83855 
    62.17139 -83.83855 
    62.19084 -84.60074 
    62.28450 -85.35715 
    62.44975 -86.10016 
    62.68237 -86.82286 
    62.97693 -87.51942 
    63.32708 -88.18520 
    63.72604 -88.81686 
    64.16689 -89.41229 
    64.64303 -89.97053 
    65.14841 -90.49155 
    65.67779 -90.97600 
    66.22679 -91.42494 
    66.79209 -91.83949 
    67.37160 -92.22017 
    67.96437 -92.56634 
    68.57048 -92.87546 
    69.18880 -93.14574 
    69.80809 -93.39597 
    70.41745 -93.65858 
    71.05235 -93.85065 
    71.69413 -94.00906 
    72.34177 -94.13264 
    72.99397 -94.22012 
    73.64916 -94.27036 
    74.30547 -94.28896 
    74.96199 -94.27361 
    75.61636 -94.21532 
    76.26569 -94.11434 
    76.90706 -93.97108 
    77.53765 -93.78617 
    78.15465 -93.56046 
    78.75533 -93.29498 
    79.33706 -92.99097 
    79.89728 -92.64983 
    80.43357 -92.27316 
    80.94362 -91.86269 
    81.42528 -91.42038 
    81.87654 -90.94827 
    82.29562 -90.44857 
    82.68095 -89.92369 
    83.03137 -89.37617 
    83.34629 -88.80878 
    83.62602 -88.22447 
    83.87233 -87.62634 
    84.08901 -87.01742 
    84.28256 -86.40024 
    84.46239 -85.77609 
    84.64028 -85.14414 
    84.82848 -84.50060 
    85.03633 -83.83855 
    85.26572 -83.14899 
    85.50665 -82.42352 
    85.73470 -81.65831 
    85.91225 -80.85844 
    85.99442 -80.04059 
    85.93863 -79.23267 
    85.71554 -78.46938 
    85.31722 -77.78479 
    84.75996 -77.20394 
    84.08021 -76.73679 
    83.32553 -76.37652 
    82.82011 -75.84278 
    82.40826 -75.20996 
    81.94901 -74.59911 
    81.44200 -74.01597 
    80.88770 -73.46664 
    80.28741 -72.95745 
    79.64345 -72.49478 
    78.95912 -72.08479 
    78.23875 -71.73318 
    77.48758 -71.44506 
    76.71171 -71.22461 
    75.91788 -71.07499 
    75.11332 -70.99818 
    74.30547 -70.99487 
    73.50180 -71.06451 
    72.70952 -71.20526 
    71.93539 -71.41417 
    71.18555 -71.68724 
    70.46529 -72.01969 
    69.77904 -72.40610 
    69.13026 -72.84067 
    68.52145 -73.31745 
    67.95419 -73.83054 
    67.42928 -74.37429 
    66.94677 -74.94341 
    66.50616 -75.53313 
    66.10655 -76.13926 
    65.74677 -76.75818 
    65.42551 -77.38689 
    64.94212 -77.89639 
    64.43978 -78.41485 
    63.96962 -78.97487 
    63.53894 -79.57578 
    63.15530 -80.21564 
    62.82605 -80.89114 
    62.55797 -81.59760 
    62.35683 -82.32909 
    62.22705 -83.07864 
Cell 23 100 91.64809 -117.29131 
    80.09386 -117.29131 
    80.26234 -118.00764 
    80.48009 -118.70216 
    80.73988 -119.37216 
    81.03500 -120.01629 
    81.35966 -120.63422 
    81.70921 -121.22639 
    82.08013 -121.79365 
    82.47015 -122.33692 
    82.88172 -122.85462 
    83.54341 -123.17970 
    84.16440 -123.48235 
    84.72610 -123.79149 
    85.27204 -124.08112 
    85.80987 -124.34851 
    86.33676 -124.60172 
    86.85337 -124.84657 
    87.36223 -125.08727 
    87.86626 -125.32809 
    88.36954 -125.57196 
    88.87682 -125.82037 
    89.39337 -126.07283 
    89.92438 -126.32733 
    90.47474 -126.57934 
    91.04856 -126.82045 
    91.64809 -127.06434 
    92.28584 -127.42809 
    93.00191 -128.00789 
    93.67646 -127.92443 
    94.34508 -127.79540 
    95.00446 -127.62118 
    95.65137 -127.40244 
    96.28259 -127.14013 
    96.89500 -126.83543 
    97.48559 -126.48975 
    98.05144 -126.10477 
    98.58978 -125.68238 
    99.09801 -125.22468 
    99.57369 -124.73396 
    100.01459 -124.21268 
    100.41866 -123.66351 
    100.78410 -123.08920 
    101.10932 -122.49268 
    101.39300 -121.87692 
    101.63404 -121.24503 
    101.83162 -120.60014 
    101.98514 -119.94542 
    102.09431 -119.28403 
    102.15907 -118.61916 
    102.17963 -117.95390 
    102.15648 -117.29131 
    102.09032 -116.63435 
    101.98216 -115.98582 
    101.83322 -115.34840 
    101.64494 -114.72456 
    101.41901 -114.11655 
    101.15726 -113.52637 
    100.86172 -112.95571 
    100.53452 -112.40596 
    100.17784 -111.87817 
    99.79390 -111.37303 
    99.38484 -110.89091 
    98.95272 -110.43181 
    98.49954 -109.99525 
    98.02637 -109.58129 
    97.53419 -109.18980 
    97.02460 -108.81928 
    96.49770 -108.46989 
    95.95358 -108.14167 
    95.39204 -107.83515 
    94.81274 -107.55151 
    94.21532 -107.29259 
    93.59961 -107.06106 
    92.96583 -106.86033 
    92.31478 -106.69444 
    91.64809 -106.56800 
    90.96826 -106.48581 
    90.27885 -106.45268 
    89.58440 -106.47306 
    88.89037 -106.55070 
    88.20296 -106.68833 
    87.52891 -106.88745 
    86.87505 -107.14809 
    86.24811 -107.46879 
    85.65426 -107.84656 
    85.09887 -108.27709 
    84.53333 -108.69105 
    83.89646 -109.03667 
    83.27903 -109.43224 
    82.68926 -109.87993 
    82.13615 -110.38049 
    81.62894 -110.93297 
    81.17651 -111.53452 
    80.78684 -112.18040 
    80.46642 -112.86418 
    80.21976 -113.57803 
    80.04916 -114.31322 
    79.95455 -115.06065 
    79.93359 -115.81143 
    79.98198 -116.55734 
Cell 24 100 -96.66306 -103.68376 
    -106.83487 -103.68376 
    -106.82405 -104.32304 
    -106.77245 -104.96088 
    -106.68013 -105.59462 
    -106.54742 -106.22163 
    -106.37480 -106.83929 
    -106.16295 -107.44503 
    -105.91270 -108.03632 
    -105.62511 -108.61069 
    -105.30135 -109.16579 
    -104.94279 -109.69933 
    -104.55092 -110.20917 
    -104.12741 -110.69326 
    -103.67405 -111.14970 
    -103.19273 -111.57678 
    -102.68546 -111.97290 
    -102.15435 -112.33665 
    -101.60154 -112.66682 
    -101.02923 -112.96236 
    -100.43967 -113.22239 
    -99.83508 -113.44624 
    -99.21768 -113.63338 
    -98.58968 -113.78347 
    -97.95320 -113.89629 
    -97.31032 -113.97173 
    -96.66306 -114.00980 
    -96.01334 -114.01060 
    -95.36307 -113.97424 
    -94.71404 -113.90089 
    -94.06804 -113.79068 
    -93.42685 -113.64378 
    -92.79227 -113.46027 
    -92.16613 -113.24022 
    -91.55038 -112.98369 
    -90.94708 -112.69070 
    -90.35845 -112.36130 
    -89.78692 -111.99558 
    -89.23701 -111.59169 
    -88.86187 -111.00956 
    -88.61189 -110.34425 
    -88.46230 -109.64197 
    -88.31017 -108.98466 
    -88.15071 -108.36346 
    -87.97522 -107.77195 
    -87.77333 -107.20345 
    -87.53458 -106.64978 
    -87.24926 -106.10081 
    -86.90885 -105.54447 
    -86.52112 -104.96499 
    -86.09014 -104.34895 
    -85.59445 -103.68376 
    -85.03820 -102.95238 
    -84.46358 -102.14261 
    -84.52792 -101.36886 
    -84.94263 -100.67447 
    -85.51055 -100.06009 
    -86.15553 -99.52354 
    -86.59389 -98.94557 
    -86.47069 -98.08046 
    -86.24658 -97.07327 
    -87.83884 -97.27259 
    -88.31964 -96.78149 
    -88.82747 -96.32565 
    -89.35897 -95.90570 
    -89.91100 -95.52193 
    -90.48065 -95.17442 
    -91.06525 -94.86303 
    -91.66238 -94.58755 
    -92.26984 -94.34771 
    -92.88568 -94.14321 
    -93.50809 -93.97379 
    -94.13541 -93.83926 
    -94.76608 -93.73946 
    -95.39354 -93.63453 
    -96.02245 -93.50159 
    -96.66306 -93.37701 
    -97.31890 -93.25939 
    -97.99332 -93.15366 
    -98.68723 -93.07264 
    -99.39683 -93.03642 
    -100.11195 -93.06917 
    -100.81643 -93.19354 
    -101.49065 -93.42458 
    -102.11585 -93.76517 
    -102.67861 -94.20477 
    -103.17407 -94.72212 
    -103.60635 -95.29076 
    -103.98636 -95.88523 
    -104.32786 -96.48603 
    -104.64343 -97.08182 
    -104.94164 -97.66902 
    -105.22603 -98.24953 
    -105.49706 -98.82722 
    -105.79567 -99.38628 
    -106.05895 -99.96366 
    -106.28550 -100.55724 
    -106.47424 -101.16468 
    -106.62421 -101.78357 
    -106.73469 -102.41142 
    -106.80505 -103.04568 
