94 25 
Cell 0 100 -122.02464 -145.17677 
    -132.02473 -145.17677 
    -132.00499 -145.80469 
    -131.94585 -146.43011 
    -131.84756 -147.05060 
    -131.71051 -147.66368 
    -131.53522 -148.26695 
    -131.32307 -148.85828 
    -131.08299 -149.43932 
    -130.81445 -150.00902 
    -130.51201 -150.56302 
    -130.17444 -151.09795 
    -129.80287 -151.61148 
    -129.39864 -152.10143 
    -128.96321 -152.56560 
    -128.49820 -153.00197 
    -128.00534 -153.40849 
    -127.48656 -153.78340 
    -126.94392 -154.12491 
    -126.37954 -154.43141 
    -125.79573 -154.70146 
    -125.19487 -154.93375 
    -124.57946 -155.12715 
    -123.95205 -155.28064 
    -123.31531 -155.39348 
    -122.67191 -155.46500 
    -122.02464 -155.49480 
    -121.37624 -155.48265 
    -120.72955 -155.42850 
    -120.08733 -155.33249 
    -119.45239 -155.19499 
    -118.82749 -155.01657 
    -118.21535 -154.79793 
    -117.61862 -154.54002 
    -117.03991 -154.24396 
    -116.48170 -153.91104 
    -115.94642 -153.54272 
    -115.43635 -153.14064 
    -114.95367 -152.70659 
    -114.50041 -152.24249 
    -114.07848 -151.75041 
    -113.68961 -151.23251 
    -113.33539 -150.69113 
    -113.01721 -150.12865 
    -112.73632 -149.54752 
    -112.49379 -148.95030 
    -112.26363 -148.34831 
    -112.06454 -147.73409 
    -111.89951 -147.10825 
    -111.76865 -146.47241 
    -111.67207 -145.82809 
    -111.68912 -145.17677 
    -112.11974 -144.55362 
    -112.46234 -143.96878 
    -112.75108 -143.40775 
    -113.00687 -142.86142 
    -113.24409 -142.32381 
    -113.47350 -141.79114 
    -113.70117 -141.26006 
    -113.93366 -140.72873 
    -114.17870 -140.19759 
    -114.44041 -139.66652 
    -114.71444 -139.12924 
    -115.00735 -138.58711 
    -115.33088 -138.04865 
    -115.69972 -137.53127 
    -116.08865 -137.00658 
    -116.45348 -136.39804 
    -116.66883 -135.43460 
    -117.17305 -134.86661 
    -117.91774 -134.80396 
    -118.64266 -134.76813 
    -119.33011 -134.68230 
    -120.00298 -134.57889 
    -120.67050 -134.45772 
    -121.34020 -134.29794 
    -122.02464 -134.03949 
    -122.74366 -133.74820 
    -123.51215 -133.40189 
    -124.30764 -133.20885 
    -125.01275 -133.53882 
    -125.68674 -133.90598 
    -126.27800 -134.43399 
    -126.77180 -135.08853 
    -127.21349 -135.73828 
    -127.72617 -136.19258 
    -128.22449 -136.64340 
    -128.81828 -136.96466 
    -129.61189 -137.09717 
    -129.61084 -138.05286 
    -129.91705 -138.64760 
    -130.26498 -139.18980 
    -130.58260 -139.74573 
    -130.86954 -140.31425 
    -131.12538 -140.89429 
    -131.34950 -141.48480 
    -131.54123 -142.08464 
    -131.71060 -142.68983 
    -131.84764 -143.30293 
    -131.94591 -143.92343 
    -132.00500 -144.54886 
Cell 1 100 -104.95087 -137.78107 
    -115.52164 -137.78107 
    -115.10770 -138.42009 
    -114.77248 -139.02182 
    -114.47538 -139.59796 
    -114.19935 -140.15567 
    -113.94529 -140.70354 
    -113.70658 -141.24770 
    -113.47337 -141.79144 
    -113.23824 -142.33708 
    -112.99528 -142.88620 
    -112.73592 -143.43723 
    -112.45196 -143.98650 
    -112.13506 -144.52747 
    -111.77678 -145.04991 
    -111.34026 -145.50450 
    -110.84341 -145.89145 
    -110.32407 -146.24786 
    -109.78316 -146.57095 
    -109.22282 -146.85942 
    -108.64528 -147.11208 
    -108.05282 -147.32788 
    -107.44780 -147.50597 
    -106.83263 -147.64557 
    -106.20975 -147.74614 
    -105.58167 -147.80724 
    -104.95087 -147.82860 
    -104.31990 -147.81012 
    -103.69127 -147.75188 
    -103.06750 -147.65405 
    -102.45110 -147.51706 
    -101.84453 -147.34143 
    -101.25022 -147.12785 
    -100.67057 -146.87718 
    -100.10789 -146.59044 
    -99.56443 -146.26874 
    -99.04238 -145.91341 
    -98.54382 -145.52586 
    -98.07076 -145.10765 
    -97.62506 -144.66046 
    -97.20852 -144.18610 
    -96.82119 -143.68764 
    -96.45754 -143.17110 
    -96.12294 -142.63426 
    -96.00641 -141.99001 
    -95.97659 -141.33424 
    -95.92323 -140.71432 
    -95.87894 -140.11035 
    -95.84685 -139.51776 
    -95.82662 -138.93373 
    -95.82184 -138.35541 
    -95.83411 -137.78107 
    -95.86243 -137.20927 
    -95.86002 -136.63261 
    -95.86525 -136.04788 
    -95.87911 -135.45184 
    -95.90042 -134.84039 
    -95.93174 -134.21013 
    -95.96702 -133.55359 
    -95.99301 -132.85645 
    -95.97547 -132.08511 
    -95.94208 -131.23579 
    -96.39658 -130.70433 
    -96.89799 -130.21890 
    -97.43909 -129.78183 
    -98.01221 -129.39366 
    -98.60984 -129.05339 
    -99.22514 -128.75874 
    -99.85226 -128.50673 
    -100.48663 -128.29407 
    -101.12486 -128.11766 
    -101.76466 -127.97491 
    -102.35982 -127.68957 
    -102.97234 -127.40919 
    -103.61148 -127.17869 
    -104.27407 -127.02359 
    -104.95087 -126.96481 
    -105.62843 -127.01154 
    -106.29038 -127.17779 
    -106.92004 -127.45836 
    -107.52698 -127.74780 
    -108.10956 -128.05965 
    -108.68591 -128.34746 
    -109.22170 -128.70509 
    -109.68246 -129.17435 
    -110.14895 -129.59023 
    -110.62009 -129.97804 
    -111.09529 -130.35374 
    -111.57349 -130.72870 
    -112.05331 -131.11143 
    -112.53316 -131.50844 
    -113.01553 -131.92175 
    -113.49653 -132.35782 
    -113.97821 -132.81825 
    -114.46871 -133.30231 
    -114.98818 -133.80701 
    -115.60239 -134.32019 
    -116.35829 -134.85213 
    -116.64288 -135.55070 
    -116.46960 -136.32591 
    -116.03130 -137.08394 
Cell 2 100 -85.84649 -139.33612 
    -95.84056 -139.33612 
    -95.87116 -139.96681 
    -95.91544 -140.60812 
    -95.97083 -141.26746 
    -96.00433 -141.94421 
    -95.88708 -142.59851 
    -95.56194 -143.18274 
    -95.21906 -143.74651 
    -94.85805 -144.29027 
    -94.47818 -144.81395 
    -94.07856 -145.31706 
    -93.66233 -145.80194 
    -93.26698 -146.30443 
    -92.83947 -146.78288 
    -92.38052 -147.23441 
    -91.89177 -147.65674 
    -91.37511 -148.04782 
    -90.83250 -148.40564 
    -90.26614 -148.72836 
    -89.67832 -149.01424 
    -89.07151 -149.26172 
    -88.44829 -149.46945 
    -87.81134 -149.63622 
    -87.16346 -149.76100 
    -86.50753 -149.84303 
    -85.84649 -149.88170 
    -85.18333 -149.87660 
    -84.52110 -149.82764 
    -83.86282 -149.73486 
    -83.21154 -149.59857 
    -82.57027 -149.41930 
    -81.94198 -149.19778 
    -81.32958 -148.93503 
    -80.73592 -148.63222 
    -80.16371 -148.29074 
    -79.61560 -147.91220 
    -79.09407 -147.49840 
    -78.60147 -147.05128 
    -78.14001 -146.57298 
    -77.71169 -146.06581 
    -77.31836 -145.53217 
    -76.96166 -144.97459 
    -76.64306 -144.39575 
    -76.36378 -143.79834 
    -76.07966 -143.20308 
    -75.82405 -142.59261 
    -75.60304 -141.96619 
    -75.41865 -141.32533 
    -75.27325 -140.67183 
    -75.16960 -140.00786 
    -75.11053 -139.33612 
    -75.09891 -138.65994 
    -75.13726 -137.98323 
    -75.22760 -137.31046 
    -75.37112 -136.64650 
    -75.56808 -135.99646 
    -75.81760 -135.36540 
    -76.11772 -134.75812 
    -76.46542 -134.17883 
    -76.85682 -133.63110 
    -77.28742 -133.11760 
    -77.75239 -132.64011 
    -78.24681 -132.19954 
    -78.76597 -131.79613 
    -79.30556 -131.42949 
    -79.86178 -131.09888 
    -80.43143 -130.80336 
    -81.01190 -130.54204 
    -81.56489 -130.23726 
    -82.13306 -129.95706 
    -82.71649 -129.70299 
    -83.31432 -129.47398 
    -83.92608 -129.26898 
    -84.55173 -129.08705 
    -85.19164 -128.92761 
    -85.84649 -128.79073 
    -86.51957 -128.63783 
    -87.21737 -128.48447 
    -87.92883 -128.42014 
    -88.63657 -128.46950 
    -89.37733 -128.46933 
    -90.14110 -128.48918 
    -90.89600 -128.60535 
    -91.62656 -128.82220 
    -92.37918 -129.04225 
    -93.11699 -129.32913 
    -93.82964 -129.68616 
    -94.50613 -130.11453 
    -95.13547 -130.61319 
    -95.70728 -131.17857 
    -95.97134 -131.98000 
    -95.99146 -132.89792 
    -95.95491 -133.77898 
    -95.91239 -134.59947 
    -95.88222 -135.36270 
    -95.86495 -136.08093 
    -95.86057 -136.76495 
    -95.85162 -137.42754 
    -95.82783 -138.07520 
    -95.82476 -138.70834 
Cell 3 100 -56.55188 -155.60670 
    -66.68398 -155.60670 
    -66.63896 -156.24133 
    -66.55697 -156.87064 
    -66.43866 -157.49271 
    -66.28462 -158.10565 
    -66.09538 -158.70757 
    -65.87143 -159.29657 
    -65.61333 -159.87070 
    -65.32173 -160.42796 
    -64.99736 -160.96637 
    -64.64205 -161.48456 
    -64.25702 -161.98094 
    -63.84157 -162.45218 
    -63.39735 -162.89639 
    -62.92612 -163.31184 
    -62.42974 -163.69687 
    -61.91015 -164.04999 
    -61.36942 -164.36977 
    -60.80968 -164.65497 
    -60.23313 -164.90446 
    -59.64206 -165.11726 
    -59.03878 -165.29254 
    -58.42570 -165.42958 
    -57.80522 -165.52785 
    -57.17979 -165.58698 
    -56.55188 -165.60670 
    -55.92398 -165.58698 
    -55.29855 -165.52785 
    -54.67765 -165.43179 
    -54.06369 -165.29758 
    -53.45897 -165.12572 
    -52.86563 -164.91710 
    -52.28569 -164.67284 
    -51.72094 -164.39417 
    -51.17297 -164.08252 
    -50.64313 -163.73941 
    -50.13247 -163.36644 
    -49.64182 -162.96518 
    -49.17173 -162.53712 
    -48.72263 -162.08363 
    -48.29488 -161.60577 
    -47.88894 -161.10437 
    -47.50554 -160.57997 
    -47.14584 -160.03285 
    -46.81165 -159.46313 
    -46.50549 -158.87097 
    -46.23073 -158.25673 
    -45.99150 -157.62120 
    -45.79256 -156.96593 
    -45.63908 -156.29327 
    -45.53623 -155.60670 
    -45.48881 -154.91068 
    -45.50082 -154.21063 
    -45.57503 -153.51276 
    -45.71269 -152.82367 
    -45.91339 -152.15005 
    -46.17496 -151.49818 
    -46.49369 -150.87369 
    -46.86457 -150.28107 
    -47.28170 -149.72366 
    -47.73870 -149.20355 
    -48.22922 -148.72160 
    -48.74725 -148.27766 
    -49.28746 -147.87088 
    -49.84535 -147.49991 
    -50.40943 -147.15234 
    -51.05931 -146.95180 
    -51.68554 -146.75485 
    -52.33760 -146.65089 
    -52.98039 -146.58614 
    -53.59689 -146.51215 
    -54.19709 -146.43538 
    -54.78805 -146.36038 
    -55.37396 -146.28252 
    -55.96051 -146.20714 
    -56.55188 -146.13617 
    -57.15204 -146.06744 
    -57.76757 -145.98357 
    -58.40978 -145.86726 
    -59.07053 -145.79724 
    -59.68972 -145.94943 
    -60.30579 -146.12543 
    -60.90302 -146.36008 
    -61.48352 -146.63608 
    -62.05201 -146.93990 
    -62.60062 -147.28134 
    -63.12604 -147.65991 
    -63.62486 -148.07475 
    -64.09372 -148.52444 
    -64.52946 -149.00708 
    -64.92922 -149.52022 
    -65.29063 -150.06093 
    -65.61179 -150.62598 
    -65.89146 -151.21184 
    -66.12892 -151.81488 
    -66.32404 -152.43155 
    -66.47709 -153.05835 
    -66.58872 -153.69208 
    -66.65977 -154.32979 
    -66.69121 -154.96880 
Cell 4 100 -53.51471 -137.00618 
    -65.56211 -137.00618 
    -65.40204 -137.75407 
    -65.19221 -138.48138 
    -64.93681 -139.18506 
    -64.64009 -139.86269 
    -64.30610 -140.51251 
    -63.93868 -141.13332 
    -63.54133 -141.72435 
    -63.11718 -142.28519 
    -62.66896 -142.81564 
    -62.19902 -143.31570 
    -61.70934 -143.78537 
    -61.20161 -144.22467 
    -60.67725 -144.63351 
    -60.13743 -145.01169 
    -59.58360 -145.35930 
    -59.01166 -145.66798 
    -58.38828 -145.87115 
    -57.74086 -145.98721 
    -57.10447 -146.07289 
    -56.48387 -146.14433 
    -55.87978 -146.21751 
    -55.28648 -146.29414 
    -54.69786 -146.37183 
    -54.10865 -146.44669 
    -53.51471 -146.52200 
    -52.91155 -146.59306 
    -52.29544 -146.65761 
    -51.65310 -146.76505 
    -50.95265 -146.98471 
    -50.25074 -147.05162 
    -49.61499 -146.85573 
    -48.99198 -146.61746 
    -48.38468 -146.33766 
    -47.79602 -146.01740 
    -47.22887 -145.65790 
    -46.68597 -145.26070 
    -46.16998 -144.82751 
    -45.68340 -144.36028 
    -45.22857 -143.86107 
    -44.80768 -143.33220 
    -44.42271 -142.77614 
    -44.07545 -142.19545 
    -43.76749 -141.59286 
    -43.50016 -140.97122 
    -43.27459 -140.33339 
    -43.09169 -139.68236 
    -42.95210 -139.02110 
    -42.85626 -138.35266 
    -42.80439 -137.68002 
    -42.79646 -137.00618 
    -42.83228 -136.33409 
    -42.91144 -135.66667 
    -43.03336 -135.00676 
    -43.19728 -134.35712 
    -43.40228 -133.72046 
    -43.64733 -133.09941 
    -43.93121 -132.49654 
    -44.25259 -131.91429 
    -44.61017 -131.35519 
    -45.00234 -130.82158 
    -45.42708 -130.31551 
    -45.88239 -129.83896 
    -46.36641 -129.39401 
    -46.87714 -128.98274 
    -47.41191 -128.60641 
    -47.95071 -128.23872 
    -48.47707 -127.84276 
    -49.02835 -127.47218 
    -49.60397 -127.12880 
    -50.25721 -126.98062 
    -50.92513 -126.92046 
    -51.58316 -126.88065 
    -52.24653 -126.96758 
    -52.88782 -127.04203 
    -53.51471 -127.09796 
    -54.13482 -127.14977 
    -54.75219 -127.21053 
    -55.37260 -127.26675 
    -56.00087 -127.32322 
    -56.63889 -127.39095 
    -57.28875 -127.47403 
    -57.95386 -127.57249 
    -58.64106 -127.68137 
    -59.36358 -127.78983 
    -60.14815 -127.87603 
    -61.08240 -127.85841 
    -61.90602 -128.07033 
    -62.64490 -128.43236 
    -63.27937 -128.92815 
    -63.80728 -129.52818 
    -64.26912 -130.18123 
    -64.66980 -130.87361 
    -65.00775 -131.59796 
    -65.28091 -132.34761 
    -65.48804 -133.11581 
    -65.62903 -133.89575 
    -65.70473 -134.68080 
    -65.71696 -135.46468 
    -65.66833 -136.24153 
Cell 5 100 -7.47206 -144.51556 
    -17.88015 -144.51556 
    -17.89511 -145.17133 
    -17.86693 -145.82874 
    -17.79534 -146.48483 
    -17.68034 -147.13660 
    -17.52209 -147.78101 
    -17.32104 -148.41505 
    -17.07784 -149.03569 
    -16.79337 -149.63998 
    -16.46875 -150.22504 
    -16.10532 -150.78799 
    -15.70463 -151.32613 
    -15.26845 -151.83685 
    -14.79873 -152.31767 
    -14.29764 -152.76627 
    -13.76749 -153.18048 
    -13.21078 -153.55833 
    -12.63013 -153.89804 
    -12.02829 -154.19804 
    -11.40815 -154.45699 
    -10.77265 -154.67372 
    -10.12482 -154.84735 
    -9.46773 -154.97720 
    -8.80450 -155.06287 
    -8.13824 -155.10417 
    -7.47206 -155.10110 
    -6.80904 -155.05399 
    -6.15220 -154.96333 
    -5.50452 -154.82982 
    -4.86885 -154.65442 
    -4.24798 -154.43828 
    -3.64456 -154.18274 
    -3.06112 -153.88930 
    -2.50006 -153.55962 
    -1.96359 -153.19553 
    -1.45378 -152.79903 
    -0.97256 -152.37212 
    -0.52162 -151.91704 
    -0.09452 -151.44354 
    0.34615 -150.98335 
    0.70754 -150.45840 
    0.98904 -149.88515 
    1.22819 -149.29857 
    1.45765 -148.71756 
    1.67468 -148.13702 
    1.87739 -147.55339 
    2.06465 -146.96417 
    2.23604 -146.36748 
    2.39146 -145.76161 
    2.53424 -145.14511 
    2.66620 -144.51556 
    2.79312 -143.86974 
    3.11840 -143.17767 
    3.59058 -142.40524 
    4.23716 -141.50914 
    4.31250 -140.68652 
    4.23336 -139.88106 
    4.01108 -139.11201 
    3.64231 -138.40538 
    3.13805 -137.78218 
    2.52174 -137.25464 
    1.82490 -136.82445 
    1.08152 -136.48322 
    0.32262 -136.21506 
    -0.42773 -136.00043 
    -1.15439 -135.82002 
    -1.85099 -135.65816 
    -2.50111 -135.47343 
    -3.09245 -135.20840 
    -3.69685 -134.98047 
    -4.31199 -134.78986 
    -4.93561 -134.63673 
    -5.55197 -134.45007 
    -6.17499 -134.24814 
    -6.81439 -134.06209 
    -7.47206 -133.71564 
    -8.17170 -133.39513 
    -8.83885 -133.69633 
    -9.51886 -133.78589 
    -10.18126 -133.96393 
    -10.83523 -134.16483 
    -11.48201 -134.38760 
    -12.12225 -134.63342 
    -12.75461 -134.90666 
    -13.34796 -135.25665 
    -13.85861 -135.72523 
    -14.29777 -136.26469 
    -14.69774 -136.82100 
    -15.06594 -137.38445 
    -15.40858 -137.94991 
    -15.72964 -138.51608 
    -16.03051 -139.08421 
    -16.31035 -139.65668 
    -16.63118 -140.20561 
    -16.92429 -140.77316 
    -17.18148 -141.36079 
    -17.40120 -141.96619 
    -17.58207 -142.58698 
    -17.72286 -143.22058 
    -17.82251 -143.86436 
Cell 6 100 10.75797 -150.68858 
    0.55125 -150.68858 
    0.14771 -151.35612 
    -0.06892 -152.05634 
    -0.11965 -152.76360 
    -0.05586 -153.46510 
    0.09003 -154.15480 
    0.30697 -154.82643 
    0.57323 -155.48116 
    0.88484 -156.11638 
    1.24026 -156.72870 
    1.63768 -157.31487 
    2.07497 -157.87178 
    2.54987 -158.39650 
    3.05970 -158.88640 
    3.60175 -159.33896 
    4.17304 -159.75197 
    4.77041 -160.12346 
    5.39062 -160.45175 
    6.03026 -160.73547 
    6.68588 -160.97351 
    7.35395 -161.16507 
    8.03094 -161.30963 
    8.71332 -161.40700 
    9.39756 -161.45729 
    10.08024 -161.46078 
    10.75797 -161.41824 
    11.42750 -161.33043 
    12.08570 -161.19864 
    12.72958 -161.02417 
    13.35635 -160.80862 
    13.96338 -160.55382 
    14.54821 -160.26164 
    15.14208 -160.00529 
    15.73901 -159.74908 
    16.32304 -159.45773 
    16.89219 -159.13161 
    17.44435 -158.77103 
    17.97731 -158.37640 
    18.48869 -157.94821 
    18.97596 -157.48711 
    19.43645 -156.99387 
    19.86735 -156.46957 
    20.26575 -155.91553 
    20.62870 -155.33339 
    20.95323 -154.72517 
    21.23647 -154.09326 
    21.47571 -153.44043 
    21.66844 -152.76987 
    21.81250 -152.08510 
    21.90611 -151.38997 
    21.94795 -150.68858 
    21.93722 -149.98524 
    21.87366 -149.28435 
    21.75759 -148.59029 
    21.58989 -147.90742 
    21.37198 -147.23988 
    21.10577 -146.59160 
    20.79364 -145.96616 
    20.43830 -145.36678 
    20.04277 -144.79626 
    19.61027 -144.25700 
    19.14411 -143.75096 
    18.64768 -143.27965 
    18.12431 -142.84422 
    17.57723 -142.44551 
    17.00954 -142.08403 
    16.42417 -141.76007 
    15.82388 -141.47372 
    15.21121 -141.22498 
    14.58852 -141.01370 
    13.95804 -140.83977 
    13.32183 -140.70297 
    12.68186 -140.60318 
    12.06975 -140.30476 
    11.43343 -139.95233 
    10.75797 -139.55988 
    10.03276 -139.16177 
    9.25847 -138.81886 
    8.45310 -138.60602 
    7.65155 -138.58989 
    6.89686 -138.80533 
    6.22600 -139.24214 
    5.65700 -139.84848 
    5.18404 -140.54965 
    4.73892 -141.20409 
    4.17975 -141.63445 
    3.73724 -142.20198 
    3.34959 -142.79947 
    3.00855 -143.41139 
    2.75428 -144.06735 
    2.61272 -144.77071 
    2.46871 -145.42807 
    2.31785 -146.04858 
    2.15734 -146.64145 
    1.98491 -147.21509 
    1.79945 -147.77779 
    1.59985 -148.33717 
    1.38534 -148.90067 
    1.15603 -149.47557 
    0.89910 -150.06831 
Cell 7 100 32.05264 -134.02090 
    21.64899 -134.02090 
    21.62905 -134.67670 
    21.65228 -135.33478 
    21.71904 -135.99214 
    21.82941 -136.64578 
    21.98328 -137.29263 
    22.18029 -137.92964 
    22.41985 -138.55376 
    22.70112 -139.16194 
    23.02304 -139.75127 
    23.38432 -140.31880 
    23.78344 -140.86179 
    24.21865 -141.37750 
    24.68801 -141.86343 
    25.18938 -142.31715 
    25.72044 -142.73642 
    26.27868 -143.11920 
    26.86144 -143.46364 
    27.46595 -143.76810 
    28.08931 -144.03111 
    28.72849 -144.25156 
    29.38044 -144.42841 
    30.04201 -144.56097 
    30.71002 -144.64879 
    31.38129 -144.69164 
    32.05264 -144.68950 
    32.72090 -144.64268 
    33.38298 -144.55168 
    34.03583 -144.41719 
    34.67651 -144.24020 
    35.30215 -144.02187 
    35.91002 -143.76355 
    36.49753 -143.46678 
    37.06223 -143.13333 
    37.60184 -142.76505 
    38.11423 -142.36397 
    38.59748 -141.93227 
    39.04985 -141.47218 
    39.51742 -141.03081 
    39.97045 -140.57109 
    40.39861 -140.08461 
    40.80052 -139.57248 
    41.17479 -139.03586 
    41.51995 -138.47588 
    41.83443 -137.89378 
    42.11658 -137.29088 
    42.36465 -136.66858 
    42.57680 -136.02850 
    42.75110 -135.37244 
    42.88558 -134.70245 
    42.97828 -134.02090 
    43.02727 -133.33044 
    43.03076 -132.63405 
    42.98714 -131.93504 
    42.89506 -131.23705 
    42.75351 -130.54398 
    42.56191 -129.85999 
    42.32011 -129.18939 
    42.02853 -128.53661 
    41.68810 -127.90605 
    41.30034 -127.30206 
    40.86732 -126.72876 
    40.39166 -126.19003 
    39.87645 -125.68939 
    39.32520 -125.22989 
    38.81427 -124.71430 
    38.25787 -124.24301 
    37.64761 -123.84369 
    36.99201 -123.52420 
    36.30181 -123.28871 
    35.58889 -123.13741 
    34.86522 -123.06660 
    34.14178 -123.06923 
    33.42774 -123.13586 
    32.73328 -123.20244 
    32.05264 -123.03337 
    31.35256 -122.89355 
    30.63491 -122.79847 
    29.90388 -122.75672 
    29.16564 -122.77679 
    28.42826 -122.86624 
    27.70132 -123.03073 
    26.99524 -123.27340 
    26.36164 -123.66904 
    25.87891 -124.29267 
    25.42990 -124.90549 
    25.03153 -125.53384 
    24.70879 -126.20051 
    24.41685 -126.85043 
    24.14205 -127.47670 
    23.88474 -128.08658 
    23.64296 -128.68396 
    23.41035 -129.26978 
    23.18499 -129.84810 
    22.96181 -130.42159 
    22.73456 -130.99329 
    22.49534 -131.56700 
    22.23327 -132.14775 
    21.94090 -132.74348 
    21.71157 -133.37030 
Cell 8 100 46.22350 -149.49008 
    36.19173 -149.49008 
    36.21381 -150.11984 
    36.26694 -150.74789 
    36.35771 -151.37209 
    36.48753 -151.98985 
    36.65620 -152.59868 
    36.86316 -153.19611 
    37.10765 -153.77966 
    37.38877 -154.34702 
    37.70547 -154.89578 
    38.05650 -155.42375 
    38.44054 -155.92870 
    38.85607 -156.40855 
    39.30145 -156.86131 
    39.77490 -157.28510 
    40.27453 -157.67813 
    40.79834 -158.03876 
    41.34420 -158.36549 
    41.90990 -158.65694 
    42.49314 -158.91188 
    43.09154 -159.12926 
    43.70265 -159.30815 
    44.32396 -159.44780 
    44.95293 -159.54764 
    45.58698 -159.60725 
    46.22350 -159.62639 
    46.85987 -159.60500 
    47.49350 -159.54318 
    48.12178 -159.44121 
    48.74213 -159.29950 
    49.35203 -159.11871 
    49.94899 -158.89960 
    50.53059 -158.64311 
    51.09447 -158.35034 
    51.63835 -158.02252 
    52.16005 -157.66104 
    52.65750 -157.26746 
    53.12870 -156.84338 
    53.57181 -156.39061 
    53.98509 -155.91103 
    54.36693 -155.40663 
    54.71587 -154.87950 
    55.03056 -154.33180 
    55.30984 -153.76579 
    55.55267 -153.18376 
    55.75817 -152.58809 
    55.92562 -151.98117 
    56.05444 -151.36543 
    56.14470 -150.74342 
    56.20494 -150.11806 
    56.22579 -149.49008 
    56.20716 -148.86197 
    56.14911 -148.23619 
    56.05184 -147.61522 
    55.91575 -147.00154 
    55.74134 -146.39755 
    55.52931 -145.80565 
    55.28047 -145.22820 
    54.99580 -144.66747 
    54.67864 -144.12428 
    54.33220 -143.59877 
    53.95723 -143.09218 
    53.55609 -142.60432 
    53.13088 -142.13446 
    52.68312 -141.68175 
    52.21332 -141.24579 
    51.72090 -140.82756 
    51.20427 -140.43010 
    50.66137 -140.05913 
    50.19143 -139.46823 
    49.69749 -138.79825 
    48.99507 -138.69551 
    48.21996 -139.02425 
    47.55854 -138.92213 
    46.89037 -138.89049 
    46.22350 -138.74849 
    45.54591 -138.72015 
    44.89269 -138.95566 
    44.28392 -139.32243 
    43.67525 -139.56531 
    43.07781 -139.80865 
    42.49607 -140.07567 
    41.92985 -140.36562 
    41.37969 -140.67923 
    40.84684 -141.01782 
    40.33316 -141.38274 
    39.84089 -141.77483 
    39.37032 -142.19218 
    38.92626 -142.63751 
    38.51110 -143.10983 
    38.12648 -143.60725 
    37.77393 -144.12782 
    37.45481 -144.66945 
    37.17038 -145.23001 
    36.92175 -145.80727 
    36.69877 -146.39531 
    36.47201 -146.98633 
    36.30030 -147.59714 
    36.21370 -148.22556 
    36.18983 -148.85881 
Cell 9 100 67.71764 -151.19331 
    56.90129 -151.19331 
    56.90395 -151.87366 
    56.91084 -152.55853 
    56.95042 -153.24727 
    57.03389 -153.93643 
    57.18879 -154.61433 
    57.38981 -155.28238 
    57.63663 -155.93707 
    57.92854 -156.57492 
    58.26448 -157.19247 
    58.64312 -157.78633 
    59.06269 -158.35330 
    59.52119 -158.89029 
    60.01631 -159.39439 
    60.54551 -159.86293 
    61.10600 -160.29344 
    61.69482 -160.68375 
    62.30882 -161.03191 
    62.94473 -161.33624 
    63.59912 -161.59550 
    64.26852 -161.80862 
    64.94936 -161.97507 
    65.63815 -162.09441 
    66.33137 -162.16676 
    67.02562 -162.19263 
    67.71764 -162.17264 
    68.40434 -162.10808 
    69.08289 -162.00044 
    69.75077 -161.85139 
    70.40581 -161.66306 
    71.04619 -161.43755 
    71.67049 -161.17708 
    72.27772 -160.88397 
    72.86720 -160.56035 
    73.43855 -160.20804 
    73.99165 -159.82875 
    74.52628 -159.42354 
    75.04227 -158.99326 
    75.53905 -158.53812 
    76.01564 -158.05801 
    76.47038 -157.55255 
    76.90090 -157.02119 
    77.30402 -156.46347 
    77.66941 -155.87627 
    77.96616 -155.25099 
    78.23096 -154.60930 
    78.46510 -153.95279 
    78.65182 -153.27913 
    78.78128 -152.59097 
    78.85155 -151.89380 
    78.86061 -151.19331 
    78.80653 -150.49567 
    78.69122 -149.80702 
    78.51756 -149.13312 
    78.28883 -148.47910 
    78.01355 -147.84796 
    77.87411 -147.17207 
    77.69241 -146.49954 
    77.46584 -145.83420 
    77.19285 -145.18016 
    76.87227 -144.54208 
    76.50349 -143.92502 
    76.08660 -143.33434 
    75.62247 -142.77553 
    75.11282 -142.25407 
    74.56031 -141.77518 
    73.96844 -141.34363 
    73.34150 -140.96353 
    72.68448 -140.63824 
    72.00283 -140.37015 
    71.30236 -140.16066 
    70.58897 -140.01018 
    69.86849 -139.91812 
    69.14646 -139.88303 
    68.42799 -139.90266 
    67.71764 -139.97421 
    67.01936 -140.09447 
    66.33643 -140.25993 
    65.67150 -140.46710 
    65.02663 -140.71254 
    64.40336 -140.99301 
    63.80281 -141.30560 
    63.22583 -141.64775 
    62.67305 -142.01724 
    62.14499 -142.41223 
    61.64219 -142.83118 
    61.16521 -143.27280 
    60.71473 -143.73598 
    60.18242 -144.11728 
    59.63646 -144.50798 
    59.08649 -144.92242 
    58.54250 -145.37059 
    58.02282 -145.86354 
    57.55243 -146.40993 
    57.15868 -147.01273 
    56.86525 -147.66716 
    56.68628 -148.36095 
    56.62281 -149.07686 
    56.66266 -149.79675 
    56.78404 -150.50543 
Cell 10 100 83.00609 -134.98871 
    71.51499 -134.98871 
    70.95956 -135.74661 
    70.94405 -136.51250 
    71.32737 -137.21654 
    71.75597 -137.87724 
    72.21300 -138.49559 
    72.68495 -139.07513 
    73.16238 -139.62080 
    73.63994 -140.13779 
    74.11581 -140.63065 
    74.59091 -141.10269 
    75.06794 -141.55573 
    75.55041 -141.99005 
    76.04195 -142.40477 
    76.54567 -142.79800 
    77.06393 -143.16739 
    77.59815 -143.51025 
    78.14883 -143.82402 
    78.71570 -144.10625 
    79.29778 -144.35484 
    79.89359 -144.56799 
    80.50128 -144.74428 
    81.11874 -144.88257 
    81.74364 -144.98199 
    82.37350 -145.04347 
    83.00609 -145.06638 
    83.63909 -145.04997 
    84.27010 -144.99443 
    84.89679 -144.90012 
    85.51687 -144.76756 
    86.12815 -144.59743 
    86.72854 -144.39055 
    87.31606 -144.14786 
    87.88883 -143.87039 
    88.44514 -143.55930 
    88.98339 -143.21576 
    89.50208 -142.84102 
    89.99987 -142.43633 
    90.47550 -142.00294 
    90.92780 -141.54211 
    91.35564 -141.05502 
    91.75795 -140.54282 
    92.13361 -140.00661 
    92.48148 -139.44749 
    92.80032 -138.86652 
    93.08878 -138.26477 
    93.34537 -137.64339 
    93.56845 -137.00359 
    93.75623 -136.34677 
    93.90673 -135.67451 
    94.01789 -134.98871 
    94.08754 -134.29152 
    94.11351 -133.58551 
    94.09368 -132.87364 
    94.02606 -132.15926 
    93.90891 -131.44617 
    93.74083 -130.73853 
    93.52083 -130.04085 
    93.20657 -129.38094 
    92.66620 -128.85822 
    92.02733 -128.43440 
    91.31014 -128.11899 
    90.67172 -127.79020 
    90.07612 -127.45990 
    89.50414 -127.13392 
    88.94511 -126.81433 
    88.39217 -126.50159 
    87.84158 -126.19299 
    87.28894 -125.88718 
    86.73135 -125.57977 
    86.16598 -125.26357 
    85.58945 -124.92715 
    84.99668 -124.55366 
    84.36985 -124.19342 
    83.70539 -123.87355 
    83.00609 -123.83097 
    82.31156 -123.94952 
    81.63181 -124.11015 
    80.96908 -124.31031 
    80.32523 -124.54745 
    79.70181 -124.81919 
    79.10010 -125.12330 
    78.52115 -125.45773 
    77.96588 -125.82061 
    77.43514 -126.21030 
    76.88186 -126.55943 
    76.26099 -126.83528 
    75.62887 -127.13277 
    75.23693 -127.69298 
    74.90751 -128.28899 
    74.60096 -128.88202 
    74.31188 -129.47119 
    74.00606 -130.04089 
    73.69374 -130.60666 
    73.38358 -131.17889 
    73.08174 -131.76410 
    72.79064 -132.36581 
    72.50529 -132.98558 
    72.21825 -133.62590 
    71.90195 -134.29008 
Cell 11 100 117.11870 -143.54381 
    106.95367 -143.54381 
    106.96423 -144.18268 
    107.01563 -144.82013 
    107.10774 -145.45351 
    107.24027 -146.08015 
    107.41276 -146.69746 
    107.62454 -147.30281 
    107.87482 -147.89365 
    108.16257 -148.46748 
    108.48664 -149.02188 
    108.84570 -149.55449 
    109.23826 -150.06308 
    109.66269 -150.54547 
    110.11720 -150.99965 
    110.59989 -151.42369 
    111.10872 -151.81584 
    111.64153 -152.17445 
    112.19605 -152.49806 
    112.76997 -152.78534 
    113.36082 -153.03513 
    113.96613 -153.24643 
    114.58332 -153.41846 
    115.20982 -153.55054 
    115.84297 -153.64223 
    116.48015 -153.69325 
    117.11870 -153.70351 
    117.75598 -153.67311 
    118.38939 -153.60234 
    119.01635 -153.49167 
    119.63440 -153.34181 
    120.24113 -153.15369 
    120.83434 -152.92845 
    121.41197 -152.66748 
    121.97228 -152.37245 
    122.51385 -152.04521 
    123.03571 -151.68788 
    123.53738 -151.30266 
    124.01892 -150.89180 
    124.48096 -150.45743 
    124.92455 -150.00137 
    125.35099 -149.52492 
    125.76151 -149.02870 
    126.15680 -148.51254 
    126.53661 -147.97554 
    126.89915 -147.41615 
    127.24075 -146.83266 
    127.55564 -146.22356 
    127.83606 -145.58826 
    128.07266 -144.92761 
    128.25534 -144.24446 
    128.37422 -143.54381 
    128.42079 -142.83275 
    128.38905 -142.12003 
    128.27635 -141.41537 
    128.40521 -140.64592 
    128.59192 -139.81593 
    128.23364 -139.14308 
    127.43953 -138.68719 
    126.64929 -138.30432 
    126.17522 -137.79637 
    125.67577 -137.32674 
    125.15898 -136.89230 
    124.63075 -136.48952 
    124.09478 -136.11504 
    123.55289 -135.76620 
    123.03008 -135.40749 
    122.51362 -135.04277 
    121.97828 -134.70425 
    121.42597 -134.39040 
    120.85770 -134.10014 
    120.27353 -133.83423 
    119.67281 -133.59619 
    119.05505 -133.39310 
    118.42103 -133.23479 
    117.77376 -133.13194 
    117.11870 -133.09335 
    116.46309 -133.12323 
    115.79218 -133.04337 
    115.07183 -132.81377 
    114.31134 -132.60988 
    113.53895 -132.52647 
    112.80588 -132.65088 
    112.16432 -133.01523 
    111.63940 -133.57701 
    111.21632 -134.24316 
    110.85239 -134.91899 
    110.50317 -135.54700 
    110.14272 -136.11514 
    109.76771 -136.64076 
    109.38892 -137.14919 
    108.99496 -137.64157 
    108.62859 -138.15582 
    108.29498 -138.69293 
    107.99561 -139.25081 
    107.73183 -139.82729 
    107.50485 -140.42007 
    107.31574 -141.02684 
    107.16540 -141.64511 
    107.05458 -142.27242 
    106.98386 -142.90617 
Cell 12 100 -118.29724 -125.03466 
    -128.31696 -125.03466 
    -128.69786 -125.68901 
    -129.02815 -126.39029 
    -129.30222 -127.13397 
    -129.51526 -127.91496 
    -129.66313 -128.72766 
    -129.74220 -129.56604 
    -129.74976 -130.42381 
    -129.68376 -131.29445 
    -129.54288 -132.17136 
    -129.32629 -133.04774 
    -129.03398 -133.91685 
    -128.66641 -134.77196 
    -128.22478 -135.60641 
    -125.59480 -133.85590 
    -124.24685 -133.22360 
    -123.59455 -133.38188 
    -123.01927 -133.62399 
    -122.45294 -133.86597 
    -121.88359 -134.09276 
    -121.30945 -134.30528 
    -120.71401 -134.44734 
    -120.11405 -134.55873 
    -119.51248 -134.65427 
    -118.90753 -134.73506 
    -118.29724 -134.78520 
    -117.68136 -134.82384 
    -117.03562 -135.02142 
    -116.41068 -134.92438 
    -115.86557 -134.50539 
    -115.34898 -134.10846 
    -114.86963 -133.69182 
    -114.42642 -133.26057 
    -114.00412 -132.84383 
    -113.59194 -132.44902 
    -113.18310 -132.07367 
    -112.77222 -131.71327 
    -112.35577 -131.36168 
    -111.93047 -131.01344 
    -111.49178 -130.66463 
    -111.03824 -130.30864 
    -110.57117 -129.93777 
    -110.09622 -129.54321 
    -109.62479 -129.11562 
    -109.14914 -128.65666 
    -108.45555 -128.23242 
    -107.59287 -127.78307 
    -106.52186 -127.28093 
    -105.38410 -126.66597 
    -105.66947 -125.82913 
    -106.00452 -125.03466 
    -106.23849 -124.27599 
    -106.38358 -123.52962 
    -106.53555 -122.79100 
    -106.54246 -122.01655 
    -106.80357 -121.30014 
    -107.37290 -120.70941 
    -108.10674 -120.23937 
    -108.84650 -119.83907 
    -109.45289 -119.42186 
    -109.71577 -118.79986 
    -110.01197 -118.18049 
    -110.34747 -117.56933 
    -110.72858 -116.97485 
    -111.16077 -116.40815 
    -111.64751 -115.88210 
    -112.18927 -115.41003 
    -112.78288 -115.00408 
    -113.42169 -114.67359 
    -114.09612 -114.42385 
    -114.79486 -114.25545 
    -115.50623 -114.16438 
    -116.21951 -114.14284 
    -116.92606 -114.18066 
    -117.61979 -114.26685 
    -118.29724 -114.39108 
    -118.95721 -114.54488 
    -119.60001 -114.72224 
    -120.22675 -114.91979 
    -120.83867 -115.13646 
    -121.43654 -115.37289 
    -122.02048 -115.63084 
    -122.58985 -115.91240 
    -123.14335 -116.21963 
    -123.67917 -116.55411 
    -124.19673 -116.91472 
    -124.69448 -117.30173 
    -125.16682 -117.71930 
    -125.61186 -118.16577 
    -126.02785 -118.63934 
    -126.41313 -119.13812 
    -126.76618 -119.66011 
    -127.08560 -120.20322 
    -127.37015 -120.76527 
    -127.61870 -121.34403 
    -127.83028 -121.93719 
    -128.00409 -122.54237 
    -128.13943 -123.15716 
    -128.23582 -123.77913 
    -128.29288 -124.40579 
Cell 13 100 -80.11318 -112.61391 
    -90.29272 -112.61391 
    -90.28499 -113.25386 
    -90.23638 -113.89276 
    -90.14693 -114.52795 
    -90.01685 -115.15674 
    -89.84658 -115.77647 
    -89.63671 -116.38454 
    -89.38802 -116.97831 
    -89.10149 -117.55527 
    -88.77825 -118.11293 
    -88.41962 -118.64889 
    -88.02708 -119.16085 
    -87.60226 -119.64661 
    -87.14694 -120.10410 
    -86.66305 -120.53134 
    -86.15264 -120.92651 
    -85.61790 -121.28795 
    -85.06110 -121.61413 
    -84.48462 -121.90368 
    -83.89093 -122.15542 
    -83.28259 -122.36832 
    -82.66217 -122.54155 
    -82.03233 -122.67444 
    -81.39576 -122.76653 
    -80.75514 -122.81752 
    -80.11318 -122.82732 
    -79.47258 -122.79599 
    -78.83601 -122.72382 
    -78.20609 -122.61124 
    -77.58542 -122.45889 
    -76.97652 -122.26756 
    -76.38183 -122.03823 
    -75.80370 -121.77203 
    -75.24437 -121.47025 
    -74.69070 -121.15838 
    -74.14668 -120.82610 
    -73.62121 -120.46136 
    -73.11614 -120.06499 
    -72.63342 -119.63786 
    -72.17505 -119.18090 
    -71.74311 -118.69512 
    -71.33978 -118.18168 
    -70.96733 -117.64188 
    -70.62808 -117.07726 
    -70.32439 -116.48956 
    -70.05863 -115.88083 
    -69.83307 -115.25340 
    -69.64986 -114.60989 
    -69.51096 -113.95328 
    -69.41806 -113.28679 
    -69.37249 -112.61391 
    -69.37521 -111.93833 
    -69.42669 -111.26389 
    -69.52697 -110.59447 
    -69.67556 -109.93398 
    -69.87152 -109.28619 
    -70.11342 -108.65472 
    -70.39944 -108.04296 
    -70.66130 -107.41769 
    -70.92590 -106.78348 
    -71.23129 -106.16084 
    -71.57852 -105.55342 
    -71.96832 -104.96536 
    -72.40098 -104.40125 
    -72.87627 -103.86597 
    -73.39323 -103.36468 
    -73.95014 -102.90251 
    -74.54449 -102.48450 
    -75.17291 -102.11530 
    -75.83127 -101.79903 
    -76.51476 -101.53910 
    -77.21803 -101.33804 
    -77.93536 -101.19737 
    -78.66087 -101.11767 
    -79.38869 -101.09842 
    -80.11318 -101.13819 
    -80.82910 -101.23470 
    -81.53173 -101.38493 
    -82.21699 -101.58539 
    -82.88145 -101.83220 
    -83.52242 -102.12135 
    -84.13781 -102.44885 
    -84.72614 -102.81087 
    -85.28762 -103.20164 
    -85.70914 -103.79609 
    -86.13962 -104.31923 
    -86.56174 -104.81893 
    -86.96715 -105.31518 
    -87.33333 -105.83374 
    -87.66120 -106.36964 
    -88.00456 -106.88048 
    -88.35176 -107.38554 
    -88.66849 -107.91058 
    -88.93465 -108.46284 
    -89.17471 -109.02619 
    -89.38138 -109.60249 
    -89.55873 -110.18870 
    -89.71693 -110.78189 
    -89.86647 -111.38178 
    -90.06172 -111.98800 
Cell 14 100 -57.39009 -118.98750 
    -68.09538 -118.98750 
    -68.10460 -119.66160 
    -68.07262 -120.33702 
    -67.99835 -121.01114 
    -67.88094 -121.68109 
    -67.71984 -122.34384 
    -67.51495 -122.99622 
    -67.26651 -123.63499 
    -66.97515 -124.25693 
    -66.64188 -124.85886 
    -66.26800 -125.43768 
    -65.85513 -125.99039 
    -65.40517 -126.51416 
    -64.92026 -127.00631 
    -64.40275 -127.46434 
    -63.85519 -127.88595 
    -63.28035 -128.26906 
    -62.55943 -128.39047 
    -61.63083 -127.99952 
    -60.90367 -127.86179 
    -60.27736 -127.87360 
    -59.65847 -127.82223 
    -59.06055 -127.74435 
    -58.48527 -127.65669 
    -57.93000 -127.56896 
    -57.39009 -127.48903 
    -56.85962 -127.41917 
    -56.33260 -127.35844 
    -55.80336 -127.30547 
    -55.26681 -127.25716 
    -54.71933 -127.20729 
    -54.15754 -127.15200 
    -53.57137 -127.10269 
    -52.95861 -127.04835 
    -52.32035 -126.97614 
    -51.64911 -126.88930 
    -50.81952 -126.92997 
    -49.82706 -127.04132 
    -49.07542 -126.79550 
    -48.45026 -126.38318 
    -47.89797 -125.88393 
    -47.38946 -125.33410 
    -46.91938 -124.74383 
    -46.48964 -124.11687 
    -46.10406 -123.45596 
    -45.76683 -122.76413 
    -45.48197 -122.04499 
    -45.25315 -121.30275 
    -45.08354 -120.54218 
    -44.97567 -119.76855 
    -44.93136 -118.98750 
    -44.95163 -118.20494 
    -45.03662 -117.42690 
    -45.18566 -116.65939 
    -45.39716 -115.90824 
    -45.66875 -115.17901 
    -45.99733 -114.47678 
    -46.37913 -113.80614 
    -46.80990 -113.17099 
    -47.28497 -112.57460 
    -47.79945 -112.01949 
    -48.34832 -111.50749 
    -48.92659 -111.03975 
    -49.52944 -110.61675 
    -50.11111 -110.18872 
    -50.60168 -109.64406 
    -51.17771 -109.19834 
    -51.82807 -108.87021 
    -52.53114 -108.66171 
    -53.26085 -108.55823 
    -53.99342 -108.53362 
    -54.71233 -108.55828 
    -55.40992 -108.60705 
    -56.08593 -108.66396 
    -56.74218 -108.68923 
    -57.39009 -108.73084 
    -58.03075 -108.80456 
    -58.66399 -108.90357 
    -59.30195 -108.96519 
    -59.94027 -109.05524 
    -60.57831 -109.17518 
    -61.21514 -109.32654 
    -61.84889 -109.51208 
    -62.47635 -109.73564 
    -63.09270 -110.00163 
    -63.69150 -110.31436 
    -64.26498 -110.67720 
    -64.80468 -111.09177 
    -65.30235 -111.55740 
    -65.75087 -112.07087 
    -66.14513 -112.62659 
    -66.48258 -113.21724 
    -66.76337 -113.83450 
    -67.00128 -114.46482 
    -67.24554 -115.08546 
    -67.47321 -115.71130 
    -67.67046 -116.34795 
    -67.83271 -116.99547 
    -67.95830 -117.65243 
    -68.04621 -118.31708 
Cell 15 100 -58.31151 -97.09012 
    -68.78758 -97.09012 
    -68.67530 -97.74215 
    -68.57658 -98.38690 
    -68.46950 -99.02786 
    -68.32478 -99.66109 
    -68.14317 -100.28461 
    -67.92545 -100.89655 
    -67.67227 -101.49496 
    -67.38437 -102.07796 
    -67.06244 -102.64363 
    -66.70721 -103.18996 
    -66.31953 -103.71494 
    -65.90033 -104.21650 
    -65.45068 -104.69256 
    -64.97180 -105.14103 
    -64.46510 -105.55982 
    -63.93220 -105.94691 
    -63.37487 -106.30033 
    -62.79510 -106.61824 
    -62.19508 -106.89889 
    -61.57714 -107.14071 
    -60.94382 -107.34229 
    -60.29776 -107.50241 
    -59.64175 -107.62008 
    -58.97868 -107.69450 
    -58.31151 -107.72511 
    -57.64326 -107.71159 
    -56.97700 -107.65387 
    -56.31578 -107.55211 
    -55.66267 -107.40668 
    -55.02068 -107.21826 
    -54.39278 -106.98769 
    -53.78188 -106.71606 
    -53.19077 -106.40470 
    -52.62215 -106.05512 
    -52.07856 -105.66904 
    -51.56245 -105.24833 
    -51.07606 -104.79509 
    -50.62150 -104.31152 
    -50.20068 -103.79998 
    -49.81531 -103.26297 
    -49.40643 -102.74146 
    -49.01127 -102.20296 
    -48.64959 -101.63667 
    -48.32486 -101.04411 
    -48.04064 -100.42732 
    -47.80038 -99.78892 
    -47.60730 -99.13206 
    -47.46421 -98.46045 
    -47.37339 -97.77829 
    -47.33640 -97.09012 
    -47.35403 -96.40073 
    -47.42627 -95.71500 
    -47.55224 -95.03768 
    -47.73031 -94.37333 
    -47.95813 -93.72610 
    -48.23281 -93.09968 
    -48.55101 -92.49718 
    -48.90918 -91.92115 
    -49.30365 -91.37356 
    -49.28050 -90.52871 
    -48.80712 -89.22740 
    -50.24038 -89.51083 
    -51.17512 -89.49063 
    -51.70121 -89.09965 
    -52.19414 -88.67029 
    -52.68192 -88.21930 
    -53.19481 -87.78288 
    -53.73368 -87.36174 
    -54.29965 -86.95732 
    -54.89396 -86.57198 
    -55.51775 -86.20914 
    -56.17179 -85.87329 
    -56.85618 -85.57000 
    -57.57010 -85.30576 
    -58.31151 -85.08775 
    -59.07697 -84.92348 
    -59.86153 -84.82040 
    -60.65876 -84.78539 
    -61.46083 -84.82433 
    -62.25882 -84.94155 
    -63.04305 -85.13960 
    -63.80359 -85.41885 
    -64.53069 -85.77748 
    -65.21534 -86.21143 
    -65.84972 -86.71465 
    -66.42759 -87.27946 
    -66.94451 -87.89690 
    -67.39801 -88.55732 
    -67.78755 -89.25085 
    -68.11433 -89.96795 
    -68.38107 -90.69978 
    -68.59160 -91.43859 
    -68.75049 -92.17791 
    -68.86262 -92.91264 
    -68.93283 -93.63905 
    -68.96559 -94.35461 
    -68.96475 -95.05791 
    -68.93342 -95.74826 
    -68.87387 -96.42559 
Cell 16 100 -34.37560 -125.55368 
    -45.32827 -125.55368 
    -45.23624 -126.23698 
    -45.09277 -126.90757 
    -44.90265 -127.56182 
    -44.67083 -128.19705 
    -44.40202 -128.81146 
    -44.10041 -129.40401 
    -43.76952 -129.97412 
    -43.41211 -130.52155 
    -43.03279 -131.04770 
    -42.67875 -131.58627 
    -42.29438 -132.10466 
    -41.88667 -132.60704 
    -41.45531 -133.09280 
    -41.00119 -133.56265 
    -40.52523 -134.01791 
    -40.02206 -134.45108 
    -39.49073 -134.85808 
    -38.93108 -135.23456 
    -38.34189 -135.57138 
    -37.72626 -135.86597 
    -37.08783 -136.11710 
    -36.42993 -136.32286 
    -35.75601 -136.48073 
    -35.06998 -136.59048 
    -34.37560 -136.65048 
    -33.67696 -136.65825 
    -32.97840 -136.61365 
    -32.28427 -136.51683 
    -31.59874 -136.36882 
    -30.92612 -136.17010 
    -30.27133 -135.91988 
    -29.63627 -135.62527 
    -29.02412 -135.28798 
    -28.43789 -134.91000 
    -27.88046 -134.49347 
    -27.35444 -134.04080 
    -26.86228 -133.55455 
    -26.40619 -133.03746 
    -25.98807 -132.49245 
    -25.60960 -131.92255 
    -25.27224 -131.33084 
    -24.97709 -130.72055 
    -24.75643 -130.08012 
    -24.59921 -129.42442 
    -24.51957 -128.75610 
    -24.54833 -128.07689 
    -24.55866 -127.42636 
    -24.50616 -126.80048 
    -24.46300 -126.17733 
    -24.44417 -125.55368 
    -24.45014 -124.92922 
    -24.48000 -124.30358 
    -24.53273 -123.67605 
    -24.60590 -123.04525 
    -24.74547 -122.42466 
    -24.91200 -121.80678 
    -25.10374 -121.19067 
    -25.31967 -120.57514 
    -25.55981 -119.95901 
    -25.82556 -119.34171 
    -26.11974 -118.72384 
    -26.44654 -118.10780 
    -26.81112 -117.49832 
    -27.21891 -116.90273 
    -27.67487 -116.33092 
    -28.18244 -115.79482 
    -28.74276 -115.30758 
    -29.35403 -114.88230 
    -30.01129 -114.53069 
    -30.70663 -114.26175 
    -31.42984 -114.08071 
    -32.16942 -113.98849 
    -32.91372 -113.98169 
    -33.65205 -114.05313 
    -34.37560 -114.19287 
    -35.07799 -114.38950 
    -35.75540 -114.63144 
    -36.40634 -114.90815 
    -37.03116 -115.21097 
    -37.63575 -115.51997 
    -38.21395 -115.85912 
    -38.76729 -116.22086 
    -39.30504 -116.58707 
    -39.88957 -116.86506 
    -40.46346 -117.17445 
    -41.02504 -117.51588 
    -41.57199 -117.89030 
    -42.10126 -118.29880 
    -42.60895 -118.74246 
    -43.09034 -119.22205 
    -43.54003 -119.73776 
    -43.95215 -120.28893 
    -44.32072 -120.87386 
    -44.64002 -121.48971 
    -44.90502 -122.13247 
    -45.11175 -122.79710 
    -45.25765 -123.47782 
    -45.34172 -124.16833 
    -45.36455 -124.86231 
Cell 17 100 -14.37930 -125.18414 
    -24.44770 -125.18414 
    -24.45215 -125.81788 
    -24.48261 -126.46049 
    -24.53305 -127.12108 
    -24.55279 -127.79625 
    -24.52148 -128.47954 
    -24.29432 -129.10977 
    -24.02582 -129.72345 
    -23.71818 -130.31824 
    -23.37311 -130.89178 
    -22.99237 -131.44191 
    -22.57781 -131.96654 
    -22.13131 -132.46378 
    -21.65484 -132.93181 
    -21.15037 -133.36897 
    -20.61995 -133.77367 
    -20.06565 -134.14441 
    -19.48962 -134.47978 
    -18.89406 -134.77850 
    -18.28125 -135.03934 
    -17.65354 -135.26123 
    -17.01336 -135.44316 
    -16.36321 -135.58421 
    -15.70563 -135.68312 
    -15.04311 -135.73521 
    -14.37930 -135.71448 
    -13.72789 -135.53796 
    -13.12356 -135.12430 
    -12.54214 -134.81485 
    -11.96831 -134.57433 
    -11.39828 -134.35876 
    -10.82485 -134.16164 
    -10.23943 -133.98180 
    -9.63350 -133.81670 
    -8.96662 -133.71317 
    -8.35390 -133.47739 
    -7.73069 -133.22093 
    -7.25403 -132.77177 
    -6.80855 -132.29355 
    -6.39601 -131.78850 
    -6.01801 -131.25897 
    -5.67598 -130.70744 
    -5.37113 -130.13643 
    -5.10451 -129.54852 
    -4.87695 -128.94638 
    -4.68909 -128.33269 
    -4.54140 -127.71008 
    -4.43379 -127.08135 
    -4.36185 -126.44964 
    -4.28653 -125.81913 
    -4.24091 -125.18414 
    -4.23056 -124.54564 
    -4.25562 -123.90523 
    -4.31632 -123.26453 
    -4.41308 -122.62525 
    -4.54647 -121.98927 
    -4.71721 -121.35865 
    -4.92614 -120.73582 
    -5.17411 -120.12354 
    -5.46187 -119.52498 
    -5.79001 -118.94366 
    -6.15874 -118.38351 
    -6.56781 -117.84866 
    -7.01638 -117.34344 
    -7.50297 -116.87209 
    -8.02537 -116.43871 
    -8.58070 -116.04701 
    -9.16543 -115.70015 
    -9.77552 -115.40061 
    -10.27655 -114.82179 
    -10.57569 -113.47784 
    -11.38596 -113.52586 
    -12.26742 -114.11330 
    -12.97191 -114.04351 
    -13.68195 -114.10014 
    -14.37930 -114.25859 
    -15.05247 -114.48440 
    -15.69819 -114.74403 
    -16.31949 -115.01327 
    -16.93659 -115.22416 
    -17.54206 -115.45014 
    -18.13106 -115.70828 
    -18.70231 -115.99727 
    -19.25459 -116.31602 
    -19.78661 -116.66358 
    -20.29703 -117.03909 
    -20.78659 -117.43906 
    -21.29766 -117.81683 
    -21.78651 -118.22830 
    -22.25041 -118.67259 
    -22.68664 -119.14851 
    -23.09248 -119.65459 
    -23.46529 -120.18908 
    -23.80260 -120.74987 
    -24.10204 -121.33464 
    -24.35808 -121.94184 
    -24.55433 -122.57164 
    -24.58359 -123.23757 
    -24.51359 -123.90388 
    -24.46827 -124.54940 
Cell 18 100 14.80762 -125.41000 
    4.68807 -125.41000 
    4.70190 -126.04580 
    4.75224 -126.68029 
    4.84293 -127.31087 
    4.97371 -127.93492 
    5.14414 -128.54985 
    5.35359 -129.15312 
    5.60128 -129.74217 
    5.88626 -130.31456 
    6.20740 -130.86787 
    6.56341 -131.39977 
    6.95287 -131.90802 
    7.37418 -132.39047 
    7.82560 -132.84511 
    8.30528 -133.26999 
    8.81122 -133.66335 
    9.34131 -134.02353 
    9.89333 -134.34904 
    10.46498 -134.63857 
    11.05387 -134.89090 
    11.65751 -135.10504 
    12.27339 -135.28018 
    12.89894 -135.41566 
    13.53155 -135.51111 
    14.16864 -135.56624 
    14.80762 -135.58105 
    15.44594 -135.55582 
    16.08114 -135.49094 
    16.71085 -135.38712 
    17.33289 -135.24527 
    17.94522 -135.06654 
    18.54608 -134.85226 
    19.13396 -134.60396 
    19.70770 -134.32323 
    20.26644 -134.01173 
    20.80967 -133.67111 
    21.33714 -133.30284 
    21.84650 -132.90565 
    22.15419 -132.30890 
    22.42869 -131.71471 
    22.67824 -131.12834 
    22.91000 -130.55193 
    23.13133 -129.98599 
    23.34832 -129.42896 
    23.56603 -128.87770 
    23.78718 -128.32764 
    24.01644 -127.77443 
    24.25787 -127.21273 
    24.51313 -126.63609 
    24.78752 -126.03788 
    25.11004 -125.41000 
    25.55570 -124.73379 
    26.12025 -123.98089 
    26.53002 -123.17384 
    26.38315 -122.43791 
    26.16207 -121.72072 
    25.86949 -121.03030 
    25.51006 -120.37382 
    25.09009 -119.75716 
    24.61710 -119.18472 
    24.09933 -118.65918 
    23.54516 -118.18168 
    22.96254 -117.75202 
    22.35826 -117.36939 
    21.73821 -117.03236 
    21.10976 -116.73585 
    20.48159 -116.46925 
    19.88349 -116.17703 
    19.27589 -115.91445 
    18.65541 -115.69158 
    18.02484 -115.50842 
    17.38678 -115.36483 
    16.74372 -115.26060 
    16.09802 -115.19541 
    15.45193 -115.16889 
    14.80762 -115.12215 
    14.15968 -115.11132 
    13.51060 -115.14307 
    12.86346 -115.21836 
    12.22153 -115.33784 
    11.58825 -115.50182 
    10.96717 -115.71014 
    10.36184 -115.96224 
    9.77572 -116.25702 
    9.21212 -116.59292 
    8.67410 -116.96794 
    8.16438 -117.37971 
    7.68532 -117.82553 
    7.23888 -118.30249 
    6.82663 -118.80756 
    6.44974 -119.33765 
    6.10907 -119.88973 
    5.80518 -120.46087 
    5.53841 -121.04825 
    5.30691 -121.64841 
    5.10679 -122.25802 
    4.94543 -122.87782 
    4.82291 -123.50532 
    4.73924 -124.13807 
    4.69434 -124.77373 
Cell 19 100 24.33215 -106.74127 
    13.14537 -106.74127 
    13.20222 -107.44151 
    13.31026 -108.13366 
    13.46760 -108.81380 
    13.67197 -109.47834 
    13.92080 -110.12412 
    14.21132 -110.74839 
    14.54063 -111.34881 
    14.90582 -111.92344 
    15.30403 -112.47069 
    15.73251 -112.98927 
    16.18862 -113.47818 
    16.66993 -113.93657 
    17.17417 -114.36375 
    17.69922 -114.75911 
    18.23243 -115.13682 
    18.76344 -115.51615 
    19.32202 -115.85466 
    19.89979 -116.16051 
    20.49258 -116.43890 
    21.09904 -116.69175 
    21.72136 -116.90963 
    22.36189 -117.06975 
    23.01284 -117.18468 
    23.67058 -117.25658 
    24.33215 -117.28497 
    24.99454 -117.26968 
    25.65474 -117.21069 
    26.30975 -117.10825 
    26.95659 -116.96279 
    27.59230 -116.77501 
    28.21403 -116.54578 
    28.81894 -116.27619 
    29.40434 -115.96757 
    29.96764 -115.62138 
    30.50635 -115.23933 
    31.01816 -114.82328 
    31.50092 -114.37524 
    31.95265 -113.89740 
    32.37160 -113.39209 
    32.75625 -112.86174 
    33.10534 -112.30891 
    33.41791 -111.73621 
    33.69333 -111.14631 
    33.93131 -110.54185 
    34.13194 -109.92542 
    34.29567 -109.29947 
    34.42327 -108.66626 
    34.51585 -108.02777 
    34.57460 -107.38567 
    34.60082 -106.74127 
    34.59562 -106.09555 
    34.55976 -105.44923 
    34.49346 -104.80289 
    34.39623 -104.15726 
    34.26677 -103.51331 
    34.10300 -102.87272 
    33.90219 -102.23795 
    33.66119 -101.61259 
    33.37687 -101.00131 
    33.11212 -100.36225 
    32.85403 -99.69136 
    32.56012 -99.01469 
    32.22243 -98.33897 
    31.83289 -97.67444 
    31.38455 -97.03448 
    30.87271 -96.43500 
    30.29596 -95.89314 
    29.65683 -95.42575 
    28.96200 -95.04760 
    28.22190 -94.76984 
    27.44982 -94.59873 
    26.66062 -94.53498 
    25.86926 -94.57376 
    25.08938 -94.70538 
    24.33215 -94.91654 
    23.60552 -95.19193 
    22.91404 -95.51583 
    22.25905 -95.87370 
    21.63929 -96.25328 
    21.05178 -96.64534 
    20.49018 -97.03758 
    19.86180 -97.24130 
    19.24248 -97.48320 
    18.63480 -97.76369 
    18.04160 -98.08308 
    17.46595 -98.44146 
    16.91117 -98.83873 
    16.38078 -99.27444 
    15.87845 -99.74776 
    15.40794 -100.25745 
    14.97298 -100.80177 
    14.57721 -101.37845 
    14.22405 -101.98476 
    13.91661 -102.61747 
    13.65760 -103.27290 
    13.44922 -103.94701 
    13.29310 -104.63546 
    13.19026 -105.33372 
    13.14110 -106.03719 
Cell 20 100 61.95505 -106.02199 
    51.86694 -106.02199 
    51.88223 -106.65572 
    51.93747 -107.28750 
    52.03255 -107.91480 
    52.16715 -108.53510 
    52.34079 -109.14584 
    52.55285 -109.74458 
    52.80251 -110.32884 
    53.08879 -110.89626 
    53.41057 -111.44448 
    53.76656 -111.97127 
    54.15533 -112.47447 
    54.57532 -112.95201 
    55.02477 -113.40198 
    55.50190 -113.82250 
    56.00476 -114.21186 
    56.53127 -114.56848 
    57.07930 -114.89093 
    57.64660 -115.17791 
    58.23083 -115.42829 
    58.82961 -115.64109 
    59.44050 -115.81550 
    60.06101 -115.95087 
    60.68863 -116.04671 
    61.32082 -116.10274 
    61.95505 -116.11880 
    62.58878 -116.09495 
    63.21953 -116.03138 
    63.84481 -115.92847 
    64.46220 -115.78670 
    65.06930 -115.60667 
    65.66395 -115.38960 
    66.24394 -115.13636 
    66.80708 -114.84779 
    67.35136 -114.52521 
    67.87490 -114.16997 
    68.37591 -113.78347 
    68.85268 -113.36723 
    69.30365 -112.92278 
    69.72731 -112.45177 
    70.12227 -111.95582 
    70.48720 -111.43666 
    70.82087 -110.89601 
    71.12209 -110.33567 
    71.38972 -109.75744 
    71.62646 -109.16442 
    71.90073 -108.57561 
    72.17766 -107.97205 
    72.45820 -107.34885 
    72.73424 -106.70016 
    72.98652 -106.02199 
    73.18600 -105.31540 
    73.29917 -104.58889 
    73.29635 -103.85852 
    73.16022 -103.14499 
    72.89130 -102.46859 
    72.50789 -101.84383 
    72.04082 -101.27599 
    71.59431 -100.72276 
    71.44917 -99.99683 
    71.25941 -99.26197 
    71.01116 -98.53011 
    70.69137 -97.81804 
    70.29015 -97.14601 
    69.78963 -96.55161 
    69.16535 -96.09785 
    68.51874 -95.67927 
    67.84141 -95.31474 
    67.12634 -95.03244 
    66.35249 -94.91531 
    65.57339 -94.88585 
    64.80374 -94.92706 
    64.05365 -95.02073 
    63.33120 -95.12858 
    62.63948 -95.14317 
    61.95505 -95.20402 
    61.28099 -95.30825 
    60.61987 -95.45301 
    59.97373 -95.63554 
    59.34418 -95.85333 
    58.73254 -96.10412 
    58.13988 -96.38599 
    57.56718 -96.69730 
    57.01536 -97.03674 
    56.48536 -97.40314 
    55.97821 -97.79558 
    55.49502 -98.21316 
    55.03701 -98.65502 
    54.60547 -99.12028 
    54.20180 -99.60794 
    53.82315 -100.11382 
    53.46729 -100.63549 
    53.14403 -101.17809 
    52.85471 -101.73969 
    52.60056 -102.31828 
    52.38269 -102.91174 
    52.20209 -103.51785 
    52.05960 -104.13433 
    51.95592 -104.75880 
    51.89157 -105.38885 
Cell 21 100 65.12697 -127.74131 
    55.11766 -127.74131 
    55.13870 -128.36972 
    55.19918 -128.99548 
    55.29884 -129.61612 
    55.43728 -130.22920 
    55.61393 -130.83228 
    55.82808 -131.42300 
    56.02478 -132.02448 
    56.24644 -132.62341 
    56.50707 -133.21165 
    56.80674 -133.78632 
    57.14520 -134.34441 
    57.52190 -134.88295 
    57.93589 -135.39903 
    58.38605 -135.88968 
    58.87089 -136.35207 
    59.38866 -136.78343 
    59.93739 -137.18111 
    60.51481 -137.54263 
    61.11846 -137.86565 
    61.74565 -138.14795 
    62.39424 -138.38458 
    63.06094 -138.57181 
    63.74089 -138.71327 
    64.43070 -138.80817 
    65.12697 -138.85649 
    65.82656 -138.86099 
    66.52686 -138.82254 
    67.22538 -138.74158 
    67.91902 -138.61565 
    68.60056 -138.43193 
    69.26734 -138.19870 
    69.91637 -137.91931 
    70.49724 -137.50980 
    70.87879 -136.80473 
    70.95912 -135.76859 
    71.33064 -135.24026 
    71.66998 -134.70891 
    71.96337 -134.16112 
    72.22420 -133.61264 
    72.46593 -133.07338 
    72.70548 -132.55078 
    72.94785 -132.04088 
    73.19777 -131.53914 
    73.45879 -131.04012 
    73.73205 -130.53728 
    74.01541 -130.02347 
    74.30106 -129.49136 
    74.57503 -128.93488 
    74.87363 -128.35452 
    75.21021 -127.74131 
    75.57546 -127.08395 
    75.45300 -126.43683 
    75.36021 -125.78922 
    75.24552 -125.14331 
    75.08740 -124.50497 
    74.88573 -123.87755 
    74.64071 -123.26449 
    74.35298 -122.66927 
    74.02362 -122.09532 
    73.65410 -121.54598 
    73.24635 -121.02437 
    72.80268 -120.53334 
    72.32572 -120.07542 
    71.81840 -119.65276 
    71.28382 -119.26713 
    70.76098 -118.86353 
    70.28123 -118.36574 
    69.77247 -117.86913 
    69.22691 -117.38604 
    68.63795 -116.93561 
    68.00247 -116.54195 
    67.32275 -116.23058 
    66.60722 -116.02387 
    65.86966 -115.93652 
    65.12697 -115.97246 
    64.39610 -116.12439 
    63.69096 -116.37418 
    63.02035 -116.69803 
    62.38753 -117.07189 
    61.79060 -117.47301 
    61.22459 -117.88504 
    60.68352 -118.29851 
    60.16215 -118.71035 
    59.65718 -119.12231 
    59.16753 -119.53884 
    58.69411 -119.96532 
    58.23922 -120.40661 
    57.80587 -120.86634 
    57.39721 -121.34669 
    57.01620 -121.84850 
    56.66542 -122.37144 
    56.34701 -122.91449 
    56.06272 -123.47600 
    55.81398 -124.05404 
    55.60192 -124.64644 
    55.42748 -125.25091 
    55.29137 -125.86507 
    55.19413 -126.48650 
    55.13616 -127.11274 
Cell 22 100 75.08826 -87.31776 
    62.95237 -87.31776 
    62.97172 -88.08006 
    63.06530 -88.83661 
    63.23048 -89.57975 
    63.46306 -90.30260 
    63.75759 -90.99931 
    64.10773 -91.66525 
    64.50670 -92.29706 
    64.94758 -92.89264 
    65.42377 -93.45103 
    65.92923 -93.97218 
    66.46035 -94.45538 
    67.02271 -94.89181 
    67.64967 -95.23904 
    68.27813 -95.54977 
    68.85508 -95.89700 
    69.40548 -96.27238 
    69.95296 -96.65884 
    70.57204 -96.91521 
    71.19941 -97.13985 
    71.83447 -97.33190 
    72.47639 -97.49029 
    73.12418 -97.61381 
    73.77652 -97.70123 
    74.43183 -97.75137 
    75.08826 -97.76998 
    75.74488 -97.75452 
    76.39935 -97.69610 
    77.04874 -97.59497 
    77.69018 -97.45156 
    78.32080 -97.26650 
    78.93781 -97.04063 
    79.53850 -96.77499 
    80.12019 -96.47083 
    80.68037 -96.12952 
    81.21661 -95.75271 
    81.72658 -95.34211 
    82.20814 -94.89967 
    82.65929 -94.42743 
    83.07824 -93.92765 
    83.46344 -93.40268 
    83.81372 -92.85510 
    84.12848 -92.28767 
    84.40806 -91.70332 
    84.65421 -91.10519 
    84.87073 -90.49628 
    85.06412 -89.87912 
    85.24380 -89.25503 
    85.42153 -88.62315 
    85.60959 -87.97971 
    85.81731 -87.31776 
    86.04659 -86.62832 
    86.28742 -85.90297 
    86.51539 -85.13792 
    86.69289 -84.33820 
    86.77499 -83.52051 
    86.71919 -82.71275 
    86.49609 -81.94964 
    86.09781 -81.26521 
    85.54058 -80.68451 
    84.86089 -80.21752 
    84.10629 -79.85738 
    83.60319 -79.32171 
    83.19132 -78.68887 
    82.73205 -78.07800 
    82.22503 -77.49483 
    81.67070 -76.94549 
    81.07039 -76.43629 
    80.42641 -75.97362 
    79.74205 -75.56361 
    79.02165 -75.21202 
    78.27045 -74.92390 
    77.49456 -74.70345 
    76.70071 -74.55385 
    75.89613 -74.47704 
    75.08826 -74.47375 
    74.28456 -74.54340 
    73.49226 -74.68418 
    72.71813 -74.89311 
    71.96827 -75.16621 
    71.24801 -75.49868 
    70.56175 -75.88512 
    69.91297 -76.31971 
    69.30416 -76.79652 
    68.73692 -77.30965 
    68.21201 -77.85342 
    67.72951 -78.42256 
    67.28892 -79.01231 
    66.88933 -79.61845 
    66.52956 -80.23739 
    66.20833 -80.86611 
    65.72438 -81.37526 
    65.22189 -81.89368 
    64.75157 -82.45368 
    64.32073 -83.05460 
    63.93694 -83.69447 
    63.60754 -84.37001 
    63.33932 -85.07653 
    63.13805 -85.80810 
    63.00814 -86.55774 
Cell 23 100 92.60267 -118.71115 
    81.04472 -118.71115 
    81.21330 -119.42771 
    81.43118 -120.12244 
    81.69112 -120.79264 
    81.98640 -121.43694 
    82.31127 -122.05503 
    82.66102 -122.64732 
    83.03220 -123.21467 
    83.44290 -123.74677 
    84.13906 -124.08232 
    84.75350 -124.41390 
    85.30527 -124.74809 
    85.83237 -125.06889 
    86.35190 -125.36755 
    86.86122 -125.65137 
    87.36029 -125.92666 
    87.85114 -126.19835 
    88.33688 -126.47060 
    88.82229 -126.74487 
    89.31147 -127.02377 
    89.80941 -127.30790 
    90.32144 -127.59595 
    90.85295 -127.88353 
    91.40871 -128.16234 
    91.99191 -128.41882 
    92.60267 -128.81607 
    93.27876 -129.45720 
    93.95530 -129.41833 
    94.62905 -129.33382 
    95.29672 -129.20381 
    95.95506 -129.02876 
    96.60081 -128.80931 
    97.23080 -128.54645 
    97.84193 -128.24133 
    98.43118 -127.89542 
    98.99568 -127.51038 
    99.53267 -127.08808 
    100.03956 -126.63064 
    100.51395 -126.14034 
    100.95361 -125.61965 
    101.35653 -125.07121 
    101.72091 -124.49776 
    102.04520 -123.90223 
    102.32807 -123.28758 
    102.56844 -122.65688 
    102.76550 -122.01325 
    102.91866 -121.35985 
    103.02764 -120.69982 
    103.09237 -120.03631 
    103.11308 -119.37241 
    103.09023 -118.71115 
    103.02456 -118.05546 
    102.91702 -117.40814 
    102.76884 -116.77185 
    102.58148 -116.14902 
    102.35658 -115.54192 
    102.09596 -114.95249 
    101.80164 -114.38245 
    101.47572 -113.83315 
    101.12037 -113.30565 
    100.73779 -112.80064 
    100.33010 -112.31846 
    99.89949 -111.85898 
    99.44887 -111.42069 
    98.97726 -111.00560 
    98.48457 -110.61542 
    97.97603 -110.24409 
    97.45010 -109.89371 
    96.90681 -109.56439 
    96.34596 -109.25667 
    95.76720 -108.97173 
    95.17014 -108.71148 
    94.55463 -108.47858 
    93.92088 -108.27646 
    93.26969 -108.10918 
    92.60267 -107.98138 
    91.92236 -107.89789 
    91.23229 -107.86353 
    90.53704 -107.88277 
    89.84208 -107.95937 
    89.15363 -108.09610 
    88.47841 -108.29446 
    87.82330 -108.55449 
    87.19505 -108.87474 
    86.59985 -109.25224 
    86.04309 -109.68267 
    85.48579 -110.10833 
    84.84869 -110.45399 
    84.23101 -110.84964 
    83.64101 -111.29743 
    83.08770 -111.79813 
    82.58030 -112.35076 
    82.12771 -112.95249 
    81.73790 -113.59858 
    81.41735 -114.28257 
    81.17060 -114.99665 
    80.99995 -115.73208 
    80.90530 -116.47976 
    80.88435 -117.23078 
    80.93278 -117.97694 
Cell 24 100 -97.56818 -104.51353 
    -107.73820 -104.51353 
    -107.72786 -105.15273 
    -107.67674 -105.79054 
    -107.58491 -106.42432 
    -107.45267 -107.05144 
    -107.28051 -107.66926 
    -107.06908 -108.27521 
    -106.81926 -108.86676 
    -106.53203 -109.44144 
    -106.20860 -109.99690 
    -105.85030 -110.53085 
    -105.45866 -111.04111 
    -105.03532 -111.52565 
    -104.58208 -111.98257 
    -104.10081 -112.41013 
    -103.59354 -112.80673 
    -103.06236 -113.17097 
    -102.50942 -113.50161 
    -101.93694 -113.79759 
    -101.34713 -114.05805 
    -100.74225 -114.28230 
    -100.12452 -114.46980 
    -99.49613 -114.62020 
    -98.85924 -114.73327 
    -98.21591 -114.80892 
    -97.56818 -114.84715 
    -96.91799 -114.84804 
    -96.26722 -114.81171 
    -95.61770 -114.73833 
    -94.97122 -114.62804 
    -94.32956 -114.48099 
    -93.69453 -114.29726 
    -93.06798 -114.07696 
    -92.45184 -113.82012 
    -91.84821 -113.52677 
    -91.25929 -113.19698 
    -90.68784 -112.83045 
    -90.19926 -112.36065 
    -89.95652 -111.66136 
    -89.76379 -110.96989 
    -89.59091 -110.30936 
    -89.40842 -109.69187 
    -89.20518 -109.11114 
    -88.97487 -108.55724 
    -88.71972 -108.01688 
    -88.41359 -107.48804 
    -88.05632 -106.95576 
    -87.68130 -106.39956 
    -87.31567 -105.80873 
    -86.86250 -105.18708 
    -86.30376 -104.51353 
    -85.68787 -103.76608 
    -85.23082 -102.95496 
    -85.43267 -102.19856 
    -85.84769 -101.50423 
    -86.41592 -100.88994 
    -87.06119 -100.35352 
    -87.50037 -99.77598 
    -87.37538 -98.91000 
    -87.15119 -97.90271 
    -88.74634 -98.10409 
    -89.22737 -97.61342 
    -89.73538 -97.15804 
    -90.26701 -96.73858 
    -90.81911 -96.35530 
    -91.38875 -96.00828 
    -91.97328 -95.69738 
    -92.57028 -95.42239 
    -93.17757 -95.18300 
    -93.79317 -94.97894 
    -94.41529 -94.80992 
    -95.04227 -94.67574 
    -95.67255 -94.57625 
    -96.29858 -94.46360 
    -96.92753 -94.33064 
    -97.56818 -94.20605 
    -98.22408 -94.08842 
    -98.89854 -93.98270 
    -99.59251 -93.90166 
    -100.30215 -93.86546 
    -101.01731 -93.89822 
    -101.72183 -94.02261 
    -102.39610 -94.25368 
    -103.02133 -94.59430 
    -103.58413 -95.03393 
    -104.07961 -95.55132 
    -104.51192 -96.12000 
    -104.89194 -96.71452 
    -105.23345 -97.31537 
    -105.54903 -97.91120 
    -105.84724 -98.49845 
    -106.13162 -99.07901 
    -106.40134 -99.65747 
    -106.69641 -100.21812 
    -106.95995 -100.79507 
    -107.18679 -101.38826 
    -107.37585 -101.99535 
    -107.52621 -102.61394 
    -107.63711 -103.24153 
    -107.70792 -103.87560 
