72 25 
Cell 0 100 -120.77008 -148.02353 
    -130.77017 -148.02353 
    -130.75043 -148.65144 
    -130.69130 -149.27687 
    -130.59300 -149.89735 
    -130.45595 -150.51044 
    -130.28067 -151.11371 
    -130.06786 -151.70477 
    -129.82539 -152.28464 
    -129.55151 -152.85115 
    -129.24779 -153.40364 
    -128.90950 -153.93716 
    -128.53748 -154.44926 
    -128.13297 -154.93774 
    -127.69746 -155.40044 
    -127.23254 -155.83530 
    -126.73998 -156.24039 
    -126.22169 -156.61389 
    -125.67968 -156.95406 
    -125.11611 -157.25932 
    -124.53326 -157.52824 
    -123.93350 -157.75954 
    -123.31929 -157.95206 
    -122.69319 -158.10484 
    -122.05783 -158.21713 
    -121.41589 -158.28830 
    -120.77008 -158.31792 
    -120.12318 -158.30577 
    -119.47795 -158.25180 
    -118.83717 -158.15617 
    -118.20362 -158.01923 
    -117.58002 -157.84151 
    -116.96909 -157.62373 
    -116.37345 -157.36685 
    -115.79569 -157.07191 
    -115.23830 -156.74023 
    -114.70365 -156.37326 
    -114.19406 -155.97258 
    -113.71167 -155.53998 
    -113.25853 -155.07735 
    -112.83652 -154.58673 
    -112.44740 -154.07031 
    -112.09274 -153.53033 
    -111.77396 -152.96919 
    -111.49230 -152.38933 
    -111.24805 -151.79356 
    -111.01456 -151.19328 
    -110.81491 -150.57959 
    -110.64926 -149.95418 
    -110.51774 -149.31870 
    -110.42049 -148.67467 
    -110.56580 -148.02353 
    -110.94460 -147.40536 
    -111.25349 -146.82130 
    -111.51865 -146.25873 
    -111.75701 -145.70937 
    -111.98062 -145.16766 
    -112.19876 -144.62990 
    -112.41452 -144.09171 
    -112.63771 -143.55272 
    -112.87386 -143.01244 
    -113.12335 -142.46785 
    -113.38621 -141.91505 
    -113.68801 -141.37302 
    -114.03278 -140.84903 
    -114.39843 -140.32153 
    -114.74649 -139.73276 
    -115.00895 -138.94543 
    -115.16285 -137.82402 
    -115.98527 -137.85529 
    -116.74371 -137.85408 
    -117.45859 -137.83180 
    -118.13122 -137.74583 
    -118.79021 -137.64465 
    -119.44412 -137.52748 
    -120.10118 -137.39160 
    -120.77008 -137.14310 
    -121.47185 -136.86926 
    -122.22002 -136.54608 
    -123.03142 -136.16919 
    -123.74365 -136.44223 
    -124.41719 -136.79889 
    -125.02976 -137.26482 
    -125.52663 -137.91536 
    -125.96927 -138.56625 
    -126.47764 -139.02986 
    -126.97636 -139.48134 
    -127.56372 -139.81143 
    -128.35733 -139.94392 
    -128.35628 -140.89961 
    -128.66959 -141.48849 
    -129.01744 -142.03148 
    -129.33488 -142.58815 
    -129.62157 -143.15738 
    -129.87704 -143.73811 
    -130.10072 -144.32927 
    -130.29196 -144.92969 
    -130.45604 -145.53659 
    -130.59308 -146.14969 
    -130.69135 -146.77019 
    -130.75046 -147.39561 
Cell 1 100 -103.34510 -141.11749 
    -113.85614 -141.11749 
    -113.47542 -141.75484 
    -113.17497 -142.35928 
    -112.90639 -142.94141 
    -112.65708 -143.50841 
    -112.42451 -144.06757 
    -112.20118 -144.62387 
    -111.97599 -145.17888 
    -111.74558 -145.73570 
    -111.50201 -146.29402 
    -111.23746 -146.85162 
    -110.94498 -147.40465 
    -110.61456 -147.94397 
    -110.21864 -148.43706 
    -109.73611 -148.84290 
    -109.24040 -149.23169 
    -108.72103 -149.58859 
    -108.18002 -149.91219 
    -107.61954 -150.20113 
    -107.04178 -150.45424 
    -106.44905 -150.67047 
    -105.84371 -150.84894 
    -105.22817 -150.98891 
    -104.60489 -151.08977 
    -103.97636 -151.15111 
    -103.34510 -151.17267 
    -102.71364 -151.15431 
    -102.08450 -151.09613 
    -101.46024 -150.99832 
    -100.84332 -150.86127 
    -100.23626 -150.68552 
    -99.64148 -150.47177 
    -99.06138 -150.22087 
    -98.49828 -149.93382 
    -97.95445 -149.61180 
    -97.43207 -149.25609 
    -96.93323 -148.86812 
    -96.45993 -148.44945 
    -96.01407 -148.00180 
    -95.59741 -147.52695 
    -95.21162 -147.02681 
    -94.84885 -146.50938 
    -94.51428 -145.97227 
    -94.28332 -145.38164 
    -94.28616 -144.70418 
    -94.23772 -144.07666 
    -94.18920 -143.46832 
    -94.15209 -142.87115 
    -94.12897 -142.28175 
    -94.12080 -141.69783 
    -94.12589 -141.11749 
    -94.11132 -140.53656 
    -94.10004 -139.94957 
    -94.09083 -139.35214 
    -94.09167 -138.74161 
    -94.10161 -138.11409 
    -94.11597 -137.46342 
    -94.12311 -136.77795 
    -94.10693 -136.03877 
    -93.94894 -135.15450 
    -94.33729 -134.57294 
    -94.79194 -134.04170 
    -95.29348 -133.55652 
    -95.83468 -133.11971 
    -96.40786 -132.73181 
    -97.00552 -132.39180 
    -97.62080 -132.09744 
    -98.24789 -131.84569 
    -98.88218 -131.63330 
    -99.52030 -131.45715 
    -100.15996 -131.31464 
    -100.75570 -131.03246 
    -101.36787 -130.75244 
    -102.00661 -130.52225 
    -102.66876 -130.36742 
    -103.34510 -130.30884 
    -104.02218 -130.35570 
    -104.68613 -130.50212 
    -105.32327 -130.74762 
    -105.91718 -131.09993 
    -106.50045 -131.40633 
    -107.09634 -131.64294 
    -107.69912 -131.86472 
    -108.22980 -132.23228 
    -108.69875 -132.68150 
    -109.17294 -133.09616 
    -109.65199 -133.49377 
    -110.13504 -133.88695 
    -110.62090 -134.28506 
    -111.11095 -134.69302 
    -111.60215 -135.11839 
    -112.09418 -135.56516 
    -112.59018 -136.03497 
    -113.09953 -136.52740 
    -113.64431 -137.03975 
    -114.29531 -137.55956 
    -114.93788 -138.14098 
    -115.01641 -138.89107 
    -114.76584 -139.67471 
    -114.32556 -140.42665 
Cell 2 100 -83.89781 -143.00574 
    -94.16045 -143.00574 
    -94.20402 -143.65414 
    -94.25607 -144.31430 
    -94.28497 -144.98718 
    -94.23968 -145.66107 
    -93.93282 -146.26631 
    -93.60797 -146.85027 
    -93.26540 -147.41379 
    -92.90473 -147.95734 
    -92.52524 -148.48087 
    -92.12600 -148.98387 
    -91.70618 -149.46538 
    -91.29088 -149.94829 
    -90.86701 -150.42719 
    -90.41162 -150.87958 
    -89.92630 -151.30324 
    -89.41286 -151.69606 
    -88.87324 -152.05600 
    -88.30956 -152.38118 
    -87.72410 -152.66985 
    -87.11928 -152.92039 
    -86.49764 -153.13141 
    -85.86185 -153.30161 
    -85.21470 -153.42998 
    -84.55904 -153.51561 
    -83.89781 -153.55791 
    -83.23402 -153.55640 
    -82.57070 -153.51089 
    -81.91092 -153.42142 
    -81.25772 -153.28822 
    -80.61416 -153.11179 
    -79.98325 -152.89281 
    -79.36793 -152.63222 
    -78.77109 -152.33122 
    -78.19551 -151.99112 
    -77.64388 -151.61354 
    -77.11872 -151.20026 
    -76.62247 -150.75319 
    -76.15736 -150.27451 
    -75.72546 -149.76649 
    -75.32869 -149.23157 
    -74.96873 -148.67230 
    -74.64709 -148.09135 
    -74.36507 -147.49150 
    -74.10002 -146.88496 
    -73.84317 -146.27269 
    -73.62115 -145.64433 
    -73.43598 -145.00143 
    -73.29008 -144.34581 
    -73.18619 -143.67966 
    -73.12717 -143.00574 
    -73.11584 -142.32739 
    -73.15475 -141.64857 
    -73.24593 -140.97379 
    -73.39053 -140.30792 
    -73.58879 -139.65613 
    -73.83984 -139.02350 
    -74.14165 -138.41484 
    -74.49120 -137.83441 
    -74.88458 -137.28577 
    -75.31728 -136.77161 
    -75.78439 -136.29373 
    -76.28100 -135.85307 
    -76.80235 -135.44983 
    -77.34407 -135.08363 
    -77.90237 -134.75372 
    -78.47400 -134.45917 
    -79.05630 -134.19905 
    -79.61521 -133.90475 
    -80.18365 -133.62485 
    -80.76733 -133.37109 
    -81.36535 -133.14246 
    -81.97726 -132.93784 
    -82.60300 -132.75629 
    -83.24297 -132.59727 
    -83.89781 -132.46080 
    -84.57030 -132.31673 
    -85.26707 -132.16699 
    -85.97703 -132.10609 
    -86.68288 -132.15862 
    -87.42799 -132.14095 
    -88.19152 -132.16107 
    -88.94616 -132.27745 
    -89.67619 -132.49490 
    -90.42844 -132.71510 
    -91.16587 -133.00212 
    -91.87811 -133.35921 
    -92.55421 -133.78761 
    -93.18314 -134.28624 
    -93.75455 -134.85153 
    -94.03571 -135.64012 
    -94.11746 -136.52014 
    -94.11676 -137.38782 
    -94.10017 -138.20486 
    -94.09135 -138.96983 
    -94.09607 -139.69212 
    -94.10839 -140.38409 
    -94.12432 -141.05493 
    -94.12103 -141.71425 
    -94.13211 -142.36185 
Cell 3 100 -58.99419 -155.70613 
    -69.13092 -155.70613 
    -69.08607 -156.34106 
    -69.00420 -156.97069 
    -68.88597 -157.59309 
    -68.73197 -158.20638 
    -68.54272 -158.80864 
    -68.31874 -159.39798 
    -68.06056 -159.97244 
    -67.76883 -160.53003 
    -67.44430 -161.06873 
    -67.08788 -161.58653 
    -66.70062 -162.08145 
    -66.28387 -162.55161 
    -65.83966 -162.99582 
    -65.36842 -163.41127 
    -64.87204 -163.79630 
    -64.35246 -164.14941 
    -63.81173 -164.46919 
    -63.25198 -164.75439 
    -62.67543 -165.00389 
    -62.08436 -165.21669 
    -61.48109 -165.39197 
    -60.86800 -165.52901 
    -60.24752 -165.62727 
    -59.62214 -165.68719 
    -58.99419 -165.70821 
    -58.36607 -165.68977 
    -57.74027 -165.63191 
    -57.11916 -165.53534 
    -56.50511 -165.40044 
    -55.90038 -165.22787 
    -55.30713 -165.01859 
    -54.72734 -164.77364 
    -54.16284 -164.49431 
    -53.61521 -164.18205 
    -53.08577 -163.83838 
    -52.57559 -163.46489 
    -52.08547 -163.06317 
    -51.61597 -162.63474 
    -51.16750 -162.18094 
    -50.74041 -161.70285 
    -50.33516 -161.20132 
    -49.95245 -160.67686 
    -49.59346 -160.12978 
    -49.25995 -159.56018 
    -48.95446 -158.96823 
    -48.68034 -158.35428 
    -48.44170 -157.71913 
    -48.24331 -157.06429 
    -48.09031 -156.39215 
    -47.98787 -155.70613 
    -47.94079 -155.01071 
    -47.95306 -154.31131 
    -48.02744 -153.61411 
    -48.16520 -152.92572 
    -48.36590 -152.25279 
    -48.62738 -151.60162 
    -48.94592 -150.97777 
    -49.30833 -150.38129 
    -49.88619 -149.92603 
    -50.60061 -149.60783 
    -51.24689 -149.29701 
    -51.84036 -148.98824 
    -52.40288 -148.68710 
    -52.94690 -148.39622 
    -53.48008 -148.11662 
    -54.00703 -147.84763 
    -54.53020 -147.58618 
    -55.05145 -147.32739 
    -55.57579 -147.07225 
    -56.10577 -146.81650 
    -56.64411 -146.55319 
    -57.19441 -146.27138 
    -57.76213 -145.95340 
    -58.36383 -145.68697 
    -58.99419 -145.65529 
    -59.62620 -145.66061 
    -60.25789 -145.70288 
    -60.88730 -145.78207 
    -61.51242 -145.89824 
    -62.13120 -146.05141 
    -62.74736 -146.22672 
    -63.34477 -146.46068 
    -63.92569 -146.73576 
    -64.49435 -147.03928 
    -65.04317 -147.38043 
    -65.56882 -147.75877 
    -66.06790 -148.17339 
    -66.53706 -148.62291 
    -66.97311 -149.10539 
    -67.37320 -149.61842 
    -67.73493 -150.15909 
    -68.05644 -150.72412 
    -68.33645 -151.31000 
    -68.57426 -151.91312 
    -68.76969 -152.52988 
    -68.92305 -153.15683 
    -69.03497 -153.79076 
    -69.10629 -154.42868 
    -69.13795 -155.06795 
Cell 4 100 -48.90357 -140.02640 
    -60.92197 -140.02640 
    -60.76205 -140.77248 
    -60.55258 -141.49802 
    -60.29778 -142.19997 
    -60.00187 -142.87596 
    -59.66889 -143.52426 
    -59.30267 -144.14369 
    -58.90666 -144.73349 
    -58.48326 -145.29288 
    -58.04539 -145.82797 
    -57.36644 -146.17503 
    -56.73615 -146.50606 
    -56.12452 -146.80733 
    -55.53754 -147.09087 
    -54.97491 -147.36539 
    -54.43180 -147.63536 
    -53.90133 -147.90158 
    -53.38005 -148.16908 
    -52.86318 -148.44099 
    -52.34488 -148.71815 
    -51.81905 -148.99933 
    -51.27950 -149.28004 
    -50.72034 -149.55025 
    -50.13991 -149.81302 
    -49.54340 -150.19609 
    -48.90357 -150.42912 
    -48.24880 -150.43369 
    -47.59367 -150.39534 
    -46.94111 -150.31398 
    -46.29407 -150.18974 
    -45.65549 -150.02296 
    -45.02830 -149.81422 
    -44.41537 -149.56430 
    -43.81956 -149.27419 
    -43.24359 -148.94511 
    -42.69014 -148.57846 
    -42.16174 -148.17587 
    -41.66082 -147.73914 
    -41.18965 -147.27025 
    -40.75035 -146.77133 
    -40.34485 -146.24467 
    -39.97490 -145.69270 
    -39.64206 -145.11795 
    -39.34768 -144.52306 
    -39.09291 -143.91071 
    -38.87868 -143.28368 
    -38.70571 -142.64476 
    -38.57449 -141.99678 
    -38.48534 -141.34253 
    -38.43835 -140.68481 
    -38.43346 -140.02640 
    -38.47038 -139.37000 
    -38.54871 -138.71828 
    -38.66787 -138.07384 
    -38.82714 -137.43921 
    -39.02568 -136.81688 
    -39.26255 -136.20924 
    -39.53665 -135.61865 
    -39.84846 -135.04831 
    -40.29490 -134.56316 
    -40.76648 -134.11446 
    -41.17885 -133.63596 
    -41.59307 -133.16138 
    -42.01277 -132.68843 
    -42.44068 -132.21410 
    -42.87890 -131.73415 
    -43.32913 -131.24249 
    -43.86000 -130.85217 
    -44.41256 -130.48251 
    -44.98933 -130.14015 
    -45.58966 -129.82722 
    -46.21271 -129.54616 
    -46.85735 -129.29973 
    -47.52211 -129.09097 
    -48.20501 -128.92314 
    -48.90357 -128.79962 
    -49.60942 -128.80730 
    -50.28917 -129.05826 
    -50.94590 -129.32018 
    -51.58712 -129.57469 
    -52.21490 -129.83517 
    -52.82867 -130.11275 
    -53.39457 -130.48254 
    -53.94646 -130.85342 
    -54.49416 -131.21704 
    -55.03582 -131.58609 
    -55.56666 -131.97212 
    -56.08355 -132.38049 
    -56.58943 -132.80888 
    -57.08596 -133.25734 
    -57.57112 -133.72906 
    -58.05064 -134.22150 
    -58.53811 -134.72977 
    -59.06267 -135.24590 
    -59.69032 -135.75563 
    -60.35518 -136.30556 
    -60.81464 -136.96815 
    -61.06485 -137.70651 
    -61.07725 -138.48851 
    -61.02829 -139.26358 
Cell 5 100 -9.23747 -147.05714 
    -19.62917 -147.05714 
    -19.64216 -147.71175 
    -19.61216 -148.36777 
    -19.53896 -149.02226 
    -19.42253 -149.67223 
    -19.26311 -150.31467 
    -19.06114 -150.94661 
    -18.81729 -151.56506 
    -18.53244 -152.16710 
    -18.20774 -152.74985 
    -17.84450 -153.31052 
    -17.44428 -153.84641 
    -17.00886 -154.35497 
    -16.54017 -154.83372 
    -16.04034 -155.28041 
    -15.51168 -155.69286 
    -14.95667 -156.06917 
    -14.37790 -156.40756 
    -13.77810 -156.70647 
    -13.16010 -156.96457 
    -12.52683 -157.18074 
    -11.88129 -157.35413 
    -11.22649 -157.48398 
    -10.56555 -157.56996 
    -9.90152 -157.61182 
    -9.23747 -157.60962 
    -8.57646 -157.56361 
    -7.92148 -157.47427 
    -7.27546 -157.34235 
    -6.64126 -157.16872 
    -6.02161 -156.95453 
    -5.41918 -156.70105 
    -4.83645 -156.40977 
    -4.27582 -156.08237 
    -3.73951 -155.72055 
    -3.22956 -155.32632 
    -2.74791 -154.90167 
    -2.29627 -154.44878 
    -1.85935 -153.98566 
    -1.41877 -153.52533 
    -1.00498 -153.03841 
    -0.63964 -152.51349 
    -0.34679 -151.94484 
    -0.14445 -151.33600 
    0.04075 -150.73065 
    0.21555 -150.12862 
    0.37710 -149.52574 
    0.52350 -148.91914 
    0.65363 -148.30669 
    0.76720 -147.68658 
    0.86473 -147.05714 
    0.94829 -146.41632 
    1.11081 -145.74986 
    1.40058 -145.02782 
    1.75198 -144.23553 
    2.22971 -143.33124 
    2.47588 -142.41949 
    2.25393 -141.64970 
    1.88526 -140.94237 
    1.38102 -140.31844 
    0.76464 -139.79018 
    0.06764 -139.35928 
    -0.67599 -139.01738 
    -1.43522 -138.74860 
    -2.18598 -138.53336 
    -2.91312 -138.35243 
    -3.61027 -138.19009 
    -4.26781 -138.01735 
    -4.85899 -137.75240 
    -5.46324 -137.52452 
    -6.07821 -137.33394 
    -6.70167 -137.18085 
    -7.31745 -136.99203 
    -7.94044 -136.79007 
    -8.57982 -136.60402 
    -9.23747 -136.38518 
    -9.91825 -136.23653 
    -10.58445 -136.39468 
    -11.25101 -136.50179 
    -11.91707 -136.62080 
    -12.58312 -136.76030 
    -13.24968 -136.92345 
    -13.91857 -137.10930 
    -14.56408 -137.36807 
    -15.13861 -137.75845 
    -15.62392 -138.26695 
    -16.06309 -138.80640 
    -16.46306 -139.36267 
    -16.83127 -139.92609 
    -17.17393 -140.49153 
    -17.49501 -141.05769 
    -17.79589 -141.62581 
    -18.07576 -142.19826 
    -18.39570 -142.74760 
    -18.68666 -143.31595 
    -18.94162 -143.90408 
    -19.15907 -144.50970 
    -19.33765 -145.13043 
    -19.47618 -145.76369 
    -19.57363 -146.40685 
Cell 6 100 9.57134 -151.51482 
    -0.20387 -151.51482 
    -0.45002 -152.14531 
    -0.86016 -152.83263 
    -1.17334 -153.56447 
    -1.23445 -154.28928 
    -1.14260 -154.99599 
    -0.93044 -155.67276 
    -0.66290 -156.33069 
    -0.34963 -156.96892 
    0.00781 -157.58401 
    0.40756 -158.17268 
    0.84749 -158.73181 
    1.32526 -159.25841 
    1.83818 -159.74979 
    2.38348 -160.20345 
    2.95812 -160.61714 
    3.55889 -160.98892 
    4.18250 -161.31708 
    4.82549 -161.60025 
    5.48436 -161.83736 
    6.15553 -162.02759 
    6.83543 -162.17047 
    7.52047 -162.26587 
    8.20710 -162.31387 
    8.89186 -162.31488 
    9.57134 -162.26962 
    10.24227 -162.17899 
    10.90152 -162.04425 
    11.54609 -161.86682 
    12.17317 -161.64827 
    12.78016 -161.39053 
    13.36461 -161.09552 
    13.95532 -160.83124 
    14.55219 -160.57495 
    15.13616 -160.28357 
    15.70522 -159.95738 
    16.25731 -159.59677 
    16.79019 -159.20210 
    17.30148 -158.77391 
    17.78867 -158.31279 
    18.24907 -157.81956 
    18.67989 -157.29527 
    19.07821 -156.74126 
    19.44107 -156.15916 
    19.76553 -155.55098 
    20.04871 -154.91911 
    20.28788 -154.26636 
    20.48056 -153.59586 
    20.62458 -152.91116 
    20.71816 -152.21611 
    20.75998 -151.51482 
    20.74923 -150.81157 
    20.68567 -150.11075 
    20.56961 -149.41678 
    20.40193 -148.73399 
    20.18405 -148.06654 
    19.91789 -147.41833 
    19.60580 -146.79295 
    19.25052 -146.19363 
    18.85506 -145.62318 
    18.42262 -145.08398 
    17.95655 -144.57797 
    17.46020 -144.10667 
    16.93691 -143.67128 
    16.38992 -143.27257 
    15.82232 -142.91109 
    15.23704 -142.58710 
    14.63683 -142.30074 
    14.02423 -142.05194 
    13.40162 -141.84062 
    12.77121 -141.66663 
    12.13506 -141.52979 
    11.49514 -141.42992 
    10.88305 -141.13158 
    10.24678 -140.77904 
    9.57134 -140.38647 
    8.84615 -139.98825 
    8.07186 -139.64522 
    7.26647 -139.43227 
    6.46489 -139.41602 
    5.71017 -139.63135 
    5.03925 -140.06805 
    4.47018 -140.67430 
    3.99714 -141.37540 
    3.55226 -142.03026 
    2.99307 -142.46062 
    2.48205 -142.94534 
    2.10613 -143.56517 
    1.77443 -144.19304 
    1.48898 -144.82851 
    1.22950 -145.45412 
    1.02724 -146.09258 
    0.90474 -146.75031 
    0.81265 -147.39328 
    0.70873 -148.00586 
    0.59190 -148.59721 
    0.46156 -149.17581 
    0.31714 -149.74948 
    0.15833 -150.32568 
    -0.01465 -150.91173 
Cell 7 100 29.64881 -138.26273 
    19.32634 -138.26273 
    19.30328 -138.91360 
    19.32283 -139.56720 
    19.38538 -140.22058 
    19.49111 -140.87077 
    19.63997 -141.51479 
    19.83166 -142.14961 
    20.06566 -142.77222 
    20.34118 -143.37964 
    20.65727 -143.96893 
    21.01277 -144.53717 
    21.40631 -145.08151 
    21.83616 -145.59929 
    22.30047 -146.08791 
    22.79717 -146.54494 
    23.32400 -146.96808 
    23.87853 -147.35522 
    24.45817 -147.70447 
    25.06018 -148.01405 
    25.68169 -148.28252 
    26.31974 -148.50854 
    26.97125 -148.69112 
    27.63310 -148.82941 
    28.30212 -148.92288 
    28.97509 -148.97119 
    29.64881 -148.97432 
    30.32009 -148.93239 
    30.98577 -148.84587 
    31.64277 -148.71542 
    32.28805 -148.54190 
    32.91871 -148.32645 
    33.53192 -148.07036 
    34.12502 -147.77516 
    34.69546 -147.44257 
    35.24088 -147.07442 
    35.75907 -146.67278 
    36.24799 -146.23978 
    36.70583 -145.77769 
    37.13096 -145.28894 
    37.56969 -144.81546 
    37.99805 -144.32881 
    38.40015 -143.81650 
    38.77458 -143.27966 
    39.11987 -142.71947 
    39.43445 -142.13713 
    39.71667 -141.53397 
    39.96478 -140.91142 
    40.17693 -140.27107 
    40.35120 -139.61475 
    40.48563 -138.94452 
    40.57823 -138.26273 
    40.62710 -137.57204 
    40.63044 -136.87543 
    40.58664 -136.17622 
    40.49437 -135.47806 
    40.35260 -134.78485 
    40.16076 -134.10075 
    39.91872 -133.43007 
    39.62687 -132.77724 
    39.28618 -132.14667 
    38.89816 -131.54268 
    38.46488 -130.96944 
    37.98897 -130.43080 
    37.47351 -129.93027 
    36.92204 -129.47090 
    36.41817 -128.94550 
    35.85792 -128.47873 
    35.24438 -128.08441 
    34.58619 -127.77026 
    33.89407 -127.54041 
    33.17996 -127.39495 
    32.45584 -127.33007 
    31.73269 -127.33865 
    31.01982 -127.41007 
    30.32935 -127.44582 
    29.64881 -127.27425 
    28.94867 -127.13430 
    28.23093 -127.03911 
    27.49981 -126.99726 
    26.76146 -127.01725 
    26.02397 -127.10661 
    25.29689 -127.27105 
    24.59069 -127.51367 
    23.97348 -127.93935 
    23.45483 -128.50258 
    22.97971 -129.08350 
    22.55303 -129.68539 
    22.19083 -130.32079 
    21.87211 -130.95992 
    21.57137 -131.58049 
    21.28760 -132.18796 
    21.01764 -132.78522 
    20.75688 -133.37434 
    20.49943 -133.95735 
    20.23810 -134.53677 
    19.96370 -135.11584 
    19.67375 -135.70157 
    19.58105 -136.34219 
    19.49497 -136.98000 
    19.39140 -137.61739 
Cell 8 100 46.04482 -150.83722 
    36.01344 -150.83722 
    36.03551 -151.46695 
    36.08864 -152.09497 
    36.17941 -152.71915 
    36.30922 -153.33690 
    36.47788 -153.94571 
    36.68483 -154.54311 
    36.92930 -155.12665 
    37.21041 -155.69397 
    37.52707 -156.24274 
    37.87809 -156.77069 
    38.26210 -157.27563 
    38.67761 -157.75549 
    39.12296 -158.20825 
    39.59639 -158.63203 
    40.09599 -159.02507 
    40.61977 -159.38571 
    41.16562 -159.71245 
    41.73130 -160.00391 
    42.31452 -160.25887 
    42.91290 -160.47626 
    43.52399 -160.65517 
    44.14530 -160.79485 
    44.77426 -160.89470 
    45.40830 -160.95433 
    46.04482 -160.97350 
    46.68119 -160.95213 
    47.31482 -160.89034 
    47.94310 -160.78838 
    48.56346 -160.64670 
    49.17337 -160.46593 
    49.77034 -160.24683 
    50.35196 -159.99036 
    50.91585 -159.69760 
    51.45975 -159.36980 
    51.98148 -159.00833 
    52.47895 -158.61475 
    52.95018 -158.19069 
    53.39331 -157.73792 
    53.80662 -157.25835 
    54.18848 -156.75394 
    54.53743 -156.22679 
    54.85216 -155.67909 
    55.13146 -155.11307 
    55.37431 -154.53102 
    55.57983 -153.93533 
    55.74729 -153.32838 
    55.87613 -152.71265 
    55.96598 -152.09056 
    56.02626 -151.46519 
    56.04733 -150.83722 
    56.02163 -150.20953 
    55.97015 -149.58336 
    55.87316 -148.96236 
    55.73707 -148.34868 
    55.56266 -147.74469 
    55.35063 -147.15279 
    55.10179 -146.57533 
    54.81712 -146.01460 
    54.49996 -145.47142 
    54.15352 -144.94591 
    53.77855 -144.43932 
    53.37740 -143.95146 
    52.95220 -143.48160 
    52.50444 -143.02888 
    52.03464 -142.59293 
    51.54222 -142.17470 
    51.02558 -141.77724 
    50.48269 -141.40627 
    50.01275 -140.81537 
    49.51880 -140.14539 
    48.81639 -140.04265 
    48.04128 -140.37138 
    47.37986 -140.26927 
    46.71169 -140.23763 
    46.04482 -140.09563 
    45.36723 -140.06729 
    44.71401 -140.30280 
    44.10523 -140.66957 
    43.49657 -140.91246 
    42.89913 -141.15579 
    42.31739 -141.42281 
    41.75117 -141.71277 
    41.20100 -142.02637 
    40.66815 -142.36496 
    40.15448 -142.72987 
    39.66220 -143.12196 
    39.19164 -143.53932 
    38.74757 -143.98465 
    38.33242 -144.45697 
    37.94780 -144.95439 
    37.59524 -145.47496 
    37.27613 -146.01659 
    36.99170 -146.57715 
    36.74307 -147.15440 
    36.52042 -147.74255 
    36.29369 -148.33356 
    36.12198 -148.94434 
    36.03539 -149.57274 
    36.01154 -150.20598 
Cell 9 100 67.07616 -151.92404 
    56.29120 -151.92404 
    56.33781 -152.59964 
    56.34116 -153.28018 
    56.36072 -153.96812 
    56.41993 -154.66010 
    56.57700 -155.33542 
    56.77884 -156.00104 
    57.02543 -156.65355 
    57.31641 -157.28951 
    57.65090 -157.90549 
    58.02776 -158.49809 
    58.44532 -159.06409 
    58.90167 -159.60039 
    59.39455 -160.10413 
    59.92148 -160.57256 
    60.47971 -161.00328 
    61.06628 -161.39409 
    61.67814 -161.74298 
    62.31201 -162.04837 
    62.96450 -162.30891 
    63.63218 -162.52353 
    64.31150 -162.69167 
    64.99900 -162.81290 
    65.69117 -162.88730 
    66.38464 -162.91528 
    67.07616 -162.89757 
    67.76263 -162.83530 
    68.44126 -162.72997 
    69.10950 -162.58319 
    69.76516 -162.39702 
    70.40646 -162.17365 
    71.03191 -161.91515 
    71.64057 -161.62392 
    72.23166 -161.30186 
    72.80483 -160.95099 
    73.35991 -160.57289 
    73.89666 -160.16861 
    74.41486 -159.73897 
    74.91389 -159.28416 
    75.39279 -158.80417 
    75.84983 -158.29849 
    76.28261 -157.76663 
    76.68787 -157.20813 
    77.04836 -156.61661 
    77.30396 -155.97351 
    77.53807 -155.32332 
    77.75951 -154.66705 
    77.93906 -153.99625 
    78.06144 -153.31180 
    78.12738 -152.61932 
    78.13592 -151.92404 
    78.08496 -151.23143 
    77.97847 -150.54675 
    77.82076 -149.87440 
    77.61509 -149.21811 
    77.37132 -148.57895 
    77.23268 -147.90279 
    77.05099 -147.23024 
    76.82443 -146.56488 
    76.55145 -145.91084 
    76.23088 -145.27275 
    75.86205 -144.65572 
    75.42146 -144.08727 
    74.94177 -143.54800 
    74.43399 -143.02995 
    73.89768 -142.53502 
    73.32722 -142.07394 
    72.70013 -141.69408 
    72.04309 -141.36877 
    71.36143 -141.10066 
    70.66096 -140.89116 
    69.94756 -140.74068 
    69.22706 -140.64861 
    68.50501 -140.61349 
    67.78652 -140.63313 
    67.07616 -140.70468 
    66.37786 -140.82494 
    65.69492 -140.99040 
    65.02998 -141.19757 
    64.38509 -141.44301 
    63.76180 -141.72350 
    63.16124 -142.03609 
    62.58424 -142.37825 
    62.03144 -142.74774 
    61.50338 -143.14275 
    61.00056 -143.56171 
    60.52358 -144.00334 
    60.07310 -144.46654 
    59.54108 -144.84814 
    58.99513 -145.23883 
    58.44515 -145.65324 
    57.90116 -146.10141 
    57.38147 -146.59435 
    56.91108 -147.14072 
    56.51731 -147.74350 
    56.22386 -148.39792 
    56.04488 -149.09169 
    55.98870 -149.80899 
    56.03472 -150.52919 
    56.14260 -151.23616 
Cell 10 100 83.35568 -137.63362 
    71.52029 -137.63362 
    71.15060 -138.40149 
    71.30247 -139.15630 
    71.68555 -139.85982 
    72.11387 -140.52003 
    72.57053 -141.13792 
    73.04281 -141.71678 
    73.54517 -142.25011 
    74.10017 -142.72189 
    74.59446 -143.19366 
    75.04913 -143.66869 
    75.47346 -144.15436 
    75.90437 -144.63087 
    76.39532 -145.04564 
    76.89850 -145.43901 
    77.41622 -145.80858 
    77.94994 -146.15172 
    78.50015 -146.46581 
    79.06659 -146.74840 
    79.64829 -146.99742 
    80.24378 -147.21106 
    80.85123 -147.38785 
    81.46848 -147.52666 
    82.09327 -147.62663 
    82.72308 -147.68861 
    83.35568 -147.71204 
    83.98876 -147.69614 
    84.61992 -147.64108 
    85.24680 -147.54724 
    85.86715 -147.41513 
    86.47874 -147.24542 
    87.07950 -147.03891 
    87.66742 -146.79652 
    88.24064 -146.51933 
    88.79743 -146.20845 
    89.33617 -145.86505 
    89.85538 -145.49040 
    90.35368 -145.08574 
    90.82983 -144.65231 
    91.28264 -144.19138 
    91.71098 -143.70410 
    92.11375 -143.19167 
    92.48985 -142.65517 
    92.83810 -142.09572 
    93.15730 -141.51436 
    93.44605 -140.91219 
    93.70290 -140.29033 
    93.92616 -139.65005 
    94.11406 -138.99272 
    94.26463 -138.31995 
    94.37578 -137.63362 
    94.44536 -136.93591 
    94.47119 -136.22940 
    94.45116 -135.51704 
    94.38329 -134.80222 
    94.26582 -134.08870 
    93.95440 -133.43730 
    93.51351 -132.85370 
    92.88814 -132.39311 
    92.28684 -131.96573 
    91.74487 -131.53851 
    91.23270 -131.11719 
    90.73629 -130.70276 
    90.24672 -130.29541 
    89.75883 -129.89355 
    89.26894 -129.49472 
    88.77370 -129.09619 
    88.27113 -128.69244 
    87.75970 -128.27460 
    87.23754 -127.82918 
    86.67996 -127.40254 
    86.08224 -127.01435 
    85.45573 -126.62479 
    84.77798 -126.37495 
    84.06230 -126.40220 
    83.35568 -126.47660 
    82.66123 -126.59566 
    81.98162 -126.75681 
    81.31909 -126.95745 
    80.67551 -127.19505 
    80.05241 -127.46721 
    79.45107 -127.77169 
    78.87253 -128.10645 
    78.31772 -128.46960 
    77.78746 -128.85951 
    77.23502 -129.20926 
    76.61472 -129.48520 
    76.15021 -129.96057 
    75.79523 -130.53389 
    75.46372 -131.10483 
    75.15410 -131.67482 
    74.82584 -132.22041 
    74.48714 -132.75810 
    74.14237 -133.29817 
    73.79941 -133.85004 
    73.46299 -134.41928 
    73.13317 -135.00893 
    72.80342 -135.62067 
    72.45676 -136.25676 
    72.05809 -136.92284 
Cell 11 100 114.33228 -146.23640 
    104.16724 -146.23640 
    104.17781 -146.87527 
    104.22921 -147.51273 
    104.32132 -148.14610 
    104.45385 -148.77275 
    104.62634 -149.39006 
    104.83812 -149.99541 
    105.08839 -150.58624 
    105.37614 -151.16008 
    105.70022 -151.71448 
    106.05927 -152.24709 
    106.45184 -152.75568 
    106.87627 -153.23807 
    107.33078 -153.69225 
    107.81347 -154.11629 
    108.32230 -154.50844 
    108.85510 -154.86705 
    109.40963 -155.19066 
    109.98354 -155.47794 
    110.57439 -155.72772 
    111.17970 -155.93903 
    111.79690 -156.11105 
    112.42339 -156.24313 
    113.05655 -156.33482 
    113.69373 -156.38585 
    114.33228 -156.39610 
    114.96956 -156.36571 
    115.60297 -156.29494 
    116.22993 -156.18427 
    116.84798 -156.03441 
    117.45471 -155.84628 
    118.04792 -155.62105 
    118.62555 -155.36008 
    119.18586 -155.06505 
    119.72743 -154.73781 
    120.24929 -154.38048 
    120.75095 -153.99525 
    121.23250 -153.58440 
    121.69453 -153.15002 
    122.13813 -152.69397 
    122.56457 -152.21751 
    122.97508 -151.72130 
    123.37038 -151.20514 
    123.75018 -150.66814 
    124.11272 -150.10875 
    124.45432 -149.52525 
    124.76922 -148.91615 
    125.04964 -148.28085 
    125.28625 -147.62021 
    125.46893 -146.93706 
    125.58780 -146.23640 
    125.63437 -145.52533 
    125.60265 -144.81262 
    125.48993 -144.10797 
    125.61879 -143.33852 
    125.80549 -142.50853 
    125.44723 -141.83568 
    124.65311 -141.37979 
    123.86287 -140.99692 
    123.38879 -140.48897 
    122.88934 -140.01933 
    122.37256 -139.58490 
    121.84433 -139.18211 
    121.30836 -138.80763 
    120.76647 -138.45880 
    120.24366 -138.10008 
    119.72720 -137.73537 
    119.19186 -137.39685 
    118.63955 -137.08299 
    118.07128 -136.79274 
    117.48711 -136.52682 
    116.88638 -136.28879 
    116.26862 -136.08569 
    115.63461 -135.92738 
    114.98734 -135.82454 
    114.33228 -135.78595 
    113.67667 -135.81583 
    113.00576 -135.73596 
    112.28541 -135.50636 
    111.52492 -135.30247 
    110.75253 -135.21907 
    110.01945 -135.34348 
    109.37790 -135.70782 
    108.85298 -136.26961 
    108.42990 -136.93576 
    108.06597 -137.61159 
    107.71674 -138.23959 
    107.35629 -138.80774 
    106.98129 -139.33336 
    106.60250 -139.84178 
    106.20854 -140.33417 
    105.84217 -140.84842 
    105.50856 -141.38553 
    105.20918 -141.94341 
    104.94540 -142.51988 
    104.71843 -143.11267 
    104.52932 -143.71944 
    104.37897 -144.33771 
    104.26816 -144.96501 
    104.19744 -145.59877 
Cell 12 100 -117.12048 -128.16389 
    -127.81184 -128.16389 
    -128.08939 -128.85400 
    -128.31265 -129.57779 
    -128.47780 -130.33041 
    -128.58168 -131.10663 
    -128.62184 -131.90091 
    -128.59637 -132.70752 
    -128.50426 -133.52069 
    -128.34494 -134.33459 
    -128.11859 -135.14351 
    -127.82576 -135.94174 
    -127.46760 -136.72379 
    -127.04560 -137.48421 
    -126.56181 -138.21790 
    -124.14453 -136.65451 
    -122.96056 -136.20210 
    -122.38990 -136.46718 
    -121.82292 -136.71761 
    -121.25645 -136.95331 
    -120.68771 -137.17369 
    -120.11684 -137.38579 
    -119.52058 -137.51167 
    -118.92444 -137.62061 
    -118.32716 -137.71574 
    -117.72658 -137.79755 
    -117.12048 -137.84235 
    -116.51080 -137.85445 
    -115.89660 -137.85191 
    -115.27689 -137.82835 
    -114.63026 -137.86264 
    -114.11454 -137.41521 
    -113.61660 -137.01369 
    -113.15871 -136.58307 
    -112.72282 -136.16321 
    -112.29986 -135.75998 
    -111.88268 -135.37311 
    -111.46528 -134.99986 
    -111.04263 -134.63615 
    -110.61086 -134.27682 
    -110.16892 -133.91472 
    -109.71450 -133.54466 
    -109.24900 -133.15929 
    -108.77758 -132.75044 
    -108.31048 -132.30957 
    -107.72608 -131.88339 
    -106.78885 -131.52084 
    -105.84715 -131.05840 
    -104.94747 -130.48602 
    -105.07977 -129.68498 
    -105.26740 -128.90962 
    -105.49377 -128.16389 
    -105.56566 -127.43693 
    -105.50240 -126.69619 
    -105.43268 -125.93433 
    -105.36549 -125.14573 
    -105.62652 -124.42928 
    -106.19579 -123.83850 
    -106.92956 -123.36841 
    -107.66927 -122.96805 
    -108.27584 -122.55092 
    -108.53871 -121.92888 
    -108.83488 -121.30946 
    -109.17037 -120.69825 
    -109.55148 -120.10373 
    -109.98367 -119.53698 
    -110.47043 -119.01089 
    -111.01219 -118.53878 
    -111.60583 -118.13278 
    -112.24466 -117.80225 
    -112.91912 -117.55247 
    -113.61789 -117.38404 
    -114.32929 -117.29294 
    -115.04262 -117.27138 
    -115.74921 -117.30919 
    -116.44298 -117.39536 
    -117.12048 -117.51958 
    -117.78049 -117.67338 
    -118.42333 -117.85075 
    -119.05013 -118.04831 
    -119.66209 -118.26499 
    -120.25999 -118.50145 
    -120.84397 -118.75941 
    -121.41338 -119.04102 
    -121.96690 -119.34827 
    -122.50275 -119.68279 
    -123.02065 -120.04300 
    -123.51843 -120.43009 
    -123.99079 -120.84776 
    -124.43584 -121.29431 
    -124.85182 -121.76797 
    -125.23709 -122.26683 
    -125.59011 -122.78890 
    -125.90950 -123.33209 
    -126.19400 -123.89422 
    -126.44249 -124.47305 
    -126.65401 -125.06626 
    -126.82774 -125.67149 
    -126.96308 -126.28632 
    -127.11234 -126.90163 
    -127.48447 -127.51185 
Cell 13 100 -84.17955 -117.46310 
    -94.35639 -117.46310 
    -94.34838 -118.10287 
    -94.29951 -118.74155 
    -94.20982 -119.37647 
    -94.07955 -120.00498 
    -93.90912 -120.62442 
    -93.69912 -121.23215 
    -93.45035 -121.82560 
    -93.16377 -122.40221 
    -92.84055 -122.95953 
    -92.48196 -123.49515 
    -92.08950 -124.00677 
    -91.66480 -124.49222 
    -91.20965 -124.94939 
    -90.72597 -125.37635 
    -90.21579 -125.77127 
    -89.68131 -126.13248 
    -89.12480 -126.45847 
    -88.54863 -126.74786 
    -87.95528 -126.99948 
    -87.34726 -127.21231 
    -86.72720 -127.38551 
    -86.09770 -127.51842 
    -85.46147 -127.61056 
    -84.82119 -127.66164 
    -84.17955 -127.67157 
    -83.53925 -127.64042 
    -82.90295 -127.56845 
    -82.27328 -127.45612 
    -81.65282 -127.30403 
    -81.04411 -127.11301 
    -80.44955 -126.88398 
    -79.87153 -126.61811 
    -79.31226 -126.31667 
    -78.75652 -126.00842 
    -78.21251 -125.67603 
    -77.68705 -125.31118 
    -77.18201 -124.91471 
    -76.69934 -124.48748 
    -76.24101 -124.03043 
    -75.80914 -123.54456 
    -75.40588 -123.03104 
    -75.03352 -122.49117 
    -74.69435 -121.92649 
    -74.39077 -121.33875 
    -74.12511 -120.72998 
    -73.89964 -120.10253 
    -73.71655 -119.45902 
    -73.57776 -118.80241 
    -73.48496 -118.13594 
    -73.43950 -117.46310 
    -73.44231 -116.78757 
    -73.49389 -116.11318 
    -73.59425 -115.44384 
    -73.74292 -114.78342 
    -73.93894 -114.13572 
    -74.18089 -113.50435 
    -74.46695 -112.89269 
    -74.72828 -112.26721 
    -74.99288 -111.63306 
    -75.29828 -111.01048 
    -75.64549 -110.40311 
    -76.03527 -109.81511 
    -76.46792 -109.25105 
    -76.94318 -108.71582 
    -77.46010 -108.21457 
    -78.01698 -107.75244 
    -78.61129 -107.33447 
    -79.23965 -106.96529 
    -79.89796 -106.64905 
    -80.58140 -106.38913 
    -81.28461 -106.18806 
    -82.00189 -106.04741 
    -82.72734 -105.96770 
    -83.45511 -105.94844 
    -84.17955 -105.98819 
    -84.89542 -106.08466 
    -85.59801 -106.23487 
    -86.28322 -106.43529 
    -86.94765 -106.68205 
    -87.58858 -106.97116 
    -88.20396 -107.29861 
    -88.75636 -107.73689 
    -89.26540 -108.21198 
    -89.73779 -108.70472 
    -90.15877 -109.23341 
    -90.55639 -109.75482 
    -90.93410 -110.27023 
    -91.29392 -110.78226 
    -91.63823 -111.29274 
    -92.00162 -111.78004 
    -92.35265 -112.27629 
    -92.68697 -112.78611 
    -93.00404 -113.31061 
    -93.30186 -113.85132 
    -93.56393 -114.41393 
    -93.77815 -114.99860 
    -93.97549 -115.59442 
    -94.25063 -116.19083 
    -94.32370 -116.82488 
Cell 14 100 -61.49886 -126.46341 
    -71.75366 -126.46341 
    -71.76733 -127.10944 
    -71.74321 -127.75757 
    -71.68007 -128.40558 
    -71.57687 -129.05101 
    -71.43288 -129.69116 
    -71.24769 -130.32324 
    -71.02126 -130.94431 
    -70.75388 -131.55139 
    -70.44617 -132.14154 
    -70.09904 -132.71181 
    -69.71374 -133.25935 
    -69.29170 -133.78137 
    -68.83466 -134.27524 
    -68.34453 -134.73840 
    -67.82347 -135.16849 
    -67.27380 -135.56326 
    -66.69805 -135.92070 
    -66.09888 -136.23895 
    -65.47911 -136.51639 
    -64.84168 -136.75157 
    -64.18964 -136.94331 
    -63.52613 -137.09071 
    -62.85433 -137.19304 
    -62.17749 -137.24989 
    -61.49886 -137.26105 
    -60.83430 -137.02620 
    -60.26494 -136.23091 
    -59.72137 -135.78131 
    -59.21263 -135.36768 
    -58.74638 -134.93469 
    -58.31718 -134.49942 
    -57.91414 -134.08133 
    -57.52773 -133.68687 
    -57.14863 -133.31828 
    -56.77007 -132.97203 
    -56.38949 -132.63957 
    -56.00249 -132.31645 
    -55.60252 -132.00046 
    -55.17992 -131.69089 
    -54.73252 -131.37944 
    -54.25673 -131.05940 
    -53.75162 -130.72249 
    -53.21171 -130.36305 
    -52.57334 -129.99728 
    -51.73476 -129.63596 
    -50.72132 -129.23061 
    -49.46733 -128.75854 
    -49.04148 -128.03714 
    -48.92347 -127.25459 
    -48.87964 -126.46341 
    -48.90178 -125.67087 
    -48.98992 -124.88316 
    -49.14331 -124.10646 
    -49.36030 -123.34676 
    -49.63844 -122.60973 
    -49.97451 -121.90060 
    -50.36465 -121.22405 
    -50.80445 -120.58411 
    -51.28912 -119.98412 
    -51.81360 -119.42666 
    -52.37271 -118.91360 
    -52.96130 -118.44611 
    -53.57437 -118.02469 
    -54.20716 -117.64926 
    -54.72656 -117.14214 
    -55.29905 -116.69408 
    -55.94621 -116.36317 
    -56.64645 -116.15150 
    -57.37373 -116.04453 
    -58.10433 -116.01613 
    -58.82176 -116.03679 
    -59.51839 -116.08139 
    -60.19395 -116.13403 
    -60.85197 -116.18136 
    -61.49886 -116.23338 
    -62.13720 -116.31733 
    -62.77442 -116.36632 
    -63.41390 -116.42443 
    -64.05387 -116.51230 
    -64.69383 -116.63029 
    -65.33281 -116.77997 
    -65.96889 -116.96412 
    -66.59883 -117.18660 
    -67.21778 -117.45183 
    -67.81925 -117.76414 
    -68.39542 -118.12690 
    -68.93781 -118.54174 
    -69.43810 -119.00797 
    -69.88914 -119.52236 
    -70.28580 -120.07932 
    -70.62547 -120.67149 
    -70.90825 -121.29056 
    -71.13669 -121.92819 
    -71.31509 -122.57689 
    -71.44869 -123.23051 
    -71.54273 -123.88458 
    -71.60180 -124.53617 
    -71.63232 -125.18326 
    -71.70351 -125.82139 
Cell 15 100 -56.32177 -105.17095 
    -66.79784 -105.17095 
    -66.68556 -105.82298 
    -66.58685 -106.46774 
    -66.47977 -107.10870 
    -66.33504 -107.74193 
    -66.15345 -108.36546 
    -65.93571 -108.97738 
    -65.68256 -109.57581 
    -65.39465 -110.15881 
    -65.07272 -110.72447 
    -64.71750 -111.27081 
    -64.32981 -111.79578 
    -63.91061 -112.29735 
    -63.46095 -112.77341 
    -62.98207 -113.22187 
    -62.47538 -113.64066 
    -61.94246 -114.02775 
    -61.38513 -114.38116 
    -60.80536 -114.69905 
    -60.20532 -114.97968 
    -59.58738 -115.22145 
    -58.95404 -115.42299 
    -58.30801 -115.58316 
    -57.65202 -115.70093 
    -56.98894 -115.77534 
    -56.32177 -115.80595 
    -55.65352 -115.79244 
    -54.98726 -115.73472 
    -54.32604 -115.63295 
    -53.67292 -115.48753 
    -53.03093 -115.29910 
    -52.40304 -115.06853 
    -51.79214 -114.79691 
    -51.20103 -114.48555 
    -50.63240 -114.13596 
    -50.08882 -113.74988 
    -49.57270 -113.32917 
    -49.08632 -112.87592 
    -48.63176 -112.39236 
    -48.21094 -111.88082 
    -47.82557 -111.34380 
    -47.41669 -110.82229 
    -47.02153 -110.28380 
    -46.65985 -109.71751 
    -46.33512 -109.12495 
    -46.05090 -108.50816 
    -45.81064 -107.86975 
    -45.61756 -107.21289 
    -45.47448 -106.54128 
    -45.38365 -105.85912 
    -45.34666 -105.17095 
    -45.36429 -104.48157 
    -45.43653 -103.79583 
    -45.56250 -103.11852 
    -45.74057 -102.45416 
    -45.96840 -101.80694 
    -46.24307 -101.18051 
    -46.56128 -100.57801 
    -46.91945 -100.00198 
    -47.31391 -99.45439 
    -47.29076 -98.60954 
    -46.81738 -97.30824 
    -48.25064 -97.59166 
    -49.18538 -97.57146 
    -49.71148 -97.18048 
    -50.20440 -96.75112 
    -50.69218 -96.30013 
    -51.20507 -95.86372 
    -51.74394 -95.44257 
    -52.30991 -95.03815 
    -52.90422 -94.65282 
    -53.52801 -94.28998 
    -54.18205 -93.95412 
    -54.86644 -93.65083 
    -55.58036 -93.38659 
    -56.32177 -93.16858 
    -57.08723 -93.00431 
    -57.87180 -92.90123 
    -58.66902 -92.86623 
    -59.47109 -92.90516 
    -60.26908 -93.02238 
    -61.05331 -93.22044 
    -61.81385 -93.49969 
    -62.54095 -93.85831 
    -63.22560 -94.29226 
    -63.85999 -94.79549 
    -64.43785 -95.36030 
    -64.95477 -95.97774 
    -65.40827 -96.63815 
    -65.79781 -97.33169 
    -66.12460 -98.04878 
    -66.39133 -98.78062 
    -66.60186 -99.51942 
    -66.76075 -100.25874 
    -66.87288 -100.99348 
    -66.94309 -101.71988 
    -66.97585 -102.43545 
    -66.97501 -103.13874 
    -66.94368 -103.82909 
    -66.88413 -104.50642 
Cell 16 100 -33.99458 -126.73573 
    -44.94697 -126.73573 
    -44.85493 -127.41901 
    -44.71145 -128.08958 
    -44.52133 -128.74382 
    -44.28951 -129.37903 
    -44.06584 -130.00809 
    -43.90334 -130.65889 
    -43.38821 -131.15604 
    -42.94847 -131.65817 
    -42.50907 -132.13919 
    -42.08205 -132.61163 
    -41.66452 -133.08087 
    -41.25260 -133.55147 
    -40.84170 -134.02718 
    -40.39286 -134.46994 
    -39.94439 -134.92496 
    -39.48506 -135.38736 
    -39.00027 -135.84105 
    -38.48455 -136.27742 
    -37.92869 -136.67216 
    -37.33659 -137.02141 
    -36.71338 -137.32480 
    -36.06324 -137.58008 
    -35.38998 -137.78148 
    -34.69890 -137.93068 
    -33.99458 -138.02420 
    -33.28242 -138.05505 
    -32.56864 -138.02319 
    -31.85929 -137.92931 
    -31.16008 -137.77536 
    -30.47709 -137.56145 
    -29.81853 -137.28322 
    -29.18321 -136.96039 
    -28.57435 -136.59509 
    -27.99491 -136.18970 
    -27.44761 -135.74686 
    -26.93496 -135.26935 
    -26.45919 -134.76010 
    -26.02221 -134.22227 
    -25.62567 -133.65909 
    -25.27091 -133.07385 
    -24.95898 -132.46989 
    -24.69060 -131.85065 
    -24.56448 -131.17320 
    -24.53327 -130.48174 
    -24.49876 -129.82111 
    -24.37595 -129.20538 
    -24.26852 -128.59108 
    -24.20635 -127.97227 
    -24.18807 -127.35271 
    -24.16978 -126.73573 
    -24.14670 -126.11616 
    -24.13239 -125.48985 
    -24.17003 -124.86160 
    -24.23800 -124.23067 
    -24.36483 -123.60684 
    -24.53136 -122.98898 
    -24.72309 -122.37290 
    -24.93901 -121.75739 
    -25.17914 -121.14129 
    -25.44487 -120.52401 
    -25.73903 -119.90615 
    -26.06582 -119.29013 
    -26.43037 -118.68066 
    -26.83814 -118.08509 
    -27.29407 -117.51328 
    -27.80161 -116.97719 
    -28.36191 -116.48994 
    -28.97315 -116.06467 
    -29.63039 -115.71306 
    -30.32570 -115.44411 
    -31.04889 -115.26305 
    -31.78845 -115.17082 
    -32.53273 -115.16400 
    -33.27104 -115.23542 
    -33.99458 -115.37514 
    -34.69696 -115.57174 
    -35.37436 -115.81366 
    -36.02529 -116.09035 
    -36.65010 -116.39314 
    -37.25412 -116.70390 
    -37.83239 -117.04252 
    -38.38588 -117.40375 
    -38.92402 -117.76911 
    -39.50854 -118.04712 
    -40.08242 -118.35653 
    -40.64399 -118.69798 
    -41.19093 -119.07240 
    -41.72018 -119.48091 
    -42.22785 -119.92458 
    -42.70921 -120.40417 
    -43.15888 -120.91989 
    -43.57098 -121.47106 
    -43.93954 -122.05599 
    -44.25882 -122.67184 
    -44.52379 -123.31458 
    -44.73051 -123.97921 
    -44.87639 -124.65991 
    -44.96044 -125.35043 
    -44.98326 -126.04439 
Cell 17 100 -14.34860 -127.31872 
    -24.18707 -127.31872 
    -24.20536 -127.93885 
    -24.26657 -128.57164 
    -24.38137 -129.23257 
    -24.50425 -129.92624 
    -24.53996 -130.63010 
    -24.32983 -131.27057 
    -24.05896 -131.88806 
    -23.74849 -132.48634 
    -23.40017 -133.06302 
    -23.01582 -133.61581 
    -22.59734 -134.14267 
    -22.14670 -134.64162 
    -21.66590 -135.11084 
    -21.15699 -135.54865 
    -20.62207 -135.95341 
    -20.06331 -136.32365 
    -19.48292 -136.65799 
    -18.88316 -136.95514 
    -18.26638 -137.21390 
    -17.63500 -137.43320 
    -16.99143 -137.61186 
    -16.33781 -137.74651 
    -15.67465 -137.81544 
    -14.99947 -137.66391 
    -14.34860 -137.28169 
    -13.73583 -137.05852 
    -13.13868 -136.89627 
    -12.54889 -136.75313 
    -11.95803 -136.62938 
    -11.35860 -136.52101 
    -10.74496 -136.42047 
    -10.12869 -136.28648 
    -9.38157 -136.35371 
    -8.74986 -136.14091 
    -8.22044 -135.75340 
    -7.71845 -135.33319 
    -7.24592 -134.88231 
    -6.80475 -134.40286 
    -6.39664 -133.89716 
    -6.02313 -133.36754 
    -5.68555 -132.81645 
    -5.38508 -132.24646 
    -5.12267 -131.66011 
    -4.89910 -131.06004 
    -4.71495 -130.44888 
    -4.57062 -129.82928 
    -4.45583 -129.20587 
    -4.34038 -128.58305 
    -4.25965 -127.95346 
    -4.21413 -127.31872 
    -4.20386 -126.68047 
    -4.22895 -126.04031 
    -4.28966 -125.39987 
    -4.38639 -124.76086 
    -4.51972 -124.12512 
    -4.69038 -123.49476 
    -4.89918 -122.87216 
    -5.14700 -122.26009 
    -5.43459 -121.66171 
    -5.76253 -121.08057 
    -6.13104 -120.52056 
    -6.53988 -119.98584 
    -6.98821 -119.48069 
    -7.47454 -119.00940 
    -7.99668 -118.57604 
    -8.55174 -118.18433 
    -9.13622 -117.83742 
    -9.74606 -117.53781 
    -10.24580 -116.95623 
    -10.54495 -115.61228 
    -11.35523 -115.66032 
    -12.23658 -116.24711 
    -12.94113 -116.17741 
    -13.65122 -116.23412 
    -14.34860 -116.39265 
    -15.02180 -116.61855 
    -15.66754 -116.87829 
    -16.28884 -117.14763 
    -16.90582 -117.35903 
    -17.51136 -117.58476 
    -18.10044 -117.84265 
    -18.67182 -118.13141 
    -19.22425 -118.44995 
    -19.75645 -118.79732 
    -20.26707 -119.17265 
    -20.77487 -119.55070 
    -21.29012 -119.92675 
    -21.78333 -120.33704 
    -22.25172 -120.78069 
    -22.69246 -121.25655 
    -23.10278 -121.76315 
    -23.47997 -122.29871 
    -23.82149 -122.86111 
    -24.12389 -123.44841 
    -24.25666 -124.09940 
    -24.17719 -124.79517 
    -24.13466 -125.45193 
    -24.14590 -126.08103 
    -24.16848 -126.70090 
Cell 18 100 12.38588 -128.55106 
    2.25462 -128.55106 
    2.26684 -129.18770 
    2.31960 -129.82272 
    2.41276 -130.45352 
    2.54602 -131.07750 
    2.71889 -131.69205 
    2.93071 -132.29462 
    3.18068 -132.88269 
    3.46778 -133.45383 
    3.79087 -134.00562 
    4.14863 -134.53577 
    4.53960 -135.04207 
    4.96216 -135.52238 
    5.41457 -135.97475 
    5.89494 -136.39726 
    6.40126 -136.78818 
    6.93143 -137.14589 
    7.48323 -137.46893 
    8.05435 -137.75601 
    8.64240 -138.00601 
    9.24492 -138.21793 
    9.85941 -138.39099 
    10.48332 -138.52461 
    11.11408 -138.61836 
    11.74912 -138.67206 
    12.38588 -138.68573 
    13.02185 -138.65961 
    13.65461 -138.59415 
    14.28184 -138.49004 
    14.90136 -138.34824 
    15.51121 -138.16985 
    16.10964 -137.95622 
    16.69522 -137.70886 
    17.26678 -137.42938 
    17.82352 -137.11942 
    18.36493 -136.78052 
    18.89079 -136.41415 
    19.40118 -136.02159 
    19.77741 -135.49217 
    20.06441 -134.90329 
    20.33347 -134.32532 
    20.58817 -133.75639 
    20.83566 -133.19637 
    21.08188 -132.64308 
    21.33193 -132.09305 
    21.59016 -131.54172 
    21.86056 -130.98373 
    22.14499 -130.41270 
    22.47322 -129.82539 
    22.88872 -129.21185 
    23.41518 -128.55106 
    24.16066 -127.81025 
    24.16862 -127.06255 
    24.09907 -126.31664 
    23.95473 -125.58068 
    23.73604 -124.86317 
    23.44435 -124.17270 
    23.07370 -123.52175 
    22.52500 -122.97703 
    21.90515 -122.50994 
    21.27449 -122.09310 
    20.64524 -121.71832 
    20.05039 -121.35360 
    19.49720 -120.97826 
    18.97288 -120.58874 
    18.44646 -120.20937 
    17.91513 -119.83836 
    17.37705 -119.47215 
    16.83069 -119.10535 
    16.23299 -118.83436 
    15.60249 -118.65134 
    14.96452 -118.50790 
    14.32157 -118.40379 
    13.67600 -118.33871 
    13.03016 -118.31043 
    12.38588 -118.25800 
    11.73760 -118.24704 
    11.08818 -118.27871 
    10.44068 -118.35397 
    9.79839 -118.47346 
    9.16476 -118.63748 
    8.54334 -118.84591 
    7.93767 -119.09814 
    7.35125 -119.39310 
    6.78737 -119.72923 
    6.24909 -120.10450 
    5.73916 -120.51655 
    5.25992 -120.96268 
    4.81334 -121.43996 
    4.40098 -121.94537 
    4.02404 -122.47582 
    3.68335 -123.02827 
    3.37950 -123.59975 
    3.11281 -124.18748 
    2.87911 -124.78706 
    2.67926 -125.39719 
    2.51821 -126.01747 
    2.39608 -126.64540 
    2.31283 -127.27853 
    2.26841 -127.91452 
Cell 19 100 25.42074 -112.96017 
    14.23065 -112.96017 
    14.28725 -113.66064 
    14.39507 -114.35304 
    14.55222 -115.03345 
    14.75645 -115.69830 
    15.00517 -116.34440 
    15.29561 -116.96899 
    15.62490 -117.56975 
    15.99011 -118.14471 
    16.38881 -118.69201 
    16.89926 -119.15138 
    17.47145 -119.53639 
    18.01899 -119.91088 
    18.54596 -120.28107 
    19.05771 -120.65176 
    19.56288 -121.02283 
    20.08186 -121.37289 
    20.61582 -121.70029 
    21.15625 -122.02267 
    21.69477 -122.37089 
    22.23666 -122.75975 
    22.79729 -123.17780 
    23.44176 -123.33436 
    24.09580 -123.44812 
    24.75646 -123.51846 
    25.42074 -123.54497 
    26.08557 -123.52745 
    26.74793 -123.46597 
    27.40476 -123.36079 
    28.05306 -123.21241 
    28.68987 -123.02154 
    29.31228 -122.78911 
    29.91749 -122.51627 
    30.50278 -122.20438 
    31.06555 -121.85498 
    31.60334 -121.46980 
    32.11385 -121.05076 
    32.59494 -120.59992 
    33.04466 -120.11951 
    33.46130 -119.61191 
    33.84336 -119.07957 
    34.18963 -118.52509 
    34.49919 -117.95110 
    34.77147 -117.36029 
    35.00620 -116.75533 
    35.20354 -116.13880 
    35.36399 -115.51317 
    35.48838 -114.88068 
    35.57784 -114.24332 
    35.63364 -113.60271 
    35.65712 -112.96017 
    35.64941 -112.31664 
    35.61134 -111.67281 
    35.54315 -111.02922 
    35.44438 -110.38654 
    35.31377 -109.74574 
    35.14925 -109.10838 
    34.94809 -108.47694 
    34.70716 -107.85492 
    34.42337 -107.24693 
    34.18107 -106.59542 
    33.92358 -105.92602 
    33.63045 -105.25074 
    33.29369 -104.57632 
    32.90526 -103.91294 
    32.45816 -103.27399 
    31.94768 -102.67535 
    31.37239 -102.13416 
    30.73480 -101.66722 
    30.04155 -101.28934 
    29.30305 -101.01164 
    28.53257 -100.84039 
    27.74493 -100.77630 
    26.95509 -100.81454 
    26.17664 -100.94542 
    25.42074 -101.15567 
    24.69532 -101.42998 
    24.00490 -101.75266 
    23.35080 -102.10917 
    22.73176 -102.48730 
    22.14478 -102.87782 
    21.57979 -103.25906 
    20.95144 -103.46244 
    20.33211 -103.70399 
    19.72438 -103.98415 
    19.13107 -104.30320 
    18.55529 -104.66127 
    18.00033 -105.05825 
    17.46974 -105.49369 
    16.96717 -105.96677 
    16.49639 -106.47626 
    16.06113 -107.02039 
    15.66505 -107.59694 
    15.31156 -108.20316 
    15.00379 -108.83582 
    14.74444 -109.49124 
    14.53572 -110.16537 
    14.37927 -110.85390 
    14.27612 -111.55228 
    14.22666 -112.25591 
Cell 20 100 56.60193 -112.52715 
    46.52327 -112.52715 
    46.53759 -113.16034 
    46.59182 -113.79172 
    46.68584 -114.41874 
    46.81935 -115.03889 
    46.99191 -115.64963 
    47.20288 -116.24849 
    47.45149 -116.83302 
    47.73676 -117.40081 
    48.05758 -117.94955 
    48.41269 -118.47697 
    48.80067 -118.98090 
    49.21996 -119.45927 
    49.66882 -119.91015 
    50.14548 -120.33164 
    50.64799 -120.72204 
    51.17430 -121.07972 
    51.72224 -121.40325 
    52.28959 -121.69133 
    52.87401 -121.94279 
    53.47312 -122.15663 
    54.08446 -122.33205 
    54.70554 -122.46835 
    55.33384 -122.56506 
    55.96682 -122.62186 
    56.60193 -122.63861 
    57.23662 -122.61532 
    57.86839 -122.55219 
    58.49474 -122.44960 
    59.09727 -122.24586 
    59.63667 -121.86710 
    60.16499 -121.52640 
    60.68486 -121.20383 
    61.19201 -120.87648 
    61.68756 -120.54081 
    62.17239 -120.19423 
    62.64839 -119.83606 
    63.11825 -119.46632 
    63.58643 -119.08603 
    64.06631 -118.70222 
    64.56906 -118.31561 
    65.12479 -117.93591 
    65.48146 -117.40871 
    65.78308 -116.84747 
    66.05058 -116.26813 
    66.28326 -115.67280 
    66.54092 -115.07905 
    66.81814 -114.47599 
    67.09904 -113.85324 
    67.37549 -113.20496 
    67.62823 -112.52715 
    67.82822 -111.82085 
    67.94193 -111.09457 
    67.93967 -110.36436 
    67.80412 -109.65091 
    67.53577 -108.97453 
    67.15295 -108.34970 
    66.68645 -107.78173 
    66.24121 -107.22791 
    66.09605 -106.50199 
    65.90629 -105.76714 
    65.65803 -105.03529 
    65.33823 -104.32322 
    64.93699 -103.65120 
    64.44971 -103.04081 
    63.87831 -102.51207 
    63.23148 -102.08064 
    62.52369 -101.75549 
    61.77317 -101.53770 
    60.99932 -101.42059 
    60.22024 -101.39114 
    59.45059 -101.43235 
    58.70050 -101.52604 
    57.97836 -101.63157 
    57.28651 -101.64603 
    56.60193 -101.70677 
    55.92772 -101.81092 
    55.26643 -101.95561 
    54.62011 -102.13810 
    53.99039 -102.35587 
    53.37857 -102.60666 
    52.78574 -102.88855 
    52.21287 -103.19992 
    51.66088 -103.53941 
    51.13073 -103.90591 
    50.62344 -104.29845 
    50.14012 -104.71616 
    49.68199 -105.15816 
    49.25037 -105.62357 
    48.84662 -106.11140 
    48.47216 -106.62053 
    48.12764 -107.14919 
    47.80450 -107.69072 
    47.51509 -108.25121 
    47.26072 -108.82870 
    47.04250 -109.42110 
    46.86142 -110.02621 
    46.71833 -110.64175 
    46.61394 -111.26537 
    46.54879 -111.89465 
Cell 21 100 65.99174 -129.54865 
    55.98214 -129.54865 
    56.00318 -130.17708 
    56.06365 -130.80286 
    56.16374 -131.42343 
    56.27953 -132.04231 
    56.39627 -132.66640 
    56.54857 -133.28746 
    56.74318 -133.90068 
    56.98036 -134.50270 
    57.25675 -135.09204 
    57.57220 -135.66580 
    57.92620 -136.22104 
    58.31792 -136.75484 
    58.74626 -137.26430 
    59.20979 -137.74663 
    59.70686 -138.19904 
    60.23551 -138.61902 
    60.79361 -139.00401 
    61.37873 -139.35181 
    61.98829 -139.66022 
    62.61961 -139.92702 
    63.27302 -140.13739 
    63.94445 -140.28093 
    64.62360 -140.37863 
    65.30706 -140.43140 
    65.99174 -140.44266 
    66.67614 -140.42683 
    67.36118 -140.38890 
    68.04864 -140.33127 
    68.73745 -140.24245 
    69.40842 -140.06409 
    70.06239 -139.82993 
    70.69826 -139.55049 
    71.10647 -138.85229 
    71.34875 -137.98993 
    71.69656 -137.40065 
    72.07241 -136.89891 
    72.39227 -136.36450 
    72.68642 -135.83536 
    72.96630 -135.31850 
    73.24125 -134.81572 
    73.51853 -134.32529 
    73.80362 -133.84326 
    74.10109 -133.36461 
    74.40861 -132.88112 
    74.72199 -132.38527 
    75.03616 -131.87085 
    75.34033 -131.33199 
    75.65824 -130.76981 
    76.01482 -130.17924 
    76.41719 -129.54865 
    76.36764 -128.89584 
    76.29857 -128.24660 
    76.22518 -127.59651 
    76.11050 -126.95059 
    75.95239 -126.31223 
    75.75071 -125.68480 
    75.50569 -125.07172 
    75.21796 -124.47649 
    74.88860 -123.90253 
    74.51907 -123.35318 
    74.11131 -122.83155 
    73.66763 -122.34051 
    73.19066 -121.88258 
    72.68333 -121.45992 
    72.14874 -121.07427 
    71.62564 -120.67104 
    71.14590 -120.17326 
    70.63716 -119.67664 
    70.09162 -119.19354 
    69.50268 -118.74310 
    68.86721 -118.34943 
    68.18751 -118.03805 
    67.47198 -117.83132 
    66.73444 -117.74395 
    65.99174 -117.77988 
    65.26085 -117.93145 
    64.57240 -118.31333 
    63.94169 -118.80189 
    63.35390 -119.27490 
    62.79774 -119.71853 
    62.26152 -120.12717 
    61.73651 -120.50581 
    61.21545 -120.86060 
    60.69274 -121.19875 
    60.16380 -121.52717 
    59.63690 -121.86695 
    59.11939 -122.23033 
    58.67270 -122.67560 
    58.26184 -123.15392 
    57.88083 -123.65572 
    57.53002 -124.17867 
    57.21159 -124.72172 
    56.92728 -125.28323 
    56.67853 -125.86128 
    56.46646 -126.45370 
    56.29200 -127.05817 
    56.15588 -127.67236 
    56.05863 -128.29381 
    56.00064 -128.92006 
Cell 22 100 77.57122 -98.20433 
    65.43790 -98.20433 
    65.45742 -98.96647 
    65.55116 -99.72282 
    65.71648 -100.46574 
    65.94917 -101.18837 
    66.24377 -101.88483 
    66.59397 -102.55053 
    66.99294 -103.18209 
    67.43381 -103.77742 
    67.90995 -104.33556 
    68.41533 -104.85648 
    68.94467 -105.34083 
    69.49359 -105.78973 
    70.05862 -106.20443 
    70.63715 -106.58618 
    71.22732 -106.93597 
    71.82782 -107.25448 
    72.43781 -107.54196 
    73.05666 -107.79827 
    73.68378 -108.02287 
    74.31858 -108.21492 
    74.96027 -108.37333 
    75.60781 -108.49690 
    76.25991 -108.58440 
    76.91500 -108.63466 
    77.57122 -108.65307 
    78.22764 -108.63778 
    78.88192 -108.57957 
    79.53115 -108.47866 
    80.17245 -108.33548 
    80.80299 -108.15067 
    81.41993 -107.92506 
    82.02058 -107.65970 
    82.60228 -107.35580 
    83.16249 -107.01476 
    83.69878 -106.63820 
    84.20885 -106.22785 
    84.69054 -105.78564 
    85.14185 -105.31363 
    85.56098 -104.81403 
    85.94639 -104.28925 
    86.29689 -103.74181 
    86.61189 -103.17448 
    86.89172 -102.59023 
    87.13814 -101.99214 
    87.35493 -101.38326 
    87.54860 -100.76608 
    87.72855 -100.14194 
    87.90655 -99.50999 
    88.09486 -98.86642 
    88.30281 -98.20433 
    88.53230 -97.51472 
    88.77333 -96.78918 
    89.00146 -96.02390 
    89.17911 -95.22393 
    89.26133 -94.40598 
    89.20560 -93.59795 
    88.98254 -92.83457 
    88.58426 -92.14986 
    88.02700 -91.56889 
    87.34725 -91.10163 
    86.59255 -90.74123 
    86.08577 -90.20863 
    85.67393 -89.57582 
    85.21468 -88.96498 
    84.70767 -88.38184 
    84.15337 -87.83251 
    83.55309 -87.32333 
    82.90914 -86.86067 
    82.22482 -86.45068 
    81.50446 -86.09908 
    80.75330 -85.81096 
    79.97743 -85.59052 
    79.18362 -85.44089 
    78.37906 -85.36407 
    77.57122 -85.36076 
    76.76756 -85.43040 
    75.97528 -85.57115 
    75.20116 -85.78004 
    74.45132 -86.05312 
    73.73106 -86.38556 
    73.04482 -86.77196 
    72.39604 -87.20652 
    71.78723 -87.68330 
    71.21998 -88.19638 
    70.69507 -88.74012 
    70.21255 -89.30923 
    69.77194 -89.89895 
    69.37233 -90.50506 
    69.01254 -91.12398 
    68.69128 -91.75268 
    68.20775 -92.26209 
    67.70551 -92.78061 
    67.23543 -93.34068 
    66.80485 -93.94163 
    66.42130 -94.58150 
    66.09216 -95.25701 
    65.82419 -95.96346 
    65.62315 -96.69494 
    65.49345 -97.44447 
Cell 23 100 95.35495 -123.08222 
    83.78704 -123.08222 
    83.95602 -123.79939 
    84.17436 -124.49466 
    84.43484 -125.16534 
    84.73072 -125.81006 
    85.07365 -126.42281 
    85.82598 -126.85501 
    86.46730 -127.26443 
    87.02127 -127.66370 
    87.50945 -128.06113 
    87.97083 -128.44710 
    88.42446 -128.81563 
    88.86903 -129.17290 
    89.30536 -129.52437 
    89.73570 -129.87473 
    90.16385 -130.22716 
    90.59396 -130.58434 
    91.03049 -130.94838 
    91.47874 -131.31958 
    91.94455 -131.69591 
    92.43443 -132.07063 
    92.95220 -132.44029 
    93.49372 -132.83913 
    94.02748 -133.59016 
    94.68439 -133.74048 
    95.35495 -133.78917 
    96.02881 -133.79288 
    96.70277 -133.75131 
    97.37361 -133.66441 
    98.03810 -133.53241 
    98.69302 -133.35576 
    99.33520 -133.13519 
    99.96149 -132.87161 
    100.56886 -132.56628 
    101.15434 -132.22060 
    101.71512 -131.83624 
    102.24850 -131.41510 
    102.75196 -130.95924 
    103.22313 -130.47093 
    103.65984 -129.95262 
    104.06013 -129.40691 
    104.42223 -128.83649 
    104.74463 -128.24425 
    105.02603 -127.63309 
    105.26537 -127.00603 
    105.46185 -126.36615 
    105.61490 -125.71653 
    105.72424 -125.06027 
    105.78980 -124.40045 
    105.81178 -123.74011 
    105.79064 -123.08222 
    105.72707 -122.42966 
    105.62202 -121.78519 
    105.47668 -121.15140 
    105.29242 -120.53072 
    105.07086 -119.92533 
    104.81378 -119.33720 
    104.52315 -118.76800 
    104.20098 -118.21908 
    103.84942 -117.69147 
    103.47058 -117.18587 
    103.06654 -116.70264 
    102.64464 -116.23675 
    102.20042 -115.79253 
    101.72919 -115.37709 
    101.23344 -114.99118 
    100.72728 -114.61678 
    100.20330 -114.26310 
    99.66154 -113.93025 
    99.10177 -113.61884 
    98.52361 -113.33012 
    97.92667 -113.06601 
    97.31081 -112.82926 
    96.67621 -112.62337 
    96.02372 -112.45248 
    95.35495 -112.32126 
    94.67247 -112.23458 
    93.97987 -112.19733 
    93.28173 -112.21404 
    92.58360 -112.28850 
    91.89172 -112.42350 
    91.21290 -112.62059 
    90.55406 -112.87982 
    89.92201 -113.19975 
    89.32301 -113.57740 
    88.76249 -114.00848 
    88.23131 -114.47122 
    87.59353 -114.81715 
    86.97522 -115.21313 
    86.38464 -115.66134 
    85.83080 -116.16253 
    85.32294 -116.71571 
    84.86996 -117.31805 
    84.47985 -117.96479 
    84.15909 -118.64947 
    83.91221 -119.36425 
    83.74152 -120.10040 
    83.64693 -120.84880 
    83.62612 -121.60052 
    83.67478 -122.34737 
Cell 24 100 -100.41349 -107.35899 
    -110.59007 -107.35899 
    -110.58079 -107.99866 
    -110.53066 -108.63709 
    -110.43973 -109.27160 
    -110.30830 -109.89955 
    -110.13683 -110.51830 
    -109.92599 -111.12526 
    -109.67661 -111.71788 
    -109.38969 -112.29369 
    -109.06642 -112.85031 
    -108.70815 -113.38542 
    -108.31639 -113.89684 
    -107.89279 -114.38252 
    -107.43913 -114.84055 
    -106.95734 -115.26914 
    -106.44940 -115.66671 
    -105.91744 -116.03183 
    -105.36362 -116.36324 
    -104.79016 -116.65989 
    -104.19932 -116.92089 
    -103.59333 -117.14554 
    -102.97446 -117.33331 
    -102.34491 -117.48383 
    -101.70684 -117.59688 
    -101.06236 -117.67236 
    -100.41349 -117.71028 
    -99.76221 -117.71072 
    -99.11043 -117.67381 
    -98.45997 -117.59973 
    -97.81264 -117.48863 
    -97.17025 -117.34066 
    -96.53461 -117.15594 
    -95.90756 -116.93457 
    -95.29108 -116.67661 
    -94.68725 -116.38211 
    -94.15205 -115.97713 
    -93.86829 -115.27077 
    -93.62695 -114.58592 
    -93.36212 -113.98067 
    -93.07140 -113.43290 
    -92.76531 -112.91571 
    -92.44446 -112.41630 
    -92.10522 -111.92651 
    -91.74619 -111.43752 
    -91.39369 -110.93018 
    -91.03068 -110.40765 
    -90.63968 -109.86848 
    -90.21320 -109.30480 
    -89.73991 -108.70738 
    -89.11321 -108.06995 
    -88.36231 -107.35899 
    -88.11487 -106.58523 
    -88.08123 -105.80106 
    -88.28370 -105.04511 
    -88.69927 -104.35130 
    -89.26799 -103.73760 
    -89.91367 -103.20182 
    -90.35758 -102.62704 
    -90.21781 -101.75387 
    -89.99355 -100.74630 
    -91.60414 -100.95863 
    -92.08508 -100.46913 
    -92.59284 -100.01492 
    -93.12407 -99.59655 
    -93.67564 -99.21433 
    -94.24463 -98.86828 
    -94.82838 -98.55827 
    -95.42450 -98.28405 
    -96.03081 -98.04533 
    -96.64536 -97.84178 
    -97.26637 -97.67315 
    -97.89220 -97.53922 
    -98.52131 -97.43981 
    -99.14367 -97.30730 
    -99.77273 -97.17435 
    -100.41349 -97.04977 
    -101.06949 -96.93219 
    -101.74405 -96.82652 
    -102.43811 -96.74555 
    -103.14783 -96.70943 
    -103.86308 -96.74227 
    -104.56766 -96.86676 
    -105.24198 -97.09794 
    -105.86725 -97.43865 
    -106.43006 -97.87840 
    -106.92556 -98.39590 
    -107.35786 -98.96470 
    -107.73786 -99.55933 
    -108.07934 -100.16028 
    -108.39487 -100.75623 
    -108.69302 -101.34357 
    -108.97733 -101.92422 
    -109.24696 -102.50275 
    -109.54043 -103.06419 
    -109.80500 -103.64063 
    -110.03294 -104.23344 
    -110.22315 -104.84030 
    -110.37468 -105.45879 
    -110.48672 -106.08645 
    -110.55867 -106.72071 
