6 25 
Cell 0 100 -114.96651 -153.64096 
    -124.97335 -153.64096 
    -124.95904 -154.26964 
    -124.90888 -154.89697 
    -124.82394 -155.52136 
    -124.70627 -156.14171 
    -124.55211 -156.75551 
    -124.35902 -157.35971 
    -124.12752 -157.95180 
    -123.85828 -158.52925 
    -123.55216 -159.08958 
    -123.21019 -159.63034 
    -122.83357 -160.14915 
    -122.42370 -160.64372 
    -121.98211 -161.11182 
    -121.51050 -161.55128 
    -121.01074 -161.96013 
    -120.48485 -162.33646 
    -119.93495 -162.67851 
    -119.36334 -162.98470 
    -118.77240 -163.25352 
    -118.16463 -163.48373 
    -117.54262 -163.67421 
    -116.90904 -163.82404 
    -116.26663 -163.93245 
    -115.61818 -163.99892 
    -114.96651 -164.02307 
    -114.31448 -164.00481 
    -113.66492 -163.94415 
    -113.02068 -163.84137 
    -112.38458 -163.69691 
    -111.75939 -163.51146 
    -111.14783 -163.28586 
    -110.55253 -163.02115 
    -109.97605 -162.71858 
    -109.42086 -162.37952 
    -108.88927 -162.00557 
    -108.38352 -161.59843 
    -107.90565 -161.16000 
    -107.45763 -160.69228 
    -107.04118 -160.19737 
    -106.65791 -159.67752 
    -106.30922 -159.13504 
    -105.99571 -158.57271 
    -105.71619 -157.99384 
    -105.83258 -157.25734 
    -105.98129 -156.56044 
    -106.06874 -155.92552 
    -106.14156 -155.32442 
    -106.22864 -154.74481 
    -106.34961 -154.18309 
    -106.45454 -153.64096 
    -106.55338 -153.11165 
    -106.63020 -152.58783 
    -106.71436 -152.06677 
    -106.75699 -151.53311 
    -106.75884 -150.97414 
    -106.59283 -150.32559 
    -106.27414 -149.55063 
    -106.07526 -148.75294 
    -105.53043 -147.65263 
    -105.22566 -146.56381 
    -105.60063 -145.89282 
    -106.04903 -145.26689 
    -106.56812 -144.69759 
    -107.15199 -144.19482 
    -107.79192 -143.76598 
    -108.47707 -143.41522 
    -109.19542 -143.14337 
    -110.03171 -143.15395 
    -110.79746 -143.11115 
    -111.55739 -143.14873 
    -112.32085 -143.33679 
    -113.02645 -143.47078 
    -113.69386 -143.56683 
    -114.33738 -143.64107 
    -114.96651 -143.67366 
    -115.59459 -143.65799 
    -116.22857 -143.65077 
    -116.87229 -143.65053 
    -117.53252 -143.64700 
    -118.22226 -143.62083 
    -118.95299 -143.57227 
    -119.59330 -143.80855 
    -120.15117 -144.21011 
    -120.66232 -144.66580 
    -121.16223 -145.11330 
    -121.76016 -145.42885 
    -122.55377 -145.56136 
    -122.55272 -146.51704 
    -122.86482 -147.10690 
    -123.21599 -147.64737 
    -123.53702 -148.20195 
    -123.82752 -148.76958 
    -124.08698 -149.34920 
    -124.31476 -149.93973 
    -124.51011 -150.54005 
    -124.67223 -151.14896 
    -124.80029 -151.76506 
    -124.89349 -152.38689 
    -124.95123 -153.01277 
Cell 1 100 -95.90712 -153.88281 
    -106.40772 -153.88281 
    -106.27382 -154.53502 
    -106.16348 -155.17850 
    -106.08109 -155.82359 
    -105.99340 -156.47253 
    -105.86242 -157.11749 
    -105.66655 -157.74684 
    -105.30517 -158.30519 
    -104.92786 -158.84201 
    -104.53462 -159.35799 
    -104.12473 -159.85326 
    -103.69706 -160.32721 
    -103.25053 -160.77873 
    -102.78432 -161.20628 
    -102.29794 -161.60800 
    -101.79759 -161.99036 
    -101.27939 -162.34814 
    -100.73943 -162.67276 
    -100.17986 -162.96284 
    -99.60287 -163.21721 
    -99.01074 -163.43478 
    -98.40583 -163.61464 
    -97.79054 -163.75604 
    -97.16733 -163.85837 
    -96.53868 -163.92116 
    -95.90712 -163.94414 
    -95.27518 -163.92717 
    -94.64541 -163.87030 
    -94.02033 -163.77371 
    -93.40247 -163.63776 
    -92.79433 -163.46300 
    -92.19836 -163.25008 
    -91.61696 -162.99988 
    -91.05249 -162.71335 
    -90.50723 -162.39168 
    -89.98339 -162.03612 
    -89.48309 -161.64813 
    -89.00832 -161.22928 
    -88.56104 -160.78125 
    -88.14301 -160.30585 
    -87.75593 -159.80499 
    -87.40060 -159.28122 
    -87.06546 -158.74356 
    -86.75937 -158.18742 
    -86.48200 -157.61449 
    -86.23290 -157.02615 
    -86.15428 -156.38692 
    -86.19096 -155.73627 
    -86.21979 -155.10661 
    -86.24530 -154.49068 
    -86.27003 -153.88281 
    -86.29861 -153.27831 
    -86.33443 -152.67351 
    -86.38062 -152.06554 
    -86.43666 -151.45120 
    -86.50443 -150.82770 
    -86.58662 -150.19258 
    -86.68175 -149.54169 
    -86.78484 -148.86780 
    -86.88326 -148.15610 
    -86.92619 -147.35779 
    -87.34814 -146.80220 
    -87.85047 -146.31712 
    -88.39245 -145.88049 
    -88.96638 -145.49290 
    -89.56474 -145.15329 
    -90.18068 -144.85939 
    -90.80836 -144.60818 
    -91.44316 -144.39642 
    -92.08172 -144.22095 
    -92.72173 -144.07916 
    -93.31765 -143.79747 
    -93.93087 -143.52293 
    -94.58034 -143.38025 
    -95.24018 -143.28217 
    -95.90712 -143.22295 
    -96.57876 -143.20746 
    -97.24636 -143.28165 
    -97.88687 -143.50459 
    -98.49901 -143.78807 
    -99.08471 -144.10320 
    -99.68622 -144.33789 
    -100.31060 -144.52495 
    -100.93432 -144.73837 
    -101.55772 -144.97888 
    -102.18046 -145.24831 
    -102.80095 -145.54961 
    -103.41603 -145.88663 
    -104.02058 -146.26376 
    -104.60738 -146.68533 
    -105.16731 -147.15489 
    -105.57678 -147.74626 
    -105.89618 -148.39128 
    -106.15227 -149.06181 
    -106.35462 -149.74635 
    -106.61297 -150.40427 
    -106.75844 -151.09666 
    -106.73428 -151.81741 
    -106.64003 -152.52693 
    -106.53423 -153.21422 
Cell 2 100 -75.98052 -153.74518 
    -86.27654 -153.74518 
    -86.24934 -154.39124 
    -86.22259 -155.03905 
    -86.19293 -155.69330 
    -86.15592 -156.35779 
    -86.00310 -157.00171 
    -85.67862 -157.58493 
    -85.33650 -158.14777 
    -84.97639 -158.69069 
    -84.59750 -159.21368 
    -84.19895 -159.71622 
    -83.77985 -160.19734 
    -83.33964 -160.65585 
    -82.90186 -161.11566 
    -82.44720 -161.56206 
    -81.96396 -161.98068 
    -81.45361 -162.36938 
    -80.91785 -162.72614 
    -80.35857 -163.04901 
    -79.77790 -163.33624 
    -79.17805 -163.58618 
    -78.56149 -163.79735 
    -77.93072 -163.96844 
    -77.28844 -164.09839 
    -76.63742 -164.18626 
    -75.98052 -164.23137 
    -75.32067 -164.23325 
    -74.66083 -164.19165 
    -74.00399 -164.10654 
    -73.35316 -163.97806 
    -72.71134 -163.80667 
    -72.08148 -163.59302 
    -71.46649 -163.33798 
    -70.86919 -163.04266 
    -70.29229 -162.70840 
    -69.73842 -162.33670 
    -69.21003 -161.92929 
    -68.70944 -161.48810 
    -68.23879 -161.01514 
    -67.80006 -160.51265 
    -67.39500 -159.98293 
    -67.02525 -159.42836 
    -66.69223 -158.85146 
    -66.39722 -158.25475 
    -66.13709 -157.64247 
    -65.87780 -157.02776 
    -65.65306 -156.39682 
    -65.52000 -155.74063 
    -65.54408 -155.06361 
    -65.54436 -154.40176 
    -65.52445 -153.74518 
    -65.48474 -153.08484 
    -65.42239 -152.41138 
    -65.33096 -151.71367 
    -65.41518 -151.03246 
    -65.61459 -150.37708 
    -65.86720 -149.74103 
    -66.17100 -149.12917 
    -66.52292 -148.54582 
    -66.91903 -147.99458 
    -67.35474 -147.47818 
    -67.82515 -146.99846 
    -68.32524 -146.55640 
    -68.85023 -146.15219 
    -69.39571 -145.78551 
    -69.95778 -145.45558 
    -70.53315 -145.16150 
    -71.11912 -144.90231 
    -71.70813 -144.66589 
    -72.32750 -144.51868 
    -72.93777 -144.38057 
    -73.54171 -144.24663 
    -74.14567 -144.12653 
    -74.75276 -144.02649 
    -75.36180 -143.91098 
    -75.98052 -143.77803 
    -76.61732 -143.62361 
    -77.28263 -143.43793 
    -77.98335 -143.24599 
    -78.71580 -143.09196 
    -79.50315 -142.90363 
    -80.27374 -142.90175 
    -81.02799 -143.01877 
    -81.75730 -143.23726 
    -82.50894 -143.45804 
    -83.24569 -143.74553 
    -83.95721 -144.10303 
    -84.63252 -144.53174 
    -85.26064 -145.03056 
    -85.83124 -145.59596 
    -86.33527 -146.22202 
    -86.76563 -146.90074 
    -86.90569 -147.73901 
    -86.81542 -148.64667 
    -86.68719 -149.50610 
    -86.57224 -150.30373 
    -86.48035 -151.04929 
    -86.40887 -151.75587 
    -86.35256 -152.43489 
    -86.30945 -153.09534 
Cell 3 100 -55.49435 -154.68034 
    -65.54424 -154.68034 
    -65.53525 -155.31206 
    -65.52248 -155.94719 
    -65.40378 -156.57066 
    -65.24904 -157.18492 
    -65.05894 -157.78807 
    -64.83398 -158.37817 
    -64.57476 -158.95326 
    -64.28191 -159.51135 
    -63.95785 -160.05144 
    -63.60249 -160.57126 
    -63.21519 -161.06758 
    -62.79752 -161.53848 
    -62.35115 -161.98210 
    -61.87785 -162.39668 
    -61.37953 -162.78059 
    -60.85816 -163.13237 
    -60.31584 -163.45061 
    -59.75471 -163.73409 
    -59.17701 -163.98169 
    -58.58503 -164.19249 
    -57.98125 -164.36618 
    -57.36816 -164.50322 
    -56.74768 -164.60149 
    -56.12225 -164.66061 
    -55.49435 -164.68034 
    -54.86644 -164.66061 
    -54.24101 -164.60149 
    -53.62053 -164.50322 
    -53.00745 -164.36618 
    -52.40418 -164.19090 
    -51.81310 -163.97810 
    -51.23655 -163.72861 
    -50.67533 -163.44611 
    -50.13005 -163.13312 
    -49.60304 -162.78903 
    -49.09532 -162.41544 
    -48.60765 -162.01393 
    -48.14057 -161.58600 
    -47.69442 -161.13300 
    -47.26955 -160.65601 
    -46.86636 -160.15584 
    -46.48552 -159.63298 
    -46.12812 -159.08775 
    -46.20351 -158.35884 
    -46.36401 -157.64696 
    -46.43731 -157.00580 
    -46.46514 -156.40276 
    -46.47730 -155.81946 
    -46.49242 -155.24669 
    -46.50669 -154.68034 
    -46.54470 -154.11728 
    -46.59674 -153.55632 
    -46.67876 -152.99869 
    -46.77951 -152.44275 
    -46.91174 -151.89169 
    -47.05970 -151.34082 
    -47.23147 -150.79213 
    -47.41186 -150.23697 
    -47.58796 -149.66280 
    -47.73730 -149.04453 
    -47.79652 -148.31215 
    -47.71415 -147.37425 
    -48.25136 -146.96735 
    -48.80632 -146.59590 
    -49.37551 -146.25850 
    -49.95631 -145.95380 
    -50.54681 -145.68080 
    -51.14567 -145.43893 
    -51.75191 -145.22804 
    -52.36475 -145.04845 
    -52.98338 -144.90079 
    -53.60689 -144.78595 
    -54.23416 -144.70496 
    -54.86382 -144.65846 
    -55.49435 -144.62556 
    -56.12668 -144.62971 
    -56.75884 -144.67085 
    -57.38885 -144.74898 
    -58.01471 -144.86417 
    -58.63740 -145.00703 
    -59.25549 -145.18077 
    -59.85503 -145.41344 
    -60.43195 -145.69888 
    -61.00177 -146.00203 
    -61.55180 -146.34299 
    -62.07867 -146.72127 
    -62.57898 -147.13599 
    -63.04933 -147.58574 
    -63.48654 -148.06863 
    -63.88773 -148.58220 
    -64.25049 -149.12354 
    -64.57293 -149.68935 
    -64.85376 -150.27614 
    -65.09226 -150.88026 
    -65.28827 -151.49811 
    -65.38687 -152.14038 
    -65.45651 -152.77997 
    -65.50464 -153.41576 
    -65.53365 -154.04872 
Cell 4 100 -36.50125 -153.56670 
    -46.59578 -153.56670 
    -46.53923 -154.19823 
    -46.50292 -154.83020 
    -46.48649 -155.47148 
    -46.47090 -156.12646 
    -46.44689 -156.79823 
    -46.38319 -157.47923 
    -46.24970 -158.15396 
    -46.07916 -158.83220 
    -45.63179 -159.36111 
    -45.16290 -159.85976 
    -44.67443 -160.32814 
    -44.16806 -160.76631 
    -43.64520 -161.17422 
    -43.10704 -161.55173 
    -42.55466 -161.89851 
    -41.98911 -162.21419 
    -41.43744 -162.54559 
    -40.87902 -162.86993 
    -40.29922 -163.15927 
    -39.70017 -163.41197 
    -39.08418 -163.62656 
    -38.45366 -163.80161 
    -37.81119 -163.93596 
    -37.15945 -164.02859 
    -36.50125 -164.07869 
    -35.83945 -164.08563 
    -35.17702 -164.04903 
    -34.51696 -163.96872 
    -33.86229 -163.84476 
    -33.21606 -163.67747 
    -32.58129 -163.46738 
    -31.96098 -163.21526 
    -31.35805 -162.92215 
    -30.77537 -162.58923 
    -30.21570 -162.21802 
    -29.68165 -161.81018 
    -29.17569 -161.36763 
    -28.70021 -160.89236 
    -28.25741 -160.38660 
    -27.84927 -159.85272 
    -27.47757 -159.29330 
    -27.14385 -158.71097 
    -26.84915 -158.10863 
    -26.59470 -157.48897 
    -26.38135 -156.85486 
    -26.20973 -156.20911 
    -26.08034 -155.55460 
    -25.99350 -154.89413 
    -25.94945 -154.23056 
    -25.94830 -153.56670 
    -25.99000 -152.90538 
    -26.07438 -152.24948 
    -26.20101 -151.60182 
    -26.36919 -150.96523 
    -26.57798 -150.34244 
    -26.82612 -149.73604 
    -27.11212 -149.14851 
    -27.43090 -148.58023 
    -27.78269 -148.03374 
    -28.16740 -147.51180 
    -28.58340 -147.01648 
    -29.02897 -146.54976 
    -29.49858 -146.10962 
    -29.94713 -145.64413 
    -30.42331 -145.20113 
    -30.92561 -144.78090 
    -31.45342 -144.38474 
    -32.00616 -144.01416 
    -32.59867 -143.70990 
    -33.21172 -143.44260 
    -33.85230 -143.24973 
    -34.51149 -143.13605 
    -35.16919 -143.02238 
    -35.83099 -142.91319 
    -36.50125 -142.81049 
    -37.18400 -142.71463 
    -37.88366 -142.62376 
    -38.60604 -142.53296 
    -39.34917 -142.47476 
    -40.09112 -142.51819 
    -40.83805 -142.61319 
    -41.61917 -142.69055 
    -42.35485 -142.91904 
    -43.07737 -143.20439 
    -43.78071 -143.54738 
    -44.45853 -143.94798 
    -45.10442 -144.40524 
    -45.71198 -144.91724 
    -46.27512 -145.48105 
    -46.78818 -146.09280 
    -47.24617 -146.74776 
    -47.64615 -147.43974 
    -47.79141 -148.25395 
    -47.71767 -149.12579 
    -47.48521 -149.99779 
    -47.22483 -150.81334 
    -46.99976 -151.56400 
    -46.82269 -152.26279 
    -46.69202 -152.92555 
Cell 5 100 -14.24322 -154.05666 
    -24.61643 -154.05666 
    -24.62416 -154.70976 
    -24.58918 -155.36365 
    -24.51133 -156.01540 
    -24.39067 -156.66208 
    -24.22746 -157.30074 
    -24.02222 -157.92844 
    -23.77567 -158.54228 
    -23.48874 -159.13942 
    -23.16259 -159.71706 
    -22.79858 -160.27249 
    -22.39826 -160.80309 
    -21.96341 -161.30640 
    -21.49595 -161.78003 
    -20.99800 -162.22179 
    -20.47185 -162.62962 
    -19.91991 -163.00168 
    -19.34473 -163.33626 
    -18.74898 -163.63187 
    -18.13543 -163.88724 
    -17.50693 -164.10132 
    -16.86640 -164.27324 
    -16.21678 -164.40237 
    -15.56105 -164.48833 
    -14.90221 -164.53098 
    -14.24322 -164.53032 
    -13.58702 -164.48665 
    -12.93650 -164.40045 
    -12.29446 -164.27243 
    -11.66363 -164.10352 
    -11.04663 -163.89474 
    -10.44597 -163.64742 
    -9.86401 -163.36295 
    -9.30301 -163.04288 
    -8.76503 -162.68890 
    -8.25202 -162.30284 
    -7.76575 -161.88657 
    -7.30787 -161.44206 
    -6.86404 -160.98616 
    -6.42343 -160.52574 
    -6.00974 -160.03864 
    -5.62452 -159.52625 
    -5.26946 -158.99002 
    -4.94633 -158.43144 
    -4.65692 -157.85214 
    -4.41678 -157.24947 
    -4.23255 -156.62695 
    -4.10321 -155.99097 
    -4.04771 -155.34465 
    -4.01048 -154.70044 
    -3.98634 -154.05666 
    -3.97651 -153.41074 
    -3.88999 -152.74873 
    -3.76762 -152.05832 
    -3.63813 -151.33372 
    -3.50539 -150.56772 
    -3.36687 -149.75040 
    -3.20029 -148.86024 
    -3.13733 -147.95114 
    -3.64090 -147.32822 
    -4.25648 -146.80087 
    -4.95259 -146.37077 
    -5.69522 -146.02956 
    -6.45338 -145.76131 
    -7.20299 -145.54648 
    -7.92895 -145.36581 
    -8.62489 -145.20358 
    -9.27354 -145.01685 
    -9.86554 -144.75362 
    -10.47016 -144.52698 
    -11.08499 -144.33661 
    -11.70820 -144.18341 
    -12.33045 -144.02953 
    -12.95878 -143.88925 
    -13.59743 -143.79216 
    -14.24322 -143.73830 
    -14.89550 -143.68903 
    -15.55907 -143.64067 
    -16.23798 -143.59976 
    -16.93577 -143.56989 
    -17.65541 -143.55504 
    -18.35824 -143.66330 
    -19.02133 -143.90265 
    -19.60829 -144.29762 
    -20.14424 -144.75813 
    -20.62954 -145.26665 
    -21.06870 -145.80608 
    -21.46866 -146.36235 
    -21.83685 -146.92577 
    -22.17950 -147.49120 
    -22.50057 -148.05734 
    -22.80144 -148.62544 
    -23.12251 -149.17523 
    -23.43435 -149.73164 
    -23.71448 -150.30672 
    -23.96055 -150.89931 
    -24.17046 -151.50778 
    -24.34236 -152.13014 
    -24.47475 -152.76411 
    -24.56641 -153.40718 
Cell 6 100 5.64473 -154.32324 
    -3.99634 -154.32324 
    -4.02384 -154.93153 
    -4.06534 -155.54990 
    -4.14379 -156.19051 
    -4.30696 -156.87840 
    -4.50626 -157.62151 
    -4.29744 -158.25963 
    -4.04640 -158.88354 
    -3.75432 -159.49042 
    -3.42194 -160.07713 
    -3.05067 -160.64082 
    -2.64224 -161.17882 
    -2.19854 -161.68857 
    -1.72165 -162.16765 
    -1.21386 -162.61386 
    -0.67758 -163.02516 
    -0.11540 -163.39975 
    0.47000 -163.73605 
    1.07581 -164.03268 
    1.69920 -164.28851 
    2.33722 -164.50272 
    2.98695 -164.67459 
    3.64545 -164.80383 
    4.30981 -164.89024 
    4.97716 -164.93390 
    5.64473 -164.93506 
    6.30980 -164.89424 
    6.96978 -164.81209 
    7.62217 -164.68936 
    8.26461 -164.52701 
    8.89484 -164.32605 
    9.51071 -164.08759 
    10.11019 -163.81282 
    10.69131 -163.50293 
    11.25219 -163.15918 
    11.79097 -162.78281 
    12.33276 -162.40767 
    12.86511 -162.01216 
    13.37598 -161.58336 
    13.86268 -161.12172 
    14.32256 -160.62805 
    14.75279 -160.10339 
    15.15049 -159.54907 
    15.51270 -158.96675 
    15.83648 -158.35844 
    16.08943 -157.71693 
    16.18849 -157.03043 
    16.24877 -156.34607 
    16.18418 -155.65468 
    16.13344 -154.98314 
    16.08753 -154.32324 
    16.04110 -153.66916 
    15.99128 -153.01616 
    15.93708 -152.35986 
    15.87908 -151.69551 
    15.81951 -151.01726 
    15.76280 -150.31721 
    15.67053 -149.60545 
    15.31524 -149.00684 
    14.91986 -148.43707 
    14.48760 -147.89853 
    14.02177 -147.39316 
    13.52575 -146.92247 
    13.00286 -146.48763 
    12.45634 -146.08942 
    11.88927 -145.72838 
    11.30457 -145.40475 
    10.70498 -145.11868 
    10.09304 -144.87010 
    9.47111 -144.65892 
    8.84138 -144.48495 
    8.20592 -144.34807 
    7.56667 -144.24808 
    6.94627 -144.02051 
    6.30088 -143.89398 
    5.64473 -143.74937 
    4.96866 -143.57744 
    4.26487 -143.40050 
    3.53124 -143.24396 
    2.76972 -143.12581 
    1.97983 -143.04384 
    1.16400 -143.00621 
    0.54668 -143.48933 
    0.07363 -144.18945 
    -0.37406 -144.83914 
    -0.93327 -145.26941 
    -1.44432 -145.75404 
    -1.90489 -146.28372 
    -2.31511 -146.84845 
    -2.67726 -147.43869 
    -2.99504 -148.04608 
    -3.19033 -148.71635 
    -3.30217 -149.40465 
    -3.41903 -150.05815 
    -3.52691 -150.69193 
    -3.63376 -151.30849 
    -3.74169 -151.91322 
    -3.84810 -152.51239 
    -3.93756 -153.11272 
    -3.98118 -153.71764 
Cell 7 100 25.58401 -153.28850 
    16.01206 -153.28850 
    16.05663 -153.88791 
    16.09891 -154.48674 
    16.14149 -155.08975 
    16.18850 -155.70085 
    16.24656 -156.32242 
    16.19050 -157.00764 
    16.07037 -157.76527 
    16.34016 -158.37035 
    16.65240 -158.95668 
    17.00361 -159.52252 
    17.39248 -160.06512 
    17.81744 -160.58179 
    18.27670 -161.06999 
    18.76831 -161.52727 
    19.29012 -161.95129 
    19.83975 -162.34000 
    20.41472 -162.69141 
    21.01234 -163.00378 
    21.62983 -163.27562 
    22.26427 -163.50560 
    22.91269 -163.69260 
    23.57201 -163.83580 
    24.23910 -163.93459 
    24.91082 -163.98860 
    25.58401 -163.99771 
    26.25553 -163.96201 
    26.92228 -163.88194 
    27.58118 -163.75804 
    28.22929 -163.59117 
    28.86371 -163.38237 
    29.48168 -163.13287 
    30.08056 -162.84415 
    30.65787 -162.51781 
    31.21127 -162.15564 
    31.73860 -161.75957 
    32.23787 -161.33162 
    32.70727 -160.87399 
    33.14519 -160.38892 
    33.55019 -159.87869 
    33.93985 -159.35938 
    34.34216 -158.84659 
    34.71674 -158.30927 
    35.06213 -157.74857 
    35.37674 -157.16571 
    35.45088 -156.49445 
    35.47636 -155.82841 
    35.52217 -155.18430 
    35.58006 -154.55128 
    35.64557 -153.92151 
    35.71709 -153.28850 
    35.79583 -152.64603 
    35.88617 -151.98703 
    35.99696 -151.30212 
    36.14474 -150.57697 
    36.29125 -149.80951 
    36.09916 -149.12526 
    35.85660 -148.45459 
    35.56424 -147.80182 
    35.22304 -147.17139 
    34.83453 -146.56760 
    34.40081 -145.99461 
    33.92448 -145.45628 
    33.40868 -144.95607 
    32.89161 -144.45512 
    32.38507 -143.92764 
    31.81974 -143.46257 
    31.20139 -143.07053 
    30.53870 -142.75926 
    29.82069 -142.58788 
    29.06888 -142.56317 
    28.32051 -142.63054 
    27.61578 -142.63760 
    26.92747 -142.65392 
    26.25429 -142.63472 
    25.58401 -142.53413 
    24.90279 -142.46085 
    24.20805 -142.39662 
    23.49618 -142.34370 
    22.76372 -142.30418 
    22.00825 -142.28343 
    21.24643 -142.33302 
    20.52409 -142.53561 
    19.84897 -142.85649 
    19.21493 -143.25244 
    18.63007 -143.71722 
    18.10020 -144.24213 
    17.62854 -144.81677 
    17.21560 -145.43004 
    16.85951 -146.07095 
    16.55647 -146.72960 
    16.30150 -147.39763 
    16.08910 -148.06863 
    15.91399 -148.73813 
    15.77162 -149.40350 
    15.73305 -150.08772 
    15.80000 -150.77640 
    15.85600 -151.43279 
    15.91147 -152.06657 
    15.96379 -152.68324 
Cell 8 100 45.14622 -154.60150 
    35.57547 -154.60150 
    35.52055 -155.20711 
    35.47674 -155.82304 
    35.45255 -156.45067 
    35.40121 -157.10359 
    35.55268 -157.71863 
    35.76161 -158.31712 
    36.00819 -158.90154 
    36.29149 -159.46942 
    36.61040 -160.01849 
    36.96369 -160.54645 
    37.34996 -161.05113 
    37.76766 -161.53043 
    38.21512 -161.98238 
    38.69053 -162.40509 
    39.19199 -162.79680 
    39.71743 -163.15591 
    40.26472 -163.48091 
    40.83163 -163.77046 
    41.41582 -164.02339 
    42.01492 -164.23865 
    42.62645 -164.41533 
    43.24791 -164.55276 
    43.87675 -164.65036 
    44.51038 -164.70778 
    45.14622 -164.72479 
    45.78165 -164.70137 
    46.41408 -164.63766 
    47.04093 -164.53394 
    47.65966 -164.39072 
    48.26775 -164.20860 
    48.86275 -163.98840 
    49.44227 -163.73108 
    50.00397 -163.43773 
    50.54564 -163.10963 
    51.06510 -162.74814 
    51.56031 -162.35481 
    52.02934 -161.93129 
    52.47036 -161.47932 
    52.88167 -161.00082 
    53.26168 -160.49773 
    53.60896 -159.97212 
    53.92221 -159.42615 
    54.20028 -158.86201 
    54.44457 -158.28297 
    54.65849 -157.69223 
    54.83471 -157.08908 
    54.97293 -156.47604 
    55.01301 -155.84796 
    54.99308 -155.22101 
    54.93332 -154.60150 
    54.85798 -153.99048 
    54.76923 -153.38583 
    54.67219 -152.78433 
    54.57021 -152.18184 
    54.46695 -151.57301 
    54.37187 -150.94881 
    54.20679 -150.33792 
    53.92184 -149.77707 
    53.60226 -149.23514 
    53.25576 -148.70958 
    52.88069 -148.20299 
    52.47945 -147.71513 
    52.05416 -147.24529 
    51.60630 -146.79260 
    51.13642 -146.35669 
    50.64392 -145.93851 
    50.12721 -145.54111 
    49.58425 -145.17020 
    49.11441 -144.57899 
    48.62041 -143.90904 
    47.91764 -143.80753 
    47.14268 -144.13565 
    46.48125 -144.03363 
    45.81308 -144.00208 
    45.14622 -143.86038 
    44.46863 -143.83154 
    43.81524 -144.06570 
    43.20628 -144.43201 
    42.59813 -144.67734 
    42.00075 -144.92075 
    41.41908 -145.18782 
    40.85294 -145.47783 
    40.30286 -145.79146 
    39.77010 -146.13010 
    39.25651 -146.49503 
    38.76432 -146.88712 
    38.29586 -147.30661 
    37.85215 -147.75191 
    37.43730 -148.22414 
    37.05294 -148.72139 
    36.70058 -149.24174 
    36.38171 -149.78317 
    36.18174 -150.38315 
    36.05789 -151.00317 
    35.94677 -151.61241 
    35.85480 -152.21587 
    35.77526 -152.81389 
    35.70351 -153.40862 
    35.63707 -154.00323 
Cell 9 100 65.16036 -154.15939 
    54.87880 -154.15939 
    54.95262 -154.80161 
    55.00013 -155.44292 
    54.99705 -156.09814 
    55.04516 -156.75653 
    55.24091 -157.38242 
    55.45862 -158.00058 
    55.70359 -158.60942 
    55.98011 -159.20628 
    56.29103 -159.78804 
    56.63781 -160.35139 
    57.02064 -160.89316 
    57.43893 -161.41031 
    57.89137 -161.90009 
    58.37624 -162.35999 
    58.89162 -162.78757 
    59.43531 -163.18063 
    60.00487 -163.53720 
    60.59771 -163.85551 
    61.21112 -164.13405 
    61.84225 -164.37149 
    62.48819 -164.56682 
    63.14597 -164.71924 
    63.81256 -164.82834 
    64.48500 -164.89398 
    65.16036 -164.91631 
    65.83584 -164.89583 
    66.50879 -164.83328 
    67.17677 -164.72977 
    67.83759 -164.58653 
    68.48939 -164.40508 
    69.13055 -164.18694 
    69.75979 -163.93369 
    70.37612 -163.64682 
    70.97874 -163.32770 
    71.56697 -162.97734 
    72.14013 -162.59648 
    72.69735 -162.18547 
    73.23746 -161.74429 
    73.75877 -161.27261 
    74.25896 -160.76991 
    74.73492 -160.23560 
    75.18271 -159.66922 
    75.47282 -159.01207 
    75.07884 -158.08640 
    74.83067 -157.30147 
    74.79064 -156.63203 
    74.77438 -155.99336 
    74.76151 -155.37230 
    74.74645 -154.76250 
    74.73174 -154.15939 
    74.70978 -153.55859 
    74.67818 -152.95702 
    74.63968 -152.35112 
    74.59418 -151.73720 
    74.53764 -151.11253 
    74.47345 -150.47208 
    74.41084 -149.80646 
    74.35635 -149.10387 
    74.34261 -148.33217 
    74.31541 -147.50786 
    73.94572 -146.89151 
    73.53075 -146.29907 
    73.06724 -145.73943 
    72.55768 -145.21758 
    72.00521 -144.73827 
    71.41334 -144.30629 
    70.78635 -143.92575 
    70.12923 -143.60001 
    69.44859 -143.32855 
    68.73774 -143.14935 
    68.00016 -143.09911 
    67.26004 -143.15248 
    66.54494 -143.19936 
    65.84687 -143.24760 
    65.16036 -143.30043 
    64.48077 -143.35753 
    63.80310 -143.41556 
    63.12560 -143.49280 
    62.47585 -143.70392 
    61.84802 -143.96507 
    61.24127 -144.26089 
    60.66350 -144.60307 
    60.10993 -144.97270 
    59.58112 -145.36792 
    59.07760 -145.78719 
    58.59995 -146.22922 
    58.14885 -146.69289 
    57.63526 -147.09285 
    57.08971 -147.48277 
    56.54005 -147.89638 
    55.99627 -148.34367 
    55.47668 -148.83574 
    55.00627 -149.38124 
    54.61239 -149.98315 
    54.31871 -150.63673 
    54.44171 -151.40732 
    54.56274 -152.13779 
    54.68044 -152.83548 
    54.78698 -153.50676 
Cell 10 100 85.22483 -153.24791 
    74.69346 -153.24791 
    74.72257 -153.90866 
    74.74181 -154.57222 
    74.75835 -155.24451 
    74.77309 -155.93146 
    74.79100 -156.63806 
    74.86062 -157.35139 
    75.31304 -157.91205 
    75.78758 -158.43608 
    76.26279 -158.93539 
    76.73805 -159.41391 
    77.21605 -159.87335 
    77.70029 -160.31392 
    78.19434 -160.73462 
    78.70132 -161.13348 
    79.22350 -161.50803 
    79.76225 -161.85556 
    80.31801 -162.17339 
    80.89041 -162.45901 
    81.47840 -162.71031 
    82.08041 -162.92542 
    82.69450 -163.10289 
    83.31844 -163.24155 
    83.94983 -163.34056 
    84.58616 -163.39934 
    85.22483 -163.41754 
    85.86324 -163.39505 
    86.49923 -163.33578 
    87.13049 -163.23775 
    87.75465 -163.10094 
    88.36946 -162.92609 
    88.97276 -162.71408 
    89.56252 -162.46596 
    90.13684 -162.18282 
    90.69398 -161.86591 
    91.23231 -161.51649 
    91.75036 -161.13593 
    92.24677 -160.72552 
    92.72033 -160.28665 
    93.16988 -159.82062 
    93.59434 -159.32872 
    93.99268 -158.81215 
    94.36386 -158.27213 
    94.70679 -157.70978 
    95.02032 -157.12622 
    95.30318 -156.52257 
    95.55398 -155.89998 
    95.76924 -155.25937 
    95.90283 -154.59686 
    95.98514 -153.92488 
    96.06155 -153.24791 
    96.13769 -152.56133 
    96.21320 -151.85976 
    96.24998 -151.14474 
    96.19053 -150.43240 
    96.07124 -149.72369 
    95.90019 -149.02124 
    95.67791 -148.32907 
    95.40397 -147.65189 
    95.07854 -146.99455 
    94.70245 -146.36201 
    94.27716 -145.75917 
    93.80486 -145.19072 
    93.28838 -144.66110 
    92.73117 -144.17430 
    92.13722 -143.73381 
    91.51097 -143.34253 
    90.85720 -143.00266 
    90.18090 -142.71573 
    89.48715 -142.48253 
    88.78059 -142.30443 
    88.06614 -142.18175 
    87.34839 -142.11580 
    86.63269 -142.10358 
    85.92339 -142.14465 
    85.22483 -142.21663 
    84.53722 -142.31862 
    83.86232 -142.46251 
    83.20326 -142.65045 
    82.56297 -142.88063 
    81.94282 -143.14691 
    81.34386 -143.44571 
    80.76699 -143.77451 
    80.21307 -144.13156 
    79.68294 -144.51529 
    79.13223 -144.86217 
    78.51038 -145.13153 
    77.87640 -145.42262 
    77.23011 -145.74037 
    76.57441 -146.09166 
    75.91602 -146.48466 
    75.26597 -146.92783 
    74.64128 -147.42955 
    74.33573 -148.12389 
    74.35349 -148.94365 
    74.40509 -149.73236 
    74.47503 -150.48782 
    74.54654 -151.21092 
    74.60673 -151.90654 
    74.65440 -152.58289 
Cell 11 100 105.94598 -154.24356 
    95.94611 -154.24356 
    95.86565 -154.87776 
    95.86098 -155.51759 
    95.92908 -156.15439 
    96.05678 -156.78267 
    96.23030 -157.40038 
    96.44316 -158.00598 
    96.69453 -158.59695 
    96.98338 -159.17079 
    97.30855 -159.72504 
    97.66867 -160.25737 
    98.06226 -160.76555 
    98.48764 -161.24741 
    98.94304 -161.70093 
    99.42653 -162.12422 
    99.93604 -162.51552 
    100.46943 -162.87321 
    101.02442 -163.19583 
    101.59866 -163.48207 
    102.18973 -163.73077 
    102.79509 -163.94099 
    103.41222 -164.11191 
    104.03850 -164.24292 
    104.67131 -164.33357 
    105.30802 -164.38359 
    105.94598 -164.39293 
    106.58256 -164.36168 
    107.21516 -164.29015 
    107.84123 -164.17883 
    108.45831 -164.02844 
    109.06402 -163.83990 
    109.65615 -163.61440 
    110.23269 -163.35329 
    110.79189 -163.05824 
    111.33235 -162.73112 
    111.85313 -162.37405 
    112.35375 -161.98923 
    112.83433 -161.57890 
    113.29546 -161.14519 
    113.73824 -160.68988 
    114.16396 -160.21428 
    114.57386 -159.71898 
    114.96867 -159.20383 
    115.34812 -158.66788 
    115.71045 -158.10959 
    116.05197 -157.52719 
    116.36693 -156.91920 
    116.64754 -156.28499 
    116.88451 -155.62541 
    117.06766 -154.94328 
    117.18713 -154.24356 
    117.23441 -153.53336 
    117.20351 -152.82141 
    117.09171 -152.11740 
    117.23414 -151.34526 
    117.42065 -150.51521 
    117.06219 -149.84235 
    116.26788 -149.38644 
    115.47000 -149.00768 
    114.99706 -148.49957 
    114.49870 -148.02963 
    113.98296 -147.59479 
    113.45572 -147.19145 
    112.92066 -146.81627 
    112.37959 -146.46666 
    111.85728 -146.10735 
    111.34086 -145.74258 
    110.80539 -145.40433 
    110.25298 -145.09071 
    109.68468 -144.80066 
    109.10051 -144.53490 
    108.49981 -144.29704 
    107.88210 -144.09404 
    107.24782 -143.93840 
    106.59905 -143.86317 
    105.94598 -143.84126 
    105.29311 -143.86656 
    104.63026 -143.82860 
    103.92889 -143.66960 
    103.18980 -143.50896 
    102.43008 -143.42278 
    101.66339 -143.42699 
    100.99181 -143.71544 
    100.46693 -144.27722 
    100.04388 -144.94336 
    99.67999 -145.61917 
    99.33079 -146.24718 
    98.97038 -146.81529 
    98.59539 -147.34090 
    98.20522 -147.83984 
    97.80752 -148.33063 
    97.44077 -148.84599 
    97.10677 -149.38417 
    96.80710 -149.94313 
    96.54314 -150.52072 
    96.32983 -151.11908 
    96.21904 -151.74611 
    96.15760 -152.37633 
    96.08922 -152.99837 
    96.01965 -153.61905 
Cell 12 100 -115.69026 -134.24756 
    -127.18571 -134.24756 
    -127.20192 -134.97182 
    -127.16171 -135.69673 
    -127.06538 -136.41748 
    -126.91391 -137.12930 
    -126.70883 -137.82771 
    -126.45220 -138.50851 
    -126.14653 -139.16791 
    -125.79470 -139.80252 
    -125.39979 -140.40941 
    -124.96509 -140.98611 
    -124.49393 -141.53058 
    -123.98964 -142.04120 
    -123.45546 -142.51666 
    -122.89455 -142.95604 
    -122.30980 -143.35857 
    -121.70404 -143.72375 
    -121.07986 -144.05119 
    -120.43966 -144.34055 
    -119.45561 -143.75774 
    -118.72498 -143.58742 
    -118.09812 -143.62555 
    -117.48335 -143.64726 
    -116.87813 -143.65050 
    -116.28186 -143.65076 
    -115.69026 -143.65691 
    -115.09743 -143.67039 
    -114.50250 -143.64963 
    -113.90781 -143.59151 
    -113.31161 -143.51183 
    -112.71281 -143.41122 
    -112.11195 -143.28534 
    -111.50295 -143.14604 
    -110.81693 -143.11211 
    -110.03833 -143.15358 
    -109.22678 -143.14377 
    -108.67525 -142.72725 
    -108.16132 -142.26506 
    -107.67946 -141.77020 
    -107.23196 -141.24487 
    -106.82098 -140.69147 
    -106.44847 -140.11258 
    -106.11620 -139.51094 
    -105.82566 -138.88950 
    -105.57809 -138.25125 
    -105.37451 -137.59935 
    -105.20821 -136.93889 
    -105.07053 -136.27338 
    -104.94006 -135.60562 
    -104.84477 -134.92990 
    -104.75690 -134.24756 
    -104.71674 -133.55716 
    -104.35033 -132.81499 
    -104.04014 -132.02518 
    -103.96648 -131.23740 
    -104.19271 -130.51178 
    -104.55471 -129.83868 
    -105.31686 -129.36621 
    -106.08582 -128.96747 
    -106.72831 -128.56013 
    -107.05289 -127.97214 
    -107.40685 -127.39492 
    -107.74191 -126.78356 
    -108.12374 -126.19003 
    -108.55615 -125.62390 
    -109.04305 -125.09846 
    -109.58488 -124.62702 
    -110.17850 -124.22169 
    -110.85818 -123.97888 
    -111.58840 -123.88744 
    -112.31693 -123.86549 
    -113.01907 -123.84396 
    -113.70264 -123.82806 
    -114.37257 -123.81696 
    -115.03326 -123.80470 
    -115.69026 -123.81391 
    -116.34340 -123.86621 
    -116.99240 -123.94009 
    -117.61799 -124.14204 
    -118.22928 -124.35874 
    -118.82652 -124.59515 
    -119.40987 -124.85291 
    -119.97858 -125.13443 
    -120.53195 -125.44056 
    -121.06254 -125.78221 
    -121.63370 -126.06712 
    -122.19659 -126.38275 
    -122.74677 -126.73315 
    -123.28136 -127.11904 
    -123.79726 -127.54086 
    -124.29102 -127.99874 
    -124.75889 -128.49243 
    -125.19701 -129.02118 
    -125.60143 -129.58372 
    -125.96816 -130.17825 
    -126.29340 -130.80240 
    -126.57357 -131.45320 
    -126.80540 -132.12723 
    -126.98611 -132.82056 
    -127.11344 -133.52887 
Cell 13 100 -94.13086 -133.32953 
    -104.25571 -133.32953 
    -104.25375 -133.96640 
    -104.21114 -134.60297 
    -104.12496 -135.23601 
    -103.99841 -135.86308 
    -103.83184 -136.48157 
    -103.62580 -137.08884 
    -103.38101 -137.68231 
    -103.09838 -138.25946 
    -102.77898 -138.81779 
    -102.42408 -139.35490 
    -102.03509 -139.86847 
    -101.61358 -140.35626 
    -101.16130 -140.81619 
    -100.68011 -141.24622 
    -100.17204 -141.64450 
    -99.63923 -142.00932 
    -99.08392 -142.33910 
    -98.50847 -142.63242 
    -97.91534 -142.88803 
    -97.30705 -143.10486 
    -96.66967 -143.21756 
    -96.01764 -143.22040 
    -95.38653 -143.26917 
    -94.76151 -143.35332 
    -94.13086 -143.47652 
    -93.49030 -143.51083 
    -92.84953 -143.47235 
    -92.21513 -143.37213 
    -91.59047 -143.22368 
    -90.97774 -143.03384 
    -90.37904 -142.80556 
    -89.79678 -142.53993 
    -89.23326 -142.23824 
    -88.69067 -141.90190 
    -88.17104 -141.53252 
    -87.65050 -141.16295 
    -87.14641 -140.76721 
    -86.66467 -140.34074 
    -86.20719 -139.88455 
    -85.77604 -139.39966 
    -85.37339 -138.88719 
    -85.00148 -138.34845 
    -84.66264 -137.78494 
    -84.35921 -137.19839 
    -84.09357 -136.59084 
    -83.86792 -135.96460 
    -83.70995 -135.31743 
    -83.60774 -134.65891 
    -83.55758 -133.99474 
    -83.53543 -133.32953 
    -83.52502 -132.66226 
    -83.52322 -131.98947 
    -83.57211 -131.31534 
    -83.70456 -130.65251 
    -83.89995 -130.00531 
    -84.14088 -129.37422 
    -84.42570 -128.76263 
    -84.68270 -128.13536 
    -84.94666 -127.50106 
    -85.25144 -126.87826 
    -85.59808 -126.27060 
    -85.98731 -125.68223 
    -86.41946 -125.11773 
    -86.89429 -124.58202 
    -87.41084 -124.08022 
    -87.96743 -123.61752 
    -88.56151 -123.19891 
    -89.18974 -122.82911 
    -89.84798 -122.51221 
    -90.53144 -122.25165 
    -91.23476 -122.04994 
    -91.95221 -121.90866 
    -92.67793 -121.82835 
    -93.40602 -121.80853 
    -94.13086 -121.84778 
    -94.84719 -121.94379 
    -95.55029 -122.09361 
    -96.23605 -122.29370 
    -96.90108 -122.54022 
    -97.54264 -122.82915 
    -98.15864 -123.15652 
    -98.74760 -123.51847 
    -99.30848 -123.91147 
    -99.84067 -124.33231 
    -100.34377 -124.77820 
    -100.81755 -125.24670 
    -101.26185 -125.73580 
    -101.67645 -126.24375 
    -102.06106 -126.76910 
    -102.41528 -127.31054 
    -102.80424 -127.82523 
    -103.15947 -128.36601 
    -103.45112 -128.94376 
    -103.67699 -129.54994 
    -103.84381 -130.17360 
    -103.95095 -130.80815 
    -103.98631 -131.44949 
    -104.05979 -132.07521 
    -104.21532 -132.69507 
Cell 14 100 -73.56666 -134.40427 
    -83.58851 -134.40427 
    -83.66685 -135.03970 
    -83.78119 -135.69466 
    -83.78331 -136.35320 
    -83.68477 -137.00215 
    -83.50176 -137.63237 
    -83.27937 -138.24980 
    -83.01811 -138.85178 
    -82.71902 -139.43582 
    -82.38277 -139.99915 
    -82.01075 -140.53926 
    -81.60457 -141.05380 
    -81.16604 -141.54056 
    -80.69712 -141.99744 
    -80.19994 -142.42253 
    -79.67676 -142.81410 
    -79.03203 -143.01633 
    -78.38142 -143.16228 
    -77.75649 -143.30812 
    -77.15720 -143.47293 
    -76.56623 -143.63600 
    -75.97380 -143.77948 
    -75.37944 -143.90720 
    -74.78154 -144.02103 
    -74.17800 -144.12120 
    -73.56666 -144.24167 
    -72.93903 -144.38029 
    -72.28771 -144.52814 
    -71.60191 -144.70386 
    -70.93520 -144.65312 
    -70.27460 -144.53616 
    -69.61569 -144.38327 
    -68.95998 -144.19394 
    -68.30923 -143.96750 
    -67.66534 -143.70326 
    -67.03057 -143.40042 
    -66.40746 -143.05826 
    -65.79890 -142.67609 
    -65.20819 -142.25339 
    -64.63894 -141.78992 
    -64.09510 -141.28575 
    -63.58094 -140.74139 
    -63.10092 -140.15785 
    -62.84098 -139.45139 
    -62.88839 -138.63210 
    -62.98402 -137.84277 
    -63.15727 -137.07693 
    -63.27162 -136.36815 
    -63.35361 -135.69447 
    -63.42485 -135.04234 
    -63.50315 -134.40427 
    -63.59135 -133.77667 
    -63.68885 -133.15640 
    -63.79863 -132.54092 
    -63.92114 -131.92772 
    -64.05621 -131.31413 
    -64.20273 -130.69682 
    -64.35699 -130.07053 
    -64.51594 -129.42859 
    -64.67416 -128.76091 
    -64.82178 -128.05074 
    -64.93878 -127.26666 
    -65.01797 -126.37651 
    -65.56872 -125.88732 
    -66.19911 -125.49843 
    -66.82767 -125.12885 
    -67.40002 -124.68719 
    -68.04552 -124.36135 
    -68.74348 -124.15450 
    -69.46790 -124.05199 
    -70.19484 -124.02687 
    -70.89182 -123.98643 
    -71.56834 -123.92873 
    -72.24054 -123.90697 
    -72.90706 -123.92020 
    -73.56666 -123.96764 
    -74.21818 -124.04866 
    -74.86047 -124.16275 
    -75.49233 -124.30952 
    -76.11256 -124.48866 
    -76.74456 -124.62368 
    -77.38045 -124.77174 
    -78.01366 -124.95390 
    -78.64103 -125.17402 
    -79.25774 -125.43656 
    -79.85732 -125.74592 
    -80.43199 -126.10551 
    -80.97329 -126.51701 
    -81.47295 -126.97977 
    -81.92382 -127.49062 
    -82.32034 -128.04434 
    -82.66010 -128.63339 
    -82.94643 -129.24770 
    -83.18109 -129.88005 
    -83.41653 -130.50443 
    -83.59653 -131.14537 
    -83.53368 -131.84517 
    -83.52460 -132.50468 
    -83.53255 -133.14528 
    -83.55030 -133.77614 
Cell 15 100 -54.93116 -132.54651 
    -63.79763 -132.54651 
    -63.69925 -133.09814 
    -63.61234 -133.64319 
    -63.53361 -134.18752 
    -63.46233 -134.73694 
    -63.39701 -135.29723 
    -63.33194 -135.87260 
    -63.25616 -136.46396 
    -63.15847 -137.06950 
    -63.02077 -137.68033 
    -62.92228 -138.35239 
    -62.86094 -139.10658 
    -62.61815 -139.76506 
    -62.15652 -140.24074 
    -61.66584 -140.68733 
    -61.14769 -141.10281 
    -60.60385 -141.48523 
    -60.03628 -141.83267 
    -59.44711 -142.14339 
    -58.83868 -142.41576 
    -58.21345 -142.64833 
    -57.57405 -142.83986 
    -56.92324 -142.98933 
    -56.26389 -143.09612 
    -55.59887 -143.15935 
    -54.93116 -143.17871 
    -54.26379 -143.15405 
    -53.59978 -143.08553 
    -52.94212 -142.97346 
    -52.29377 -142.81847 
    -51.65766 -142.62132 
    -51.03659 -142.38307 
    -50.43330 -142.10495 
    -49.85043 -141.78835 
    -49.29044 -141.43488 
    -48.75572 -141.04628 
    -48.24849 -140.62448 
    -47.77080 -140.17152 
    -47.32461 -139.68954 
    -46.89803 -139.19209 
    -46.44501 -138.71205 
    -46.01904 -138.20232 
    -45.62323 -137.66359 
    -45.26093 -137.09697 
    -45.08063 -136.44661 
    -45.07117 -135.75023 
    -45.04834 -135.08398 
    -45.01527 -134.43806 
    -44.98217 -133.80336 
    -44.95533 -133.17413 
    -44.93808 -132.54651 
    -44.93116 -131.91737 
    -44.93238 -131.28337 
    -44.93341 -130.63934 
    -44.92617 -129.97766 
    -44.89156 -129.28445 
    -44.84018 -128.55121 
    -45.16099 -127.94901 
    -45.51965 -127.37249 
    -45.91467 -126.82447 
    -45.89405 -125.98067 
    -45.42117 -124.67916 
    -46.85494 -124.96243 
    -47.78876 -124.94062 
    -48.31556 -124.54961 
    -48.81824 -124.13280 
    -49.30535 -123.68165 
    -49.81760 -123.24498 
    -50.35587 -122.82351 
    -50.92128 -122.41869 
    -51.51508 -122.03288 
    -52.13842 -121.66951 
    -52.79209 -121.33307 
    -53.47618 -121.02915 
    -54.18989 -120.76424 
    -54.93116 -120.54555 
    -55.69658 -120.38058 
    -56.48119 -120.27681 
    -57.27854 -120.24113 
    -58.08083 -120.27940 
    -58.87910 -120.39600 
    -59.66371 -120.59346 
    -60.42469 -120.87218 
    -61.15229 -121.23033 
    -61.83750 -121.66387 
    -62.47249 -122.16677 
    -63.05099 -122.73132 
    -63.56858 -123.34859 
    -64.02276 -124.00893 
    -64.41298 -124.70247 
    -64.74044 -125.41965 
    -65.00776 -126.15170 
    -64.95953 -127.03336 
    -64.84720 -127.88038 
    -64.69045 -128.68253 
    -64.51495 -129.43256 
    -64.34230 -130.13014 
    -64.18258 -130.78171 
    -64.03819 -131.39603 
    -63.91038 -131.98158 
Cell 16 100 -35.00435 -133.52957 
    -44.97049 -133.52957 
    -45.00069 -134.15848 
    -45.03363 -134.79657 
    -45.06081 -135.44795 
    -45.07613 -136.11557 
    -45.08421 -136.80472 
    -45.04953 -137.50674 
    -44.79139 -138.13499 
    -44.49676 -138.74806 
    -44.16677 -139.34422 
    -43.80226 -139.92163 
    -43.40385 -140.47824 
    -42.97216 -141.01184 
    -42.50786 -141.52000 
    -42.01180 -142.00012 
    -41.48510 -142.44955 
    -40.76293 -142.60364 
    -39.94105 -142.50940 
    -39.21845 -142.48500 
    -38.57080 -142.53738 
    -37.95627 -142.61464 
    -37.35691 -142.69217 
    -36.76765 -142.77309 
    -36.18296 -142.85925 
    -35.59715 -142.95178 
    -35.00435 -143.05087 
    -34.39874 -143.15549 
    -33.77341 -143.27348 
    -33.10441 -143.48938 
    -32.35887 -143.83304 
    -31.55812 -144.13596 
    -30.90845 -143.87465 
    -30.27980 -143.56975 
    -29.67528 -143.22313 
    -29.09777 -142.83685 
    -28.54999 -142.41324 
    -28.03442 -141.95476 
    -27.55334 -141.46410 
    -27.10874 -140.94405 
    -26.70239 -140.39755 
    -26.33578 -139.82765 
    -26.01015 -139.23746 
    -25.72645 -138.63014 
    -25.48535 -138.00887 
    -25.28727 -137.37683 
    -25.22658 -136.70656 
    -25.27023 -136.02887 
    -25.24346 -135.39156 
    -25.17016 -134.77193 
    -25.12250 -134.15128 
    -25.10031 -133.52957 
    -25.10095 -132.90651 
    -25.12522 -132.28154 
    -25.17248 -131.65404 
    -25.23852 -131.02214 
    -25.37841 -130.40192 
    -25.54523 -129.78444 
    -25.73719 -129.16878 
    -25.95329 -128.55371 
    -26.19354 -127.93806 
    -26.45933 -127.32125 
    -26.75350 -126.70387 
    -27.08022 -126.08833 
    -27.44466 -125.47932 
    -27.85226 -124.88419 
    -28.30797 -124.31279 
    -28.81523 -123.77708 
    -29.37520 -123.29018 
    -29.98608 -122.86521 
    -30.64292 -122.51385 
    -31.33780 -122.24509 
    -32.06054 -122.06419 
    -32.79963 -121.97205 
    -33.54343 -121.96526 
    -34.28128 -122.03664 
    -35.00435 -122.17626 
    -35.70628 -122.37271 
    -36.38326 -122.61443 
    -37.03379 -122.89085 
    -37.65825 -123.19334 
    -38.25810 -123.51556 
    -38.83533 -123.85362 
    -39.39178 -124.20582 
    -39.93583 -124.55925 
    -40.52043 -124.83762 
    -41.09435 -125.14741 
    -41.65591 -125.48922 
    -42.20279 -125.86401 
    -42.73194 -126.27288 
    -43.23946 -126.71690 
    -43.72065 -127.19682 
    -44.17009 -127.71281 
    -44.58193 -128.26425 
    -44.86392 -128.89001 
    -44.90774 -129.60854 
    -44.92974 -130.30463 
    -44.93286 -130.98036 
    -44.93170 -131.63583 
    -44.93509 -132.27502 
    -44.94791 -132.90398 
Cell 17 100 -15.02687 -134.06500 
    -25.11942 -134.06500 
    -25.16486 -134.70284 
    -25.23915 -135.35512 
    -25.26981 -136.01895 
    -25.22802 -136.68422 
    -25.18575 -137.36581 
    -24.95611 -137.99626 
    -24.68576 -138.61014 
    -24.37626 -139.20486 
    -24.02934 -139.77815 
    -23.64680 -140.32776 
    -23.23051 -140.85165 
    -22.78242 -141.34796 
    -22.30447 -141.81487 
    -21.79868 -142.25072 
    -21.26710 -142.65396 
    -20.71185 -143.02310 
    -20.13507 -143.35680 
    -19.53899 -143.65375 
    -18.90299 -143.85497 
    -18.13434 -143.62881 
    -17.46450 -143.55898 
    -16.84079 -143.57396 
    -16.23144 -143.60016 
    -15.62905 -143.63646 
    -15.02687 -143.67946 
    -14.41911 -143.72501 
    -13.80017 -143.77525 
    -13.15859 -143.85887 
    -12.47680 -143.99686 
    -11.78049 -144.05634 
    -11.16451 -143.82021 
    -10.56594 -143.54495 
    -9.98734 -143.23186 
    -9.43119 -142.88239 
    -8.89984 -142.49814 
    -8.39551 -142.08093 
    -7.92013 -141.63290 
    -7.47547 -141.15623 
    -7.06345 -140.65292 
    -6.68556 -140.12532 
    -6.34313 -139.57587 
    -6.03728 -139.00706 
    -5.76889 -138.42148 
    -5.53866 -137.82166 
    -5.34706 -137.21016 
    -5.19438 -136.58955 
    -5.08067 -135.96234 
    -5.00590 -135.33095 
    -4.93818 -134.69972 
    -4.89336 -134.06500 
    -4.88358 -133.42683 
    -4.90914 -132.78683 
    -4.97029 -132.14661 
    -5.06744 -131.50786 
    -5.20115 -130.87244 
    -5.37214 -130.24243 
    -5.58124 -129.62022 
    -5.82929 -129.00859 
    -6.11707 -128.41068 
    -6.44514 -127.83001 
    -6.81371 -127.27048 
    -7.22254 -126.73625 
    -7.67081 -126.23160 
    -8.15702 -125.76079 
    -8.67898 -125.32789 
    -9.23381 -124.93660 
    -9.81799 -124.59009 
    -10.42749 -124.29083 
    -10.92393 -123.70217 
    -11.22310 -122.35822 
    -12.03340 -122.40623 
    -12.91437 -122.99090 
    -13.61907 -122.92117 
    -14.32932 -122.97787 
    -15.02687 -123.13643 
    -15.70022 -123.36237 
    -16.34610 -123.62215 
    -16.96755 -123.89158 
    -17.58228 -124.11232 
    -18.18745 -124.33773 
    -18.77621 -124.59524 
    -19.34731 -124.88358 
    -19.89954 -125.20164 
    -20.43164 -125.54845 
    -20.94250 -125.92284 
    -21.45220 -126.29810 
    -21.96488 -126.67677 
    -22.45521 -127.08932 
    -22.92044 -127.53487 
    -23.35784 -128.01219 
    -23.76465 -128.51984 
    -24.13825 -129.05598 
    -24.47612 -129.61853 
    -24.77592 -130.20508 
    -25.03556 -130.81299 
    -25.19331 -131.45470 
    -25.13614 -132.13655 
    -25.10541 -132.79179 
    -25.10041 -133.43123 
Cell 18 100 5.66559 -134.06734 
    -4.44279 -134.06734 
    -4.41070 -134.70128 
    -4.34946 -135.33253 
    -4.25864 -135.96048 
    -4.12809 -136.58192 
    -3.95825 -137.19431 
    -3.74972 -137.79512 
    -3.50327 -138.38188 
    -3.21984 -138.95215 
    -2.90051 -139.50356 
    -2.54654 -140.03380 
    -2.15932 -140.54066 
    -1.74041 -141.02203 
    -1.29151 -141.47589 
    -0.81443 -141.90033 
    -0.31112 -142.29358 
    0.21633 -142.65399 
    0.76577 -142.98007 
    1.45301 -143.01955 
    2.10634 -143.05696 
    2.72386 -143.12105 
    3.31793 -143.21086 
    3.90004 -143.32265 
    4.47971 -143.45451 
    5.06571 -143.60213 
    5.66559 -143.75397 
    6.28359 -143.89017 
    6.92238 -144.01582 
    7.56762 -144.03812 
    8.19053 -143.90134 
    8.80362 -143.72519 
    9.40553 -143.51335 
    9.99486 -143.26752 
    10.57043 -142.98920 
    11.13120 -142.67975 
    11.67658 -142.34076 
    12.20624 -141.97362 
    12.72003 -141.57956 
    13.21818 -141.15970 
    13.70133 -140.71507 
    14.16879 -140.24527 
    14.61994 -139.74994 
    15.05350 -139.22838 
    15.46732 -138.67969 
    15.76212 -138.06483 
    15.55937 -137.28201 
    15.45349 -136.58044 
    15.41838 -135.92778 
    15.40907 -135.29823 
    15.39649 -134.67955 
    15.37552 -134.06734 
    15.34501 -133.45836 
    15.30384 -132.84975 
    15.24910 -132.23918 
    15.18478 -131.62323 
    15.14030 -130.98883 
    15.10096 -130.33160 
    15.07922 -129.63762 
    15.09984 -128.88081 
    15.21462 -128.00734 
    14.98973 -127.29295 
    14.43333 -126.81403 
    13.84857 -126.38301 
    13.24292 -125.99830 
    12.62286 -125.65744 
    11.99369 -125.35745 
    11.35946 -125.09523 
    10.74021 -124.83664 
    10.13281 -124.57402 
    9.51254 -124.35106 
    8.88215 -124.16777 
    8.24427 -124.02405 
    7.60136 -123.91965 
    6.95580 -123.85428 
    6.30982 -123.82757 
    5.66559 -123.77731 
    5.01754 -123.76694 
    4.36842 -123.79916 
    3.72128 -123.87491 
    3.07942 -123.99485 
    2.44627 -124.15927 
    1.82536 -124.36803 
    1.22026 -124.62053 
    0.63442 -124.91568 
    0.07115 -125.25191 
    -0.46651 -125.62723 
    -0.97584 -126.03923 
    -1.45447 -126.48524 
    -1.90047 -126.96233 
    -2.31227 -127.46748 
    -2.68870 -127.99759 
    -3.02891 -128.54964 
    -3.33235 -129.12068 
    -3.59868 -129.70790 
    -3.82772 -130.30867 
    -4.02602 -130.91835 
    -4.18684 -131.53766 
    -4.30888 -132.16461 
    -4.39214 -132.79675 
    -4.43673 -133.43175 
Cell 19 100 25.13463 -132.77594 
    15.29722 -132.77594 
    15.34053 -133.39214 
    15.37260 -134.00917 
    15.39492 -134.63388 
    15.40856 -135.27318 
    15.41865 -135.93285 
    15.45755 -136.60736 
    15.55933 -137.28174 
    15.73121 -137.94551 
    16.08783 -138.51721 
    16.51714 -139.03691 
    16.97422 -139.52681 
    17.45587 -139.98677 
    17.91822 -140.46063 
    18.40470 -140.91103 
    18.91904 -141.33098 
    19.46051 -141.71692 
    20.02683 -142.06700 
    20.64001 -142.32750 
    21.35347 -142.32605 
    22.04513 -142.28444 
    22.68872 -142.30212 
    23.31138 -142.33374 
    23.92194 -142.37535 
    24.52749 -142.42615 
    25.13463 -142.48579 
    25.75013 -142.55907 
    26.38054 -142.63832 
    27.01855 -142.65176 
    27.66655 -142.63710 
    28.33613 -142.62914 
    28.99612 -142.52895 
    29.61369 -142.29442 
    30.20680 -142.00218 
    30.76391 -141.64626 
    31.29528 -141.25534 
    31.79870 -140.83141 
    32.27214 -140.37662 
    32.71378 -139.89323 
    33.12205 -139.38371 
    33.49558 -138.85052 
    33.83326 -138.29625 
    34.13430 -137.72356 
    34.39826 -137.13507 
    34.62503 -136.53345 
    34.81486 -135.92123 
    34.96837 -135.30081 
    35.08651 -134.67436 
    35.17050 -134.04376 
    35.22172 -133.41057 
    35.24154 -132.77594 
    35.23120 -132.14072 
    35.19154 -131.50546 
    35.12285 -130.87059 
    35.02468 -130.23660 
    34.89574 -129.60435 
    34.73397 -128.97530 
    34.53659 -128.35172 
    34.30042 -127.73701 
    34.05911 -127.11229 
    33.83055 -126.45798 
    33.57624 -125.79243 
    33.28714 -125.12023 
    32.95477 -124.44834 
    32.57101 -123.78690 
    32.12881 -123.14928 
    31.62336 -122.55133 
    31.05316 -122.01019 
    30.42062 -121.54265 
    29.73231 -121.16352 
    28.99857 -120.88396 
    28.23257 -120.71025 
    27.44909 -120.64314 
    26.66298 -120.67784 
    25.88779 -120.80476 
    25.13463 -121.01064 
    24.41138 -121.28025 
    23.72253 -121.59798 
    23.06936 -121.94939 
    22.45060 -122.32231 
    21.86324 -122.70763 
    21.29415 -123.07598 
    20.66540 -123.27833 
    20.04554 -123.51891 
    19.43716 -123.79816 
    18.84311 -124.11640 
    18.26647 -124.47376 
    17.71059 -124.87014 
    17.17900 -125.30511 
    16.67539 -125.77785 
    16.20354 -126.28712 
    15.76719 -126.83118 
    15.37006 -127.40782 
    15.20217 -128.10208 
    15.10957 -128.80675 
    15.08270 -129.50987 
    15.09679 -130.19865 
    15.13307 -130.86804 
    15.17741 -131.51805 
    15.24015 -132.15343 
Cell 20 100 46.17775 -133.30600 
    36.11887 -133.30600 
    36.13406 -133.93790 
    36.18898 -134.56787 
    36.28352 -135.19342 
    36.41737 -135.81204 
    36.59007 -136.42122 
    36.80099 -137.01852 
    37.04935 -137.60150 
    37.33419 -138.16779 
    37.65440 -138.71509 
    38.00873 -139.24113 
    38.39577 -139.74382 
    38.81397 -140.22105 
    39.26162 -140.67093 
    39.73695 -141.09160 
    40.23804 -141.48131 
    40.76286 -141.83852 
    41.30927 -142.16174 
    41.87506 -142.44969 
    42.45792 -142.70122 
    43.05549 -142.91533 
    43.66534 -143.09120 
    44.28501 -143.22812 
    44.91210 -143.32468 
    45.54382 -143.38210 
    46.17775 -143.40041 
    46.81147 -143.37859 
    47.44245 -143.31712 
    48.06818 -143.21594 
    48.68622 -143.07584 
    49.29433 -142.89784 
    49.89006 -142.68222 
    50.47124 -142.43013 
    51.03575 -142.14267 
    51.58157 -141.82104 
    52.10675 -141.46657 
    52.60950 -141.08064 
    53.08807 -140.66473 
    53.54086 -140.22041 
    53.96635 -139.74928 
    54.36311 -139.25301 
    54.72979 -138.73329 
    55.06513 -138.19188 
    55.35999 -137.62683 
    55.50598 -136.99931 
    55.54702 -136.35027 
    55.59181 -135.72313 
    55.67194 -135.11713 
    55.77723 -134.51871 
    55.90187 -133.91779 
    56.03106 -133.30600 
    56.14828 -132.67871 
    56.23672 -132.03526 
    56.28458 -131.37802 
    56.29153 -130.70921 
    56.27568 -130.02498 
    56.27663 -129.30757 
    56.24406 -128.56915 
    55.81731 -128.00661 
    55.67214 -127.28068 
    55.48236 -126.54581 
    55.23409 -125.81394 
    54.91428 -125.10186 
    54.51303 -124.42983 
    54.02573 -123.81943 
    53.45431 -123.29068 
    52.80746 -122.85925 
    52.09966 -122.53410 
    51.34911 -122.31631 
    50.57525 -122.19920 
    49.79614 -122.16975 
    49.02647 -122.21097 
    48.27637 -122.30466 
    47.55382 -122.41330 
    46.86216 -122.42758 
    46.17775 -122.48811 
    45.50368 -122.59202 
    44.84251 -122.73647 
    44.19627 -122.91870 
    43.56659 -123.13619 
    42.95478 -123.38672 
    42.36193 -123.66834 
    41.78901 -123.97944 
    41.23693 -124.31869 
    40.70667 -124.68494 
    40.19922 -125.07726 
    39.71573 -125.49476 
    39.25741 -125.93658 
    38.82557 -126.40183 
    38.42158 -126.88954 
    38.04688 -127.39857 
    37.70287 -127.92768 
    37.38917 -128.47444 
    37.10133 -129.03496 
    36.84851 -129.61229 
    36.63181 -130.20433 
    36.45219 -130.80890 
    36.31049 -131.42372 
    36.20737 -132.04645 
    36.14338 -132.67470 
Cell 21 100 64.96646 -133.72040 
    55.94355 -133.72040 
    55.82350 -134.29562 
    55.71199 -134.88951 
    55.62090 -135.50316 
    55.56239 -136.13496 
    55.51921 -136.78999 
    55.38638 -137.51341 
    55.53559 -138.15823 
    55.78807 -138.76627 
    56.08039 -139.35966 
    56.41217 -139.93546 
    56.78262 -140.49066 
    57.19063 -141.02238 
    57.63486 -141.52776 
    58.11364 -142.00403 
    58.62505 -142.44861 
    59.16694 -142.85898 
    59.73693 -143.23288 
    60.33245 -143.56816 
    60.95074 -143.86295 
    61.59818 -144.08688 
    62.39443 -143.73779 
    63.10073 -143.50089 
    63.74078 -143.42267 
    64.35949 -143.36792 
    64.96646 -143.31673 
    65.56721 -143.26912 
    66.16724 -143.22546 
    66.77184 -143.18448 
    67.38588 -143.14340 
    68.01409 -143.10005 
    68.69859 -143.14668 
    69.49136 -143.33629 
    70.20733 -143.25351 
    70.78084 -142.88240 
    71.32695 -142.47485 
    71.84338 -142.03316 
    72.32809 -141.55974 
    72.77925 -141.05710 
    73.19528 -140.52786 
    73.57483 -139.97475 
    73.91675 -139.40042 
    74.22015 -138.80766 
    74.30214 -138.11343 
    74.18569 -137.37054 
    74.16228 -136.70830 
    74.18073 -136.08623 
    74.19318 -135.48048 
    74.19516 -134.88625 
    74.18420 -134.30032 
    74.15804 -133.72040 
    74.11546 -133.14479 
    74.05994 -132.57162 
    73.98855 -131.99934 
    73.90021 -131.42659 
    73.79678 -130.85124 
    73.72231 -130.25372 
    73.64766 -129.63533 
    73.57893 -128.98566 
    73.52843 -128.28680 
    73.47932 -127.53544 
    73.07214 -127.01480 
    72.62914 -126.52466 
    72.15298 -126.06754 
    71.64654 -125.64558 
    71.11292 -125.26052 
    70.60898 -124.82922 
    70.12817 -124.33128 
    69.61835 -123.83464 
    69.07173 -123.35167 
    68.48174 -122.90149 
    67.84526 -122.50821 
    67.16460 -122.19733 
    66.44820 -121.99124 
    65.70985 -121.90460 
    64.96646 -121.94136 
    64.23498 -122.09384 
    63.52936 -122.34455 
    62.85846 -122.66986 
    62.22541 -123.04472 
    61.62834 -123.44672 
    61.06247 -123.86005 
    60.52141 -124.27419 
    60.00167 -124.68948 
    59.48586 -125.08436 
    58.93444 -125.41804 
    58.41336 -125.79906 
    57.92652 -126.22362 
    57.47664 -126.68699 
    57.06529 -127.18398 
    56.69282 -127.70924 
    56.35867 -128.25772 
    56.26016 -128.93407 
    56.27620 -129.63107 
    56.28163 -130.28183 
    56.28954 -130.90111 
    56.27648 -131.48920 
    56.23407 -132.05460 
    56.15805 -132.60764 
    56.05835 -133.15994 
Cell 22 100 84.19423 -131.84210 
    73.96429 -131.84210 
    74.04857 -132.48041 
    74.11265 -133.11571 
    74.15966 -133.75629 
    74.18628 -134.41171 
    74.19448 -135.09122 
    74.18652 -135.80443 
    74.16666 -136.56071 
    74.18478 -137.34485 
    74.52896 -137.97586 
    75.03468 -138.49690 
    75.56436 -138.98135 
    76.11364 -139.43028 
    76.67902 -139.84499 
    77.25790 -140.22667 
    77.84840 -140.57639 
    78.44924 -140.89476 
    79.05954 -141.18207 
    79.67866 -141.43817 
    80.30605 -141.66254 
    80.94106 -141.85431 
    81.58341 -142.01056 
    82.23178 -142.12961 
    82.88483 -142.20706 
    83.53995 -142.24156 
    84.19423 -142.23642 
    84.84547 -142.19327 
    85.49387 -142.12979 
    86.14066 -142.04565 
    86.78482 -141.93181 
    87.42015 -141.77046 
    88.04076 -141.55734 
    88.64230 -141.29475 
    89.22371 -140.99069 
    89.78361 -140.64957 
    90.31959 -140.27293 
    90.82934 -139.86256 
    91.31071 -139.42039 
    91.76173 -138.94846 
    92.18058 -138.44899 
    92.56573 -137.92436 
    92.91603 -137.37712 
    93.23087 -136.81004 
    93.43977 -136.19272 
    93.40008 -135.48695 
    93.43147 -134.84346 
    93.50147 -134.23180 
    93.56710 -133.63008 
    93.62655 -133.03368 
    93.67993 -132.43889 
    93.72950 -131.84210 
    93.77366 -131.23941 
    93.82101 -130.62596 
    93.98305 -129.97479 
    94.16575 -129.28186 
    94.36198 -128.53841 
    94.57844 -127.73071 
    94.85284 -126.82655 
    95.09414 -125.84982 
    94.64105 -125.21234 
    93.96691 -124.74184 
    93.21255 -124.38149 
    92.70971 -123.84554 
    92.29775 -123.21272 
    91.83839 -122.60190 
    91.33128 -122.01879 
    90.77688 -121.46951 
    90.17651 -120.96038 
    89.53246 -120.49779 
    88.84806 -120.08788 
    88.12762 -119.73637 
    87.37640 -119.44834 
    86.60049 -119.22800 
    85.80665 -119.07849 
    85.00208 -119.00179 
    84.19423 -118.99860 
    83.39057 -119.06834 
    82.59832 -119.20921 
    81.82424 -119.41821 
    81.07446 -119.69138 
    80.35426 -120.02392 
    79.66810 -120.41040 
    79.01940 -120.84504 
    78.41068 -121.32188 
    77.84354 -121.83502 
    77.31873 -122.37879 
    76.83633 -122.94793 
    76.39584 -123.53765 
    75.99633 -124.14376 
    75.63665 -124.76266 
    75.31550 -125.39133 
    74.82666 -125.89726 
    74.32410 -126.41595 
    73.85374 -126.97624 
    73.48364 -127.60149 
    73.53508 -128.37874 
    73.59316 -129.12022 
    73.67175 -129.83484 
    73.75593 -130.52344 
    73.85800 -131.19180 
Cell 23 100 104.05116 -133.75591 
    93.55338 -133.75591 
    93.47982 -134.42099 
    93.41901 -135.09906 
    93.41681 -135.78452 
    93.45895 -136.47552 
    93.75938 -137.09990 
    94.11114 -137.69144 
    94.48418 -138.25778 
    94.87615 -138.79991 
    95.28568 -139.31865 
    95.71220 -139.81451 
    96.15572 -140.28758 
    96.61653 -140.73749 
    97.09126 -141.16745 
    97.55589 -141.60735 
    98.04374 -142.02441 
    98.55773 -142.41217 
    99.09650 -142.76840 
    99.65834 -143.09113 
    100.24751 -143.36282 
    100.89079 -143.48253 
    101.55624 -143.47301 
    102.20688 -143.42400 
    102.82430 -143.46750 
    103.43421 -143.56209 
    104.05116 -143.69733 
    104.68508 -143.83174 
    105.32826 -143.86520 
    105.97523 -143.84224 
    106.64772 -143.86882 
    107.32948 -143.84554 
    107.96071 -143.63029 
    108.57681 -143.37340 
    109.17490 -143.07594 
    109.75216 -142.73924 
    110.30592 -142.36484 
    110.83357 -141.95444 
    111.33269 -141.50995 
    111.80099 -141.03348 
    112.23632 -140.52725 
    112.63676 -139.99370 
    113.00054 -139.43535 
    113.32613 -138.85486 
    113.61215 -138.25496 
    113.85751 -137.63852 
    114.06129 -137.00839 
    114.22284 -136.36755 
    114.34170 -135.71893 
    114.41766 -135.06549 
    114.45078 -134.41019 
    114.44133 -133.75591 
    114.38982 -133.10545 
    114.29702 -132.46155 
    114.16388 -131.82680 
    113.99165 -131.20363 
    113.78170 -130.59427 
    113.53567 -130.00072 
    113.25530 -129.42476 
    112.94250 -128.86784 
    112.59923 -128.33113 
    112.22747 -127.81547 
    111.82920 -127.32135 
    111.40624 -126.84903 
    110.96026 -126.39847 
    110.49265 -125.96948 
    110.00453 -125.56180 
    109.49665 -125.17519 
    108.96943 -124.80962 
    108.42294 -124.46539 
    107.85706 -124.14330 
    107.27150 -123.84472 
    106.66599 -123.57181 
    106.04050 -123.32741 
    105.39540 -123.11514 
    104.73169 -122.93925 
    104.05116 -122.80449 
    103.35658 -122.71580 
    102.65171 -122.67809 
    101.94135 -122.69588 
    101.23122 -122.77296 
    100.52779 -122.91209 
    99.83801 -123.11471 
    99.16902 -123.38083 
    98.52775 -123.70885 
    97.92063 -124.09573 
    97.35321 -124.53697 
    96.82997 -125.02699 
    96.27458 -125.47469 
    95.65713 -125.87338 
    95.06709 -126.32363 
    94.79158 -127.02842 
    94.57532 -127.74235 
    94.38747 -128.44325 
    94.20746 -129.12383 
    94.03202 -129.78905 
    93.86568 -130.44644 
    93.78292 -131.11946 
    93.73348 -131.78770 
    93.67933 -132.44563 
    93.61997 -133.09964 
Cell 24 100 -113.43932 -114.24517 
    -123.74200 -114.24517 
    -123.73058 -114.89264 
    -123.67737 -115.53854 
    -123.58247 -116.18008 
    -123.44624 -116.81451 
    -123.26923 -117.43910 
    -123.05216 -118.05116 
    -122.79598 -118.64808 
    -122.50180 -119.22731 
    -122.17091 -119.78641 
    -121.80479 -120.32304 
    -121.40505 -120.83499 
    -120.97348 -121.32022 
    -120.51199 -121.77679 
    -120.02260 -122.20298 
    -119.50744 -122.59722 
    -118.96873 -122.95813 
    -118.40875 -123.28453 
    -117.82981 -123.57544 
    -117.23425 -123.83005 
    -116.57391 -123.89245 
    -115.90048 -123.83074 
    -115.26352 -123.80793 
    -114.64788 -123.81185 
    -114.04187 -123.82244 
    -113.43932 -123.83418 
    -112.83507 -123.84960 
    -112.22364 -123.86829 
    -111.60004 -123.88708 
    -110.94286 -123.96828 
    -110.24249 -124.08401 
    -109.58881 -123.97044 
    -108.96500 -123.75361 
    -108.35577 -123.49211 
    -107.75958 -123.19501 
    -107.17854 -122.86241 
    -106.61491 -122.49446 
    -106.07122 -122.09141 
    -105.55013 -121.65362 
    -105.05453 -121.18167 
    -104.58751 -120.67639 
    -104.15223 -120.13894 
    -103.75197 -119.57084 
    -103.39001 -118.97402 
    -103.06953 -118.35087 
    -102.79355 -117.70419 
    -102.56484 -117.03726 
    -102.38583 -116.35374 
    -102.25843 -115.65765 
    -101.87424 -114.97279 
    -101.47162 -114.24517 
    -101.22298 -113.47659 
    -101.18749 -112.69740 
    -101.38749 -111.94616 
    -101.80002 -111.25671 
    -102.36515 -110.64696 
    -103.00678 -110.11464 
    -103.47743 -109.55746 
    -103.22334 -108.62889 
    -103.00098 -107.62080 
    -104.65918 -107.86602 
    -105.17345 -107.40705 
    -105.67304 -106.95215 
    -106.19624 -106.53207 
    -106.74004 -106.14713 
    -107.30166 -105.79740 
    -107.87856 -105.48281 
    -108.46845 -105.20319 
    -109.06926 -104.95831 
    -109.67912 -104.74798 
    -110.29633 -104.57202 
    -110.91930 -104.43035 
    -111.54655 -104.32293 
    -112.16963 -104.19451 
    -112.79868 -104.06236 
    -113.43932 -103.93856 
    -114.09511 -103.82174 
    -114.76937 -103.71679 
    -115.46304 -103.63651 
    -116.17228 -103.60100 
    -116.88697 -103.63441 
    -117.59094 -103.75938 
    -118.26460 -103.99096 
    -118.88914 -104.33199 
    -119.45121 -104.77196 
    -119.94593 -105.28960 
    -120.37744 -105.85842 
    -120.75667 -106.45299 
    -121.09738 -107.05377 
    -121.41218 -107.64945 
    -121.70963 -108.23644 
    -122.03873 -108.78782 
    -122.37713 -109.33157 
    -122.68136 -109.89620 
    -122.94984 -110.47969 
    -123.18111 -111.07987 
    -123.37390 -111.69440 
    -123.52715 -112.32082 
    -123.63998 -112.95653 
    -123.71175 -113.59888 
