59 25 
Cell 0 100 -119.99224 -149.54178 
    -129.99234 -149.54178 
    -129.97260 -150.16969 
    -129.91347 -150.79512 
    -129.81519 -151.41560 
    -129.67813 -152.02869 
    -129.50285 -152.63196 
    -129.29004 -153.22304 
    -129.04053 -153.79958 
    -128.75531 -154.35931 
    -128.43846 -154.90190 
    -128.09303 -155.42734 
    -127.71894 -155.93385 
    -127.31493 -156.41824 
    -126.88097 -156.87753 
    -126.41817 -157.30939 
    -125.92813 -157.71184 
    -125.41273 -158.08310 
    -124.87389 -158.42146 
    -124.31371 -158.72537 
    -123.73440 -158.99339 
    -123.13826 -159.22423 
    -122.52770 -159.41675 
    -121.90523 -159.56999 
    -121.27340 -159.68318 
    -120.63484 -159.75568 
    -119.99224 -159.78703 
    -119.34830 -159.77702 
    -118.70573 -159.72552 
    -118.06730 -159.63268 
    -117.43571 -159.49878 
    -116.81370 -159.32433 
    -116.20392 -159.10999 
    -115.60899 -158.85664 
    -115.03150 -158.56534 
    -114.47392 -158.23726 
    -113.93864 -157.87384 
    -113.42797 -157.47662 
    -112.94408 -157.04730 
    -112.48905 -156.58774 
    -112.06478 -156.09995 
    -111.67305 -155.58603 
    -111.31549 -155.04822 
    -110.99357 -154.48885 
    -110.70856 -153.91034 
    -110.46162 -153.31522 
    -110.23060 -152.71353 
    -110.02901 -152.09990 
    -109.86144 -151.47433 
    -109.72840 -150.83841 
    -109.67883 -150.19064 
    -110.07420 -149.54178 
    -110.39005 -148.93767 
    -110.65410 -148.36209 
    -110.88531 -147.80453 
    -111.09646 -147.25772 
    -111.29711 -146.71657 
    -111.49532 -146.17761 
    -111.69472 -145.63725 
    -111.89960 -145.09280 
    -112.11776 -144.54448 
    -112.35143 -143.99040 
    -112.63889 -143.45856 
    -112.95385 -142.93230 
    -113.29168 -142.40640 
    -113.60780 -141.82431 
    -113.85561 -141.09543 
    -113.67445 -139.58653 
    -114.51229 -139.57379 
    -115.31356 -139.59908 
    -116.05402 -139.59497 
    -116.75396 -139.57535 
    -117.41530 -139.50523 
    -118.05910 -139.40790 
    -118.69807 -139.29736 
    -119.33983 -139.17204 
    -119.99224 -138.95511 
    -120.67439 -138.69940 
    -121.39857 -138.40955 
    -122.17874 -138.07976 
    -122.93060 -138.09761 
    -123.61659 -138.38715 
    -124.23362 -138.82928 
    -124.76170 -139.40616 
    -125.20503 -140.05974 
    -125.70739 -140.53615 
    -126.20579 -140.98956 
    -126.78587 -141.32968 
    -127.57948 -141.46219 
    -127.57843 -142.41788 
    -127.89544 -143.00369 
    -128.24190 -143.54805 
    -128.55777 -144.10593 
    -128.84276 -144.67616 
    -129.09642 -145.25768 
    -129.31821 -145.84937 
    -129.50774 -146.45001 
    -129.67821 -147.05484 
    -129.81525 -147.66794 
    -129.91351 -148.28844 
    -129.97263 -148.91386 
Cell 1 100 -102.28290 -143.35593 
    -112.70032 -143.35593 
    -112.35196 -143.98943 
    -112.09735 -144.59578 
    -111.86533 -145.18387 
    -111.64914 -145.76077 
    -111.43894 -146.33092 
    -111.22975 -146.89824 
    -111.01622 -147.46552 
    -110.79055 -148.03305 
    -110.54524 -148.59937 
    -110.27318 -149.16121 
    -109.96900 -149.71443 
    -109.62122 -150.24707 
    -109.15562 -150.67462 
    -108.67557 -151.08333 
    -108.18000 -151.47260 
    -107.66071 -151.82999 
    -107.11972 -152.15407 
    -106.55919 -152.44351 
    -105.98133 -152.69710 
    -105.38844 -152.91379 
    -104.78288 -153.09270 
    -104.16707 -153.23308 
    -103.54346 -153.33432 
    -102.91457 -153.39598 
    -102.28290 -153.41782 
    -101.65099 -153.39970 
    -101.02140 -153.34169 
    -100.39664 -153.24400 
    -99.77924 -153.10701 
    -99.17168 -152.93124 
    -98.57642 -152.71742 
    -97.99583 -152.46640 
    -97.43227 -152.17918 
    -96.88801 -151.85690 
    -96.36523 -151.50090 
    -95.86603 -151.11259 
    -95.39241 -150.69356 
    -94.94627 -150.24548 
    -94.52940 -149.77017 
    -94.14346 -149.26958 
    -93.78338 -148.74989 
    -93.44879 -148.21252 
    -93.14322 -147.65674 
    -93.06207 -147.00671 
    -93.04922 -146.35614 
    -93.02007 -145.73422 
    -92.98626 -145.12935 
    -92.96558 -144.53299 
    -92.95400 -143.94286 
    -92.92965 -143.35593 
    -92.91111 -142.76631 
    -92.90019 -142.17061 
    -92.89164 -141.56445 
    -92.89224 -140.94482 
    -92.90080 -140.30750 
    -92.91299 -139.64612 
    -92.91643 -138.94839 
    -92.88673 -138.19034 
    -92.87346 -137.38452 
    -93.27527 -136.81151 
    -93.73012 -136.28046 
    -94.23183 -135.79547 
    -94.77318 -135.35889 
    -95.34648 -134.97124 
    -95.94422 -134.63148 
    -96.55956 -134.33739 
    -97.18666 -134.08591 
    -97.82094 -133.87378 
    -98.45901 -133.69789 
    -99.09859 -133.55565 
    -99.69483 -133.27608 
    -100.30673 -132.99651 
    -100.94517 -132.76669 
    -101.60696 -132.61221 
    -102.28290 -132.55392 
    -102.95954 -132.60104 
    -103.62304 -132.74763 
    -104.26318 -132.97490 
    -104.87572 -133.25755 
    -105.43310 -133.66063 
    -106.03134 -133.88843 
    -106.64005 -134.09651 
    -107.24677 -134.32671 
    -107.81739 -134.63496 
    -108.29955 -135.07472 
    -108.78748 -135.49324 
    -109.28096 -135.90375 
    -109.77921 -136.31642 
    -110.28231 -136.73824 
    -110.78996 -137.17519 
    -111.30230 -137.63205 
    -111.82393 -138.11070 
    -112.37087 -138.60889 
    -112.97446 -139.12283 
    -113.41417 -139.73917 
    -113.77281 -140.40582 
    -113.83638 -141.15198 
    -113.54893 -141.93271 
    -113.11969 -142.67413 
Cell 2 100 -82.54618 -145.20178 
    -92.99031 -145.20178 
    -93.02602 -145.86111 
    -93.05264 -146.52905 
    -93.08778 -147.21269 
    -92.88349 -147.85596 
    -92.57687 -148.46095 
    -92.25227 -149.04469 
    -91.90999 -149.60806 
    -91.54964 -150.15147 
    -91.17046 -150.67491 
    -90.77155 -151.17786 
    -90.35206 -151.65936 
    -89.92210 -152.12823 
    -89.50080 -152.60770 
    -89.04790 -153.06102 
    -88.56495 -153.48590 
    -88.05369 -153.88023 
    -87.51604 -154.24193 
    -86.95411 -154.56911 
    -86.37013 -154.85997 
    -85.76649 -155.11288 
    -85.14574 -155.32639 
    -84.51051 -155.49916 
    -83.86359 -155.63014 
    -83.20783 -155.71843 
    -82.54618 -155.76332 
    -81.88165 -155.76433 
    -81.21726 -155.72125 
    -80.55612 -155.63403 
    -79.90130 -155.50291 
    -79.25587 -155.32832 
    -78.62286 -155.11096 
    -78.00526 -154.85172 
    -77.40600 -154.55174 
    -76.82787 -154.21240 
    -76.27361 -153.83524 
    -75.74580 -153.42203 
    -75.24690 -152.97473 
    -74.77919 -152.49547 
    -74.34479 -151.98656 
    -73.94563 -151.45045 
    -73.58346 -150.88969 
    -73.25979 -150.30702 
    -72.97598 -149.70517 
    -72.72365 -149.09081 
    -72.46600 -148.47704 
    -72.24337 -147.84709 
    -72.05779 -147.20255 
    -71.91170 -146.54523 
    -71.80779 -145.87738 
    -71.74898 -145.20178 
    -71.73808 -144.52179 
    -71.77763 -143.84140 
    -71.86961 -143.16512 
    -72.01521 -142.49789 
    -72.21464 -141.84486 
    -72.46698 -141.21115 
    -72.77023 -140.60156 
    -73.12132 -140.02042 
    -73.51631 -139.47125 
    -73.95067 -138.95677 
    -74.41948 -138.47879 
    -74.91781 -138.03827 
    -75.44082 -137.63533 
    -75.98416 -137.26967 
    -76.54399 -136.94048 
    -77.11705 -136.64685 
    -77.70066 -136.38780 
    -78.26301 -136.09958 
    -78.83165 -135.81995 
    -79.41549 -135.56650 
    -80.01363 -135.33817 
    -80.62563 -135.13388 
    -81.25142 -134.95267 
    -81.89138 -134.79399 
    -82.54618 -134.65784 
    -83.21797 -134.52393 
    -83.91370 -134.37672 
    -84.62234 -134.31819 
    -85.32722 -134.37035 
    -86.07567 -134.33913 
    -86.83897 -134.35944 
    -87.59336 -134.47598 
    -88.32291 -134.69395 
    -89.07484 -134.91426 
    -89.81194 -135.20132 
    -90.52386 -135.55843 
    -91.19962 -135.98682 
    -91.82822 -136.48537 
    -92.39931 -137.05055 
    -92.87857 -137.69487 
    -92.90390 -138.62857 
    -92.91370 -139.50220 
    -92.90051 -140.32941 
    -92.89209 -141.10556 
    -92.89552 -141.83910 
    -92.90699 -142.54158 
    -92.92543 -143.22183 
    -92.95170 -143.88727 
    -92.96604 -144.54622 
Cell 3 100 -59.82412 -155.52367 
    -69.96455 -155.52367 
    -69.91978 -156.15883 
    -69.83794 -156.78871 
    -69.71971 -157.41135 
    -69.56569 -158.02487 
    -69.37638 -158.62738 
    -69.15231 -159.21695 
    -68.89401 -159.79164 
    -68.60213 -160.34943 
    -68.27744 -160.88831 
    -67.92083 -161.40627 
    -67.53338 -161.90132 
    -67.11633 -162.37151 
    -66.67110 -162.81496 
    -66.19925 -163.22987 
    -65.70251 -163.61459 
    -65.18276 -163.96754 
    -64.64195 -164.28728 
    -64.08233 -164.57283 
    -63.50598 -164.82300 
    -62.91502 -165.03648 
    -62.31177 -165.21243 
    -61.69862 -165.35017 
    -61.07800 -165.44914 
    -60.45234 -165.50894 
    -59.82412 -165.52931 
    -59.19582 -165.51021 
    -58.56992 -165.45166 
    -57.94889 -165.35396 
    -57.33489 -165.21857 
    -56.73028 -165.04553 
    -56.13720 -164.83577 
    -55.55764 -164.59038 
    -54.99343 -164.31065 
    -54.44613 -163.99802 
    -53.91707 -163.65402 
    -53.40730 -163.28026 
    -52.91763 -162.87833 
    -52.44860 -162.44974 
    -52.00061 -161.99583 
    -51.57402 -161.51772 
    -51.16927 -161.01620 
    -50.78705 -160.49184 
    -50.42852 -159.94490 
    -50.09547 -159.37550 
    -49.79040 -158.78381 
    -49.51666 -158.17017 
    -49.27837 -157.53537 
    -49.08027 -156.88094 
    -48.92752 -156.20923 
    -48.82526 -155.52367 
    -48.77831 -154.82872 
    -48.79065 -154.12982 
    -48.86503 -153.43311 
    -49.00288 -152.74524 
    -49.27642 -152.09651 
    -49.78447 -151.54869 
    -50.44085 -151.10823 
    -50.99636 -150.67056 
    -51.51157 -150.24837 
    -52.00705 -149.84424 
    -52.49060 -149.45685 
    -52.96804 -149.08539 
    -53.44500 -148.73059 
    -53.92286 -148.39026 
    -54.39907 -148.05673 
    -54.87754 -147.72911 
    -55.36046 -147.40431 
    -55.84863 -147.07533 
    -56.34250 -146.73012 
    -56.84509 -146.35518 
    -57.35852 -145.92081 
    -57.93747 -145.63353 
    -58.56473 -145.55458 
    -59.19386 -145.50597 
    -59.82412 -145.47406 
    -60.45607 -145.47914 
    -61.08773 -145.52116 
    -61.71713 -145.60011 
    -62.34229 -145.71603 
    -62.96111 -145.86897 
    -63.57745 -146.04382 
    -64.17510 -146.27734 
    -64.75597 -146.55267 
    -65.32478 -146.85600 
    -65.87379 -147.19701 
    -66.39965 -147.57521 
    -66.89896 -147.98973 
    -67.36834 -148.43916 
    -67.80463 -148.92162 
    -68.20497 -149.43462 
    -68.56695 -149.97530 
    -68.88870 -150.54037 
    -69.16895 -151.12633 
    -69.40697 -151.72955 
    -69.60262 -152.34644 
    -69.75616 -152.97356 
    -69.86826 -153.60765 
    -69.93971 -154.24577 
    -69.97150 -154.88525 
Cell 4 100 -46.87609 -142.09811 
    -58.89320 -142.09811 
    -58.73272 -142.84407 
    -58.52273 -143.56943 
    -58.26742 -144.27112 
    -57.97120 -144.94685 
    -57.62691 -145.59126 
    -57.09475 -146.14397 
    -56.48836 -146.62131 
    -55.88428 -147.05042 
    -55.30068 -147.44452 
    -54.74830 -147.81760 
    -54.22565 -148.17819 
    -53.72591 -148.53052 
    -53.24448 -148.87976 
    -52.77848 -149.23288 
    -52.32116 -149.59261 
    -51.86530 -149.95985 
    -51.40483 -150.33585 
    -50.93335 -150.72021 
    -50.44283 -151.10667 
    -49.91772 -151.45927 
    -49.40707 -151.95563 
    -48.82826 -152.33174 
    -48.18586 -152.46593 
    -47.53417 -152.55795 
    -46.87609 -152.60706 
    -46.21457 -152.61272 
    -45.55260 -152.57462 
    -44.89323 -152.49268 
    -44.23949 -152.36702 
    -43.59444 -152.19800 
    -42.96110 -151.98625 
    -42.34246 -151.73259 
    -41.74143 -151.43805 
    -41.16082 -151.10394 
    -40.60339 -150.73175 
    -40.07174 -150.32317 
    -39.56832 -149.88011 
    -39.09546 -149.40462 
    -38.65528 -148.89896 
    -38.24976 -148.36551 
    -37.88063 -147.80681 
    -37.54943 -147.22549 
    -37.25750 -146.62428 
    -37.00594 -146.00598 
    -36.79563 -145.37346 
    -36.62722 -144.72958 
    -36.50116 -144.07724 
    -36.41766 -143.41933 
    -36.37674 -142.75868 
    -36.37823 -142.09811 
    -36.42177 -141.44038 
    -36.50682 -140.78818 
    -36.63272 -140.14409 
    -36.79864 -139.51067 
    -37.00364 -138.89035 
    -37.24665 -138.28555 
    -37.52651 -137.69853 
    -37.84195 -137.13155 
    -38.27653 -136.64066 
    -38.77615 -136.21317 
    -39.23225 -135.77458 
    -39.68079 -135.34128 
    -40.12859 -134.91277 
    -40.58017 -134.48766 
    -41.03896 -134.06398 
    -41.50740 -133.63840 
    -41.98848 -133.20757 
    -42.48475 -132.76602 
    -43.00169 -132.31248 
    -43.56779 -131.91620 
    -44.18348 -131.61108 
    -44.82850 -131.36423 
    -45.49370 -131.15536 
    -46.17707 -130.98749 
    -46.87609 -130.86400 
    -47.58765 -130.78822 
    -48.30801 -130.76335 
    -49.03281 -130.79221 
    -49.75954 -130.86781 
    -50.42768 -131.16747 
    -51.06268 -131.52402 
    -51.67627 -131.89722 
    -52.27200 -132.28300 
    -52.85057 -132.68385 
    -53.41033 -133.10451 
    -53.95101 -133.54602 
    -54.44155 -134.04173 
    -54.90677 -134.55681 
    -55.35569 -135.08318 
    -55.78810 -135.62317 
    -56.20305 -136.17905 
    -56.60276 -136.75084 
    -56.99547 -137.33630 
    -57.39072 -137.93507 
    -57.81644 -138.54338 
    -58.22847 -139.18332 
    -58.56136 -139.86903 
    -58.91234 -140.57759 
    -59.00008 -141.33534 
Cell 5 100 -10.25093 -148.49033 
    -20.63613 -148.49033 
    -20.64828 -149.14447 
    -20.61750 -149.79993 
    -20.54359 -150.45375 
    -20.42655 -151.10298 
    -20.26662 -151.74461 
    -20.06423 -152.37569 
    -19.82008 -152.99323 
    -19.53505 -153.59431 
    -19.21029 -154.17610 
    -18.84710 -154.73581 
    -18.44706 -155.27075 
    -18.01193 -155.77838 
    -17.54364 -156.25627 
    -17.04431 -156.70212 
    -16.51628 -157.11383 
    -15.96196 -157.48946 
    -15.38396 -157.82727 
    -14.78500 -158.12570 
    -14.16789 -158.38344 
    -13.53556 -158.59937 
    -12.89097 -158.77260 
    -12.23715 -158.90245 
    -11.57716 -158.98849 
    -10.91407 -159.03058 
    -10.25093 -159.02872 
    -9.59078 -158.98315 
    -8.93660 -158.89436 
    -8.29130 -158.76308 
    -7.65773 -158.59018 
    -7.03862 -158.37679 
    -6.43662 -158.12416 
    -5.85422 -157.83380 
    -5.29380 -157.50732 
    -4.75756 -157.14648 
    -4.24760 -156.75320 
    -3.76579 -156.32951 
    -3.31387 -155.87755 
    -2.87252 -155.41911 
    -2.43197 -154.95874 
    -2.01821 -154.47174 
    -1.63516 -153.95805 
    -1.30236 -153.40985 
    -1.04767 -152.82104 
    -0.87431 -152.20279 
    -0.71912 -151.58740 
    -0.57434 -150.97485 
    -0.44296 -150.36130 
    -0.32694 -149.74402 
    -0.22740 -149.12096 
    -0.14459 -148.49033 
    -0.07764 -147.85027 
    0.04125 -147.19012 
    0.27952 -146.48152 
    0.54962 -145.71721 
    0.88227 -144.87292 
    1.36562 -143.89101 
    1.24365 -143.08139 
    0.87506 -142.37376 
    0.37086 -141.74953 
    -0.24553 -141.22098 
    -0.94257 -140.78978 
    -1.68628 -140.44759 
    -2.44562 -140.17851 
    -3.19653 -139.96301 
    -3.92386 -139.78186 
    -4.62121 -139.61931 
    -5.28178 -139.45146 
    -5.87290 -139.18654 
    -6.47709 -138.95869 
    -7.09200 -138.76814 
    -7.71539 -138.61505 
    -8.33094 -138.42537 
    -8.95392 -138.22342 
    -9.59329 -138.03737 
    -10.25093 -137.92940 
    -10.92101 -137.83969 
    -11.58697 -137.91452 
    -12.25434 -137.98810 
    -12.92486 -138.07605 
    -13.59923 -138.18532 
    -14.27876 -138.31720 
    -14.96647 -138.46931 
    -15.59592 -138.76784 
    -16.15202 -139.19171 
    -16.63733 -139.70021 
    -17.07650 -140.23962 
    -17.47647 -140.79590 
    -17.84469 -141.35931 
    -18.18736 -141.92474 
    -18.50844 -142.49089 
    -18.80933 -143.05901 
    -19.08920 -143.63144 
    -19.40918 -144.18079 
    -19.69925 -144.74947 
    -19.95327 -145.33784 
    -20.16976 -145.94360 
    -20.34739 -146.56433 
    -20.48496 -147.19746 
    -20.58148 -147.84038 
Cell 6 100 8.83132 -152.01347 
    -0.82657 -152.01347 
    -0.99457 -152.63167 
    -1.24920 -153.28693 
    -1.66884 -154.01648 
    -1.90510 -154.77011 
    -1.88986 -155.49699 
    -1.68598 -156.17757 
    -1.41863 -156.83673 
    -1.10544 -157.47626 
    -0.74794 -158.09265 
    -0.34792 -158.68259 
    0.09240 -159.24294 
    0.57071 -159.77071 
    1.08430 -160.26321 
    1.63041 -160.71788 
    2.20596 -161.13251 
    2.80776 -161.50510 
    3.43246 -161.83397 
    4.07662 -162.11772 
    4.73671 -162.35527 
    5.40915 -162.54585 
    6.09033 -162.68892 
    6.77665 -162.78444 
    7.46457 -162.83241 
    8.15060 -162.83330 
    8.83132 -162.78780 
    9.50346 -162.69687 
    10.16388 -162.56178 
    10.80959 -162.38393 
    11.43777 -162.16492 
    12.04582 -161.90666 
    12.63132 -161.61116 
    13.21528 -161.32985 
    13.81213 -161.07353 
    14.39607 -160.78210 
    14.96511 -160.45590 
    15.51716 -160.09526 
    16.05000 -159.70059 
    16.56126 -159.27237 
    17.04841 -158.81123 
    17.50878 -158.31801 
    17.93955 -157.79373 
    18.33783 -157.23972 
    18.70066 -156.65762 
    19.02508 -156.04947 
    19.30822 -155.41762 
    19.54736 -154.76489 
    19.74002 -154.09442 
    19.88401 -153.40976 
    19.97757 -152.71474 
    20.01937 -152.01347 
    20.00862 -151.31026 
    19.94505 -150.60948 
    19.82899 -149.91556 
    19.66131 -149.23280 
    19.44344 -148.56538 
    19.17729 -147.91722 
    18.86522 -147.29189 
    18.50996 -146.69260 
    18.11452 -146.12218 
    17.68212 -145.58299 
    17.21608 -145.07700 
    16.71976 -144.60573 
    16.19651 -144.17035 
    15.64955 -143.77165 
    15.08199 -143.41017 
    14.49676 -143.08618 
    13.89658 -142.79980 
    13.28402 -142.55099 
    12.66145 -142.33968 
    12.03107 -142.16565 
    11.39495 -142.02878 
    10.75506 -141.92888 
    10.14298 -141.63062 
    9.50674 -141.27803 
    8.83132 -140.88542 
    8.10615 -140.48715 
    7.33187 -140.14406 
    6.52648 -139.93105 
    5.72490 -139.91475 
    4.97016 -140.13004 
    4.29922 -140.56670 
    3.73013 -141.17288 
    3.25706 -141.87393 
    2.81223 -142.52890 
    2.25304 -142.95924 
    1.74201 -143.44397 
    1.30997 -144.00406 
    0.99137 -144.65128 
    0.71452 -145.29868 
    0.47109 -145.93941 
    0.25047 -146.56790 
    0.04381 -147.18251 
    -0.07282 -147.82350 
    -0.14151 -148.46088 
    -0.22100 -149.07220 
    -0.31436 -149.66525 
    -0.42173 -150.24837 
    -0.54315 -150.82919 
    -0.67841 -151.41518 
Cell 7 100 28.54573 -140.95190 
    18.31813 -140.95190 
    18.29053 -141.59711 
    18.30501 -142.24561 
    18.36214 -142.89453 
    18.46227 -143.54089 
    18.60544 -144.18170 
    18.79117 -144.81401 
    19.01853 -145.43506 
    19.28617 -146.04239 
    19.59305 -146.63345 
    19.93989 -147.20441 
    20.32667 -147.75130 
    20.75014 -148.27246 
    21.20853 -148.76523 
    21.69989 -149.22711 
    22.22203 -149.65573 
    22.77260 -150.04890 
    23.34906 -150.40460 
    23.94873 -150.72102 
    24.56878 -150.99654 
    25.20625 -151.22977 
    25.85810 -151.41956 
    26.52118 -151.56497 
    27.19231 -151.66536 
    27.86824 -151.72029 
    28.54573 -151.72960 
    29.22153 -151.69337 
    29.89241 -151.61195 
    30.55520 -151.48589 
    31.20679 -151.31604 
    31.84417 -151.10344 
    32.46441 -150.84937 
    33.06474 -150.55530 
    33.64251 -150.22292 
    34.19524 -149.85410 
    34.72058 -149.45085 
    35.21642 -149.01538 
    35.68084 -148.55002 
    36.11208 -148.05717 
    36.50864 -147.53940 
    36.90052 -147.02202 
    37.30266 -146.50922 
    37.67529 -145.97092 
    38.02244 -145.41130 
    38.33762 -144.82878 
    38.61992 -144.22520 
    38.86803 -143.60222 
    39.08012 -142.96144 
    39.25429 -142.30470 
    39.38855 -141.63408 
    39.48094 -140.95190 
    39.52956 -140.26086 
    39.53260 -139.56393 
    39.48846 -138.86447 
    39.39582 -138.16608 
    39.25366 -137.47269 
    39.06140 -136.78845 
    38.81893 -136.11771 
    38.52665 -135.46484 
    38.18552 -134.83430 
    37.79707 -134.23041 
    37.36338 -133.65730 
    36.88708 -133.11887 
    36.37125 -132.61858 
    35.82325 -132.15489 
    35.31698 -131.63208 
    34.75253 -131.17155 
    34.13563 -130.78392 
    33.47492 -130.47685 
    32.78120 -130.25432 
    32.06643 -130.11632 
    31.34257 -130.05894 
    30.62063 -130.07491 
    29.91286 -130.12994 
    29.22606 -130.13837 
    28.54573 -129.96135 
    27.84545 -129.82121 
    27.12755 -129.72586 
    26.39624 -129.68385 
    25.65769 -129.70372 
    24.91998 -129.79300 
    24.19269 -129.95737 
    23.48625 -130.19995 
    22.81118 -130.52080 
    22.17719 -130.91669 
    21.69909 -131.52832 
    21.23428 -132.11388 
    20.80797 -132.71204 
    20.41726 -133.31876 
    20.05927 -133.93129 
    19.73030 -134.54712 
    19.42564 -135.16412 
    19.14190 -135.78210 
    18.87633 -136.40182 
    18.73393 -137.06714 
    18.62079 -137.72710 
    18.53469 -138.38150 
    18.47464 -139.03075 
    18.44068 -139.67534 
    18.38705 -140.31277 
Cell 8 100 45.94834 -151.63255 
    35.92132 -151.63255 
    35.94342 -152.26201 
    35.99656 -152.88976 
    36.08728 -153.51366 
    36.21701 -154.13113 
    36.38557 -154.73969 
    36.59238 -155.33684 
    36.83669 -155.92017 
    37.11760 -156.48729 
    37.43405 -157.03589 
    37.78484 -157.56369 
    38.16859 -158.06851 
    38.58383 -158.54829 
    39.02891 -159.00099 
    39.50206 -159.42477 
    40.00140 -159.81783 
    40.52490 -160.17853 
    41.07048 -160.50534 
    41.63591 -160.79692 
    42.21891 -161.05203 
    42.81707 -161.26961 
    43.42798 -161.44872 
    44.04912 -161.58861 
    44.67795 -161.68872 
    45.31189 -161.74861 
    45.94834 -161.76804 
    46.58469 -161.74695 
    47.21832 -161.68542 
    47.84663 -161.58374 
    48.46706 -161.44232 
    49.07708 -161.26181 
    49.67419 -161.04297 
    50.25596 -160.78671 
    50.82005 -160.49416 
    51.36416 -160.16652 
    51.88612 -159.80521 
    52.38384 -159.41174 
    52.85534 -158.98776 
    53.29874 -158.53503 
    53.71233 -158.05548 
    54.09447 -157.55106 
    54.44370 -157.02386 
    54.75868 -156.47607 
    55.03823 -155.90993 
    55.28132 -155.32774 
    55.48705 -154.73187 
    55.65470 -154.12473 
    55.78370 -153.50874 
    55.87368 -152.88641 
    55.92717 -152.26036 
    55.88395 -151.63255 
    55.83418 -151.01059 
    55.78312 -150.39014 
    55.73224 -149.76617 
    55.64004 -149.14415 
    55.46566 -148.54019 
    55.25365 -147.94832 
    55.00484 -147.37090 
    54.72020 -146.81018 
    54.40336 -146.26683 
    54.05693 -145.74132 
    53.68197 -145.23474 
    53.28083 -144.74689 
    52.85564 -144.27702 
    52.40789 -143.82431 
    51.93810 -143.38835 
    51.44569 -142.97011 
    50.92907 -142.57265 
    50.38618 -142.20168 
    49.91619 -141.61092 
    49.42227 -140.94090 
    48.71988 -140.83813 
    47.94480 -141.16675 
    47.28338 -141.06462 
    46.61521 -141.03297 
    45.94834 -140.89095 
    45.27076 -140.86266 
    44.61754 -141.09821 
    44.00878 -141.46501 
    43.40009 -141.70775 
    42.80264 -141.95108 
    42.22089 -142.21809 
    41.65467 -142.50803 
    41.10449 -142.82162 
    40.57163 -143.16022 
    40.05795 -143.52513 
    39.56565 -143.91721 
    39.09490 -144.33438 
    38.65080 -144.77971 
    38.23560 -145.25203 
    37.85208 -145.75027 
    37.49709 -146.26923 
    37.17897 -146.81155 
    36.89465 -147.37221 
    36.64612 -147.94954 
    36.42775 -148.53912 
    36.20155 -149.13000 
    36.02974 -149.74048 
    35.94314 -150.36861 
    35.91936 -151.00159 
Cell 9 100 66.70099 -152.36537 
    55.94479 -152.36537 
    56.03861 -153.03619 
    56.03905 -153.71228 
    56.03835 -154.39938 
    56.07280 -155.09422 
    56.23299 -155.76663 
    56.43647 -156.42938 
    56.68359 -157.07921 
    56.97425 -157.71269 
    57.30785 -158.32645 
    57.68336 -158.91705 
    58.09929 -159.48131 
    58.55376 -160.01613 
    59.04456 -160.51865 
    59.56925 -160.98616 
    60.12516 -161.41623 
    60.70934 -161.80670 
    61.31878 -162.15556 
    61.95024 -162.46123 
    62.60038 -162.72232 
    63.26578 -162.93785 
    63.94297 -163.10712 
    64.62850 -163.22972 
    65.31889 -163.30579 
    66.01080 -163.33562 
    66.70099 -163.31993 
    67.38641 -163.25987 
    68.06426 -163.15683 
    68.73203 -163.01247 
    69.38751 -162.82869 
    70.02894 -162.60774 
    70.65483 -162.35164 
    71.26422 -162.06273 
    71.85632 -161.74287 
    72.43079 -161.39409 
    72.98739 -161.01785 
    73.52589 -160.61526 
    74.04605 -160.18707 
    74.54719 -159.73344 
    75.02835 -159.25436 
    75.48773 -158.74931 
    75.92291 -158.21779 
    76.33061 -157.65930 
    76.68613 -157.06403 
    76.89870 -156.40292 
    77.10086 -155.74449 
    77.30943 -155.08916 
    77.48201 -154.42197 
    77.59759 -153.74193 
    77.65970 -153.05484 
    77.66853 -152.36537 
    77.62166 -151.67830 
    77.52534 -150.99794 
    77.38531 -150.32722 
    77.20480 -149.66846 
    76.99632 -149.02022 
    76.85748 -148.34413 
    76.67580 -147.67159 
    76.44923 -147.00623 
    76.17596 -146.35237 
    75.80512 -145.75084 
    75.39439 -145.17355 
    74.95632 -144.61310 
    74.48996 -144.07097 
    73.99493 -143.54852 
    73.47153 -143.04654 
    72.91991 -142.56592 
    72.32497 -142.13539 
    71.66793 -141.81009 
    70.98627 -141.54198 
    70.28580 -141.33247 
    69.57240 -141.18196 
    68.85191 -141.08987 
    68.12997 -141.05386 
    67.41135 -141.07451 
    66.70099 -141.14597 
    66.00269 -141.26620 
    65.31974 -141.43167 
    64.65479 -141.63884 
    64.00990 -141.88428 
    63.38660 -142.16475 
    62.78604 -142.47734 
    62.20904 -142.81950 
    61.65624 -143.18901 
    61.12817 -143.58401 
    60.62535 -144.00298 
    60.14836 -144.44461 
    59.69787 -144.90781 
    59.16597 -145.28952 
    58.62002 -145.68022 
    58.07005 -146.09464 
    57.52606 -146.54279 
    57.00637 -147.03572 
    56.53598 -147.58208 
    56.14222 -148.18486 
    55.84877 -148.83928 
    55.69879 -149.54048 
    55.77422 -150.28098 
    55.83268 -150.99239 
    55.88757 -151.68506 
Cell 10 100 83.74638 -139.38049 
    71.33198 -139.38049 
    71.38314 -140.15833 
    71.70077 -140.90221 
    72.08276 -141.60545 
    72.53342 -142.25949 
    73.19772 -142.80797 
    73.76824 -143.33112 
    74.27059 -143.83946 
    74.72257 -144.34137 
    75.13696 -144.84419 
    75.52338 -145.35486 
    75.88646 -145.88278 
    76.29100 -146.38156 
    76.78133 -146.79752 
    77.28403 -147.19212 
    77.80144 -147.56300 
    78.33500 -147.90746 
    78.88524 -148.22287 
    79.45186 -148.50681 
    80.03391 -148.75711 
    80.62991 -148.97197 
    81.23801 -149.14993 
    81.85607 -149.28981 
    82.48178 -149.39076 
    83.11272 -149.45215 
    83.74638 -149.47595 
    84.38056 -149.46056 
    85.01288 -149.40587 
    85.64096 -149.31226 
    86.26252 -149.18022 
    86.87533 -149.01042 
    87.47728 -148.80368 
    88.06637 -148.56094 
    88.64069 -148.28322 
    89.19851 -147.97168 
    89.73820 -147.62752 
    90.25824 -147.25198 
    90.75727 -146.84634 
    91.23402 -146.41187 
    91.68729 -145.94978 
    92.11595 -145.46135 
    92.51889 -144.94769 
    92.89500 -144.40999 
    93.24313 -143.84933 
    93.56203 -143.26678 
    93.85036 -142.66348 
    94.10663 -142.04056 
    94.32920 -141.39928 
    94.51627 -140.74104 
    94.66591 -140.06749 
    94.77605 -139.38049 
    94.84454 -138.68225 
    94.86922 -137.97536 
    94.84799 -137.26274 
    94.77889 -136.54782 
    94.65961 -135.83456 
    94.22023 -135.23360 
    93.66268 -134.71423 
    93.09051 -134.24352 
    92.57607 -133.77701 
    92.09190 -133.31712 
    91.62355 -132.86392 
    91.16182 -132.41692 
    90.70078 -131.97479 
    90.23664 -131.53513 
    89.76708 -131.09370 
    89.29090 -130.64372 
    88.80615 -130.17679 
    88.29884 -129.70601 
    87.74271 -129.28690 
    87.16141 -128.87010 
    86.55368 -128.44678 
    85.88705 -128.15865 
    85.16672 -128.13734 
    84.45197 -128.16539 
    83.74638 -128.24045 
    83.05302 -128.36005 
    82.37457 -128.52159 
    81.71325 -128.72246 
    81.07088 -128.96014 
    80.44901 -129.23222 
    79.84885 -129.53648 
    79.27148 -129.87085 
    78.71777 -130.23349 
    78.18854 -130.62274 
    77.63820 -130.97331 
    77.01881 -131.24826 
    76.51061 -131.67517 
    76.13711 -132.23491 
    75.77749 -132.78807 
    75.43941 -133.34512 
    75.08422 -133.88333 
    74.71835 -134.41730 
    74.34646 -134.95723 
    73.97215 -135.51060 
    73.59900 -136.08340 
    73.22430 -136.67888 
    72.83648 -137.29932 
    72.40253 -137.94743 
    71.86810 -138.63316 
Cell 11 100 112.68575 -147.82748 
    102.52072 -147.82748 
    102.53129 -148.46635 
    102.58269 -149.10381 
    102.67480 -149.73718 
    102.80733 -150.36383 
    102.97981 -150.98114 
    103.19160 -151.58649 
    103.44187 -152.17732 
    103.72962 -152.75116 
    104.05370 -153.30556 
    104.41275 -153.83817 
    104.80531 -154.34676 
    105.22974 -154.82915 
    105.68426 -155.28333 
    106.16695 -155.70737 
    106.67577 -156.09952 
    107.20858 -156.45813 
    107.76311 -156.78174 
    108.33702 -157.06902 
    108.92787 -157.31880 
    109.53318 -157.53011 
    110.15038 -157.70213 
    110.77687 -157.83421 
    111.41003 -157.92590 
    112.04720 -157.97693 
    112.68575 -157.98718 
    113.32304 -157.95679 
    113.95644 -157.88602 
    114.58340 -157.77534 
    115.20145 -157.62549 
    115.80819 -157.43736 
    116.40140 -157.21213 
    116.97903 -156.95116 
    117.53934 -156.65613 
    118.08091 -156.32889 
    118.60277 -155.97156 
    119.10443 -155.58633 
    119.58598 -155.17548 
    120.04801 -154.74110 
    120.49161 -154.28505 
    120.91805 -153.80859 
    121.32856 -153.31238 
    121.72385 -152.79622 
    122.10366 -152.25922 
    122.46620 -151.69983 
    122.80780 -151.11633 
    123.12270 -150.50723 
    123.40311 -149.87193 
    123.63972 -149.21129 
    123.82241 -148.52814 
    123.94128 -147.82748 
    123.98785 -147.11641 
    123.95612 -146.40370 
    123.84341 -145.69905 
    123.97227 -144.92960 
    124.15897 -144.09961 
    123.80070 -143.42677 
    123.00658 -142.97087 
    122.21635 -142.58800 
    121.74227 -142.08005 
    121.24282 -141.61041 
    120.72604 -141.17598 
    120.19781 -140.77319 
    119.66183 -140.39871 
    119.11995 -140.04988 
    118.59714 -139.69116 
    118.08067 -139.32645 
    117.54533 -138.98793 
    116.99303 -138.67407 
    116.42476 -138.38383 
    115.84058 -138.11790 
    115.23986 -137.87988 
    114.62210 -137.67677 
    113.98808 -137.51845 
    113.34081 -137.41562 
    112.68575 -137.37704 
    112.03014 -137.40691 
    111.35924 -137.32704 
    110.63889 -137.09744 
    109.87840 -136.89355 
    109.10600 -136.81015 
    108.37293 -136.93456 
    107.73138 -137.29890 
    107.20646 -137.86069 
    106.78338 -138.52684 
    106.41945 -139.20267 
    106.07022 -139.83067 
    105.70977 -140.39882 
    105.33476 -140.92444 
    104.95598 -141.43286 
    104.56202 -141.92525 
    104.19565 -142.43950 
    103.86204 -142.97661 
    103.56266 -143.53448 
    103.29888 -144.11096 
    103.07191 -144.70375 
    102.88280 -145.31052 
    102.73245 -145.92879 
    102.62164 -146.55609 
    102.55092 -147.18985 
Cell 12 100 -116.46349 -129.99518 
    -127.60447 -129.99518 
    -127.80783 -130.70891 
    -127.95454 -131.44684 
    -128.04199 -132.20389 
    -128.06827 -132.97478 
    -128.03209 -133.75404 
    -127.93285 -134.53621 
    -127.77059 -135.31589 
    -127.54593 -136.08780 
    -127.26000 -136.84685 
    -126.91432 -137.58815 
    -126.51086 -138.30708 
    -126.05184 -138.99924 
    -125.53986 -139.66052 
    -123.29291 -138.25053 
    -122.34007 -138.08359 
    -121.71778 -138.27461 
    -121.14510 -138.51100 
    -120.57664 -138.73604 
    -120.00856 -138.94899 
    -119.43496 -139.14041 
    -118.84454 -139.26875 
    -118.25268 -139.37440 
    -117.66022 -139.46820 
    -117.06416 -139.54247 
    -116.46349 -139.58350 
    -115.85946 -139.59605 
    -115.25050 -139.59709 
    -114.63554 -139.57768 
    -114.00214 -139.58154 
    -113.33400 -139.62679 
    -112.88107 -139.04332 
    -112.39894 -138.63278 
    -111.94255 -138.21875 
    -111.50117 -137.81454 
    -111.06726 -137.42245 
    -110.63442 -137.04132 
    -110.19785 -136.66742 
    -109.75415 -136.29567 
    -109.30109 -135.92043 
    -108.83810 -135.53535 
    -108.36753 -135.13303 
    -107.89500 -134.70575 
    -107.25224 -134.32967 
    -106.35275 -133.99829 
    -105.35538 -133.60443 
    -104.91708 -132.95979 
    -104.94865 -132.19176 
    -105.01682 -131.44122 
    -105.13374 -130.70799 
    -105.28175 -129.99518 
    -105.23665 -129.28885 
    -105.02296 -128.54990 
    -104.79333 -127.76897 
    -104.70795 -126.97687 
    -104.96912 -126.26043 
    -105.53851 -125.66968 
    -106.27242 -125.19962 
    -107.01225 -124.79932 
    -107.61890 -124.38223 
    -107.88183 -123.76023 
    -108.17806 -123.14087 
    -108.51360 -122.52972 
    -108.89473 -121.93526 
    -109.32696 -121.36859 
    -109.81374 -120.84258 
    -110.35551 -120.37054 
    -110.94914 -119.96461 
    -111.58797 -119.63416 
    -112.26241 -119.38446 
    -112.96116 -119.21610 
    -113.67252 -119.12506 
    -114.38581 -119.10357 
    -115.09235 -119.14143 
    -115.78606 -119.22765 
    -116.46349 -119.35192 
    -117.12344 -119.50574 
    -117.76620 -119.68314 
    -118.39293 -119.88071 
    -119.00481 -120.09740 
    -119.60265 -120.33386 
    -120.18655 -120.59181 
    -120.75588 -120.87338 
    -121.30934 -121.18061 
    -121.84512 -121.51509 
    -122.36240 -121.87604 
    -122.86008 -122.26303 
    -123.33236 -122.68058 
    -123.77734 -123.12701 
    -124.19328 -123.60055 
    -124.57851 -124.09927 
    -124.93152 -124.62121 
    -125.25091 -125.16426 
    -125.53542 -125.72625 
    -125.78395 -126.30495 
    -125.99511 -126.89817 
    -126.29973 -127.46966 
    -126.69069 -128.04424 
    -127.04171 -128.65884 
    -127.34780 -129.31039 
Cell 13 100 -86.52652 -120.29812 
    -96.69574 -120.29812 
    -96.68790 -120.93742 
    -96.63925 -121.57565 
    -96.54984 -122.21017 
    -96.41990 -122.83831 
    -96.24983 -123.45741 
    -96.04025 -124.06487 
    -95.79192 -124.65808 
    -95.50581 -125.23452 
    -95.18305 -125.79172 
    -94.82496 -126.32729 
    -94.43299 -126.83892 
    -94.00878 -127.32442 
    -93.55411 -127.78174 
    -93.07087 -128.20888 
    -92.56112 -128.60403 
    -92.02703 -128.96553 
    -91.47087 -129.29185 
    -90.89501 -129.58162 
    -90.30191 -129.83366 
    -89.69410 -130.04694 
    -89.07418 -130.22060 
    -88.44478 -130.35399 
    -87.80857 -130.44661 
    -87.16825 -130.49818 
    -86.52652 -130.50859 
    -85.88606 -130.47791 
    -85.24955 -130.40639 
    -84.61961 -130.29446 
    -83.99885 -130.14275 
    -83.38976 -129.95206 
    -82.79482 -129.72333 
    -82.21635 -129.45770 
    -81.65662 -129.15643 
    -81.10422 -128.84230 
    -80.56033 -128.50989 
    -80.03499 -128.14503 
    -79.53008 -127.74857 
    -79.04753 -127.32136 
    -78.58933 -126.86433 
    -78.15757 -126.37852 
    -77.75443 -125.86506 
    -77.38216 -125.32528 
    -77.04308 -124.76068 
    -76.73958 -124.17304 
    -76.47398 -123.56438 
    -76.24857 -122.93705 
    -76.06551 -122.29366 
    -75.92674 -121.63718 
    -75.83395 -120.97084 
    -75.78848 -120.29812 
    -75.79125 -119.62271 
    -75.84278 -118.94845 
    -75.94308 -118.27922 
    -76.09168 -117.61891 
    -76.28762 -116.97130 
    -76.52947 -116.34001 
    -76.81542 -115.72842 
    -77.07597 -115.10264 
    -77.34052 -114.46850 
    -77.64584 -113.84592 
    -77.99299 -113.23857 
    -78.38270 -112.65057 
    -78.81528 -112.08648 
    -79.29047 -111.55124 
    -79.80733 -111.04996 
    -80.36416 -110.58779 
    -80.95841 -110.16976 
    -81.58674 -109.80054 
    -82.24500 -109.48425 
    -82.92841 -109.22427 
    -83.63160 -109.02314 
    -84.34886 -108.88242 
    -85.07430 -108.80263 
    -85.80207 -108.78330 
    -86.52652 -108.82299 
    -87.24241 -108.91940 
    -87.94502 -109.06954 
    -88.63026 -109.26990 
    -89.29474 -109.51661 
    -89.93572 -109.80566 
    -90.55115 -110.13307 
    -91.09184 -110.59634 
    -91.57779 -111.10989 
    -92.03379 -111.62006 
    -92.46593 -112.12324 
    -92.87703 -112.62167 
    -93.26929 -113.11780 
    -93.64470 -113.61371 
    -94.00623 -114.11036 
    -94.38228 -114.59058 
    -94.75980 -115.07312 
    -95.12643 -115.57027 
    -95.47306 -116.08820 
    -95.77869 -116.63493 
    -96.03680 -117.20805 
    -96.27136 -117.79607 
    -96.47689 -118.39999 
    -96.58981 -119.02683 
    -96.66294 -119.66039 
Cell 14 100 -62.43247 -130.50700 
    -72.75489 -130.50700 
    -72.75351 -131.15634 
    -72.71407 -131.80588 
    -72.63557 -132.45335 
    -72.51723 -133.09633 
    -72.35854 -133.73218 
    -72.15934 -134.35814 
    -71.91976 -134.97137 
    -71.64032 -135.56906 
    -71.32183 -136.14836 
    -70.96539 -136.70653 
    -70.57232 -137.24088 
    -70.14420 -137.74879 
    -69.68286 -138.22789 
    -69.19033 -138.67586 
    -68.66879 -139.09056 
    -68.12060 -139.47005 
    -67.54821 -139.81248 
    -66.95424 -140.11624 
    -66.34143 -140.37991 
    -65.71262 -140.60225 
    -65.07072 -140.78232 
    -64.41874 -140.91937 
    -63.75978 -141.01376 
    -63.09682 -141.06648 
    -62.43247 -141.07970 
    -61.76859 -141.05916 
    -61.10346 -141.02722 
    -60.43428 -140.98187 
    -59.76397 -140.90015 
    -59.09401 -140.78174 
    -58.65274 -140.05351 
    -58.29003 -139.31013 
    -57.92324 -138.70926 
    -57.56261 -138.18068 
    -57.22170 -137.67902 
    -56.90023 -137.19434 
    -56.58840 -136.73030 
    -56.27808 -136.28638 
    -55.96371 -135.85843 
    -55.64193 -135.44063 
    -55.30860 -135.02795 
    -54.95757 -134.61636 
    -54.58449 -134.19998 
    -54.17784 -133.77524 
    -53.70290 -133.34341 
    -53.13162 -132.89505 
    -52.45558 -132.41019 
    -51.63353 -131.87122 
    -50.57952 -131.25272 
    -49.81736 -130.50700 
    -49.83529 -129.71446 
    -49.91924 -128.92621 
    -50.06853 -128.14845 
    -50.28159 -127.38719 
    -50.55603 -126.64812 
    -50.88868 -125.93649 
    -51.27573 -125.25704 
    -51.71284 -124.61384 
    -52.19524 -124.01025 
    -52.71791 -123.44896 
    -53.27571 -122.93188 
    -53.86353 -122.46023 
    -54.47635 -122.03460 
    -55.10945 -121.65498 
    -55.67230 -121.20242 
    -56.24453 -120.75637 
    -56.89045 -120.42610 
    -57.58970 -120.21558 
    -58.31570 -120.10924 
    -59.04504 -120.08154 
    -59.76112 -120.10278 
    -60.45661 -120.14916 
    -61.12284 -120.14021 
    -61.78141 -120.15869 
    -62.43247 -120.21033 
    -63.07499 -120.29441 
    -63.70797 -120.41039 
    -64.34480 -120.48220 
    -64.98399 -120.56950 
    -65.62324 -120.68684 
    -66.26158 -120.83578 
    -66.89713 -121.01912 
    -67.52666 -121.24072 
    -68.14530 -121.50503 
    -68.74658 -121.81638 
    -69.32268 -122.17817 
    -69.86512 -122.59203 
    -70.36559 -123.05731 
    -70.81693 -123.57078 
    -71.21400 -124.12685 
    -71.55418 -124.71819 
    -71.83758 -125.33650 
    -72.06672 -125.97347 
    -72.24590 -126.62160 
    -72.38049 -127.27470 
    -72.47559 -127.92837 
    -72.54092 -128.57872 
    -72.64773 -129.21652 
    -72.71930 -129.85982 
Cell 15 100 -55.14627 -109.94684 
    -65.62238 -109.94684 
    -65.51010 -110.59888 
    -65.41482 -111.24406 
    -65.30805 -111.88530 
    -65.16360 -112.51885 
    -64.98224 -113.14274 
    -64.76468 -113.75504 
    -64.51165 -114.35385 
    -64.22382 -114.93726 
    -63.90187 -115.50331 
    -63.54657 -116.05001 
    -63.15871 -116.57530 
    -62.73917 -117.07705 
    -62.28907 -117.55314 
    -61.80955 -118.00136 
    -61.30183 -118.41924 
    -60.76751 -118.80449 
    -60.20819 -119.15444 
    -59.62581 -119.46634 
    -59.02210 -119.73607 
    -58.40027 -119.96162 
    -57.76477 -120.14523 
    -57.12600 -120.32497 
    -56.47732 -120.48315 
    -55.81385 -120.55766 
    -55.14627 -120.58813 
    -54.47764 -120.57445 
    -53.81101 -120.51650 
    -53.14946 -120.41447 
    -52.49606 -120.26874 
    -51.85381 -120.07998 
    -51.22571 -119.84904 
    -50.61465 -119.57703 
    -50.02342 -119.26527 
    -49.45473 -118.91527 
    -48.91114 -118.52876 
    -48.39507 -118.10764 
    -47.90877 -117.65399 
    -47.45435 -117.17003 
    -47.03372 -116.65813 
    -46.64859 -116.12077 
    -46.24121 -115.59817 
    -45.84605 -115.05968 
    -45.48436 -114.49339 
    -45.15963 -113.90083 
    -44.87540 -113.28404 
    -44.63514 -112.64564 
    -44.44206 -111.98878 
    -44.29897 -111.31717 
    -44.20814 -110.63501 
    -44.17113 -109.94684 
    -44.18877 -109.25745 
    -44.26100 -108.57171 
    -44.38697 -107.89439 
    -44.56504 -107.23004 
    -44.79285 -106.58281 
    -45.06753 -105.95638 
    -45.38573 -105.35387 
    -45.74390 -104.77784 
    -46.13836 -104.23025 
    -46.11522 -103.38540 
    -45.64184 -102.08409 
    -47.07511 -102.36751 
    -48.00983 -102.34730 
    -48.53593 -101.95631 
    -49.02896 -101.52708 
    -49.51672 -101.07610 
    -50.02962 -100.63968 
    -50.56848 -100.21854 
    -51.13445 -99.81412 
    -51.72875 -99.42879 
    -52.35254 -99.06595 
    -53.00657 -98.73010 
    -53.69095 -98.42681 
    -54.40487 -98.16257 
    -55.14627 -97.94455 
    -55.91173 -97.78028 
    -56.69629 -97.67720 
    -57.49351 -97.64219 
    -58.29557 -97.68111 
    -59.09356 -97.79835 
    -59.87779 -97.99638 
    -60.63832 -98.27563 
    -61.36542 -98.63425 
    -62.05007 -99.06819 
    -62.68446 -99.57142 
    -63.26232 -100.13622 
    -63.77924 -100.75365 
    -64.23275 -101.41407 
    -64.62228 -102.10760 
    -64.94907 -102.82468 
    -65.21581 -103.55651 
    -65.42635 -104.29532 
    -65.58524 -105.03464 
    -65.69737 -105.76936 
    -65.76759 -106.49577 
    -65.80035 -107.21133 
    -65.79953 -107.91462 
    -65.76820 -108.60498 
    -65.70866 -109.28231 
Cell 16 100 -33.95096 -127.56073 
    -44.90252 -127.56073 
    -44.81044 -128.24396 
    -44.66693 -128.91447 
    -44.47678 -129.56863 
    -44.38709 -130.24028 
    -44.29700 -130.92236 
    -44.16543 -131.60492 
    -43.42268 -132.01778 
    -42.84478 -132.45015 
    -42.34671 -132.88882 
    -41.86964 -133.31400 
    -41.40741 -133.72925 
    -40.95691 -134.13976 
    -40.51415 -134.54980 
    -40.07529 -134.96378 
    -39.63559 -135.38495 
    -39.18964 -135.81557 
    -38.72958 -136.25301 
    -38.24200 -136.67966 
    -37.75124 -137.15912 
    -37.20990 -137.59073 
    -36.62496 -137.97527 
    -36.00145 -138.30977 
    -35.34350 -138.58382 
    -34.65818 -138.80162 
    -33.95096 -138.95679 
    -33.22900 -139.03593 
    -32.50095 -139.03876 
    -31.77522 -138.96638 
    -31.05958 -138.82191 
    -30.36257 -138.60466 
    -29.69705 -138.30489 
    -29.05751 -137.95985 
    -28.44723 -137.57199 
    -27.86921 -137.14403 
    -27.32616 -136.67899 
    -26.82049 -136.17999 
    -26.35433 -135.65031 
    -25.92945 -135.09343 
    -25.54731 -134.51283 
    -25.20902 -133.91212 
    -24.91536 -133.29489 
    -24.66679 -132.66475 
    -24.65626 -131.93449 
    -24.67546 -131.23315 
    -24.51020 -130.62822 
    -24.37379 -130.01973 
    -24.29275 -129.40314 
    -24.25246 -128.78593 
    -24.21945 -128.17297 
    -24.18684 -127.56073 
    -24.15205 -126.94424 
    -24.12593 -126.31954 
    -24.14713 -125.69055 
    -24.20905 -125.05943 
    -24.32242 -124.43223 
    -24.48895 -123.81445 
    -24.68068 -123.19846 
    -24.89657 -122.58304 
    -25.13667 -121.96701 
    -25.40236 -121.34981 
    -25.69647 -120.73203 
    -26.02320 -120.11607 
    -26.38768 -119.50665 
    -26.79539 -118.91113 
    -27.25124 -118.33936 
    -27.75870 -117.80329 
    -28.31891 -117.31606 
    -28.93007 -116.89079 
    -29.58722 -116.53918 
    -30.28245 -116.27020 
    -31.00556 -116.08913 
    -31.74504 -115.99686 
    -32.48924 -115.99000 
    -33.22748 -116.06136 
    -33.95096 -116.20102 
    -34.65329 -116.39754 
    -35.33065 -116.63939 
    -35.98155 -116.91599 
    -36.60634 -117.21870 
    -37.20771 -117.53749 
    -37.78595 -117.87465 
    -38.34069 -118.23209 
    -38.88050 -118.59393 
    -39.46500 -118.87199 
    -40.03885 -119.18147 
    -40.60038 -119.52297 
    -41.14727 -119.89745 
    -41.67647 -120.30600 
    -42.18408 -120.74970 
    -42.66539 -121.22933 
    -43.11499 -121.74506 
    -43.52702 -122.29625 
    -43.89551 -122.88119 
    -44.21472 -123.49702 
    -44.47963 -124.13976 
    -44.68628 -124.80437 
    -44.83210 -125.48504 
    -44.91609 -126.17551 
    -44.93886 -126.86943 
Cell 17 100 -14.46384 -128.60902 
    -24.24294 -128.60902 
    -24.28123 -129.22668 
    -24.35257 -129.85826 
    -24.48614 -130.52089 
    -24.67480 -131.23076 
    -24.65663 -131.92085 
    -24.46566 -132.56902 
    -24.19399 -133.18768 
    -23.88261 -133.78703 
    -23.53326 -134.36465 
    -23.14775 -134.91826 
    -22.72803 -135.44576 
    -22.27606 -135.94519 
    -21.79389 -136.41473 
    -21.28358 -136.85268 
    -20.74727 -137.25743 
    -20.18713 -137.62749 
    -19.60538 -137.96146 
    -19.00433 -138.25806 
    -18.38634 -138.51613 
    -17.75377 -138.73438 
    -17.10871 -138.91011 
    -16.44990 -139.02029 
    -15.76216 -138.88628 
    -15.08782 -138.52687 
    -14.46384 -138.35814 
    -13.85819 -138.23558 
    -13.26099 -138.13051 
    -12.66443 -138.04189 
    -12.06117 -137.96680 
    -11.44547 -137.89862 
    -10.80290 -137.85550 
    -10.06353 -137.96016 
    -9.42255 -137.77910 
    -8.86892 -137.42520 
    -8.34064 -137.03690 
    -7.83988 -136.61601 
    -7.36866 -136.16463 
    -6.92884 -135.68486 
    -6.52213 -135.17899 
    -6.15002 -134.64937 
    -5.81383 -134.09848 
    -5.51471 -133.52885 
    -5.25360 -132.94304 
    -5.03125 -132.34364 
    -4.84823 -131.73332 
    -4.70492 -131.11469 
    -4.57327 -130.49576 
    -4.45738 -129.87314 
    -4.37669 -129.24365 
    -4.33120 -128.60902 
    -4.32094 -127.97089 
    -4.34604 -127.33085 
    -4.40673 -126.69053 
    -4.50343 -126.05163 
    -4.63672 -125.41600 
    -4.80732 -124.78574 
    -5.01606 -124.16324 
    -5.26379 -123.55125 
    -5.55130 -122.95295 
    -5.87914 -122.37187 
    -6.24754 -121.81190 
    -6.65626 -121.27722 
    -7.10447 -120.77209 
    -7.59069 -120.30081 
    -8.11271 -119.86745 
    -8.66766 -119.47571 
    -9.25202 -119.12876 
    -9.86176 -118.82910 
    -10.36102 -118.24649 
    -10.66017 -116.90254 
    -11.47046 -116.95058 
    -12.35177 -117.53717 
    -13.05634 -117.46751 
    -13.76645 -117.52426 
    -14.46384 -117.68285 
    -15.13704 -117.90879 
    -15.78278 -118.16856 
    -16.40408 -118.43795 
    -17.02109 -118.64920 
    -17.62667 -118.87482 
    -18.21582 -119.13261 
    -18.78727 -119.42127 
    -19.33978 -119.73972 
    -19.87207 -120.08702 
    -20.38279 -120.46230 
    -20.89647 -120.83331 
    -21.41306 -121.20885 
    -21.90764 -121.61883 
    -22.37742 -122.06234 
    -22.81957 -122.53823 
    -23.23129 -123.04503 
    -23.60984 -123.58097 
    -23.95266 -124.14393 
    -24.24850 -124.73500 
    -24.17022 -125.45524 
    -24.13243 -126.12655 
    -24.14445 -126.76235 
    -24.17675 -127.38200 
    -24.21001 -127.99585 
Cell 18 100 10.71544 -129.88943 
    0.55483 -129.88943 
    0.57026 -130.52771 
    0.62641 -131.16397 
    0.72308 -131.79558 
    0.85992 -132.41991 
    1.03638 -133.03435 
    1.25176 -133.63637 
    1.50517 -134.22345 
    1.79557 -134.79317 
    2.12175 -135.34315 
    2.48236 -135.87111 
    2.87588 -136.37488 
    3.30065 -136.85239 
    3.75490 -137.30165 
    4.23671 -137.72087 
    4.74406 -138.10834 
    5.27481 -138.46249 
    5.82674 -138.78194 
    6.39754 -139.06544 
    6.98482 -139.31189 
    7.58615 -139.52040 
    8.19902 -139.69023 
    8.82092 -139.82083 
    9.44931 -139.91183 
    10.08165 -139.96310 
    10.71544 -139.97469 
    11.34820 -139.94685 
    11.97755 -139.88011 
    12.60124 -139.77516 
    13.21719 -139.63312 
    13.82456 -139.45833 
    14.42412 -139.25652 
    15.01183 -139.01973 
    15.58550 -138.74805 
    16.14326 -138.44232 
    16.68330 -138.10350 
    17.20382 -137.73254 
    17.70304 -137.33047 
    18.18517 -136.90398 
    18.66315 -136.46436 
    19.06690 -135.95712 
    19.33570 -135.36002 
    19.61447 -134.78171 
    19.90771 -134.21500 
    20.22176 -133.65324 
    20.56478 -133.08968 
    20.94730 -132.51654 
    21.38448 -131.92465 
    21.87789 -131.29959 
    22.24951 -130.61510 
    22.39077 -129.88943 
    22.46750 -129.15005 
    22.47443 -128.40393 
    22.40508 -127.65952 
    22.21942 -126.93571 
    21.71904 -126.31415 
    21.15961 -125.75429 
    20.56447 -125.25483 
    20.01565 -124.77660 
    19.49813 -124.31577 
    19.00404 -123.86741 
    18.55856 -123.40104 
    18.11152 -122.94405 
    17.65737 -122.49702 
    17.19486 -122.05715 
    16.72328 -121.62035 
    16.24221 -121.18063 
    15.75175 -120.72841 
    15.18196 -120.39759 
    14.56160 -120.17514 
    13.93119 -119.99237 
    13.29334 -119.84917 
    12.65054 -119.74528 
    12.00514 -119.68040 
    11.36018 -119.64149 
    10.71544 -119.58875 
    10.06667 -119.57754 
    9.41672 -119.60902 
    8.76868 -119.68417 
    8.12584 -119.80360 
    7.49166 -119.96766 
    6.86969 -120.17618 
    6.26349 -120.42857 
    5.67656 -120.72375 
    5.11221 -121.06017 
    4.57350 -121.43579 
    4.06318 -121.84824 
    3.58360 -122.29480 
    3.13674 -122.77257 
    2.72417 -123.27849 
    2.34708 -123.80947 
    2.00632 -124.36246 
    1.70245 -124.93450 
    1.43582 -125.52278 
    1.19831 -126.12134 
    0.99876 -126.73230 
    0.83812 -127.35337 
    0.71648 -127.98203 
    0.63383 -128.61583 
    0.58012 -129.25177 
Cell 19 100 25.83048 -116.85547 
    14.63624 -116.85547 
    14.69272 -117.55620 
    14.80046 -118.24889 
    14.95757 -118.92959 
    15.16179 -119.59473 
    15.41182 -120.24069 
    15.84091 -120.81062 
    16.37707 -121.30390 
    16.88713 -121.77212 
    17.37059 -122.22428 
    17.83071 -122.66764 
    18.27216 -123.10826 
    18.70117 -123.55033 
    19.13459 -123.98587 
    19.59064 -124.39814 
    20.05227 -124.80850 
    20.52301 -125.21870 
    21.00818 -125.62720 
    21.48825 -126.08318 
    21.96470 -126.61931 
    22.56614 -126.90207 
    23.20036 -127.09911 
    23.84686 -127.25394 
    24.50272 -127.36575 
    25.16494 -127.43391 
    25.83048 -127.45807 
    26.49628 -127.43808 
    27.15928 -127.37402 
    27.81643 -127.26620 
    28.46472 -127.11517 
    29.10118 -126.92166 
    29.72293 -126.68667 
    30.32715 -126.41137 
    30.91114 -126.09716 
    31.47234 -125.74561 
    32.00830 -125.35851 
    32.51675 -124.93778 
    32.99558 -124.48553 
    33.44289 -124.00399 
    33.85698 -123.49557 
    34.23640 -122.96273 
    34.58000 -122.40808 
    34.88688 -121.83427 
    35.15650 -121.24396 
    35.38867 -120.63982 
    35.58356 -120.02444 
    35.74171 -119.40024 
    35.86400 -118.76946 
    35.95158 -118.13406 
    36.00576 -117.49564 
    36.02789 -116.85547 
    36.01915 -116.21445 
    35.98036 -115.57324 
    35.91178 -114.93236 
    35.81297 -114.29240 
    35.68266 -113.65430 
    35.51877 -113.01960 
    35.31858 -112.39071 
    35.07894 -111.77109 
    34.80144 -111.16232 
    34.57347 -110.50331 
    34.31698 -109.83482 
    34.02497 -109.16033 
    33.68943 -108.48653 
    33.30228 -107.82362 
    32.85651 -107.18497 
    32.34739 -106.58646 
    31.77347 -106.04521 
    31.13723 -105.57806 
    30.44529 -105.19979 
    29.70805 -104.92154 
    28.93874 -104.74958 
    28.15219 -104.68462 
    27.36331 -104.72187 
    26.58570 -104.85165 
    25.83048 -105.06070 
    25.10559 -105.33372 
    24.41554 -105.65506 
    23.76163 -106.01019 
    23.14261 -106.38692 
    22.55548 -106.77605 
    21.98972 -107.15482 
    21.36127 -107.35791 
    20.74180 -107.59920 
    20.13390 -107.87910 
    19.54041 -108.19793 
    18.96440 -108.55580 
    18.40920 -108.95261 
    17.87834 -109.38791 
    17.37549 -109.86089 
    16.90442 -110.37031 
    16.46887 -110.91441 
    16.07249 -111.49097 
    15.71872 -112.09724 
    15.41066 -112.72997 
    15.15104 -113.38551 
    14.94207 -114.05980 
    14.78539 -114.74850 
    14.68203 -115.44709 
    14.63239 -116.15095 
Cell 20 100 53.87405 -116.81039 
    43.80501 -116.81039 
    43.81895 -117.44301 
    43.87273 -118.07385 
    43.96624 -118.70041 
    44.09919 -119.32015 
    44.27114 -119.93056 
    44.48148 -120.52917 
    44.72942 -121.11353 
    45.01401 -121.68124 
    45.33415 -122.22997 
    45.68859 -122.75748 
    46.07591 -123.26157 
    46.49456 -123.74019 
    46.94283 -124.19138 
    47.41894 -124.61327 
    47.92096 -125.00412 
    48.44682 -125.36233 
    48.99441 -125.68642 
    49.56146 -125.97511 
    50.14567 -126.22720 
    50.74464 -126.44171 
    51.35593 -126.61780 
    51.97705 -126.75478 
    52.60548 -126.85216 
    53.23866 -126.90961 
    53.87405 -126.92697 
    54.50910 -126.90427 
    55.14129 -126.84167 
    55.76814 -126.73956 
    56.38719 -126.59845 
    56.99607 -126.41901 
    57.53699 -126.06192 
    57.98144 -125.53905 
    58.43871 -125.11349 
    58.88830 -124.71160 
    59.32972 -124.31948 
    59.76259 -123.92842 
    60.18702 -123.53304 
    60.60399 -123.13023 
    61.01501 -122.71791 
    61.42339 -122.29531 
    61.82939 -121.85901 
    62.23695 -121.40794 
    62.65266 -120.94130 
    63.08765 -120.45832 
    63.54874 -119.95390 
    63.80742 -119.36086 
    64.08468 -118.75818 
    64.36565 -118.13579 
    64.64220 -117.48787 
    64.89511 -116.81039 
    65.09530 -116.10442 
    65.20924 -115.37843 
    65.20726 -114.64847 
    65.07202 -113.93524 
    64.80400 -113.25903 
    64.42152 -112.63435 
    63.95540 -112.06647 
    63.51340 -111.51112 
    63.36823 -110.78520 
    63.17845 -110.05035 
    62.93018 -109.31850 
    62.61037 -108.60644 
    62.20913 -107.93443 
    61.72184 -107.32404 
    61.15043 -106.79530 
    60.50360 -106.36388 
    59.79581 -106.03874 
    59.04528 -105.82096 
    58.27143 -105.70386 
    57.49235 -105.67441 
    56.72269 -105.71564 
    55.97261 -105.80933 
    55.25057 -105.91410 
    54.55868 -105.92846 
    53.87405 -105.98909 
    53.19977 -106.09314 
    52.53841 -106.23775 
    51.89200 -106.42016 
    51.26218 -106.63786 
    50.65026 -106.88860 
    50.05732 -107.17045 
    49.48434 -107.48179 
    48.93224 -107.82127 
    48.40197 -108.18778 
    47.89456 -108.58035 
    47.41113 -108.99808 
    46.95290 -109.44012 
    46.52118 -109.90559 
    46.11734 -110.39349 
    45.74281 -110.90271 
    45.39899 -111.43196 
    45.08635 -111.97932 
    44.79725 -112.53918 
    44.54307 -113.11600 
    44.32496 -113.70771 
    44.14391 -114.31212 
    44.00076 -114.92696 
    43.89622 -115.54990 
    43.83084 -116.17853 
Cell 21 100 66.42540 -130.54616 
    56.39954 -130.54616 
    56.35781 -131.17955 
    56.35127 -131.81882 
    56.38043 -132.46234 
    56.45861 -133.10519 
    56.58390 -133.74385 
    56.74334 -134.37956 
    56.95161 -135.00418 
    57.20839 -135.61325 
    57.50511 -136.20714 
    57.84127 -136.78288 
    58.21608 -137.33749 
    58.62836 -137.86807 
    59.07667 -138.37177 
    59.55928 -138.84587 
    60.07426 -139.28775 
    60.61936 -139.69501 
    61.19216 -140.06538 
    61.79004 -140.39680 
    62.41020 -140.68739 
    63.04996 -140.93469 
    63.71413 -141.10587 
    64.39719 -141.17838 
    65.07894 -141.20445 
    65.75587 -141.18794 
    66.42540 -141.13850 
    67.08885 -141.09146 
    67.75351 -141.05923 
    68.42865 -141.04758 
    69.11685 -141.02867 
    69.77713 -140.86172 
    70.41654 -140.62662 
    71.03720 -140.34673 
    71.33875 -139.48352 
    71.70333 -138.86284 
    72.09212 -138.34572 
    72.46772 -137.85007 
    72.80758 -137.34248 
    73.12509 -136.83759 
    73.43460 -136.34467 
    73.74285 -135.86259 
    74.05503 -135.38808 
    74.37466 -134.91629 
    74.70210 -134.44087 
    75.03513 -133.95499 
    75.36884 -133.45206 
    75.69385 -132.92589 
    76.04234 -132.38069 
    76.42135 -131.80894 
    76.72850 -131.19437 
    76.75191 -130.54616 
    76.75716 -129.89613 
    76.72788 -129.24464 
    76.65631 -128.59451 
    76.54178 -127.94872 
    76.38382 -127.31047 
    76.18230 -126.68313 
    75.93746 -126.07012 
    75.64993 -125.47493 
    75.32075 -124.90100 
    74.95142 -124.35165 
    74.54385 -123.82999 
    74.10035 -123.33890 
    73.62356 -122.88090 
    73.11639 -122.45814 
    72.58195 -122.07239 
    72.05957 -121.66812 
    71.57972 -121.17049 
    71.07087 -120.67403 
    70.52525 -120.19112 
    69.93625 -119.74087 
    69.30076 -119.34739 
    68.62104 -119.03620 
    67.90554 -118.82967 
    67.16802 -118.74249 
    66.42540 -118.77859 
    65.69460 -118.93035 
    64.98955 -119.18024 
    64.31912 -119.50467 
    63.68643 -119.87859 
    63.13193 -120.40988 
    62.63182 -120.96468 
    62.16352 -121.48921 
    61.71637 -121.98046 
    61.28206 -122.44156 
    60.85469 -122.87874 
    60.42970 -123.29861 
    60.00174 -123.70564 
    59.56669 -124.10540 
    59.12185 -124.50414 
    58.66704 -124.90939 
    58.20606 -125.33001 
    57.76999 -125.78781 
    57.34756 -126.27445 
    57.11546 -126.86009 
    56.90308 -127.45217 
    56.72863 -128.05644 
    56.59250 -128.67043 
    56.49524 -129.29169 
    56.43747 -129.91777 
Cell 22 100 79.04804 -104.62608 
    66.91472 -104.62608 
    66.93424 -105.38821 
    67.02798 -106.14456 
    67.19330 -106.88749 
    67.42599 -107.61012 
    67.72060 -108.30658 
    68.07079 -108.97227 
    68.46976 -109.60384 
    68.91063 -110.19917 
    69.38677 -110.75730 
    69.89215 -111.27822 
    70.42149 -111.76257 
    70.97041 -112.21147 
    71.53545 -112.62617 
    72.11398 -113.00793 
    72.70414 -113.35771 
    73.30464 -113.67622 
    73.91463 -113.96371 
    74.53348 -114.22002 
    75.16061 -114.44462 
    75.79540 -114.63667 
    76.43709 -114.79507 
    77.08463 -114.91865 
    77.73673 -115.00615 
    78.39182 -115.05640 
    79.04804 -115.07481 
    79.70446 -115.05952 
    80.35874 -115.00131 
    81.00797 -114.90041 
    81.64928 -114.75723 
    82.27981 -114.57242 
    82.89675 -114.34681 
    83.49740 -114.08144 
    84.07910 -113.77754 
    84.63931 -113.43651 
    85.17561 -113.05994 
    85.68568 -112.64960 
    86.16737 -112.20739 
    86.61868 -111.73537 
    87.03780 -111.23578 
    87.42321 -110.71099 
    87.77371 -110.16355 
    88.08871 -109.59623 
    88.36855 -109.01197 
    88.61496 -108.41389 
    88.83176 -107.80500 
    89.02542 -107.18783 
    89.20537 -106.56369 
    89.38337 -105.93173 
    89.57168 -105.28817 
    89.77963 -104.62608 
    90.00912 -103.93646 
    90.25015 -103.21092 
    90.47829 -102.44564 
    90.65593 -101.64568 
    90.73815 -100.82773 
    90.68242 -100.01970 
    90.45937 -99.25632 
    90.06108 -98.57161 
    89.50382 -97.99064 
    88.82407 -97.52338 
    88.06937 -97.16298 
    87.56259 -96.63039 
    87.15075 -95.99757 
    86.69149 -95.38673 
    86.18449 -94.80359 
    85.63020 -94.25426 
    85.02991 -93.74508 
    84.38596 -93.28242 
    83.70164 -92.87242 
    82.98128 -92.52083 
    82.23012 -92.23270 
    81.45425 -92.01225 
    80.66044 -91.86263 
    79.85588 -91.78582 
    79.04804 -91.78251 
    78.24438 -91.85214 
    77.45210 -91.99289 
    76.67799 -92.20179 
    75.92814 -92.47486 
    75.20789 -92.80730 
    74.52164 -93.19370 
    73.87286 -93.62827 
    73.26405 -94.10504 
    72.69680 -94.61813 
    72.17189 -95.16187 
    71.68938 -95.73097 
    71.24876 -96.32069 
    70.84915 -96.92680 
    70.48936 -97.54572 
    70.16810 -98.17442 
    69.68457 -98.68384 
    69.18233 -99.20235 
    68.71225 -99.76242 
    68.28167 -100.36337 
    67.89812 -101.00325 
    67.56898 -101.67876 
    67.30101 -102.38521 
    67.09997 -103.11668 
    66.97028 -103.86621 
Cell 23 100 96.85432 -125.56525 
    85.28505 -125.56525 
    85.45435 -126.28248 
    85.67302 -126.97778 
    85.93382 -127.64845 
    86.24035 -128.29047 
    87.00925 -128.76411 
    87.64019 -129.21338 
    88.20503 -129.63531 
    88.67960 -130.05934 
    89.11656 -130.47578 
    89.54018 -130.87929 
    89.95642 -131.27170 
    90.36628 -131.65793 
    90.77159 -132.04269 
    91.17532 -132.42999 
    91.58127 -132.82300 
    91.99459 -133.22296 
    92.42091 -133.62962 
    92.86631 -134.04021 
    93.33781 -134.44696 
    93.83076 -134.87080 
    94.33249 -135.38715 
    94.87122 -135.96107 
    95.52380 -136.09746 
    96.18584 -136.19041 
    96.85432 -136.23918 
    97.52612 -136.24321 
    98.19808 -136.20219 
    98.86701 -136.11612 
    99.52969 -135.98514 
    100.18297 -135.80977 
    100.82368 -135.59068 
    101.44869 -135.32878 
    102.05498 -135.02521 
    102.63961 -134.68141 
    103.19978 -134.29903 
    103.73282 -133.87993 
    104.23617 -133.42612 
    104.70749 -132.93987 
    105.14462 -132.42358 
    105.54556 -131.87981 
    105.90855 -131.31125 
    106.23207 -130.72072 
    106.51479 -130.11111 
    106.75563 -129.48546 
    106.95378 -128.84677 
    107.10865 -128.19812 
    107.21989 -127.54259 
    107.28745 -126.88326 
    107.31146 -126.22316 
    107.29237 -125.56525 
    107.23085 -124.91242 
    107.12780 -124.26741 
    106.98434 -123.63285 
    106.80190 -123.01115 
    106.58200 -122.40454 
    106.32642 -121.81499 
    106.03709 -121.24417 
    105.71602 -120.69350 
    105.36534 -120.16400 
    104.98714 -119.65642 
    104.58347 -119.17115 
    104.15627 -118.70827 
    103.70726 -118.26762 
    103.23790 -117.84884 
    102.74931 -117.45149 
    102.24227 -117.07520 
    101.71718 -116.71976 
    101.17408 -116.38531 
    100.61278 -116.07248 
    100.03293 -115.78252 
    99.43417 -115.51743 
    98.81635 -115.27993 
    98.17973 -115.07354 
    97.52517 -114.90242 
    96.85432 -114.77121 
    96.16978 -114.68484 
    95.47517 -114.64815 
    94.77512 -114.66566 
    94.07517 -114.74117 
    93.38165 -114.87746 
    92.70134 -115.07602 
    92.04122 -115.33690 
    91.40811 -115.65863 
    90.80828 -116.03821 
    90.24719 -116.47132 
    89.72767 -116.95061 
    89.08978 -117.29685 
    88.47138 -117.69315 
    87.88076 -118.14168 
    87.32691 -118.64319 
    86.81908 -119.19670 
    86.36618 -119.79935 
    85.97618 -120.44639 
    85.65557 -121.13136 
    85.40888 -121.84641 
    85.23840 -122.58279 
    85.14407 -123.33141 
    85.12353 -124.08331 
    85.17248 -124.83030 
Cell 24 100 -102.19061 -109.13828 
    -112.38680 -109.13828 
    -112.37723 -109.77917 
    -112.32667 -110.41876 
    -112.23517 -111.05438 
    -112.10303 -111.68336 
    -111.93075 -112.30304 
    -111.71897 -112.91083 
    -111.46856 -113.50415 
    -111.18053 -114.08054 
    -110.85610 -114.63757 
    -110.49664 -115.17296 
    -110.10364 -115.68451 
    -109.67880 -116.17017 
    -109.22393 -116.62801 
    -108.74094 -117.05627 
    -108.23187 -117.45336 
    -107.69884 -117.81787 
    -107.14404 -118.14854 
    -106.56971 -118.44433 
    -105.97810 -118.70437 
    -105.37148 -118.92796 
    -104.75210 -119.11462 
    -104.12219 -119.26396 
    -103.48391 -119.37579 
    -102.83938 -119.45004 
    -102.19061 -119.48674 
    -101.53959 -119.48597 
    -100.88821 -119.44791 
    -100.23830 -119.37271 
    -99.59165 -119.26057 
    -98.95007 -119.11166 
    -98.31534 -118.92611 
    -97.68932 -118.70403 
    -97.07394 -118.44548 
    -96.47126 -118.15054 
    -96.13987 -117.46642 
    -95.85278 -116.79942 
    -95.54439 -116.21579 
    -95.20934 -115.69415 
    -94.85712 -115.20508 
    -94.49242 -114.73135 
    -94.12231 -114.25858 
    -93.76049 -113.77278 
    -93.39127 -113.27894 
    -92.99994 -112.77713 
    -92.57962 -112.26109 
    -92.12249 -111.72334 
    -91.61818 -111.15508 
    -91.03491 -110.54757 
    -90.55339 -109.87044 
    -90.15127 -109.13828 
    -89.90370 -108.36526 
    -89.86984 -107.58181 
    -90.07201 -106.82654 
    -90.48720 -106.13335 
    -91.05544 -105.52025 
    -91.70058 -104.98499 
    -92.14965 -104.41337 
    -91.99197 -103.53153 
    -91.76793 -102.52385 
    -93.39268 -102.74621 
    -93.87236 -102.25682 
    -94.37885 -101.80255 
    -94.90884 -101.38399 
    -95.45920 -101.00140 
    -96.02703 -100.65484 
    -96.60970 -100.34417 
    -97.20482 -100.06916 
    -97.81024 -99.82952 
    -98.42403 -99.62497 
    -99.04440 -99.45524 
    -99.66974 -99.32013 
    -100.29851 -99.21951 
    -100.92077 -99.08646 
    -101.54985 -98.95361 
    -102.19061 -98.82913 
    -102.84660 -98.71164 
    -103.52114 -98.60606 
    -104.21516 -98.52519 
    -104.92484 -98.48915 
    -105.64003 -98.52208 
    -106.34455 -98.64664 
    -107.01880 -98.87788 
    -107.64398 -99.21865 
    -108.20671 -99.65843 
    -108.70212 -100.17597 
    -109.13432 -100.74478 
    -109.51423 -101.33942 
    -109.85561 -101.94037 
    -110.17104 -102.53630 
    -110.46910 -103.12361 
    -110.75333 -103.70422 
    -111.03409 -104.27654 
    -111.33491 -104.83530 
    -111.60023 -105.41275 
    -111.82879 -106.00665 
    -112.01948 -106.61466 
    -112.17133 -107.23436 
    -112.28355 -107.86325 
    -112.35552 -108.49876 
