17 25 
Cell 0 100 -115.79531 -152.41974 
    -125.79547 -152.41974 
    -125.77573 -153.04765 
    -125.71659 -153.67308 
    -125.61831 -154.29358 
    -125.48125 -154.90666 
    -125.30598 -155.50993 
    -125.09316 -156.10101 
    -124.84366 -156.67757 
    -124.55844 -157.23730 
    -124.23864 -157.77803 
    -123.88551 -158.29762 
    -123.50046 -158.79399 
    -123.09221 -159.27197 
    -122.66115 -159.73111 
    -122.20109 -160.16299 
    -121.71373 -160.56573 
    -121.20087 -160.93755 
    -120.66448 -161.27672 
    -120.10661 -161.58170 
    -119.52943 -161.85104 
    -118.93524 -162.08344 
    -118.32643 -162.27779 
    -117.70545 -162.43304 
    -117.07486 -162.54840 
    -116.43726 -162.62321 
    -115.79531 -162.65700 
    -115.15171 -162.64944 
    -114.50919 -162.60045 
    -113.87048 -162.51009 
    -113.23830 -162.37863 
    -112.61539 -162.20651 
    -112.00444 -161.99438 
    -111.40807 -161.74309 
    -110.82890 -161.45361 
    -110.26940 -161.12718 
    -109.73203 -160.76512 
    -109.21910 -160.36900 
    -108.73284 -159.94051 
    -108.27534 -159.48146 
    -107.84855 -158.99387 
    -107.45429 -158.47984 
    -107.09423 -157.94162 
    -106.76984 -157.38153 
    -106.48242 -156.80205 
    -106.70312 -156.01959 
    -106.88503 -155.31487 
    -107.00590 -154.67647 
    -107.09750 -154.07893 
    -107.16769 -153.50966 
    -107.26944 -152.95615 
    -107.38885 -152.41974 
    -107.51982 -151.89909 
    -107.64753 -151.39044 
    -107.77203 -150.88922 
    -107.89516 -150.39133 
    -108.00968 -149.89005 
    -108.11425 -149.37860 
    -108.09301 -148.79532 
    -107.94471 -148.10384 
    -107.59721 -147.21707 
    -107.35349 -146.28639 
    -106.37393 -144.62570 
    -106.82487 -143.99594 
    -107.34697 -143.42317 
    -107.93426 -142.91736 
    -108.57795 -142.48589 
    -109.29182 -142.17189 
    -110.08051 -142.02455 
    -110.95425 -142.13196 
    -111.83317 -142.41249 
    -112.60309 -142.59511 
    -113.30222 -142.70976 
    -113.95546 -142.77490 
    -114.58264 -142.82048 
    -115.19348 -142.85388 
    -115.79531 -142.87970 
    -116.39813 -142.83820 
    -117.01047 -142.80081 
    -117.63578 -142.77167 
    -118.28114 -142.73808 
    -118.96081 -142.67734 
    -119.69066 -142.58119 
    -120.33842 -142.76514 
    -120.87942 -143.17178 
    -121.46352 -143.48808 
    -122.00514 -143.87263 
    -122.58895 -144.20764 
    -123.38256 -144.34013 
    -123.38151 -145.29582 
    -123.68689 -145.89125 
    -124.03111 -146.43608 
    -124.34469 -146.99414 
    -124.62739 -147.56427 
    -124.87879 -148.14537 
    -125.09840 -148.73639 
    -125.30606 -149.32951 
    -125.48132 -149.93280 
    -125.61836 -150.54590 
    -125.71663 -151.16638 
    -125.77574 -151.79182 
Cell 1 100 -97.30390 -151.78879 
    -107.54752 -151.78879 
    -107.38808 -152.42323 
    -107.25299 -153.04565 
    -107.14833 -153.66672 
    -107.06440 -154.29486 
    -106.95869 -154.92581 
    -106.82241 -155.55743 
    -106.65528 -156.18921 
    -106.32102 -156.74599 
    -105.92795 -157.26178 
    -105.51823 -157.75685 
    -105.09077 -158.23064 
    -104.64447 -158.68204 
    -104.17848 -159.10948 
    -103.69373 -159.51276 
    -103.19876 -159.90236 
    -102.68002 -160.26018 
    -102.13952 -160.58475 
    -101.57941 -160.87471 
    -101.00191 -161.12889 
    -100.40930 -161.34622 
    -99.80394 -161.52579 
    -99.18824 -161.66684 
    -98.56467 -161.76875 
    -97.93571 -161.83112 
    -97.30390 -161.85362 
    -96.67178 -161.83615 
    -96.04188 -161.77875 
    -95.41674 -161.68163 
    -94.79890 -161.54515 
    -94.19083 -161.36986 
    -93.59499 -161.15643 
    -93.01379 -160.90572 
    -92.44959 -160.61874 
    -91.90466 -160.29663 
    -91.38119 -159.94070 
    -90.88129 -159.55238 
    -90.40700 -159.13324 
    -89.96019 -158.68500 
    -89.54268 -158.20943 
    -89.15613 -157.70850 
    -88.79945 -157.18587 
    -88.46459 -156.64824 
    -88.15878 -156.09216 
    -87.88168 -155.51930 
    -87.64865 -154.92596 
    -87.69250 -154.25658 
    -87.71471 -153.61803 
    -87.73003 -152.99825 
    -87.74311 -152.39030 
    -87.75771 -151.78879 
    -87.77718 -151.18941 
    -87.80373 -150.58864 
    -87.83624 -149.98273 
    -87.88091 -149.36938 
    -87.93929 -148.74605 
    -88.01019 -148.10915 
    -88.08765 -147.45195 
    -88.16923 -146.76695 
    -88.24005 -146.03670 
    -88.29310 -145.24205 
    -88.74833 -144.71100 
    -89.25043 -144.22607 
    -89.79214 -143.78958 
    -90.36581 -143.40207 
    -90.96389 -143.06252 
    -91.57954 -142.76863 
    -92.20692 -142.51743 
    -92.84145 -142.30560 
    -93.47974 -142.13004 
    -94.11948 -141.98814 
    -94.71581 -141.70885 
    -95.32785 -141.42996 
    -95.96634 -141.20087 
    -96.62809 -141.04709 
    -97.30390 -140.98952 
    -97.98033 -141.03729 
    -98.64353 -141.18454 
    -99.28330 -141.41240 
    -99.89539 -141.69559 
    -100.48117 -142.01016 
    -101.08311 -142.24361 
    -101.70738 -142.43091 
    -102.33098 -142.64458 
    -102.95423 -142.88530 
    -103.57677 -143.15492 
    -104.19707 -143.45638 
    -104.81193 -143.79355 
    -105.41624 -144.17081 
    -106.00278 -144.59245 
    -106.56246 -145.06206 
    -106.97783 -145.64952 
    -107.34350 -146.26947 
    -107.53381 -146.97496 
    -107.76558 -147.64673 
    -107.99033 -148.31656 
    -108.10107 -149.01656 
    -108.04021 -149.74074 
    -107.87998 -150.45271 
    -107.71123 -151.13400 
Cell 2 100 -77.44776 -152.10120 
    -87.75012 -152.10120 
    -87.73540 -152.74844 
    -87.72012 -153.39890 
    -87.69945 -154.05681 
    -87.66190 -154.72374 
    -87.46813 -155.35701 
    -87.14345 -155.93999 
    -86.80116 -156.50256 
    -86.44090 -157.04521 
    -86.06192 -157.56790 
    -85.66331 -158.07014 
    -85.24419 -158.55096 
    -84.80389 -159.00906 
    -84.34207 -159.44289 
    -83.88690 -159.88478 
    -83.40887 -160.30597 
    -82.90299 -160.69727 
    -82.37108 -161.05667 
    -81.81512 -161.38229 
    -81.23725 -161.67236 
    -80.63979 -161.92525 
    -80.02517 -162.13953 
    -79.39592 -162.31381 
    -78.75475 -162.44705 
    -78.10441 -162.53827 
    -77.44776 -162.58676 
    -76.78774 -162.59196 
    -76.12732 -162.55357 
    -75.46952 -162.47153 
    -74.81736 -162.34593 
    -74.17388 -162.17715 
    -73.54209 -161.96581 
    -72.92494 -161.71268 
    -72.32535 -161.41884 
    -71.74613 -161.08553 
    -71.19003 -160.71423 
    -70.65964 -160.30663 
    -70.15745 -159.86459 
    -69.68579 -159.39017 
    -69.24684 -158.88559 
    -68.84258 -158.35323 
    -68.47482 -157.79559 
    -68.14517 -157.21533 
    -67.85505 -156.61519 
    -67.60540 -155.99806 
    -67.34489 -155.38382 
    -67.19277 -154.73424 
    -67.17065 -154.06166 
    -67.12494 -153.40527 
    -67.05855 -152.75482 
    -66.97098 -152.10120 
    -66.85843 -151.43498 
    -66.71279 -150.74506 
    -66.72459 -150.05565 
    -66.86768 -149.38469 
    -67.06593 -148.72794 
    -67.31760 -148.09038 
    -67.62064 -147.47690 
    -67.97202 -146.89186 
    -68.36778 -146.33887 
    -68.80338 -145.82069 
    -69.27389 -145.33917 
    -69.77431 -144.89534 
    -70.29984 -144.48943 
    -70.84605 -144.12109 
    -71.51647 -143.93748 
    -72.17271 -143.78905 
    -72.76344 -143.58044 
    -73.35625 -143.40631 
    -73.93878 -143.23853 
    -74.51305 -143.06909 
    -75.08421 -142.89574 
    -75.65334 -142.69450 
    -76.23146 -142.47319 
    -76.82644 -142.22563 
    -77.44776 -141.93820 
    -78.10452 -141.66246 
    -78.79613 -141.42783 
    -79.51984 -141.23900 
    -80.24024 -141.22522 
    -80.97891 -141.23344 
    -81.74230 -141.25443 
    -82.49670 -141.37166 
    -83.22643 -141.58983 
    -83.97818 -141.81091 
    -84.71500 -142.09871 
    -85.42654 -142.45651 
    -86.10184 -142.88554 
    -86.72991 -143.38467 
    -87.30041 -143.95038 
    -87.80432 -144.57672 
    -88.23451 -145.25572 
    -88.22659 -146.17549 
    -88.13275 -147.07323 
    -88.03367 -147.90994 
    -87.94550 -148.69028 
    -87.87698 -149.42343 
    -87.82882 -150.12091 
    -87.79465 -150.79408 
    -87.76865 -151.45186 
Cell 3 100 -57.08823 -154.43762 
    -67.18301 -154.43762 
    -67.19877 -155.07372 
    -67.11662 -155.70450 
    -66.99794 -156.32800 
    -66.84336 -156.94231 
    -66.65340 -157.54553 
    -66.42859 -158.13573 
    -66.16949 -158.71094 
    -65.87675 -159.26915 
    -65.55464 -159.81056 
    -65.19952 -160.33081 
    -64.81239 -160.82761 
    -64.39483 -161.29898 
    -63.94850 -161.74306 
    -63.47518 -162.15811 
    -62.97678 -162.54251 
    -62.45527 -162.89471 
    -61.91275 -163.21338 
    -61.35136 -163.49724 
    -60.77336 -163.74519 
    -60.18104 -163.95628 
    -59.57674 -164.12971 
    -58.96287 -164.26480 
    -58.34185 -164.36105 
    -57.71616 -164.41823 
    -57.08823 -164.43762 
    -56.46033 -164.41789 
    -55.83490 -164.35876 
    -55.21442 -164.26050 
    -54.60134 -164.12346 
    -53.99807 -163.94818 
    -53.40699 -163.73538 
    -52.82936 -163.48820 
    -52.26688 -163.20763 
    -51.72142 -162.89436 
    -51.19426 -162.54997 
    -50.68643 -162.17607 
    -50.19869 -161.77425 
    -49.73157 -161.34599 
    -49.28544 -160.89265 
    -48.86061 -160.41533 
    -48.45751 -159.91484 
    -48.07681 -159.39169 
    -47.71964 -158.84615 
    -47.38774 -158.27832 
    -47.08568 -157.68764 
    -47.43989 -156.91490 
    -47.63453 -156.24101 
    -47.75635 -155.61652 
    -47.84745 -155.01900 
    -47.92597 -154.43762 
    -48.00903 -153.86641 
    -48.11194 -153.30365 
    -48.22520 -152.74690 
    -48.37033 -152.19923 
    -48.53168 -151.65744 
    -48.72548 -151.12657 
    -48.93350 -150.60030 
    -49.16796 -150.08340 
    -49.41020 -149.56499 
    -49.66187 -149.04205 
    -49.91096 -148.50008 
    -50.12454 -147.89828 
    -50.24520 -147.15053 
    -50.40256 -146.35603 
    -50.97171 -146.01895 
    -51.55242 -145.71457 
    -52.14278 -145.44188 
    -52.74148 -145.20030 
    -53.34753 -144.98969 
    -53.96013 -144.81032 
    -54.57850 -144.66287 
    -55.20173 -144.54820 
    -55.82869 -144.46733 
    -56.45787 -144.41833 
    -57.08823 -144.38547 
    -57.72040 -144.38962 
    -58.35240 -144.43074 
    -58.98225 -144.50883 
    -59.60796 -144.62395 
    -60.22967 -144.76929 
    -60.84749 -144.94284 
    -61.44676 -145.17528 
    -62.02467 -145.45828 
    -62.59440 -145.76129 
    -63.14435 -146.10210 
    -63.67117 -146.48021 
    -64.17144 -146.89478 
    -64.64178 -147.34438 
    -65.07899 -147.82709 
    -65.48022 -148.34048 
    -65.84302 -148.88167 
    -66.16553 -149.44734 
    -66.44644 -150.03398 
    -66.68505 -150.63797 
    -66.82448 -151.27414 
    -66.93843 -151.90852 
    -67.02992 -152.54115 
    -67.10120 -153.17268 
    -67.15274 -153.80441 
Cell 4 100 -38.52718 -151.31386 
    -48.65710 -151.31386 
    -48.44812 -151.93803 
    -48.27851 -152.54575 
    -48.14355 -153.14828 
    -48.02964 -153.75368 
    -47.93568 -154.37086 
    -47.84938 -155.00478 
    -47.74916 -155.65340 
    -47.61468 -156.30975 
    -47.42031 -156.95763 
    -47.13921 -157.57086 
    -46.70035 -158.07530 
    -46.19393 -158.51343 
    -45.67102 -158.92128 
    -45.13282 -159.29871 
    -44.58042 -159.64543 
    -44.01484 -159.96104 
    -43.46485 -160.29544 
    -42.90908 -160.62589 
    -42.33082 -160.92076 
    -41.73236 -161.17842 
    -41.11615 -161.39725 
    -40.48477 -161.57594 
    -39.84093 -161.71327 
    -39.18743 -161.80823 
    -38.52718 -161.86005 
    -37.86316 -161.86815 
    -37.19841 -161.83215 
    -36.53600 -161.75197 
    -35.87904 -161.62769 
    -35.23061 -161.45964 
    -34.59380 -161.24844 
    -33.97163 -160.99489 
    -33.36708 -160.70004 
    -32.78303 -160.36519 
    -32.22225 -159.99184 
    -31.68742 -159.58170 
    -31.18104 -159.13670 
    -30.70547 -158.65894 
    -30.26290 -158.15067 
    -29.85530 -157.61435 
    -29.48447 -157.05254 
    -29.15196 -156.46793 
    -28.85912 -155.86330 
    -28.60707 -155.24150 
    -28.39670 -154.60545 
    -28.22865 -153.95807 
    -28.10337 -153.30231 
    -28.02105 -152.64108 
    -27.98172 -151.97733 
    -27.98516 -151.31386 
    -28.03101 -150.65349 
    -28.11871 -149.99896 
    -28.24755 -149.35292 
    -28.41666 -148.71791 
    -28.62506 -148.09647 
    -28.87162 -147.49095 
    -29.15511 -146.90370 
    -29.47411 -146.33690 
    -29.82721 -145.79269 
    -30.21294 -145.27321 
    -30.62965 -144.78046 
    -31.07560 -144.31636 
    -31.52357 -143.85577 
    -31.97292 -143.39111 
    -32.44909 -142.94809 
    -32.95639 -142.53571 
    -33.50202 -142.17313 
    -34.07980 -141.86272 
    -34.71471 -141.68465 
    -35.33770 -141.49767 
    -35.95901 -141.31154 
    -36.58430 -141.12892 
    -37.21806 -140.95113 
    -37.86432 -140.77798 
    -38.52718 -140.60753 
    -39.21160 -140.43524 
    -39.92454 -140.25259 
    -40.65409 -140.16414 
    -41.38368 -140.18851 
    -42.12756 -140.23300 
    -42.90182 -140.26477 
    -43.64557 -140.43672 
    -44.38131 -140.66524 
    -45.10390 -140.95061 
    -45.80730 -141.29364 
    -46.48519 -141.69427 
    -47.13112 -142.15158 
    -47.73873 -142.66364 
    -48.30191 -143.22749 
    -48.81500 -143.83931 
    -49.27301 -144.49434 
    -49.67173 -145.18709 
    -50.00790 -145.91144 
    -50.27857 -146.66115 
    -50.18459 -147.52614 
    -49.95356 -148.38007 
    -49.58358 -149.20473 
    -49.22446 -149.96248 
    -48.90965 -150.66064 
Cell 5 100 -13.40179 -152.91635 
    -23.77986 -152.91635 
    -23.79021 -153.56993 
    -23.75772 -154.22461 
    -23.68221 -154.87744 
    -23.56372 -155.52550 
    -23.40249 -156.16577 
    -23.19899 -156.79533 
    -22.95392 -157.41124 
    -22.66819 -158.01060 
    -22.34295 -158.59059 
    -21.97952 -159.14844 
    -21.57947 -159.68152 
    -21.14456 -160.18730 
    -20.67672 -160.66336 
    -20.17808 -161.10748 
    -19.65092 -161.51755 
    -19.09770 -161.89166 
    -18.52097 -162.22810 
    -17.92344 -162.52536 
    -17.30791 -162.78209 
    -16.67727 -162.99724 
    -16.03445 -163.16989 
    -15.38246 -163.29939 
    -14.72433 -163.38538 
    -14.06310 -163.42763 
    -13.40179 -163.42616 
    -12.74339 -163.38126 
    -12.09087 -163.29335 
    -11.44710 -163.16321 
    -10.81489 -162.99165 
    -10.19696 -162.77980 
    -9.59589 -162.52895 
    -9.01418 -162.24049 
    -8.45415 -161.91606 
    -7.91802 -161.55739 
    -7.40780 -161.16637 
    -6.92540 -160.74495 
    -6.47253 -160.29526 
    -6.02298 -159.84552 
    -5.58252 -159.38501 
    -5.16886 -158.89792 
    -4.78367 -158.38557 
    -4.42865 -157.84938 
    -4.10554 -157.29083 
    -3.83770 -156.70305 
    -3.60308 -156.10016 
    -3.44080 -155.47389 
    -3.36938 -154.83014 
    -3.30667 -154.19167 
    -3.25608 -153.55467 
    -3.21991 -152.91635 
    -3.19918 -152.27446 
    -3.13452 -151.61929 
    -2.99363 -150.93089 
    -2.84437 -150.20567 
    -2.68928 -149.43564 
    -2.52370 -148.60941 
    -2.31457 -147.69910 
    -2.26953 -146.79634 
    -2.77368 -146.17155 
    -3.39009 -145.64243 
    -4.08722 -145.21066 
    -4.83109 -144.86794 
    -5.59066 -144.59834 
    -6.34185 -144.38235 
    -7.06953 -144.20074 
    -7.76729 -144.03780 
    -8.43373 -143.87950 
    -9.02473 -143.61462 
    -9.62878 -143.38683 
    -10.24355 -143.19629 
    -10.86680 -143.04321 
    -11.48185 -142.85170 
    -12.11229 -142.70889 
    -12.75197 -142.58783 
    -13.40179 -142.52945 
    -14.05678 -142.50562 
    -14.72002 -142.48145 
    -15.39538 -142.46555 
    -16.08570 -142.46320 
    -16.79449 -142.47469 
    -17.51084 -142.53807 
    -18.17829 -142.76576 
    -18.76682 -143.15739 
    -19.30279 -143.61786 
    -19.78811 -144.12634 
    -20.22728 -144.66574 
    -20.62726 -145.22200 
    -20.99549 -145.78539 
    -21.33817 -146.35080 
    -21.65927 -146.91695 
    -21.96017 -147.48503 
    -22.24573 -148.05435 
    -22.56751 -148.60329 
    -22.85514 -149.17351 
    -23.10692 -149.76297 
    -23.32131 -150.36945 
    -23.49690 -150.99060 
    -23.63250 -151.62392 
    -23.72709 -152.26674 
Cell 6 100 6.28366 -153.76784 
    -3.27301 -153.76784 
    -3.32442 -154.37233 
    -3.38706 -154.98953 
    -3.48142 -155.63063 
    -3.69221 -156.32921 
    -4.02673 -157.11789 
    -3.93035 -157.81184 
    -3.67588 -158.45444 
    -3.37783 -159.07928 
    -3.03724 -159.68306 
    -2.65563 -160.26262 
    -2.23491 -160.81502 
    -1.77715 -161.33745 
    -1.28467 -161.82730 
    -0.75997 -162.28212 
    -0.20574 -162.69974 
    0.37516 -163.07814 
    0.97972 -163.41568 
    1.60482 -163.71089 
    2.24729 -163.96255 
    2.90386 -164.16982 
    3.57123 -164.33205 
    4.24614 -164.44890 
    4.92531 -164.52031 
    5.60553 -164.54645 
    6.28366 -164.52774 
    6.95667 -164.46492 
    7.62161 -164.35881 
    8.27572 -164.21057 
    8.91632 -164.02138 
    9.54094 -163.79272 
    10.14723 -163.52611 
    10.73299 -163.22313 
    11.29621 -162.88562 
    11.84988 -162.53879 
    12.41901 -162.21242 
    12.97115 -161.85162 
    13.50406 -161.45679 
    14.01537 -161.02840 
    14.50255 -160.56709 
    14.96292 -160.07368 
    15.39368 -159.54922 
    15.79192 -158.99504 
    16.15469 -158.41280 
    16.47903 -157.80447 
    16.76207 -157.17249 
    17.00099 -156.51958 
    17.11349 -155.83374 
    17.15868 -155.14166 
    17.12602 -154.44998 
    16.99649 -153.76784 
    16.87923 -153.10123 
    16.76667 -152.44353 
    16.65472 -151.78946 
    16.54149 -151.13406 
    16.42695 -150.47208 
    16.31269 -149.79706 
    16.20266 -149.10031 
    15.96175 -148.44727 
    15.56619 -147.87697 
    15.13368 -147.33792 
    14.66754 -146.83209 
    14.17116 -146.36098 
    13.64786 -145.92577 
    13.10087 -145.52725 
    12.53331 -145.16594 
    11.94809 -144.84213 
    11.34795 -144.55592 
    10.73546 -144.30730 
    10.11296 -144.09613 
    9.48269 -143.92226 
    8.84669 -143.78551 
    8.20693 -143.68573 
    7.59488 -143.38849 
    6.95884 -143.03625 
    6.28366 -142.75386 
    5.57960 -142.57712 
    4.84677 -142.39368 
    4.08193 -142.22598 
    3.28552 -142.09084 
    2.46064 -142.00179 
    1.75296 -142.32460 
    1.18408 -142.93068 
    0.71120 -143.63158 
    0.26477 -144.28358 
    -0.29440 -144.71391 
    -0.80542 -145.19861 
    -1.26594 -145.72833 
    -1.67611 -146.29311 
    -2.03820 -146.88339 
    -2.30599 -147.52708 
    -2.43731 -148.23334 
    -2.58084 -148.89453 
    -2.70949 -149.53598 
    -2.83470 -150.15762 
    -2.95940 -150.76459 
    -3.08209 -151.36311 
    -3.16861 -151.96472 
    -3.20868 -152.56868 
    -3.23423 -153.16902 
Cell 7 100 26.21872 -150.74260 
    16.47376 -150.74260 
    16.57864 -151.34909 
    16.68175 -151.94740 
    16.78360 -152.54245 
    16.88585 -153.13887 
    16.99171 -153.74065 
    17.10706 -154.35016 
    17.15241 -155.00888 
    17.11928 -155.74506 
    17.26518 -156.42468 
    17.61175 -156.99593 
    17.99675 -157.54440 
    18.41866 -158.06735 
    18.87572 -158.56210 
    19.36601 -159.02611 
    19.88736 -159.45699 
    20.43741 -159.85249 
    21.01366 -160.21057 
    21.61341 -160.52940 
    22.23383 -160.80728 
    22.87197 -161.04283 
    23.52477 -161.23483 
    24.18908 -161.38235 
    24.86168 -161.48470 
    25.53932 -161.54140 
    26.21872 -161.55225 
    26.89661 -161.51733 
    27.56974 -161.43697 
    28.23489 -161.31172 
    28.88894 -161.14240 
    29.52882 -160.93004 
    30.15161 -160.67593 
    30.75447 -160.38155 
    31.33473 -160.04858 
    31.88987 -159.67891 
    32.41755 -159.27455 
    32.91561 -158.83774 
    33.38209 -158.37080 
    33.81523 -157.87619 
    34.21354 -157.35649 
    34.58017 -156.81755 
    34.97965 -156.30244 
    35.35434 -155.76495 
    35.55902 -155.13780 
    35.64032 -154.47289 
    35.74321 -153.83730 
    35.85931 -153.21788 
    35.98378 -152.60539 
    36.11448 -151.99272 
    36.25201 -151.37384 
    36.39988 -150.74260 
    36.56536 -150.09164 
    36.76087 -149.41081 
    37.02225 -148.68172 
    37.07077 -147.95627 
    36.92833 -147.26283 
    36.73577 -146.57860 
    36.49300 -145.90790 
    36.20044 -145.25511 
    35.85903 -144.62468 
    35.47031 -144.02092 
    35.03638 -143.44800 
    34.55986 -142.90974 
    34.04385 -142.40968 
    33.49189 -141.95085 
    32.98266 -141.43285 
    32.41761 -140.97472 
    31.80041 -140.58954 
    31.13972 -140.28494 
    30.44497 -140.06831 
    29.72868 -139.94005 
    29.00419 -139.89392 
    28.28446 -139.91364 
    27.58545 -139.92387 
    26.89918 -139.92708 
    26.21872 -139.77988 
    25.52267 -139.67920 
    24.81132 -139.60184 
    24.08408 -139.55243 
    23.34166 -139.53717 
    22.59220 -139.58131 
    21.86474 -139.74568 
    21.15813 -139.98830 
    20.48290 -140.30917 
    19.84876 -140.70514 
    19.26379 -141.16995 
    18.73382 -141.69490 
    18.26206 -142.26961 
    17.84904 -142.88293 
    17.49286 -143.52394 
    17.18976 -144.18268 
    16.93473 -144.85080 
    16.72229 -145.52190 
    16.54716 -146.19151 
    16.40477 -146.85698 
    16.29166 -147.51711 
    16.20563 -148.17168 
    16.14175 -148.82031 
    16.26340 -149.48494 
    16.36783 -150.12283 
Cell 8 100 45.41017 -153.99655 
    35.71743 -153.99655 
    35.62328 -154.61229 
    35.52388 -155.24548 
    35.52847 -155.88159 
    35.64692 -156.50333 
    35.81723 -157.11348 
    36.02627 -157.71190 
    36.27296 -158.29619 
    36.55635 -158.86398 
    36.87535 -159.41292 
    37.22870 -159.94073 
    37.61501 -160.44527 
    38.03273 -160.92442 
    38.48020 -161.37622 
    38.95561 -161.79878 
    39.45703 -162.19035 
    39.98242 -162.54932 
    40.52965 -162.87418 
    41.09648 -163.16362 
    41.68058 -163.41641 
    42.27957 -163.63156 
    42.89098 -163.80817 
    43.51231 -163.94551 
    44.14100 -164.04306 
    44.77449 -164.10043 
    45.41017 -164.11742 
    46.04545 -164.09401 
    46.67773 -164.03030 
    47.30443 -163.92662 
    47.92302 -163.78343 
    48.53097 -163.60139 
    49.12585 -163.38129 
    49.70525 -163.12405 
    50.26685 -162.83083 
    50.80843 -162.50284 
    51.32782 -162.14149 
    51.82298 -161.74831 
    52.29198 -161.32494 
    52.73298 -160.87312 
    53.14429 -160.39478 
    53.52433 -159.89183 
    53.87165 -159.36636 
    54.18496 -158.82054 
    54.46310 -158.25653 
    54.70813 -157.67787 
    54.92194 -157.08711 
    55.09825 -156.48402 
    55.21959 -155.86780 
    55.25277 -155.23996 
    55.22084 -154.61378 
    55.16310 -153.99655 
    55.09156 -153.38745 
    55.00813 -152.78404 
    54.91462 -152.18347 
    54.81624 -151.58148 
    54.72144 -150.97113 
    54.63567 -150.34393 
    54.46970 -149.73346 
    54.18475 -149.17268 
    53.86590 -148.63039 
    53.51937 -148.10487 
    53.14432 -147.59831 
    52.74310 -147.11047 
    52.31782 -146.64066 
    51.86998 -146.18799 
    51.40012 -145.75209 
    50.90764 -145.33392 
    50.39096 -144.93654 
    49.84802 -144.56564 
    49.37794 -143.97511 
    48.88393 -143.30542 
    48.18149 -143.20297 
    47.40657 -143.53108 
    46.74516 -143.42906 
    46.07701 -143.39749 
    45.41017 -143.25256 
    44.73241 -143.22394 
    44.07899 -143.45918 
    43.46998 -143.82571 
    42.86215 -144.07266 
    42.26478 -144.31604 
    41.68312 -144.58308 
    41.11698 -144.87306 
    40.56690 -145.18668 
    40.03413 -145.52527 
    39.52055 -145.89018 
    39.02835 -146.28226 
    38.55987 -146.70172 
    38.11616 -147.14702 
    37.70124 -147.61917 
    37.31684 -148.11641 
    37.02279 -148.67375 
    36.81156 -149.26942 
    36.63041 -149.86511 
    36.47229 -150.45779 
    36.32885 -151.04585 
    36.19498 -151.63049 
    36.06721 -152.21429 
    35.94409 -152.80070 
    35.82638 -153.39360 
Cell 9 100 65.38499 -153.73097 
    55.13190 -153.73097 
    55.19821 -154.37187 
    55.24117 -155.01244 
    55.23014 -155.66812 
    55.14177 -156.36098 
    55.31946 -157.00146 
    55.52677 -157.63411 
    55.76722 -158.25674 
    56.04355 -158.86647 
    56.35743 -159.46004 
    56.70943 -160.03413 
    57.09926 -160.58553 
    57.52588 -161.11116 
    57.98774 -161.60825 
    58.48294 -162.07411 
    59.00935 -162.50629 
    59.56454 -162.90253 
    60.14591 -163.26080 
    60.75071 -163.57932 
    61.37599 -163.85654 
    62.01875 -164.09119 
    62.67588 -164.28226 
    63.34422 -164.42908 
    64.02059 -164.53128 
    64.70187 -164.58881 
    65.38499 -164.60201 
    66.06702 -164.57150 
    66.74520 -164.49818 
    67.41702 -164.38327 
    68.08024 -164.22829 
    68.73293 -164.03488 
    69.37347 -163.80473 
    70.00062 -163.53969 
    70.61337 -163.24136 
    71.21101 -162.91132 
    71.79292 -162.55075 
    72.35854 -162.16055 
    72.90713 -161.74124 
    73.43761 -161.29289 
    73.94850 -160.81532 
    74.43760 -160.30807 
    74.90199 -159.77065 
    75.33791 -159.20264 
    75.65498 -158.56366 
    75.48951 -157.73164 
    75.41081 -156.98856 
    75.50648 -156.32973 
    75.61684 -155.68280 
    75.67038 -155.03032 
    75.65974 -154.37740 
    75.55314 -153.73097 
    75.45154 -153.09763 
    75.34341 -152.47293 
    75.22650 -151.85361 
    75.09944 -151.23672 
    74.96378 -150.61862 
    74.81368 -149.99788 
    74.64843 -149.37193 
    74.46874 -148.73712 
    74.28097 -148.08540 
    74.08347 -147.41116 
    73.88600 -146.69832 
    73.75343 -145.87248 
    73.28928 -145.31375 
    72.77966 -144.79236 
    72.22716 -144.31354 
    71.63531 -143.88205 
    71.00840 -143.50201 
    70.35142 -143.17677 
    69.66982 -142.90874 
    68.96940 -142.69928 
    68.24391 -142.59619 
    67.50457 -142.61971 
    66.78264 -142.66740 
    66.07807 -142.71469 
    65.38499 -142.76535 
    64.69846 -142.81891 
    64.01329 -142.87283 
    63.34265 -143.02467 
    62.69536 -143.25558 
    62.07102 -143.53165 
    61.47053 -143.84419 
    60.89360 -144.18629 
    60.34085 -144.55573 
    59.81283 -144.95065 
    59.31005 -145.36955 
    58.83309 -145.81110 
    58.38262 -146.27422 
    57.84934 -146.65453 
    57.30340 -147.04530 
    56.75345 -147.45979 
    56.20948 -147.90802 
    55.68984 -148.40102 
    55.21950 -148.94746 
    54.82579 -149.55029 
    54.60417 -150.22807 
    54.72498 -150.99394 
    54.83875 -151.71918 
    54.95033 -152.41278 
    55.04914 -153.08069 
Cell 10 100 85.63935 -149.99203 
    74.81214 -149.99203 
    74.97354 -150.66307 
    75.11687 -151.32133 
    75.24924 -151.97406 
    75.37036 -152.62866 
    75.48273 -153.29211 
    75.59253 -153.96985 
    75.73718 -154.65164 
    76.21194 -155.17480 
    76.68580 -155.67413 
    77.15974 -156.15283 
    77.63643 -156.61263 
    78.11944 -157.05371 
    78.61234 -157.47505 
    79.11824 -157.87471 
    79.63947 -158.25017 
    80.17738 -158.59872 
    80.73244 -158.91768 
    81.30428 -159.20451 
    81.89188 -159.45706 
    82.49366 -159.67349 
    83.10767 -159.85226 
    83.73170 -159.99225 
    84.36336 -160.09256 
    85.00010 -160.15259 
    85.63935 -160.17197 
    86.27847 -160.15059 
    86.91516 -160.09109 
    87.54731 -159.99390 
    88.17245 -159.85782 
    88.78832 -159.68356 
    89.39275 -159.47203 
    89.98369 -159.22421 
    90.55923 -158.94125 
    91.11759 -158.62436 
    91.65715 -158.27483 
    92.17640 -157.89397 
    92.67398 -157.48315 
    93.14863 -157.04372 
    93.59920 -156.57700 
    94.02459 -156.08427 
    94.42375 -155.56679 
    94.79563 -155.02574 
    95.13913 -154.46230 
    95.45309 -153.87756 
    95.73623 -153.27271 
    95.98714 -152.64890 
    96.20429 -152.00740 
    96.38595 -151.34964 
    96.53026 -150.67723 
    96.63524 -149.99203 
    96.69884 -149.29623 
    96.71898 -148.59235 
    96.69361 -147.88332 
    96.62086 -147.17247 
    96.49905 -146.46350 
    96.32687 -145.76054 
    96.10338 -145.06804 
    95.82820 -144.39067 
    95.50153 -143.73331 
    95.12418 -143.10091 
    94.69768 -142.49834 
    94.22420 -141.93033 
    93.70660 -141.40129 
    93.14835 -140.91521 
    92.55347 -140.47557 
    91.92639 -140.08524 
    91.27192 -139.74643 
    90.59505 -139.46062 
    89.90089 -139.22862 
    89.19447 -139.05051 
    88.48068 -138.92577 
    87.76418 -138.85326 
    87.04927 -138.83138 
    86.33984 -138.85815 
    85.63935 -138.93127 
    84.95083 -139.04828 
    84.27684 -139.20663 
    83.61954 -139.40378 
    82.98069 -139.63725 
    82.36178 -139.90471 
    81.76398 -140.20398 
    81.18832 -140.53311 
    80.63564 -140.89032 
    80.10675 -141.27405 
    79.55836 -141.62228 
    78.93784 -141.89130 
    78.30511 -142.18185 
    77.66001 -142.49893 
    77.00539 -142.84940 
    76.34797 -143.24146 
    75.69876 -143.68355 
    75.07292 -144.18309 
    74.48898 -144.74507 
    73.96948 -145.37161 
    73.79705 -146.14424 
    73.96830 -146.99542 
    74.20026 -147.80991 
    74.42202 -148.57495 
    74.62785 -149.29926 
Cell 11 100 107.36151 -152.95067 
    97.19557 -152.95067 
    97.20625 -153.58958 
    97.25786 -154.22705 
    97.35023 -154.86043 
    97.48307 -155.48701 
    97.65585 -156.10423 
    97.86793 -156.70944 
    98.11846 -157.30011 
    98.40646 -157.87375 
    98.73074 -158.42792 
    99.09000 -158.96028 
    99.48271 -159.46858 
    99.90726 -159.95068 
    100.36185 -160.40456 
    100.84458 -160.82828 
    101.35341 -161.22012 
    101.88618 -161.57841 
    102.44063 -161.90172 
    103.01443 -162.18869 
    103.60513 -162.43820 
    104.21025 -162.64925 
    104.82723 -162.82103 
    105.45348 -162.95291 
    106.08637 -163.04442 
    106.72327 -163.09531 
    107.36151 -163.10545 
    107.99848 -163.07500 
    108.63157 -163.00420 
    109.25822 -162.89354 
    109.87595 -162.74373 
    110.48238 -162.55569 
    111.07528 -162.33058 
    111.65264 -162.06978 
    112.21270 -161.77495 
    112.75404 -161.44794 
    113.27570 -161.09085 
    113.77721 -160.70590 
    114.25862 -160.29535 
    114.72057 -159.86128 
    115.16412 -159.40555 
    115.59055 -158.92941 
    116.00109 -158.43352 
    116.39646 -157.91768 
    116.77638 -157.38097 
    117.13907 -156.82187 
    117.48085 -156.23865 
    117.79596 -155.62978 
    118.07663 -154.99469 
    118.31351 -154.33423 
    118.49648 -153.65121 
    118.61565 -152.95067 
    118.66254 -152.23967 
    118.63113 -151.52698 
    118.51875 -150.82231 
    118.64803 -150.05278 
    118.83468 -149.22281 
    118.47635 -148.54999 
    117.68217 -148.09413 
    116.89314 -147.71060 
    116.41930 -147.20242 
    115.92005 -146.73253 
    115.40343 -146.29782 
    114.87532 -145.89473 
    114.33944 -145.51993 
    113.79759 -145.17078 
    113.27257 -144.81480 
    112.75610 -144.45015 
    112.22078 -144.11169 
    111.66849 -143.79787 
    111.10025 -143.50768 
    110.51611 -143.24181 
    109.91543 -143.00381 
    109.29771 -142.80075 
    108.66374 -142.64246 
    108.01652 -142.53966 
    107.36151 -142.50108 
    106.70596 -142.53096 
    106.03502 -142.45041 
    105.32893 -142.29553 
    104.58877 -142.15157 
    103.83022 -142.08243 
    103.08776 -142.15642 
    102.40722 -142.42226 
    101.88231 -142.98404 
    101.45923 -143.65016 
    101.09531 -144.32599 
    100.74609 -144.95399 
    100.38564 -145.52213 
    100.01064 -146.04773 
    99.63185 -146.55614 
    99.23461 -147.04613 
    98.86828 -147.56070 
    98.53474 -148.09811 
    98.23549 -148.65630 
    97.97187 -149.23305 
    97.74510 -149.82611 
    97.55635 -150.43314 
    97.40654 -151.05165 
    97.29618 -151.67912 
    97.22567 -152.31297 
Cell 12 100 -115.76450 -133.53165 
    -127.27426 -133.53165 
    -127.32650 -134.25906 
    -127.32165 -134.99165 
    -127.25941 -135.72443 
    -127.14027 -136.45245 
    -126.96522 -137.17097 
    -126.73586 -137.87552 
    -126.45426 -138.56187 
    -126.12292 -139.22624 
    -125.74464 -139.86523 
    -125.32239 -140.47586 
    -124.85933 -141.05554 
    -124.35866 -141.60211 
    -123.82359 -142.11371 
    -123.25726 -142.58884 
    -122.66265 -143.02615 
    -122.04277 -143.42462 
    -121.14253 -143.31427 
    -120.07413 -142.69008 
    -119.36448 -142.62416 
    -118.74245 -142.69685 
    -118.13032 -142.74593 
    -117.52808 -142.77669 
    -116.93604 -142.80536 
    -116.35023 -142.84149 
    -115.76450 -142.87837 
    -115.17805 -142.85304 
    -114.59099 -142.82094 
    -114.00063 -142.77818 
    -113.40532 -142.72005 
    -112.80865 -142.62881 
    -112.21268 -142.50250 
    -111.61783 -142.34377 
    -111.02416 -142.15427 
    -110.35345 -142.05811 
    -109.51764 -142.12970 
    -108.47106 -142.34790 
    -107.95329 -141.84973 
    -107.47209 -141.31873 
    -107.02982 -140.75760 
    -106.62852 -140.16933 
    -106.26997 -139.55705 
    -105.95576 -138.92404 
    -105.68705 -138.27373 
    -105.46477 -137.60960 
    -105.28956 -136.93517 
    -105.15516 -136.25566 
    -105.05354 -135.57487 
    -104.96548 -134.89587 
    -104.91493 -134.21425 
    -104.87695 -133.53165 
    -104.85569 -132.84532 
    -104.42414 -132.09903 
    -104.08595 -131.30385 
    -104.00189 -130.51152 
    -104.26449 -129.79507 
    -104.83529 -129.20447 
    -105.57054 -128.73474 
    -106.31173 -128.33495 
    -106.91977 -127.91861 
    -107.18332 -127.29706 
    -107.48012 -126.67822 
    -107.81615 -126.06766 
    -108.19771 -125.47384 
    -108.63027 -124.90785 
    -109.11729 -124.38256 
    -109.65923 -123.91128 
    -110.25292 -123.50613 
    -110.90844 -123.21200 
    -111.60533 -123.02679 
    -112.30607 -122.88772 
    -113.00687 -122.79140 
    -113.70474 -122.73402 
    -114.39676 -122.70491 
    -115.08767 -122.77380 
    -115.76450 -122.89862 
    -116.42377 -123.05282 
    -117.06583 -123.23051 
    -117.69182 -123.42828 
    -118.30294 -123.64507 
    -118.90001 -123.88153 
    -119.48315 -124.13939 
    -120.05175 -124.42077 
    -120.60450 -124.72772 
    -121.13960 -125.06184 
    -121.65498 -125.42410 
    -122.14838 -125.81487 
    -122.61820 -126.23318 
    -123.07522 -126.66642 
    -123.59660 -127.05237 
    -124.10027 -127.47535 
    -124.58237 -127.93565 
    -125.03876 -128.43307 
    -125.46522 -128.96683 
    -125.85742 -129.53558 
    -126.21116 -130.13733 
    -126.52239 -130.76949 
    -126.78736 -131.42892 
    -127.00278 -132.11192 
    -127.16583 -132.81433 
Cell 13 100 -92.68370 -130.51639 
    -102.81404 -130.51639 
    -102.80841 -131.15338 
    -102.76223 -131.78960 
    -102.67552 -132.42242 
    -102.54846 -133.04922 
    -102.38142 -133.66736 
    -102.17493 -134.27423 
    -101.92976 -134.86725 
    -101.64680 -135.44389 
    -101.32713 -136.00168 
    -100.97203 -136.53821 
    -100.58291 -137.05118 
    -100.16135 -137.53836 
    -99.70908 -137.99767 
    -99.22800 -138.42709 
    -98.72010 -138.82478 
    -98.18752 -139.18903 
    -97.63252 -139.51825 
    -97.05745 -139.81107 
    -96.46474 -140.06621 
    -95.85695 -140.28264 
    -95.23663 -140.45938 
    -94.60644 -140.59570 
    -93.96909 -140.69127 
    -93.32728 -140.74570 
    -92.68370 -140.75873 
    -92.04109 -140.73041 
    -91.40215 -140.66093 
    -90.76955 -140.55077 
    -90.14590 -140.40045 
    -89.53380 -140.21080 
    -88.93571 -139.98273 
    -88.35405 -139.71736 
    -87.79111 -139.41597 
    -87.24908 -139.07999 
    -86.72634 -138.71599 
    -86.20190 -138.35153 
    -85.69785 -137.95557 
    -85.21606 -137.52896 
    -84.75856 -137.07263 
    -84.32740 -136.58760 
    -83.92476 -136.07498 
    -83.55288 -135.53610 
    -83.21408 -134.97246 
    -82.91073 -134.38579 
    -82.64516 -133.77811 
    -82.41965 -133.15175 
    -82.23828 -132.50896 
    -82.11401 -131.85165 
    -82.02040 -131.18727 
    -81.95905 -130.51639 
    -81.95978 -129.84169 
    -82.01084 -129.16809 
    -82.11034 -128.49940 
    -82.25805 -127.83954 
    -82.45304 -127.19225 
    -82.69392 -126.56116 
    -82.97887 -125.94964 
    -83.23589 -125.32240 
    -83.49991 -124.68818 
    -83.80474 -124.06544 
    -84.15142 -123.45787 
    -84.54069 -122.86958 
    -84.97286 -122.30518 
    -85.44769 -121.76955 
    -85.96424 -121.26785 
    -86.52081 -120.80523 
    -87.11487 -120.38672 
    -87.74306 -120.01699 
    -88.40126 -119.70018 
    -89.08466 -119.43968 
    -89.78791 -119.23804 
    -90.50530 -119.09681 
    -91.23093 -119.01655 
    -91.95895 -118.99676 
    -92.68370 -119.03603 
    -93.39994 -119.13206 
    -94.10295 -119.28188 
    -94.78863 -119.48196 
    -95.45357 -119.72845 
    -96.09504 -120.01736 
    -96.71097 -120.34467 
    -97.29985 -120.70657 
    -97.86067 -121.09951 
    -98.39280 -121.52029 
    -98.89585 -121.96609 
    -99.36960 -122.43452 
    -99.81387 -122.92353 
    -100.22845 -123.43140 
    -100.61306 -123.95665 
    -100.96729 -124.49801 
    -101.35567 -125.01299 
    -101.71091 -125.55364 
    -102.00259 -126.13126 
    -102.22576 -126.73842 
    -102.38670 -127.36369 
    -102.49895 -127.99626 
    -102.59048 -128.62657 
    -102.70459 -129.25046 
    -102.77932 -129.88123 
Cell 14 100 -72.00897 -133.77289 
    -82.38682 -133.77289 
    -82.37446 -134.42503 
    -82.31313 -135.07460 
    -82.20940 -135.71872 
    -82.06516 -136.35487 
    -81.88066 -136.98039 
    -81.65715 -137.59286 
    -81.39517 -138.18970 
    -81.09557 -138.76828 
    -80.75946 -139.32611 
    -80.38821 -139.86076 
    -79.98340 -140.36990 
    -79.54681 -140.85139 
    -79.08038 -141.30318 
    -78.44128 -141.54822 
    -77.82603 -141.77939 
    -77.24915 -142.03008 
    -76.68765 -142.28337 
    -76.12263 -142.51485 
    -75.55505 -142.72926 
    -74.98313 -142.92641 
    -74.40408 -143.10124 
    -73.82111 -143.27242 
    -73.23062 -143.44322 
    -72.62900 -143.62791 
    -72.00897 -143.82608 
    -71.36690 -143.97845 
    -70.70246 -144.11496 
    -70.04368 -144.07535 
    -69.38434 -143.99516 
    -68.72508 -143.87965 
    -68.06731 -143.72838 
    -67.41254 -143.54079 
    -66.76249 -143.31621 
    -66.11907 -143.05388 
    -65.48452 -142.75302 
    -64.86138 -142.41284 
    -64.25256 -142.03264 
    -63.66130 -141.61186 
    -63.09129 -141.15024 
    -62.54646 -140.64781 
    -62.03110 -140.10504 
    -61.54969 -139.52293 
    -61.10686 -138.90303 
    -60.70909 -138.24683 
    -60.38954 -137.54828 
    -60.44656 -136.74162 
    -60.64431 -135.94081 
    -60.94833 -135.17017 
    -61.31733 -134.44554 
    -61.60140 -133.77289 
    -61.84194 -133.13324 
    -62.06031 -132.51607 
    -62.26874 -131.91483 
    -62.47471 -131.32491 
    -62.68114 -130.74210 
    -62.88939 -130.16219 
    -63.10740 -129.58412 
    -63.34669 -129.01077 
    -63.60289 -128.43822 
    -63.86598 -127.85667 
    -64.13353 -127.25776 
    -64.40189 -126.62936 
    -64.66482 -125.95216 
    -64.91163 -125.19368 
    -65.27142 -124.49945 
    -65.84616 -124.06185 
    -66.49160 -123.73682 
    -67.18939 -123.53076 
    -67.91354 -123.42902 
    -68.64038 -123.40543 
    -69.32632 -123.32468 
    -70.00481 -123.26670 
    -70.67898 -123.24490 
    -71.34745 -123.25835 
    -72.00897 -123.30624 
    -72.66234 -123.38795 
    -73.30637 -123.50297 
    -73.93985 -123.65087 
    -74.56153 -123.83132 
    -75.18457 -123.99940 
    -75.82007 -124.14717 
    -76.45293 -124.32899 
    -77.07998 -124.54876 
    -77.69640 -124.81094 
    -78.29574 -125.11990 
    -78.87022 -125.47906 
    -79.41138 -125.89012 
    -79.91093 -126.35246 
    -80.36173 -126.86288 
    -80.75864 -127.41589 
    -81.09904 -128.00417 
    -81.38305 -128.61945 
    -81.61317 -129.25349 
    -81.80993 -129.89241 
    -81.96114 -130.53923 
    -82.02246 -131.20187 
    -82.11313 -131.84541 
    -82.23305 -132.48128 
    -82.33952 -133.12294 
Cell 15 100 -54.48009 -128.03175 
    -63.78677 -128.03175 
    -63.52999 -128.60112 
    -63.29076 -129.14479 
    -63.07454 -129.67123 
    -62.87995 -130.18846 
    -62.69582 -130.70120 
    -62.51443 -131.21277 
    -62.33411 -131.72757 
    -62.15263 -132.24976 
    -61.96605 -132.78247 
    -61.76892 -133.32739 
    -61.55442 -133.88414 
    -61.31499 -134.45015 
    -61.03102 -135.00778 
    -60.76660 -135.63083 
    -60.53829 -136.37015 
    -60.21125 -137.06261 
    -59.63842 -137.41470 
    -59.04346 -137.72940 
    -58.42880 -138.00504 
    -57.79698 -138.24008 
    -57.15074 -138.43324 
    -56.49294 -138.58345 
    -55.82653 -138.68983 
    -55.15454 -138.75182 
    -54.48009 -138.76900 
    -53.80631 -138.74127 
    -53.13633 -138.66879 
    -52.47327 -138.55193 
    -51.82021 -138.39131 
    -51.18018 -138.18784 
    -50.55612 -137.94258 
    -49.95086 -137.65686 
    -49.36712 -137.33221 
    -48.80747 -136.97038 
    -48.27434 -136.57324 
    -47.77000 -136.14287 
    -47.29652 -135.68147 
    -46.85581 -135.19144 
    -46.44546 -134.67859 
    -45.99567 -134.19604 
    -45.56953 -133.68657 
    -45.35504 -133.04829 
    -45.22924 -132.38487 
    -45.08545 -131.75136 
    -44.93564 -131.13293 
    -44.78722 -130.52046 
    -44.64452 -129.90799 
    -44.50867 -129.29144 
    -44.37618 -128.66743 
    -44.24152 -128.03175 
    -44.09941 -127.37865 
    -43.93388 -126.69946 
    -43.70246 -125.97581 
    -43.88612 -125.31168 
    -44.11398 -124.66360 
    -44.38880 -124.03633 
    -44.70726 -123.43301 
    -45.06578 -122.85619 
    -45.46070 -122.30787 
    -45.44073 -121.46426 
    -44.96782 -120.16252 
    -46.40161 -120.44555 
    -47.33478 -120.42277 
    -47.86168 -120.03146 
    -48.36979 -119.62164 
    -48.85672 -119.17074 
    -49.36878 -118.73430 
    -49.90681 -118.31303 
    -50.47197 -117.90838 
    -51.06550 -117.52271 
    -51.68856 -117.15943 
    -52.34192 -116.82305 
    -53.02571 -116.51916 
    -53.73912 -116.25423 
    -54.48009 -116.03548 
    -55.24522 -115.87041 
    -56.02956 -115.76651 
    -56.82665 -115.73066 
    -57.62870 -115.76873 
    -58.42678 -115.88511 
    -59.21121 -116.08231 
    -59.97205 -116.36076 
    -60.69954 -116.71863 
    -61.38468 -117.15187 
    -62.01964 -117.65446 
    -62.59815 -118.21870 
    -63.11579 -118.83568 
    -63.57006 -119.49571 
    -63.96040 -120.18896 
    -64.28802 -120.90588 
    -64.55560 -121.63764 
    -64.76698 -122.37650 
    -64.92670 -123.11596 
    -65.03958 -123.85096 
    -65.10218 -124.58043 
    -64.85492 -125.36795 
    -64.60748 -126.09985 
    -64.33465 -126.78683 
    -64.05693 -127.42923 
Cell 16 100 -34.73140 -132.00809 
    -45.14372 -132.00809 
    -45.28368 -132.67198 
    -45.45225 -133.36244 
    -45.27501 -134.01939 
    -45.15644 -134.68478 
    -45.07980 -135.37048 
    -45.01280 -136.07878 
    -44.79642 -136.74432 
    -44.53610 -137.39827 
    -44.23251 -138.03767 
    -43.88632 -138.65953 
    -43.49827 -139.26067 
    -43.06930 -139.83791 
    -42.46824 -140.24698 
    -41.50482 -140.19576 
    -40.65719 -140.16425 
    -39.96074 -140.24820 
    -39.34542 -140.40096 
    -38.75143 -140.55107 
    -38.17229 -140.69879 
    -37.60361 -140.84782 
    -37.04038 -141.00098 
    -36.47726 -141.16019 
    -35.90861 -141.32664 
    -35.32861 -141.50040 
    -34.73140 -141.67964 
    -34.11197 -141.85370 
    -33.44224 -142.21284 
    -32.69098 -142.70438 
    -31.90314 -143.02342 
    -31.13190 -143.08620 
    -30.46177 -142.79193 
    -29.81697 -142.45180 
    -29.20082 -142.06818 
    -28.61644 -141.64372 
    -28.06661 -141.18138 
    -27.55389 -140.68420 
    -27.08047 -140.15550 
    -26.64826 -139.59866 
    -26.25880 -139.01723 
    -25.91337 -138.41476 
    -25.61281 -137.79492 
    -25.35774 -137.16130 
    -25.14837 -136.51752 
    -25.14427 -135.80391 
    -25.16467 -135.11650 
    -25.10341 -134.48013 
    -25.00457 -133.86357 
    -24.92529 -133.24689 
    -24.87312 -132.62833 
    -24.84788 -132.00809 
    -24.84402 -131.38602 
    -24.86332 -130.76146 
    -24.90397 -130.13341 
    -24.96486 -129.50046 
    -25.10456 -128.88014 
    -25.27119 -128.26253 
    -25.46300 -127.64671 
    -25.67896 -127.03146 
    -25.91910 -126.41563 
    -26.18480 -125.79861 
    -26.47890 -125.18102 
    -26.80559 -124.56525 
    -27.17002 -123.95603 
    -27.57764 -123.36067 
    -28.03339 -122.78906 
    -28.54073 -122.25314 
    -29.10079 -121.76605 
    -29.71180 -121.34089 
    -30.36878 -120.98936 
    -31.06383 -120.72047 
    -31.78675 -120.53944 
    -32.52604 -120.44719 
    -33.27005 -120.44033 
    -34.00811 -120.51167 
    -34.73140 -120.65128 
    -35.43355 -120.84773 
    -36.11074 -121.08948 
    -36.76149 -121.36597 
    -37.38614 -121.66854 
    -37.98619 -121.99088 
    -38.56359 -122.32909 
    -39.12019 -122.68143 
    -39.66173 -123.03985 
    -40.24625 -123.31807 
    -40.82011 -123.62770 
    -41.38162 -123.96935 
    -41.92848 -124.34397 
    -42.45763 -124.75267 
    -42.96518 -125.19652 
    -43.44640 -125.67627 
    -43.79260 -126.25768 
    -43.98750 -126.91950 
    -44.14307 -127.57930 
    -44.28276 -128.22644 
    -44.41727 -128.86095 
    -44.55169 -129.48668 
    -44.69116 -130.10817 
    -44.83831 -130.73129 
    -44.99127 -131.36258 
Cell 17 100 -14.93258 -132.87953 
    -24.89431 -132.87953 
    -24.95916 -133.51035 
    -25.05175 -134.15787 
    -25.13671 -134.82607 
    -25.15318 -135.50374 
    -25.14601 -136.19807 
    -24.91788 -136.83299 
    -24.64845 -137.45148 
    -24.33929 -138.05092 
    -23.99213 -138.62889 
    -23.60877 -139.18315 
    -23.19108 -139.71156 
    -22.74103 -140.21216 
    -22.26060 -140.68307 
    -21.75185 -141.12262 
    -21.21688 -141.52913 
    -20.65784 -141.90111 
    -20.07697 -142.23714 
    -19.47651 -142.53587 
    -18.85510 -142.78670 
    -18.14063 -142.75291 
    -17.41018 -142.52916 
    -16.76285 -142.47417 
    -16.14339 -142.46413 
    -15.53565 -142.46507 
    -14.93258 -142.47644 
    -14.32758 -142.49574 
    -13.71495 -142.51805 
    -13.08635 -142.55779 
    -12.42397 -142.64990 
    -11.70915 -142.80022 
    -11.05375 -142.67633 
    -10.45427 -142.39641 
    -9.87537 -142.07855 
    -9.31950 -141.72432 
    -8.78904 -141.33539 
    -8.28619 -140.91364 
    -7.81298 -140.46114 
    -7.37128 -139.98007 
    -6.96283 -139.47267 
    -6.58916 -138.94138 
    -6.25161 -138.38864 
    -5.95129 -137.81703 
    -5.68917 -137.22914 
    -5.46597 -136.62762 
    -5.28223 -136.01512 
    -5.13832 -135.39427 
    -5.03433 -134.76772 
    -4.92509 -134.14377 
    -4.84449 -133.51422 
    -4.79909 -132.87953 
    -4.78894 -132.24135 
    -4.81414 -131.60127 
    -4.87494 -130.96094 
    -4.97175 -130.32202 
    -5.10515 -129.68640 
    -5.27585 -129.05617 
    -5.48470 -128.43370 
    -5.73253 -127.82176 
    -6.02013 -127.22352 
    -6.34806 -126.64252 
    -6.71654 -126.08263 
    -7.12532 -125.54803 
    -7.57359 -125.04301 
    -8.05984 -124.57182 
    -8.58189 -124.13857 
    -9.13686 -123.74694 
    -9.72122 -123.40011 
    -10.33094 -123.10056 
    -10.82974 -122.51694 
    -11.12889 -121.17299 
    -11.93918 -121.22102 
    -12.82041 -121.80717 
    -13.52501 -121.73746 
    -14.23515 -121.79420 
    -14.93258 -121.95276 
    -15.60582 -122.17870 
    -16.25159 -122.43846 
    -16.87293 -122.70784 
    -17.48940 -122.92136 
    -18.09488 -123.14698 
    -18.68391 -123.40475 
    -19.25526 -123.69337 
    -19.80767 -124.01177 
    -20.33987 -124.35901 
    -20.85051 -124.73421 
    -21.34285 -125.13084 
    -21.85752 -125.50522 
    -22.35034 -125.91379 
    -22.81856 -126.35568 
    -23.25936 -126.82977 
    -23.66996 -127.33462 
    -24.04766 -127.86848 
    -24.38989 -128.42926 
    -24.69423 -129.01462 
    -24.95300 -129.62370 
    -24.89174 -130.32246 
    -24.85637 -130.98647 
    -24.84552 -131.62724 
    -24.85793 -132.25508 
Cell 18 100 6.31186 -132.79604 
    -3.79539 -132.79604 
    -3.76240 -133.42986 
    -3.69133 -134.05974 
    -3.59394 -134.68567 
    -3.46148 -135.30540 
    -3.28993 -135.91585 
    -3.07992 -136.51450 
    -2.83225 -137.09892 
    -2.54786 -137.66670 
    -2.22788 -138.21552 
    -1.87357 -138.74310 
    -1.48635 -139.24727 
    -1.06776 -139.72597 
    -0.61950 -140.17719 
    -0.14338 -140.59909 
    0.35866 -140.98991 
    0.88456 -141.34808 
    1.43219 -141.67212 
    1.99974 -141.95976 
    2.65858 -142.02315 
    3.29147 -142.09184 
    3.89865 -142.19489 
    4.49570 -142.31670 
    5.09165 -142.45497 
    5.69467 -142.60600 
    6.31186 -142.76566 
    6.94660 -142.88490 
    7.57932 -142.82901 
    8.20673 -142.72931 
    8.82696 -142.59171 
    9.43804 -142.41742 
    10.03820 -142.20770 
    10.62598 -141.96400 
    11.20019 -141.68787 
    11.75997 -141.38089 
    12.30479 -141.04460 
    12.83440 -140.68044 
    13.34876 -140.28958 
    13.84795 -139.87289 
    14.33198 -139.43086 
    14.80066 -138.96350 
    15.25331 -138.47046 
    15.68865 -137.95097 
    16.10451 -137.40411 
    16.49766 -136.82887 
    16.85612 -136.22208 
    16.85426 -135.50287 
    16.59490 -134.75763 
    16.41771 -134.07271 
    16.28416 -133.42345 
    16.17956 -132.79604 
    16.09172 -132.18074 
    15.99529 -131.57274 
    15.88703 -130.96948 
    15.76526 -130.36882 
    15.62957 -129.76852 
    15.48413 -129.16447 
    15.33991 -128.54776 
    15.20882 -127.90489 
    15.09359 -127.22298 
    15.01757 -126.47097 
    15.02884 -125.58472 
    14.52094 -125.08719 
    13.91472 -124.69981 
    13.29376 -124.35637 
    12.66336 -124.05395 
    12.02761 -123.78946 
    11.38955 -123.55975 
    10.77785 -123.30533 
    10.15772 -123.08250 
    9.52749 -122.89933 
    8.88978 -122.75570 
    8.24706 -122.65137 
    7.60168 -122.58604 
    6.95641 -122.55127 
    6.31186 -122.49944 
    5.66340 -122.48913 
    5.01388 -122.52146 
    4.36636 -122.59738 
    3.72414 -122.71754 
    3.09066 -122.88221 
    2.46947 -123.09126 
    1.86411 -123.34409 
    1.27806 -123.63959 
    0.71462 -123.97620 
    0.17685 -124.35192 
    -0.33254 -124.76434 
    -0.81119 -125.21075 
    -1.25715 -125.68826 
    -1.66886 -126.19381 
    -2.04514 -126.72432 
    -2.38517 -127.27673 
    -2.68837 -127.84811 
    -2.95443 -128.43565 
    -3.18316 -129.03670 
    -3.38190 -129.64635 
    -3.54212 -130.26596 
    -3.66352 -130.89313 
    -3.74613 -131.52542 
    -3.79003 -132.16048 
Cell 19 100 25.50297 -129.41676 
    15.54487 -129.41676 
    15.68961 -130.03416 
    15.82023 -130.63997 
    15.93589 -131.24178 
    16.03875 -131.84676 
    16.13182 -132.46162 
    16.22838 -133.08884 
    16.34631 -133.72556 
    16.49443 -134.36925 
    16.68394 -135.01349 
    16.88960 -135.67474 
    17.34674 -136.16417 
    17.82915 -136.62296 
    18.33208 -137.05298 
    18.81241 -137.50426 
    19.32228 -137.92375 
    19.85952 -138.30942 
    20.42183 -138.65932 
    21.00700 -138.97118 
    21.61329 -139.24095 
    22.24023 -139.45844 
    22.89855 -139.56030 
    23.57150 -139.54190 
    24.22136 -139.56175 
    24.86183 -139.60733 
    25.50297 -139.67706 
    26.15437 -139.77057 
    26.82204 -139.85828 
    27.47832 -139.77191 
    28.12557 -139.63113 
    28.75949 -139.43932 
    29.37722 -139.20203 
    29.97663 -138.92378 
    30.55536 -138.60704 
    31.11085 -138.25337 
    31.64087 -137.86485 
    32.14323 -137.44347 
    32.61594 -136.99130 
    33.05716 -136.51062 
    33.46531 -136.00378 
    33.83903 -135.47327 
    34.17724 -134.92163 
    34.47915 -134.35146 
    34.74428 -133.76540 
    34.97250 -133.16602 
    35.16407 -132.55585 
    35.31957 -131.93724 
    35.43992 -131.31233 
    35.52631 -130.68300 
    35.58006 -130.05077 
    35.60254 -129.41676 
    35.59492 -128.78183 
    35.55801 -128.14651 
    35.49204 -127.51125 
    35.39653 -126.87653 
    35.27015 -126.24321 
    35.11079 -125.61275 
    34.91563 -124.98750 
    34.68144 -124.37085 
    34.44225 -123.74372 
    34.21739 -123.08537 
    33.96407 -122.41713 
    33.67525 -121.74249 
    33.34285 -121.06814 
    32.95875 -120.40427 
    32.51590 -119.76429 
    32.00951 -119.16409 
    31.43808 -118.62083 
    30.80407 -118.15136 
    30.11405 -117.77051 
    29.37838 -117.48946 
    28.61030 -117.31452 
    27.82458 -117.24646 
    27.03613 -117.28052 
    26.25855 -117.40708 
    25.50297 -117.61293 
    24.77731 -117.88282 
    24.08611 -118.20115 
    23.43068 -118.55344 
    22.80979 -118.92754 
    22.22048 -119.31430 
    21.65887 -119.70769 
    21.03093 -119.91320 
    20.41083 -120.15420 
    19.80227 -120.43390 
    19.20808 -120.75260 
    18.63138 -121.11044 
    18.07549 -121.50731 
    17.54395 -121.94276 
    17.04046 -122.41597 
    16.56877 -122.92569 
    16.13265 -123.47018 
    15.73576 -124.04720 
    15.38152 -124.65398 
    15.07316 -125.28732 
    15.02341 -126.01176 
    15.04389 -126.73133 
    15.12993 -127.43800 
    15.25308 -128.12190 
    15.39440 -128.78079 
Cell 20 100 47.50484 -130.22943 
    37.46645 -130.22943 
    37.48120 -130.86006 
    37.53555 -131.48885 
    37.62935 -132.11328 
    37.76235 -132.73088 
    37.93407 -133.33916 
    38.14393 -133.93568 
    38.39112 -134.51802 
    38.67474 -135.08382 
    38.99368 -135.63078 
    39.34670 -136.15666 
    39.73243 -136.65933 
    40.14932 -137.13672 
    40.59570 -137.58691 
    41.06982 -138.00804 
    41.56976 -138.39838 
    42.09351 -138.75632 
    42.63897 -139.08043 
    43.20391 -139.36937 
    43.78606 -139.62198 
    44.38307 -139.83727 
    44.99250 -140.01434 
    45.61190 -140.15256 
    46.23878 -140.25136 
    46.87060 -140.31041 
    47.50484 -140.32953 
    48.13897 -140.30870 
    48.77049 -140.24809 
    49.39692 -140.14803 
    50.01581 -140.00900 
    50.62479 -139.83167 
    51.22156 -139.61681 
    51.80388 -139.36536 
    52.36961 -139.07841 
    52.91669 -138.75714 
    53.44319 -138.40288 
    53.94726 -138.01698 
    54.42715 -137.60095 
    54.88125 -137.15634 
    55.30799 -136.68475 
    55.70594 -136.18788 
    55.74409 -135.45821 
    55.79872 -134.78903 
    55.90328 -134.18144 
    56.02705 -133.60361 
    56.16406 -133.04298 
    56.31334 -132.49107 
    56.47513 -131.94061 
    56.65331 -131.38515 
    56.84362 -130.81699 
    57.03382 -130.22943 
    57.21106 -129.61877 
    57.36445 -128.98387 
    57.49249 -128.32419 
    57.61139 -127.63451 
    57.77619 -126.89207 
    57.82418 -126.14371 
    57.56995 -125.49315 
    57.14455 -124.92995 
    56.99937 -124.20402 
    56.80958 -123.46915 
    56.56129 -122.73728 
    56.24146 -122.02520 
    55.84019 -121.35318 
    55.35288 -120.74278 
    54.78144 -120.21404 
    54.13459 -119.78262 
    53.42677 -119.45747 
    52.67622 -119.23970 
    51.90235 -119.12260 
    51.12323 -119.09317 
    50.35356 -119.13441 
    49.60345 -119.22812 
    48.88097 -119.33621 
    48.18930 -119.35029 
    47.50484 -119.41061 
    46.83070 -119.51432 
    46.16943 -119.65858 
    45.52307 -119.84064 
    44.89326 -120.05798 
    44.28129 -120.30836 
    43.68827 -120.58987 
    43.11515 -120.90087 
    42.56289 -121.24005 
    42.03241 -121.60626 
    41.52476 -121.99857 
    41.04107 -122.41607 
    40.58254 -122.85793 
    40.15050 -123.32324 
    39.74633 -123.81104 
    39.37145 -124.32018 
    39.02728 -124.84941 
    38.71522 -125.39730 
    38.43659 -125.96224 
    38.19262 -126.54247 
    37.97910 -127.13433 
    37.79987 -127.73762 
    37.65839 -128.35112 
    37.55533 -128.97252 
    37.49122 -129.59943 
Cell 21 100 65.28826 -133.03880 
    56.16519 -133.03880 
    56.02317 -133.62170 
    55.89572 -134.22536 
    55.79375 -134.84998 
    55.74244 -135.48975 
    55.71712 -136.14865 
    55.61015 -136.87064 
    55.69493 -137.55309 
    55.96220 -138.16585 
    56.26978 -138.76210 
    56.61703 -139.33882 
    57.00294 -139.89301 
    57.42618 -140.42178 
    57.88513 -140.92233 
    58.37791 -141.39198 
    58.90239 -141.82820 
    59.45620 -142.22865 
    60.03678 -142.59120 
    60.64140 -142.91388 
    61.26713 -143.19501 
    61.91541 -143.41939 
    62.66115 -143.27071 
    63.38519 -143.01505 
    64.04626 -142.87024 
    64.67282 -142.82092 
    65.28826 -142.77290 
    65.89784 -142.72786 
    66.50697 -142.68590 
    67.12075 -142.64507 
    67.74625 -142.61201 
    68.40089 -142.61850 
    69.09943 -142.66473 
    69.79981 -142.62634 
    70.43855 -142.40715 
    70.99551 -142.03198 
    71.52445 -141.62219 
    72.02328 -141.18004 
    72.49012 -140.70801 
    72.92329 -140.20857 
    73.32131 -139.68433 
    73.68301 -139.13795 
    74.00735 -138.57211 
    74.29353 -137.98949 
    74.45406 -137.35190 
    74.70786 -136.76828 
    74.94592 -136.17677 
    75.14912 -135.57065 
    75.31609 -134.95171 
    75.43867 -134.32109 
    75.39600 -133.67473 
    75.15719 -133.03880 
    74.95791 -132.43045 
    74.76759 -131.84128 
    74.58286 -131.26576 
    74.38724 -130.70258 
    74.17865 -130.15015 
    73.95605 -129.60698 
    73.71812 -129.07201 
    73.47604 -128.53752 
    73.22472 -128.00217 
    72.96146 -127.46390 
    72.68769 -126.91747 
    72.40451 -126.35619 
    72.11649 -125.76748 
    71.82798 -125.13364 
    71.44303 -124.56749 
    70.92363 -124.15888 
    70.44307 -123.66224 
    69.93364 -123.16687 
    69.38758 -122.68510 
    68.79829 -122.23604 
    68.16266 -121.84377 
    67.48296 -121.53381 
    66.76762 -121.32849 
    66.03043 -121.24249 
    65.28826 -121.27972 
    64.55806 -121.43254 
    63.85374 -121.68341 
    63.18416 -122.00872 
    62.55242 -122.38340 
    61.95668 -122.78526 
    61.39013 -123.19324 
    60.82011 -123.54350 
    60.25572 -123.88465 
    59.70358 -124.23876 
    59.13650 -124.57163 
    58.59980 -124.95384 
    58.09762 -125.38155 
    57.75372 -125.96339 
    57.78032 -126.82769 
    57.64451 -127.48529 
    57.52866 -128.11441 
    57.41728 -128.71170 
    57.29367 -129.27684 
    57.15326 -129.81793 
    56.99652 -130.34465 
    56.82709 -130.86633 
    56.65135 -131.39124 
    56.47980 -131.92604 
    56.31822 -132.47446 
Cell 22 100 83.45869 -126.06504 
    72.26207 -126.06504 
    72.60223 -126.74807 
    72.92718 -127.39548 
    73.23122 -128.01604 
    73.51282 -128.61871 
    73.77950 -129.20999 
    74.03378 -129.79663 
    74.26898 -130.38937 
    74.48918 -130.99606 
    74.69807 -131.62469 
    74.90840 -132.27719 
    75.12982 -132.95526 
    75.38536 -133.64639 
    75.90471 -134.10921 
    76.48627 -134.49324 
    77.07973 -134.84492 
    77.68373 -135.16492 
    78.29736 -135.45345 
    78.91994 -135.71036 
    79.55085 -135.93510 
    80.18941 -136.12685 
    80.83478 -136.28448 
    81.48588 -136.40686 
    82.14136 -136.49275 
    82.79959 -136.54100 
    83.45869 -136.56178 
    84.11794 -136.54346 
    84.77464 -136.48192 
    85.42588 -136.37743 
    86.06873 -136.23047 
    86.70030 -136.04172 
    87.31781 -135.81207 
    87.91850 -135.54263 
    88.49975 -135.23470 
    89.05900 -134.88972 
    89.59385 -134.50937 
    90.10201 -134.09544 
    90.58135 -133.64992 
    91.02992 -133.17491 
    91.38709 -132.62399 
    91.50188 -131.90877 
    91.63118 -131.25145 
    91.83532 -130.67014 
    92.03983 -130.10301 
    92.23682 -129.54056 
    92.42790 -128.97931 
    92.61541 -128.41609 
    92.79745 -127.84650 
    92.97660 -127.26743 
    93.15723 -126.67522 
    93.35011 -126.06504 
    93.63731 -125.42466 
    94.12381 -124.71772 
    94.65823 -123.92861 
    94.96192 -123.11151 
    95.08174 -122.28848 
    95.03510 -121.48161 
    94.81353 -120.72186 
    94.41592 -120.04125 
    93.85964 -119.46439 
    93.18137 -119.00110 
    92.42863 -118.64446 
    91.97884 -118.06409 
    91.56669 -117.43089 
    91.10709 -116.81972 
    90.59969 -116.23629 
    90.04496 -115.68673 
    89.44423 -115.17738 
    88.79980 -114.71460 
    88.11500 -114.30455 
    87.39413 -113.95296 
    86.64249 -113.66492 
    85.86616 -113.44461 
    85.07189 -113.29519 
    84.26691 -113.21863 
    83.45869 -113.21563 
    82.65467 -113.28561 
    81.86210 -113.42677 
    81.08774 -113.63610 
    80.33771 -113.90964 
    79.61733 -114.24256 
    78.93102 -114.62946 
    78.28223 -115.06453 
    77.67349 -115.54181 
    77.10637 -116.05539 
    76.58163 -116.59960 
    76.09937 -117.16915 
    75.65906 -117.75928 
    75.25980 -118.36577 
    74.90040 -118.98501 
    74.57956 -119.61398 
    74.08318 -120.11516 
    73.57719 -120.63264 
    73.10330 -121.19217 
    72.66888 -121.79305 
    72.28184 -122.43346 
    71.95188 -123.11060 
    71.70135 -123.82221 
    71.63184 -124.57096 
    71.92154 -125.33919 
Cell 23 100 102.71279 -132.24759 
    91.44750 -132.24759 
    91.35544 -132.96213 
    91.54793 -133.65804 
    91.80917 -134.32756 
    92.10697 -134.97070 
    92.43421 -135.58730 
    92.78613 -136.17783 
    93.15921 -136.74316 
    93.55109 -137.28427 
    93.96040 -137.80203 
    94.38657 -138.29694 
    94.82962 -138.76912 
    95.28987 -139.21817 
    95.76773 -139.64333 
    96.26332 -140.04366 
    96.74876 -140.45636 
    97.25478 -140.84804 
    97.78665 -141.20821 
    98.34253 -141.53487 
    98.92078 -141.82510 
    99.52122 -142.07024 
    100.13936 -142.27045 
    100.77362 -142.41307 
    101.41953 -142.48479 
    102.07041 -142.45790 
    102.71279 -142.30289 
    103.33465 -142.13182 
    103.95667 -142.09395 
    104.60258 -142.15425 
    105.29076 -142.28810 
    105.99350 -142.34457 
    106.62694 -142.13359 
    107.24577 -141.88065 
    107.84704 -141.58675 
    108.42790 -141.25316 
    108.98560 -140.88138 
    109.51749 -140.47307 
    110.02106 -140.03012 
    110.49396 -139.55460 
    110.93397 -139.04874 
    111.33907 -138.51494 
    111.70744 -137.95576 
    112.03748 -137.37387 
    112.32773 -136.77203 
    112.57703 -136.15312 
    112.78440 -135.52005 
    112.94913 -134.87584 
    113.07072 -134.22346 
    113.14893 -133.56598 
    113.18378 -132.90637 
    113.17550 -132.24759 
    113.12459 -131.59253 
    113.03181 -130.94400 
    112.89812 -130.30463 
    112.72477 -129.67696 
    112.51315 -129.06326 
    112.26492 -128.46564 
    111.98189 -127.88588 
    111.66596 -127.32555 
    111.31918 -126.78581 
    110.94356 -126.26759 
    110.54114 -125.77142 
    110.11382 -125.29756 
    109.66332 -124.84602 
    109.19112 -124.41663 
    108.69839 -124.00912 
    108.18597 -123.62325 
    107.65432 -123.25898 
    107.10362 -122.91660 
    106.53379 -122.59686 
    105.94459 -122.30113 
    105.33584 -122.03149 
    104.70753 -121.79077 
    104.06010 -121.58251 
    103.39458 -121.41090 
    102.71279 -121.28062 
    102.01752 -121.19654 
    101.31255 -121.16352 
    100.60268 -121.18597 
    99.89362 -121.26764 
    99.19183 -121.41120 
    98.50425 -121.61803 
    97.83797 -121.88806 
    97.19988 -122.21964 
    96.59637 -122.60966 
    96.03294 -123.05357 
    95.51399 -123.54574 
    94.93631 -123.96648 
    94.34558 -124.39026 
    93.93768 -124.98818 
    93.55978 -125.59753 
    93.28671 -126.26562 
    93.07386 -126.94855 
    92.86894 -127.61543 
    92.66260 -128.26843 
    92.44998 -128.91299 
    92.23128 -129.55640 
    92.00319 -130.20462 
    91.76696 -130.86481 
    91.57310 -131.54674 
Cell 24 100 -110.88245 -113.12645 
    -121.18993 -113.12645 
    -121.17654 -113.77410 
    -121.12136 -114.41992 
    -121.02452 -115.06116 
    -120.88640 -115.69503 
    -120.70757 -116.31882 
    -120.48880 -116.92987 
    -120.23106 -117.52557 
    -119.93547 -118.10339 
    -119.60337 -118.66092 
    -119.23624 -119.19583 
    -118.83571 -119.70596 
    -118.40358 -120.18926 
    -117.94176 -120.64386 
    -117.45230 -121.06804 
    -116.93732 -121.46027 
    -116.39905 -121.81921 
    -115.83973 -122.14371 
    -115.26168 -122.43280 
    -114.66723 -122.68571 
    -114.00010 -122.72160 
    -113.35660 -122.76264 
    -112.73331 -122.82899 
    -112.12024 -122.92460 
    -111.50697 -123.05293 
    -110.88245 -123.22366 
    -110.23848 -123.36199 
    -109.59008 -123.35660 
    -108.94425 -123.28682 
    -108.30312 -123.17229 
    -107.66790 -123.01980 
    -107.04014 -122.83101 
    -106.42149 -122.60646 
    -105.81375 -122.34637 
    -105.21886 -122.05084 
    -104.63889 -121.71997 
    -104.07613 -121.35387 
    -103.53304 -120.95277 
    -103.01231 -120.51700 
    -102.51683 -120.04709 
    -102.04964 -119.54386 
    -101.61395 -119.00842 
    -101.21302 -118.44226 
    -100.85014 -117.84729 
    -100.52853 -117.22586 
    -100.25121 -116.58075 
    -100.02097 -115.91521 
    -99.84024 -115.23286 
    -99.71101 -114.53773 
    -99.32008 -113.85389 
    -98.91599 -113.12645 
    -98.66589 -112.35785 
    -98.62895 -111.57848 
    -98.82754 -110.82685 
    -99.23872 -110.13685 
    -99.80258 -109.52638 
    -100.44303 -108.99319 
    -100.91250 -108.43495 
    -100.66811 -107.51107 
    -100.44611 -106.50335 
    -102.10548 -106.74962 
    -102.60387 -106.27781 
    -103.10287 -105.82094 
    -103.62573 -105.39883 
    -104.16946 -105.01184 
    -104.73127 -104.66008 
    -105.30862 -104.34351 
    -105.89920 -104.06196 
    -106.50095 -103.81528 
    -107.11195 -103.60328 
    -107.73052 -103.42582 
    -108.35503 -103.28283 
    -108.98397 -103.17430 
    -109.61316 -103.07902 
    -110.24200 -102.94691 
    -110.88245 -102.82314 
    -111.53802 -102.70631 
    -112.21208 -102.60133 
    -112.90554 -102.52100 
    -113.61460 -102.48541 
    -114.32911 -102.51872 
    -115.03291 -102.64357 
    -115.70641 -102.87500 
    -116.33083 -103.21587 
    -116.89279 -103.65567 
    -117.38743 -104.17312 
    -117.81888 -104.74174 
    -118.19807 -105.33610 
    -118.53877 -105.93668 
    -118.85358 -106.53216 
    -119.15107 -107.11894 
    -119.49539 -107.66051 
    -119.83469 -108.20492 
    -120.13908 -108.77061 
    -120.40708 -109.35538 
    -120.63740 -109.95688 
    -120.82889 -110.57264 
    -120.98059 -111.20013 
    -121.09171 -111.83672 
    -121.16162 -112.47974 
