15 25 
Cell 0 100 -115.60423 -152.59499 
    -125.60438 -152.59499 
    -125.58463 -153.22290 
    -125.52551 -153.84833 
    -125.42722 -154.46883 
    -125.29016 -155.08191 
    -125.11488 -155.68518 
    -124.90207 -156.27626 
    -124.65257 -156.85280 
    -124.36735 -157.41255 
    -124.04755 -157.95328 
    -123.69629 -158.47421 
    -123.32618 -158.98314 
    -122.92449 -159.46916 
    -122.49207 -159.92979 
    -122.03048 -160.36299 
    -121.54143 -160.76683 
    -121.02676 -161.13953 
    -120.48846 -161.47937 
    -119.92861 -161.78476 
    -119.34943 -162.05426 
    -118.75322 -162.28658 
    -118.14243 -162.48059 
    -117.51952 -162.63527 
    -116.88708 -162.74982 
    -116.24776 -162.82359 
    -115.60423 -162.85614 
    -114.95922 -162.84715 
    -114.31548 -162.79657 
    -113.67574 -162.70448 
    -113.04279 -162.57118 
    -112.41932 -162.39716 
    -111.80805 -162.18304 
    -111.21162 -161.92976 
    -110.63263 -161.63831 
    -110.07357 -161.30992 
    -109.53687 -160.94600 
    -109.02484 -160.54811 
    -108.53968 -160.11797 
    -108.08348 -159.65744 
    -107.65817 -159.16853 
    -107.26553 -158.65340 
    -106.90722 -158.11427 
    -106.58466 -157.55354 
    -106.29905 -156.97368 
    -106.57523 -156.16983 
    -106.73497 -155.47678 
    -106.84405 -154.84422 
    -106.92422 -154.25078 
    -106.99894 -153.68208 
    -107.10627 -153.12964 
    -107.22563 -152.59499 
    -107.35676 -152.07611 
    -107.46602 -151.56689 
    -107.59135 -151.06645 
    -107.68933 -150.56277 
    -107.80502 -150.06087 
    -107.86478 -149.53072 
    -107.78804 -148.91696 
    -107.53742 -148.16022 
    -107.28555 -147.31578 
    -106.89154 -146.26485 
    -106.19019 -144.80701 
    -106.64081 -144.17776 
    -107.16252 -143.60548 
    -107.74937 -143.10010 
    -108.39258 -142.66899 
    -109.09302 -142.33496 
    -109.88268 -142.18753 
    -110.70950 -142.19313 
    -111.59644 -142.47244 
    -112.38374 -142.68335 
    -113.09173 -142.80943 
    -113.75240 -142.88728 
    -114.38495 -142.94336 
    -114.99949 -142.98288 
    -115.60423 -143.01633 
    -116.20931 -142.97746 
    -116.82274 -142.94952 
    -117.44794 -142.92998 
    -118.09179 -142.90660 
    -118.76830 -142.85701 
    -119.50312 -142.74753 
    -120.13044 -142.97630 
    -120.69588 -143.33331 
    -121.26070 -143.68182 
    -121.81158 -144.05132 
    -122.39787 -144.38289 
    -123.19149 -144.51538 
    -123.19044 -145.47107 
    -123.49593 -146.06641 
    -123.84103 -146.61061 
    -124.15559 -147.16814 
    -124.43932 -147.73785 
    -124.69180 -148.31871 
    -124.91250 -148.90958 
    -125.11497 -149.50476 
    -125.29024 -150.10805 
    -125.42728 -150.72115 
    -125.52554 -151.34163 
    -125.58466 -151.96707 
Cell 1 100 -97.05898 -152.17490 
    -107.33179 -152.17490 
    -107.17730 -152.81149 
    -107.04662 -153.43663 
    -106.94908 -154.06152 
    -106.86454 -154.69254 
    -106.76077 -155.32719 
    -106.62321 -155.96164 
    -106.43236 -156.58566 
    -106.07621 -157.13216 
    -105.68314 -157.64795 
    -105.27342 -158.14304 
    -104.84596 -158.61685 
    -104.39967 -159.06825 
    -103.93368 -159.49570 
    -103.44861 -159.89862 
    -102.95365 -160.28821 
    -102.43491 -160.64600 
    -101.89443 -160.97055 
    -101.33434 -161.26050 
    -100.75686 -161.51466 
    -100.16427 -161.73198 
    -99.55892 -161.91153 
    -98.94324 -162.05257 
    -98.31970 -162.15448 
    -97.69077 -162.21683 
    -97.05898 -162.23933 
    -96.42688 -162.22186 
    -95.79700 -162.16447 
    -95.17190 -162.06737 
    -94.55407 -161.93089 
    -93.94602 -161.75562 
    -93.35020 -161.54221 
    -92.76903 -161.29152 
    -92.20484 -161.00455 
    -91.65991 -160.68246 
    -91.13645 -160.32657 
    -90.63657 -159.93826 
    -90.16227 -159.51915 
    -89.71546 -159.07092 
    -89.29794 -158.59538 
    -88.91139 -158.09447 
    -88.55463 -157.57193 
    -88.21976 -157.03430 
    -87.91393 -156.47823 
    -87.63683 -155.90540 
    -87.38798 -155.31720 
    -87.41512 -154.65103 
    -87.43967 -154.00989 
    -87.45796 -153.38779 
    -87.47392 -152.77794 
    -87.49133 -152.17490 
    -87.51361 -151.57436 
    -87.54052 -150.97244 
    -87.57585 -150.36589 
    -87.62362 -149.75230 
    -87.68540 -149.12924 
    -87.75684 -148.49191 
    -87.83780 -147.83574 
    -87.92368 -147.15273 
    -87.99991 -146.42583 
    -88.04808 -145.62810 
    -88.50331 -145.09703 
    -89.00540 -144.61208 
    -89.54712 -144.17558 
    -90.12079 -143.78806 
    -90.71887 -143.44849 
    -91.33453 -143.15459 
    -91.96192 -142.90337 
    -92.59645 -142.69153 
    -93.23474 -142.51596 
    -93.87450 -142.37405 
    -94.47080 -142.09459 
    -95.08286 -141.81569 
    -95.72137 -141.58659 
    -96.38315 -141.43282 
    -97.05898 -141.37523 
    -97.73544 -141.42302 
    -98.39866 -141.57027 
    -99.03846 -141.79813 
    -99.65057 -142.08134 
    -100.23637 -142.39592 
    -100.83813 -142.62987 
    -101.46240 -142.81717 
    -102.08599 -143.03081 
    -102.70924 -143.27151 
    -103.33178 -143.54114 
    -103.95207 -143.84259 
    -104.56693 -144.17975 
    -105.17124 -144.55698 
    -105.75780 -144.97861 
    -106.31755 -145.44815 
    -106.76996 -146.01212 
    -107.04839 -146.68318 
    -107.29781 -147.35687 
    -107.50167 -148.04034 
    -107.71983 -148.71098 
    -107.84899 -149.40450 
    -107.78956 -150.12793 
    -107.63564 -150.83876 
    -107.47791 -151.51939 
Cell 2 100 -77.17963 -152.39406 
    -87.48500 -152.39406 
    -87.46703 -153.04129 
    -87.44904 -153.69138 
    -87.42669 -154.34879 
    -87.40015 -155.01823 
    -87.20012 -155.64992 
    -86.87544 -156.23289 
    -86.53316 -156.79550 
    -86.17292 -157.33817 
    -85.79395 -157.86087 
    -85.39532 -158.36311 
    -84.97620 -158.84395 
    -84.53592 -159.30208 
    -84.07414 -159.73598 
    -83.62151 -160.18095 
    -83.14320 -160.60220 
    -82.63703 -160.99355 
    -82.10484 -161.35298 
    -81.54861 -161.67862 
    -80.97048 -161.96867 
    -80.37276 -162.22153 
    -79.75789 -162.43573 
    -79.12841 -162.60994 
    -78.48701 -162.74306 
    -77.83646 -162.83414 
    -77.17963 -162.88246 
    -76.51944 -162.88748 
    -75.85887 -162.84891 
    -75.20095 -162.76663 
    -74.54871 -162.64081 
    -73.90517 -162.47180 
    -73.27334 -162.26022 
    -72.65618 -162.00687 
    -72.05661 -161.71280 
    -71.47743 -161.37927 
    -70.92139 -161.00778 
    -70.39108 -160.60001 
    -69.88896 -160.15784 
    -69.41738 -159.68329 
    -68.97849 -159.17862 
    -68.57429 -158.64621 
    -68.20654 -158.08855 
    -67.87688 -157.50829 
    -67.58669 -156.90816 
    -67.33678 -156.29112 
    -67.07657 -155.67674 
    -66.89575 -155.03450 
    -66.88617 -154.35764 
    -66.85344 -153.69856 
    -66.80000 -153.04709 
    -66.72602 -152.39406 
    -66.62833 -151.73022 
    -66.49978 -151.04488 
    -66.45850 -150.34889 
    -66.60052 -149.67781 
    -66.79889 -149.02115 
    -67.05063 -148.38370 
    -67.35374 -147.77036 
    -67.70518 -147.18544 
    -68.10098 -146.63257 
    -68.53661 -146.11453 
    -69.00711 -145.63316 
    -69.50751 -145.18947 
    -70.03302 -144.78369 
    -70.57919 -144.41550 
    -71.17194 -144.12517 
    -71.84529 -143.98848 
    -72.46014 -143.80934 
    -73.05280 -143.62408 
    -73.64790 -143.47394 
    -74.23261 -143.32408 
    -74.81025 -143.16597 
    -75.38515 -142.98708 
    -75.96653 -142.79144 
    -76.56171 -142.57262 
    -77.17963 -142.32115 
    -77.83135 -142.03517 
    -78.51691 -141.80840 
    -79.23988 -141.59380 
    -79.96970 -141.52747 
    -80.71072 -141.52649 
    -81.47410 -141.54745 
    -82.22849 -141.66467 
    -82.95821 -141.88287 
    -83.70995 -142.10393 
    -84.44675 -142.39172 
    -85.15829 -142.74951 
    -85.83360 -143.17851 
    -86.46167 -143.67764 
    -87.03218 -144.24332 
    -87.53609 -144.86964 
    -87.96630 -145.54863 
    -87.99771 -146.44676 
    -87.89888 -147.34998 
    -87.79389 -148.19157 
    -87.70270 -148.97490 
    -87.62767 -149.71146 
    -87.57320 -150.41138 
    -87.53545 -151.08582 
    -87.50730 -151.74429 
Cell 3 100 -56.80453 -154.45648 
    -66.88757 -154.45648 
    -66.91205 -155.09239 
    -66.83314 -155.72339 
    -66.71443 -156.34689 
    -66.55981 -156.96121 
    -66.36982 -157.56442 
    -66.14497 -158.15462 
    -65.88584 -158.72981 
    -65.59306 -159.28801 
    -65.27100 -159.82947 
    -64.91579 -160.34966 
    -64.52860 -160.84639 
    -64.11097 -161.31767 
    -63.66458 -161.76169 
    -63.19122 -162.17665 
    -62.69277 -162.56094 
    -62.17125 -162.91306 
    -61.62871 -163.23163 
    -61.06733 -163.51538 
    -60.48935 -163.76324 
    -59.89705 -163.97424 
    -59.29279 -164.14758 
    -58.67897 -164.28259 
    -58.05801 -164.37875 
    -57.43244 -164.43675 
    -56.80453 -164.45648 
    -56.17663 -164.43675 
    -55.55120 -164.37762 
    -54.93072 -164.27936 
    -54.31764 -164.14232 
    -53.71437 -163.96704 
    -53.12329 -163.75424 
    -52.54612 -163.50607 
    -51.98372 -163.22552 
    -51.43831 -162.91229 
    -50.91121 -162.56795 
    -50.40343 -162.19409 
    -49.91573 -161.79231 
    -49.44865 -161.36412 
    -49.00255 -160.91084 
    -48.57775 -160.43359 
    -48.17466 -159.93317 
    -47.79396 -159.41008 
    -47.43679 -158.86461 
    -47.10487 -158.29686 
    -47.04029 -157.62907 
    -47.31312 -156.89346 
    -47.46735 -156.23764 
    -47.55983 -155.62436 
    -47.62667 -155.03391 
    -47.69209 -154.45648 
    -47.76915 -153.88803 
    -47.85372 -153.32573 
    -47.96758 -152.77075 
    -48.09694 -152.22075 
    -48.25946 -151.68001 
    -48.43812 -151.14398 
    -48.64698 -150.61783 
    -48.86642 -150.09247 
    -49.10388 -149.56950 
    -49.34546 -149.03716 
    -49.56825 -148.47011 
    -49.74740 -147.82939 
    -49.80016 -146.99759 
    -50.11866 -146.37465 
    -50.68779 -146.03751 
    -51.26848 -145.73306 
    -51.85884 -145.46031 
    -52.45754 -145.21866 
    -53.06360 -145.00797 
    -53.67623 -144.82854 
    -54.29462 -144.68103 
    -54.91788 -144.56630 
    -55.54489 -144.48538 
    -56.17415 -144.43675 
    -56.80453 -144.40387 
    -57.43673 -144.40799 
    -58.06876 -144.44911 
    -58.69865 -144.52719 
    -59.32439 -144.64232 
    -59.94630 -144.78712 
    -60.56419 -144.96069 
    -61.16353 -145.19315 
    -61.74124 -145.47665 
    -62.31099 -145.77969 
    -62.86097 -146.12051 
    -63.38782 -146.49866 
    -63.88811 -146.91324 
    -64.35847 -147.36287 
    -64.79569 -147.84563 
    -65.19692 -148.35905 
    -65.55974 -148.90027 
    -65.88224 -149.46597 
    -66.16315 -150.05266 
    -66.40176 -150.65668 
    -66.54600 -151.29129 
    -66.65725 -151.92673 
    -66.74485 -152.56026 
    -66.81190 -153.19226 
    -66.85966 -153.82387 
Cell 4 100 -38.15574 -151.72708 
    -48.24532 -151.72708 
    -48.06639 -152.35062 
    -47.92841 -152.96165 
    -47.81697 -153.57007 
    -47.72889 -154.18504 
    -47.65175 -154.81252 
    -47.57868 -155.45789 
    -47.48550 -156.11732 
    -47.34062 -156.77652 
    -47.11946 -157.41562 
    -46.81710 -158.01993 
    -46.32862 -158.48828 
    -45.82225 -158.92641 
    -45.29938 -159.33429 
    -44.76122 -159.71173 
    -44.20885 -160.05847 
    -43.64331 -160.37411 
    -43.09286 -160.70769 
    -42.53701 -161.03775 
    -41.95870 -161.33228 
    -41.36026 -161.58958 
    -40.74411 -161.80811 
    -40.11283 -161.98651 
    -39.46912 -162.12358 
    -38.81579 -162.21831 
    -38.15574 -162.26993 
    -37.49194 -162.27788 
    -36.82743 -162.24176 
    -36.16527 -162.16148 
    -35.50856 -162.03714 
    -34.86040 -161.86909 
    -34.22385 -161.65790 
    -33.60194 -161.40439 
    -32.99763 -161.10963 
    -32.41382 -160.77489 
    -31.85326 -160.40169 
    -31.31863 -159.99173 
    -30.81243 -159.54692 
    -30.33700 -159.06937 
    -29.89455 -158.56133 
    -29.48704 -158.02525 
    -29.11627 -157.46370 
    -28.78378 -156.87936 
    -28.49092 -156.27499 
    -28.23882 -155.65347 
    -28.02834 -155.01767 
    -27.86016 -154.37054 
    -27.73469 -153.71500 
    -27.65216 -153.05399 
    -27.61259 -152.39040 
    -27.61578 -151.72708 
    -27.66136 -151.06683 
    -27.74880 -150.41238 
    -27.87740 -149.76639 
    -28.04629 -149.13141 
    -28.25450 -148.50998 
    -28.50090 -147.90446 
    -28.78426 -147.31720 
    -29.10304 -146.75032 
    -29.45591 -146.20601 
    -29.84142 -145.68637 
    -30.25793 -145.19345 
    -30.70370 -144.72916 
    -31.15195 -144.26881 
    -31.60133 -143.80417 
    -32.07755 -143.36116 
    -32.57988 -142.94093 
    -33.12245 -142.57155 
    -33.69676 -142.25127 
    -34.31276 -142.02084 
    -34.94575 -141.84773 
    -35.57453 -141.67392 
    -36.20531 -141.50256 
    -36.84301 -141.33580 
    -37.49182 -141.17433 
    -38.15574 -141.01721 
    -38.83936 -140.86125 
    -39.54882 -140.69968 
    -40.28404 -140.57013 
    -41.01054 -140.60837 
    -41.75467 -140.65074 
    -42.52704 -140.68643 
    -43.27394 -140.85036 
    -44.00964 -141.07887 
    -44.73219 -141.36426 
    -45.43554 -141.70729 
    -46.11339 -142.10794 
    -46.75928 -142.56525 
    -47.36685 -143.07727 
    -47.92999 -143.64113 
    -48.44304 -144.25291 
    -48.90102 -144.90793 
    -49.29971 -145.60063 
    -49.63578 -146.32498 
    -49.79241 -147.11980 
    -49.70701 -147.97385 
    -49.42547 -148.83351 
    -49.06953 -149.64516 
    -48.74227 -150.38969 
    -48.46410 -151.07854 
Cell 5 100 -13.55001 -153.12177 
    -23.93077 -153.12177 
    -23.94097 -153.77551 
    -23.90833 -154.43033 
    -23.83266 -155.08328 
    -23.71398 -155.73143 
    -23.55256 -156.37178 
    -23.34886 -157.00140 
    -23.10359 -157.61734 
    -22.81766 -158.21669 
    -22.49221 -158.79666 
    -22.12859 -159.35446 
    -21.72834 -159.88747 
    -21.29325 -160.39316 
    -20.82525 -160.86911 
    -20.32647 -161.31310 
    -19.79918 -161.72301 
    -19.24586 -162.09697 
    -18.66905 -162.43324 
    -18.07146 -162.73032 
    -17.45588 -162.98686 
    -16.82523 -163.20183 
    -16.18242 -163.37430 
    -15.53046 -163.50363 
    -14.87239 -163.58946 
    -14.21124 -163.63156 
    -13.55001 -163.62996 
    -12.89173 -163.58496 
    -12.23932 -163.49698 
    -11.59568 -163.36678 
    -10.96359 -163.19521 
    -10.34578 -162.98340 
    -9.74482 -162.73259 
    -9.16318 -162.44426 
    -8.60321 -162.11996 
    -8.06709 -161.76147 
    -7.55684 -161.37067 
    -7.07434 -160.94951 
    -6.62131 -160.50008 
    -6.17102 -160.05110 
    -5.73055 -159.59059 
    -5.31687 -159.10349 
    -4.93167 -158.59113 
    -4.57663 -158.05492 
    -4.25352 -157.49637 
    -3.98355 -156.90939 
    -3.74473 -156.30769 
    -3.56626 -155.68517 
    -3.49796 -155.03931 
    -3.43801 -154.39920 
    -3.38991 -153.76099 
    -3.35603 -153.12177 
    -3.33746 -152.47925 
    -3.26845 -151.82291 
    -3.13077 -151.13419 
    -2.98494 -150.40912 
    -2.83343 -149.63974 
    -2.67191 -148.81482 
    -2.47362 -147.90961 
    -2.41884 -147.00235 
    -2.92293 -146.37761 
    -3.53926 -145.84853 
    -4.23631 -145.41679 
    -4.98010 -145.07408 
    -5.73958 -144.80450 
    -6.49070 -144.58852 
    -7.21829 -144.40689 
    -7.91596 -144.24393 
    -8.58194 -144.08487 
    -9.17294 -143.82002 
    -9.77700 -143.59222 
    -10.39178 -143.40170 
    -11.01503 -143.24864 
    -11.63023 -143.05791 
    -12.26120 -142.91974 
    -12.90032 -142.79518 
    -13.55001 -142.74800 
    -14.20447 -142.71941 
    -14.86772 -142.69107 
    -15.54361 -142.67096 
    -16.23507 -142.66417 
    -16.94569 -142.67094 
    -17.65804 -142.74606 
    -18.32807 -142.96788 
    -18.91504 -143.36282 
    -19.45100 -143.82330 
    -19.93631 -144.33179 
    -20.37548 -144.87119 
    -20.77547 -145.42744 
    -21.14369 -145.99083 
    -21.48637 -146.55624 
    -21.80746 -147.12238 
    -22.10837 -147.69048 
    -22.39834 -148.25735 
    -22.71963 -148.80687 
    -23.00692 -149.37752 
    -23.25848 -149.96730 
    -23.47270 -150.57405 
    -23.64816 -151.19543 
    -23.78365 -151.82896 
    -23.87812 -152.47197 
Cell 6 100 6.17277 -153.86134 
    -3.39748 -153.86134 
    -3.44431 -154.46640 
    -3.50265 -155.08363 
    -3.57657 -155.72113 
    -3.78893 -156.41907 
    -4.11978 -157.20560 
    -4.00855 -157.89241 
    -3.75465 -158.53282 
    -3.45747 -159.15561 
    -3.11800 -159.75745 
    -2.73776 -160.33522 
    -2.31863 -160.88603 
    -1.86266 -161.40710 
    -1.37212 -161.89583 
    -0.84951 -162.34981 
    -0.29747 -162.76686 
    0.28117 -163.14500 
    0.88344 -163.48259 
    1.50625 -163.77818 
    2.14649 -164.03056 
    2.80091 -164.23886 
    3.46626 -164.40247 
    4.13933 -164.52101 
    4.81686 -164.59444 
    5.49571 -164.62288 
    6.17277 -164.60677 
    6.84504 -164.54678 
    7.50963 -164.44374 
    8.16381 -164.29875 
    8.80493 -164.11296 
    9.43056 -163.88780 
    10.03836 -163.62473 
    10.62616 -163.32529 
    11.19196 -162.99123 
    11.73941 -162.63297 
    12.30829 -162.30617 
    12.86044 -161.94534 
    13.39335 -161.55049 
    13.90466 -161.12207 
    14.39184 -160.66075 
    14.85220 -160.16733 
    15.28295 -159.64284 
    15.68118 -159.08864 
    16.04394 -158.50636 
    16.36826 -157.89803 
    16.65129 -157.26602 
    16.88862 -156.61270 
    16.96462 -155.92000 
    17.00095 -155.22925 
    16.93049 -154.53816 
    16.81804 -153.86134 
    16.71567 -153.19804 
    16.61636 -152.54201 
    16.51646 -151.88818 
    16.41440 -151.23174 
    16.31040 -150.56743 
    16.20629 -149.88878 
    16.10707 -149.18661 
    15.85071 -148.54085 
    15.45514 -147.97057 
    15.02261 -147.43155 
    14.55648 -146.92574 
    14.06009 -146.45465 
    13.53679 -146.01945 
    12.98981 -145.62096 
    12.42225 -145.25967 
    11.83703 -144.93588 
    11.23691 -144.64970 
    10.62442 -144.40109 
    10.00195 -144.18994 
    9.37169 -144.01608 
    8.73571 -143.87935 
    8.09597 -143.77957 
    7.48392 -143.48248 
    6.84777 -143.13248 
    6.17277 -142.91199 
    5.47296 -142.73828 
    4.74458 -142.55612 
    3.98457 -142.39044 
    3.19359 -142.25821 
    2.37264 -142.16577 
    1.64224 -142.41853 
    1.07337 -143.02458 
    0.60051 -143.72545 
    0.15390 -144.37712 
    -0.40527 -144.80745 
    -0.91629 -145.29214 
    -1.37681 -145.82187 
    -1.78698 -146.38664 
    -2.14907 -146.97693 
    -2.45452 -147.59325 
    -2.56297 -148.31749 
    -2.70446 -148.98105 
    -2.83049 -149.62473 
    -2.95323 -150.24811 
    -3.07494 -150.85658 
    -3.19512 -151.45609 
    -3.29292 -152.05566 
    -3.34266 -152.65927 
    -3.36343 -153.26138 
Cell 7 100 26.11046 -151.21405 
    16.41163 -151.21405 
    16.50560 -151.81833 
    16.59709 -152.41586 
    16.68744 -153.01158 
    16.77924 -153.60989 
    16.87668 -154.21429 
    16.96091 -154.83661 
    16.98631 -155.50755 
    16.92702 -156.26268 
    17.15749 -156.89578 
    17.50458 -157.46658 
    17.89004 -158.01457 
    18.31235 -158.53697 
    18.76974 -159.03113 
    19.26027 -159.49451 
    19.78178 -159.92473 
    20.33191 -160.31958 
    20.90816 -160.67700 
    21.50782 -160.99516 
    22.12808 -161.27240 
    22.76597 -161.50734 
    23.41844 -161.69876 
    24.08236 -161.84575 
    24.75450 -161.94763 
    25.43162 -162.00392 
    26.11046 -162.01447 
    26.78775 -161.97929 
    27.46026 -161.89877 
    28.12477 -161.77345 
    28.77819 -161.60416 
    29.41745 -161.39192 
    30.03964 -161.13802 
    30.64194 -160.84393 
    31.22170 -160.51137 
    31.77642 -160.14217 
    32.30375 -159.73837 
    32.80156 -159.30219 
    33.26788 -158.83592 
    33.70099 -158.34203 
    34.09938 -157.82306 
    34.46917 -157.28700 
    34.87106 -156.77370 
    35.24575 -156.23622 
    35.51241 -155.63828 
    35.58563 -154.96553 
    35.67056 -154.32031 
    35.77221 -153.69478 
    35.88396 -153.07845 
    36.00249 -152.46371 
    36.12718 -151.84425 
    36.26011 -151.21405 
    36.40677 -150.56625 
    36.57747 -149.89177 
    36.79333 -149.17618 
    36.96204 -148.42784 
    36.81993 -147.73433 
    36.62740 -147.05009 
    36.38465 -146.37938 
    36.09211 -145.72659 
    35.75073 -145.09615 
    35.36204 -144.49239 
    34.92813 -143.91943 
    34.45162 -143.38118 
    33.93563 -142.88110 
    33.38398 -142.42189 
    32.87701 -141.90070 
    32.31206 -141.44189 
    31.69488 -141.05603 
    31.03412 -140.75075 
    30.33832 -140.53571 
    29.62040 -140.41159 
    28.89455 -140.37074 
    28.17508 -140.39095 
    27.47719 -140.39529 
    26.79100 -140.39714 
    26.11046 -140.27899 
    25.41615 -140.17821 
    24.70647 -140.10030 
    23.98081 -140.05003 
    23.23970 -140.03317 
    22.48386 -140.05251 
    21.75655 -140.21733 
    21.04996 -140.45993 
    20.37474 -140.78081 
    19.74061 -141.17677 
    19.15565 -141.64157 
    18.62569 -142.16652 
    18.15394 -142.74123 
    17.74093 -143.35454 
    17.38476 -143.99553 
    17.08166 -144.65425 
    16.82664 -145.32236 
    16.61420 -145.99344 
    16.43907 -146.66304 
    16.29668 -147.32851 
    16.18357 -147.98860 
    16.09743 -148.64314 
    16.12437 -149.30910 
    16.21788 -149.96432 
    16.31515 -150.59778 
Cell 8 100 45.36488 -154.10454 
    35.70563 -154.10454 
    35.61825 -154.71774 
    35.54431 -155.34515 
    35.49651 -155.98703 
    35.60050 -156.61160 
    35.77046 -157.22195 
    35.97953 -157.82047 
    36.22626 -158.40485 
    36.50969 -158.97272 
    36.82874 -159.52173 
    37.18216 -160.04964 
    37.56854 -160.55423 
    37.98635 -161.03343 
    38.43391 -161.48528 
    38.90941 -161.90787 
    39.41093 -162.29945 
    39.93642 -162.65843 
    40.48374 -162.98329 
    41.05066 -163.27271 
    41.63486 -163.52548 
    42.23394 -163.74059 
    42.84543 -163.91713 
    43.46684 -164.05443 
    44.09560 -164.15192 
    44.72915 -164.20921 
    45.36488 -164.22610 
    46.00019 -164.20261 
    46.63250 -164.13881 
    47.25922 -164.03503 
    47.87781 -163.89175 
    48.48575 -163.70959 
    49.08060 -163.48940 
    49.65998 -163.23209 
    50.22153 -162.93877 
    50.76305 -162.61070 
    51.28238 -162.24927 
    51.77747 -161.85602 
    52.24638 -161.43259 
    52.68730 -160.98074 
    53.09851 -160.50237 
    53.47846 -159.99940 
    53.82568 -159.47392 
    54.13890 -158.92810 
    54.41693 -158.36411 
    54.66307 -157.78595 
    54.87689 -157.19518 
    55.05321 -156.59209 
    55.17544 -155.97601 
    55.20952 -155.34821 
    55.17760 -154.72191 
    55.11924 -154.10454 
    55.04668 -153.49541 
    54.96176 -152.89217 
    54.86622 -152.29205 
    54.76777 -151.69028 
    54.67036 -151.08101 
    54.58088 -150.45567 
    54.42466 -149.84132 
    54.13970 -149.28055 
    53.82067 -148.73833 
    53.47414 -148.21281 
    53.09908 -147.70625 
    52.69785 -147.21841 
    52.27257 -146.74860 
    51.82473 -146.29591 
    51.35487 -145.86003 
    50.86238 -145.44186 
    50.34569 -145.04446 
    49.80275 -144.67358 
    49.33270 -144.08296 
    48.83868 -143.41327 
    48.13623 -143.31085 
    47.36128 -143.63904 
    46.69987 -143.53702 
    46.03172 -143.50546 
    45.36488 -143.36063 
    44.68713 -143.33199 
    44.03370 -143.56720 
    43.42469 -143.93372 
    42.81686 -144.18065 
    42.21949 -144.42404 
    41.63783 -144.69109 
    41.07170 -144.98106 
    40.52162 -145.29468 
    39.98886 -145.63329 
    39.47527 -145.99820 
    38.98308 -146.39027 
    38.51461 -146.80974 
    38.07100 -147.25513 
    37.65610 -147.72728 
    37.27172 -148.22452 
    36.91936 -148.74486 
    36.73742 -149.36156 
    36.55989 -149.96123 
    36.40872 -150.55855 
    36.27441 -151.15088 
    36.14950 -151.73842 
    36.03063 -152.32393 
    35.91627 -152.91090 
    35.80695 -153.50320 
Cell 9 100 65.32803 -153.78932 
    55.08170 -153.78932 
    55.14997 -154.42967 
    55.19531 -155.06938 
    55.18916 -155.72342 
    55.11431 -156.41176 
    55.29337 -157.04977 
    55.50083 -157.68018 
    55.74054 -158.30084 
    56.01549 -158.90894 
    56.32756 -159.50119 
    56.67746 -160.07433 
    57.06503 -160.62506 
    57.48929 -161.15039 
    57.94875 -161.64745 
    58.44157 -162.11362 
    58.96564 -162.54640 
    59.51859 -162.94353 
    60.09786 -163.30296 
    60.70070 -163.62289 
    61.32422 -163.90178 
    61.96544 -164.13829 
    62.62128 -164.33141 
    63.28859 -164.48041 
    63.96423 -164.58492 
    64.64505 -164.64484 
    65.32803 -164.66046 
    66.01022 -164.63237 
    66.68886 -164.56145 
    67.36143 -164.44884 
    68.02570 -164.29605 
    68.67970 -164.10469 
    69.32179 -163.87642 
    69.95071 -163.61304 
    70.56543 -163.31613 
    71.16521 -162.98726 
    71.74940 -162.62758 
    72.31738 -162.23799 
    72.86837 -161.81897 
    73.40129 -161.37062 
    73.91459 -160.89275 
    74.40604 -160.38489 
    74.87269 -159.84656 
    75.31075 -159.27737 
    75.62374 -158.63412 
    75.42274 -157.78610 
    75.31749 -157.03510 
    75.40215 -156.37592 
    75.50616 -155.73091 
    75.55342 -155.08109 
    75.45712 -154.42659 
    75.37266 -153.78932 
    75.28433 -153.16293 
    75.18912 -152.54358 
    75.08639 -151.92781 
    74.97604 -151.31213 
    74.85246 -150.69466 
    74.71513 -150.07269 
    74.56684 -149.44186 
    74.40871 -148.79718 
    74.23961 -148.13387 
    74.06850 -147.43900 
    73.91228 -146.68782 
    73.69622 -145.93106 
    73.23212 -145.37231 
    72.72253 -144.85091 
    72.17006 -144.37207 
    71.57825 -143.94055 
    70.95137 -143.56049 
    70.29441 -143.23523 
    69.61283 -142.96715 
    68.91243 -142.75766 
    68.18684 -142.65498 
    67.44575 -142.68784 
    66.72441 -142.73582 
    66.02044 -142.78369 
    65.32803 -142.83501 
    64.64226 -142.88937 
    63.95787 -142.94347 
    63.28551 -143.08211 
    62.63847 -143.31419 
    62.01395 -143.58965 
    61.41343 -143.90218 
    60.83645 -144.24425 
    60.28367 -144.61368 
    59.75560 -145.00859 
    59.25278 -145.42747 
    58.77578 -145.86902 
    58.32528 -146.33215 
    57.79288 -146.71335 
    57.24698 -147.10410 
    56.69706 -147.51855 
    56.15313 -147.96675 
    55.63351 -148.45972 
    55.16319 -149.00612 
    54.76950 -149.60890 
    54.53701 -150.28311 
    54.66618 -151.05183 
    54.78205 -151.77756 
    54.89475 -152.47128 
    54.99656 -153.13931 
Cell 10 100 85.59207 -150.59375 
    74.83018 -150.59375 
    74.96606 -151.26228 
    75.08518 -151.92108 
    75.19429 -152.57722 
    75.29486 -153.23763 
    75.38853 -153.90907 
    75.48213 -154.59656 
    75.68729 -155.25459 
    76.16227 -155.77783 
    76.63638 -156.27721 
    77.11055 -156.75594 
    77.58750 -157.21571 
    78.07074 -157.65675 
    78.56387 -158.07802 
    79.07000 -158.47758 
    79.59143 -158.85292 
    80.12953 -159.20132 
    80.68477 -159.52010 
    81.25676 -159.80675 
    81.84447 -160.05908 
    82.44635 -160.27528 
    83.06043 -160.45384 
    83.68450 -160.59358 
    84.31615 -160.69363 
    84.95288 -160.75343 
    85.59207 -160.77258 
    86.23111 -160.75096 
    86.86770 -160.69141 
    87.49973 -160.59402 
    88.12473 -160.45778 
    88.74043 -160.28339 
    89.34467 -160.07172 
    89.93541 -159.82381 
    90.51073 -159.54077 
    91.06889 -159.22383 
    91.60822 -158.87427 
    92.12724 -158.49342 
    92.62460 -158.08264 
    93.09904 -157.64326 
    93.54939 -157.17662 
    93.97459 -156.68401 
    94.37357 -156.16666 
    94.74529 -155.62578 
    95.08865 -155.06250 
    95.40248 -154.47797 
    95.68553 -153.87331 
    95.93638 -153.24971 
    96.15348 -152.60844 
    96.33513 -151.95091 
    96.47943 -151.27873 
    96.58445 -150.59375 
    96.64814 -149.89816 
    96.66838 -149.19449 
    96.64314 -148.48564 
    96.57053 -147.77496 
    96.44890 -147.06615 
    96.27689 -146.36333 
    96.05361 -145.67093 
    95.77865 -144.99364 
    95.45219 -144.33632 
    95.07507 -143.70395 
    94.64880 -143.10138 
    94.17554 -142.53333 
    93.65817 -142.00423 
    93.10014 -141.51805 
    92.50545 -141.07831 
    91.87856 -140.68784 
    91.22425 -140.34886 
    90.54753 -140.06287 
    89.85348 -139.83067 
    89.14715 -139.65234 
    88.43343 -139.52739 
    87.71696 -139.45465 
    87.00206 -139.43254 
    86.29260 -139.45908 
    85.59207 -139.53197 
    84.90347 -139.64876 
    84.22938 -139.80692 
    83.57195 -140.00386 
    82.93295 -140.23715 
    82.31386 -140.50446 
    81.71587 -140.80360 
    81.14001 -141.13263 
    80.58711 -141.48976 
    80.05800 -141.87344 
    79.50922 -142.22142 
    78.88844 -142.49045 
    78.25546 -142.78105 
    77.61013 -143.09821 
    76.95528 -143.44878 
    76.29765 -143.84096 
    75.64825 -144.28320 
    75.02224 -144.78294 
    74.43825 -145.34517 
    73.93245 -145.97739 
    73.93702 -146.80679 
    74.12003 -147.64822 
    74.31847 -148.44319 
    74.50586 -149.19324 
    74.67618 -149.90697 
Cell 11 100 107.10635 -153.18837 
    96.94090 -153.18837 
    96.95120 -153.82727 
    97.00264 -154.46477 
    97.09497 -155.09814 
    97.22784 -155.72475 
    97.40067 -156.34193 
    97.61279 -156.94713 
    97.86338 -157.53778 
    98.15142 -158.11137 
    98.47575 -158.66551 
    98.83503 -159.19783 
    99.22778 -159.70609 
    99.65234 -160.18814 
    100.10696 -160.64197 
    100.58969 -161.06564 
    101.09853 -161.45743 
    101.63129 -161.81567 
    102.18574 -162.13892 
    102.75952 -162.42584 
    103.35020 -162.67531 
    103.95529 -162.88631 
    104.57224 -163.05804 
    105.19846 -163.18988 
    105.83131 -163.28136 
    106.46815 -163.33221 
    107.10635 -163.34235 
    107.74326 -163.31187 
    108.37630 -163.24106 
    109.00289 -163.13040 
    109.62057 -162.98061 
    110.22694 -162.79257 
    110.81980 -162.56749 
    111.39711 -162.30670 
    111.95712 -162.01190 
    112.49842 -161.68492 
    113.02005 -161.32788 
    113.52151 -160.94298 
    114.00291 -160.53247 
    114.46485 -160.09846 
    114.90838 -159.64278 
    115.33480 -159.16669 
    115.74535 -158.67085 
    116.14072 -158.15506 
    116.52066 -157.61841 
    116.88337 -157.05937 
    117.22518 -156.47618 
    117.54032 -155.86736 
    117.82103 -155.23230 
    118.05795 -154.57188 
    118.24097 -153.88890 
    118.36019 -153.18837 
    118.40713 -152.47739 
    118.37579 -151.76471 
    118.26345 -151.06004 
    118.39286 -150.29048 
    118.57950 -149.46051 
    118.22116 -148.78770 
    117.42697 -148.33185 
    116.63809 -147.94824 
    116.16430 -147.44002 
    115.66508 -146.97008 
    115.14849 -146.53532 
    114.62041 -146.13220 
    114.08454 -145.75734 
    113.54272 -145.40814 
    113.01733 -145.05260 
    112.50088 -144.68796 
    111.96555 -144.34950 
    111.41327 -144.03571 
    110.84504 -143.74551 
    110.26090 -143.47964 
    109.66022 -143.24167 
    109.04252 -143.03860 
    108.40855 -142.88031 
    107.76134 -142.77751 
    107.10635 -142.73895 
    106.45080 -142.76878 
    105.77974 -142.68721 
    105.07801 -142.55548 
    104.33768 -142.40512 
    103.57854 -142.33089 
    102.83813 -142.40808 
    102.15206 -142.65999 
    101.62716 -143.22177 
    101.20409 -143.88789 
    100.84016 -144.56372 
    100.49094 -145.19171 
    100.13049 -145.75984 
    99.75549 -146.28546 
    99.37642 -146.79361 
    98.97888 -147.28342 
    98.61255 -147.79803 
    98.27902 -148.33551 
    97.97979 -148.89374 
    97.71619 -149.47055 
    97.48950 -150.06367 
    97.30109 -150.67081 
    97.15194 -151.28946 
    97.04203 -151.91695 
    96.97140 -152.55074 
Cell 12 100 -115.76125 -133.65762 
    -127.25854 -133.65762 
    -127.30487 -134.38388 
    -127.29430 -135.11459 
    -127.22665 -135.84476 
    -127.10243 -136.56955 
    -126.92277 -137.28421 
    -126.68931 -137.98434 
    -126.40421 -138.66582 
    -126.07000 -139.32491 
    -125.68952 -139.95830 
    -125.26582 -140.56310 
    -124.80203 -141.13681 
    -124.30139 -141.67735 
    -123.76711 -142.18300 
    -123.20229 -142.65230 
    -122.60993 -143.08401 
    -121.99297 -143.47723 
    -121.27877 -143.69394 
    -120.15299 -142.99054 
    -119.36816 -142.76764 
    -118.75073 -142.85829 
    -118.13517 -142.90343 
    -117.52949 -142.92702 
    -116.93465 -142.94603 
    -116.34721 -142.97118 
    -115.76125 -143.00624 
    -115.17395 -142.99252 
    -114.58656 -142.95633 
    -113.99648 -142.90892 
    -113.40208 -142.84601 
    -112.80428 -142.75824 
    -112.20651 -142.63588 
    -111.61143 -142.47646 
    -111.01579 -142.28958 
    -110.34602 -142.19067 
    -109.51389 -142.25638 
    -108.50968 -142.42326 
    -107.99193 -141.93112 
    -107.50997 -141.40610 
    -107.06621 -140.85080 
    -106.66270 -140.26811 
    -106.30125 -139.66113 
    -105.98350 -139.03299 
    -105.71066 -138.38707 
    -105.48374 -137.72678 
    -105.30344 -137.05557 
    -105.16342 -136.37868 
    -105.05555 -135.69984 
    -104.96024 -135.02211 
    -104.90211 -134.34082 
    -104.85577 -133.65762 
    -104.85537 -132.97148 
    -104.42141 -132.22507 
    -104.08321 -131.42992 
    -103.99913 -130.63762 
    -104.26170 -129.92119 
    -104.83238 -129.33058 
    -105.56745 -128.86078 
    -106.30878 -128.46109 
    -106.91670 -128.04471 
    -107.18024 -127.42316 
    -107.47702 -126.80431 
    -107.81303 -126.19375 
    -108.19458 -125.59993 
    -108.62712 -125.03394 
    -109.11413 -124.50864 
    -109.65604 -124.03735 
    -110.24973 -123.63219 
    -110.91236 -123.35321 
    -111.61607 -123.18808 
    -112.32205 -123.07285 
    -113.01811 -122.97380 
    -113.71124 -122.91107 
    -114.40095 -122.88969 
    -115.08422 -122.89648 
    -115.76125 -123.02456 
    -116.42053 -123.17873 
    -117.06260 -123.35640 
    -117.68859 -123.55415 
    -118.29973 -123.77093 
    -118.89681 -124.00738 
    -119.47997 -124.26522 
    -120.04858 -124.54660 
    -120.60134 -124.85354 
    -121.13647 -125.18764 
    -121.65186 -125.54991 
    -122.14527 -125.94067 
    -122.61589 -126.35818 
    -123.11287 -126.75400 
    -123.63272 -127.14578 
    -124.13413 -127.57437 
    -124.61330 -128.03995 
    -125.06611 -128.54224 
    -125.48841 -129.08037 
    -125.87595 -129.65294 
    -126.22458 -130.25789 
    -126.53035 -130.89259 
    -126.78958 -131.55386 
    -126.99907 -132.23796 
    -127.15611 -132.94072 
Cell 13 100 -92.95039 -131.02505 
    -103.07986 -131.02505 
    -103.07424 -131.66199 
    -103.02809 -132.29817 
    -102.94141 -132.93094 
    -102.81438 -133.55769 
    -102.64737 -134.17580 
    -102.44093 -134.78262 
    -102.19580 -135.37561 
    -101.91288 -135.95222 
    -101.59327 -136.50999 
    -101.23822 -137.04652 
    -100.84916 -137.55949 
    -100.42765 -138.04668 
    -99.97544 -138.50598 
    -99.49441 -138.93542 
    -98.98656 -139.33313 
    -98.45403 -139.69740 
    -97.89907 -140.02667 
    -97.32403 -140.31952 
    -96.73136 -140.57471 
    -96.12359 -140.79117 
    -95.50327 -140.96785 
    -94.87302 -141.10385 
    -94.23571 -141.19945 
    -93.59395 -141.25415 
    -92.95039 -141.26741 
    -92.30777 -141.23921 
    -91.66880 -141.16983 
    -91.03617 -141.05971 
    -90.41251 -140.90945 
    -89.80036 -140.71983 
    -89.20223 -140.49181 
    -88.62053 -140.22647 
    -88.05754 -139.92511 
    -87.51546 -139.58914 
    -86.99312 -139.22453 
    -86.46870 -138.86008 
    -85.96465 -138.46411 
    -85.48289 -138.03751 
    -85.02540 -137.58118 
    -84.59425 -137.09615 
    -84.19162 -136.58354 
    -83.81976 -136.04466 
    -83.48096 -135.48102 
    -83.17762 -134.89436 
    -82.91206 -134.28671 
    -82.68656 -133.66035 
    -82.51587 -133.01553 
    -82.39929 -132.35797 
    -82.31609 -131.69411 
    -82.25572 -131.02505 
    -82.22500 -130.35027 
    -82.27759 -129.67677 
    -82.37724 -129.00812 
    -82.52494 -128.34825 
    -82.71992 -127.70097 
    -82.96079 -127.06989 
    -83.24573 -126.45839 
    -83.50266 -125.83112 
    -83.76668 -125.19689 
    -84.07150 -124.57417 
    -84.41817 -123.96659 
    -84.80743 -123.37831 
    -85.23959 -122.81390 
    -85.71442 -122.27827 
    -86.23096 -121.77657 
    -86.78753 -121.31394 
    -87.38158 -120.89543 
    -88.00977 -120.52570 
    -88.66795 -120.20888 
    -89.35136 -119.94837 
    -90.05460 -119.74672 
    -90.77199 -119.60548 
    -91.49762 -119.52521 
    -92.22563 -119.50542 
    -92.95039 -119.54468 
    -93.66663 -119.64070 
    -94.36964 -119.79051 
    -95.05532 -119.99059 
    -95.72027 -120.23708 
    -96.36175 -120.52597 
    -96.97768 -120.85328 
    -97.56657 -121.21518 
    -98.12740 -121.60812 
    -98.65953 -122.02888 
    -99.16259 -122.47469 
    -99.63634 -122.94312 
    -100.08062 -123.43213 
    -100.49521 -123.93999 
    -100.87983 -124.46525 
    -101.23407 -125.00661 
    -101.62255 -125.52154 
    -101.97781 -126.06219 
    -102.26949 -126.63982 
    -102.49268 -127.24699 
    -102.65361 -127.87229 
    -102.76588 -128.50487 
    -102.85632 -129.13539 
    -102.97030 -129.75925 
    -103.04513 -130.38995 
Cell 14 100 -72.31015 -133.85875 
    -82.65125 -133.85875 
    -82.65648 -134.50969 
    -82.60211 -135.15892 
    -82.50183 -135.80292 
    -82.35970 -136.43904 
    -82.17635 -137.06447 
    -81.95399 -137.67702 
    -81.69315 -138.27405 
    -81.39466 -138.85300 
    -81.05962 -139.41133 
    -80.68935 -139.94659 
    -80.28544 -140.45648 
    -79.84966 -140.93883 
    -79.38393 -141.39156 
    -78.81377 -141.72028 
    -78.16942 -141.92334 
    -77.57144 -142.14922 
    -77.00211 -142.39339 
    -76.43288 -142.61998 
    -75.86092 -142.82698 
    -75.28613 -143.01788 
    -74.70708 -143.19421 
    -74.12121 -143.35263 
    -73.52863 -143.50403 
    -72.92701 -143.66341 
    -72.31015 -143.85304 
    -71.67061 -144.02394 
    -71.00573 -144.18430 
    -70.34371 -144.16718 
    -69.68393 -144.08720 
    -69.02421 -143.97183 
    -68.36596 -143.82063 
    -67.71071 -143.63306 
    -67.06017 -143.40843 
    -66.41628 -143.14601 
    -65.78127 -142.84499 
    -65.15769 -142.50458 
    -64.54847 -142.12410 
    -63.95686 -141.70302 
    -63.38652 -141.24103 
    -62.84142 -140.73819 
    -62.32584 -140.19499 
    -61.84426 -139.61241 
    -61.40145 -138.99199 
    -61.01115 -138.33234 
    -60.82127 -137.59172 
    -61.03940 -136.75258 
    -61.24036 -135.97043 
    -61.58849 -135.21321 
    -61.86103 -134.51614 
    -62.08007 -133.85875 
    -62.27141 -133.22717 
    -62.45019 -132.61314 
    -62.62535 -132.01128 
    -62.80212 -131.41751 
    -62.98270 -130.82808 
    -63.17393 -130.24146 
    -63.39475 -129.66348 
    -63.62540 -129.08427 
    -63.86466 -128.49908 
    -64.11021 -127.90115 
    -64.35862 -127.28067 
    -64.60468 -126.62283 
    -64.83945 -125.90327 
    -65.04499 -125.07668 
    -65.57307 -124.58595 
    -66.14707 -124.14729 
    -66.79243 -123.82207 
    -67.49019 -123.61581 
    -68.21432 -123.51386 
    -68.94115 -123.49005 
    -69.62842 -123.41410 
    -70.30676 -123.35659 
    -70.98072 -123.33524 
    -71.64894 -123.34909 
    -72.31015 -123.39736 
    -72.96317 -123.47941 
    -73.60680 -123.59471 
    -74.23986 -123.74285 
    -74.86109 -123.92348 
    -75.48633 -124.08349 
    -76.12195 -124.23124 
    -76.75495 -124.41306 
    -77.38214 -124.63284 
    -77.99869 -124.89504 
    -78.59816 -125.20405 
    -79.17276 -125.56328 
    -79.71404 -125.97442 
    -80.21368 -126.43684 
    -80.66457 -126.94736 
    -81.06155 -127.50048 
    -81.40202 -128.08887 
    -81.68608 -128.70428 
    -81.91624 -129.33847 
    -82.09972 -129.98279 
    -82.23787 -130.63304 
    -82.28043 -131.29881 
    -82.34741 -131.94405 
    -82.43852 -132.57924 
    -82.56448 -133.21361 
Cell 15 100 -54.56483 -128.89833 
    -63.70143 -128.89833 
    -63.47619 -129.45898 
    -63.26707 -129.99768 
    -63.08212 -130.52309 
    -62.91693 -131.04279 
    -62.75943 -131.56091 
    -62.60488 -132.08160 
    -62.45128 -132.60941 
    -62.29453 -133.14777 
    -62.12863 -133.69846 
    -61.94602 -134.26108 
    -61.73751 -134.83208 
    -61.49833 -135.40932 
    -61.23298 -135.99918 
    -61.04486 -136.73134 
    -60.83615 -137.53004 
    -60.28808 -137.91672 
    -59.71578 -138.26787 
    -59.12148 -138.58168 
    -58.50756 -138.85651 
    -57.87658 -139.09085 
    -57.23127 -139.28340 
    -56.57446 -139.43314 
    -55.90909 -139.53918 
    -55.23819 -139.60092 
    -54.56483 -139.61801 
    -53.89215 -139.59033 
    -53.22326 -139.51802 
    -52.56126 -139.40147 
    -51.90921 -139.24129 
    -51.27014 -139.03836 
    -50.64695 -138.79378 
    -50.04248 -138.50883 
    -49.45942 -138.18504 
    -48.90034 -137.82416 
    -48.36765 -137.42802 
    -47.86362 -136.99870 
    -47.39033 -136.53841 
    -46.94965 -136.04945 
    -46.53303 -135.54282 
    -46.07982 -135.06305 
    -45.65368 -134.55351 
    -45.33293 -133.97360 
    -45.24515 -133.28384 
    -45.13093 -132.63347 
    -45.00564 -132.00430 
    -44.87902 -131.38522 
    -44.75700 -130.76927 
    -44.64277 -130.15178 
    -44.53613 -129.52928 
    -44.43005 -128.89833 
    -44.32211 -128.25391 
    -44.20208 -127.58921 
    -44.04678 -126.89191 
    -43.97191 -126.17853 
    -44.19876 -125.53019 
    -44.47363 -124.90294 
    -44.79214 -124.29965 
    -45.15071 -123.72288 
    -45.54567 -123.17460 
    -45.52567 -122.33099 
    -45.05280 -121.02929 
    -46.48660 -121.31236 
    -47.41986 -121.28970 
    -47.94677 -120.89846 
    -48.45417 -120.48772 
    -48.94112 -120.03677 
    -49.45319 -119.60027 
    -49.99124 -119.17896 
    -50.55643 -118.77425 
    -51.14999 -118.38853 
    -51.77309 -118.02522 
    -52.42650 -117.68880 
    -53.11035 -117.38487 
    -53.82380 -117.11993 
    -54.56483 -116.90116 
    -55.33002 -116.73609 
    -56.11441 -116.63219 
    -56.91156 -116.59634 
    -57.71367 -116.63442 
    -58.51180 -116.75082 
    -59.29628 -116.94806 
    -60.05716 -117.22655 
    -60.78470 -117.58445 
    -61.46988 -118.01773 
    -62.10486 -118.52038 
    -62.68340 -119.08467 
    -63.20105 -119.70170 
    -63.65533 -120.36179 
    -64.04567 -121.05510 
    -64.37328 -121.77208 
    -64.64085 -122.50389 
    -64.85221 -123.24280 
    -65.01190 -123.98232 
    -65.11665 -124.72057 
    -64.93233 -125.52972 
    -64.71233 -126.29289 
    -64.45956 -127.01082 
    -64.19820 -127.68135 
    -63.94300 -128.30830 
Cell 16 100 -34.78034 -132.25723 
    -45.05601 -132.25723 
    -45.17976 -132.91150 
    -45.28336 -133.58406 
    -45.30590 -134.26509 
    -45.17624 -134.92645 
    -45.09862 -135.60985 
    -45.03732 -136.31825 
    -44.81597 -136.97964 
    -44.55159 -137.62903 
    -44.24491 -138.26363 
    -43.89660 -138.88058 
    -43.50738 -139.47687 
    -43.07814 -140.04939 
    -42.60998 -140.59496 
    -41.72254 -140.64891 
    -40.84132 -140.59946 
    -40.07882 -140.60629 
    -39.43577 -140.72542 
    -38.83008 -140.86337 
    -38.24097 -140.99777 
    -37.66441 -141.13348 
    -37.09521 -141.27304 
    -36.52789 -141.41821 
    -35.95683 -141.57007 
    -35.37624 -141.72873 
    -34.78034 -141.89297 
    -34.16253 -142.07704 
    -33.50424 -142.35863 
    -32.76706 -142.81125 
    -31.97334 -143.18977 
    -31.19565 -143.28979 
    -30.52729 -142.99922 
    -29.88377 -142.66296 
    -29.26843 -142.28337 
    -28.68433 -141.86302 
    -28.13427 -141.40477 
    -27.62079 -140.91164 
    -27.14614 -140.38684 
    -26.71219 -139.83372 
    -26.32055 -139.25578 
    -25.97250 -138.65649 
    -25.66897 -138.03949 
    -25.41057 -137.40831 
    -25.19760 -136.76653 
    -25.15720 -136.06731 
    -25.18633 -135.37451 
    -25.14528 -134.73109 
    -25.04913 -134.11357 
    -24.97032 -133.49652 
    -24.91847 -132.87769 
    -24.89349 -132.25723 
    -24.89008 -131.63499 
    -24.90980 -131.01030 
    -24.94784 -130.38159 
    -25.01391 -129.74963 
    -25.15362 -129.12932 
    -25.32026 -128.51172 
    -25.51207 -127.89592 
    -25.72803 -127.28069 
    -25.96817 -126.66486 
    -26.23387 -126.04786 
    -26.52797 -125.43027 
    -26.85466 -124.81452 
    -27.21908 -124.20531 
    -27.62670 -123.60996 
    -28.08244 -123.03836 
    -28.58977 -122.50245 
    -29.14983 -122.01537 
    -29.76082 -121.59021 
    -30.41779 -121.23869 
    -31.11283 -120.96979 
    -31.83574 -120.78876 
    -32.57502 -120.69652 
    -33.31902 -120.68965 
    -34.05706 -120.76099 
    -34.78034 -120.90059 
    -35.48248 -121.09704 
    -36.15966 -121.33878 
    -36.81041 -121.61526 
    -37.43505 -121.91782 
    -38.03509 -122.24016 
    -38.61248 -122.57835 
    -39.16908 -122.93069 
    -39.71072 -123.28892 
    -40.29524 -123.56715 
    -40.86909 -123.87679 
    -41.43060 -124.21844 
    -41.97746 -124.59308 
    -42.50661 -125.00179 
    -43.01414 -125.44564 
    -43.49536 -125.92540 
    -43.94486 -126.44125 
    -44.10056 -127.13339 
    -44.24111 -127.80534 
    -44.35753 -128.46536 
    -44.46568 -129.11029 
    -44.57273 -129.74298 
    -44.68281 -130.36823 
    -44.80099 -130.99132 
    -44.92681 -131.61887 
Cell 17 100 -14.95061 -133.08904 
    -24.93618 -133.08904 
    -24.99902 -133.72122 
    -25.08903 -134.36981 
    -25.16483 -135.03751 
    -25.17208 -135.71346 
    -25.16021 -136.40633 
    -24.93217 -137.04102 
    -24.66284 -137.65927 
    -24.35383 -138.25850 
    -24.00684 -138.83629 
    -23.62366 -139.39038 
    -23.20618 -139.91864 
    -22.75636 -140.41911 
    -22.27616 -140.88995 
    -21.76766 -141.32944 
    -21.23294 -141.73592 
    -20.67415 -142.10789 
    -20.09353 -142.44397 
    -19.49332 -142.74278 
    -18.87068 -142.99001 
    -18.14023 -142.90570 
    -17.42377 -142.72136 
    -16.77815 -142.66934 
    -16.16032 -142.66490 
    -15.55345 -142.67087 
    -14.95061 -142.68860 
    -14.34509 -142.71339 
    -13.73140 -142.74008 
    -13.10185 -142.78055 
    -12.43522 -142.88582 
    -11.71775 -143.03874 
    -11.07173 -142.88596 
    -10.47213 -142.60628 
    -9.89309 -142.28864 
    -9.33704 -141.93460 
    -8.80639 -141.54584 
    -8.30332 -141.12424 
    -7.82986 -140.67186 
    -7.38788 -140.19090 
    -6.97913 -139.68361 
    -6.60515 -139.15237 
    -6.26725 -138.59966 
    -5.96657 -138.02805 
    -5.70406 -137.44012 
    -5.48043 -136.83855 
    -5.29623 -136.22594 
    -5.15180 -135.60493 
    -5.04725 -134.97820 
    -4.94299 -134.35329 
    -4.86238 -133.72374 
    -4.81699 -133.08904 
    -4.80684 -132.45084 
    -4.83205 -131.81076 
    -4.89286 -131.17041 
    -4.98968 -130.53151 
    -5.12308 -129.89587 
    -5.29379 -129.26563 
    -5.50265 -128.64316 
    -5.75049 -128.03123 
    -6.03810 -127.43298 
    -6.36604 -126.85198 
    -6.73452 -126.29210 
    -7.14332 -125.75750 
    -7.59159 -125.25248 
    -8.07786 -124.78130 
    -8.59992 -124.34805 
    -9.15488 -123.95644 
    -9.73925 -123.60961 
    -10.34897 -123.31007 
    -10.84777 -122.72644 
    -11.14692 -121.38249 
    -11.95721 -121.43052 
    -12.83844 -122.01666 
    -13.54304 -121.94696 
    -14.25318 -122.00369 
    -14.95061 -122.16225 
    -15.62385 -122.38818 
    -16.26963 -122.64794 
    -16.89097 -122.91732 
    -17.50741 -123.13097 
    -18.11287 -123.35658 
    -18.70190 -123.61436 
    -19.27324 -123.90298 
    -19.82564 -124.22139 
    -20.35783 -124.56862 
    -20.86846 -124.94382 
    -21.36000 -125.34142 
    -21.87443 -125.71591 
    -22.36702 -126.12457 
    -22.83499 -126.56651 
    -23.27554 -127.04062 
    -23.68588 -127.54546 
    -24.06334 -128.07927 
    -24.40532 -128.63998 
    -24.70943 -129.22525 
    -24.97351 -129.83240 
    -24.93920 -130.52440 
    -24.90412 -131.19029 
    -24.89116 -131.83325 
    -24.90178 -132.46297 
Cell 18 100 6.19349 -132.99788 
    -3.91343 -132.99788 
    -3.88053 -133.63168 
    -3.80955 -134.26155 
    -3.71250 -134.88754 
    -3.58042 -135.50739 
    -3.40922 -136.11798 
    -3.19955 -136.71684 
    -2.95218 -137.30150 
    -2.66807 -137.86957 
    -2.34833 -138.41869 
    -1.99423 -138.94659 
    -1.60716 -139.45113 
    -1.18868 -139.93019 
    -0.74048 -140.38181 
    -0.26437 -140.80409 
    0.23770 -141.19531 
    0.76369 -141.55386 
    1.31145 -141.87827 
    1.88034 -142.16377 
    2.55551 -142.18637 
    3.18494 -142.25723 
    3.79023 -142.35796 
    4.38510 -142.47775 
    4.97861 -142.61465 
    5.57902 -142.76460 
    6.19349 -142.91876 
    6.82770 -143.07840 
    7.46169 -143.03674 
    8.08953 -142.93730 
    8.71014 -142.79961 
    9.32159 -142.62517 
    9.92210 -142.41527 
    10.51019 -142.17133 
    11.08468 -141.89493 
    11.64471 -141.58763 
    12.18974 -141.25101 
    12.71951 -140.88649 
    13.23399 -140.49525 
    13.73325 -140.07819 
    14.21731 -139.63576 
    14.68595 -139.16801 
    15.13853 -138.67458 
    15.57374 -138.15472 
    15.98943 -137.60750 
    16.38217 -137.03186 
    16.71918 -136.41789 
    16.54487 -135.65567 
    16.33898 -134.93323 
    16.19604 -134.26149 
    16.09072 -133.62056 
    16.01846 -132.99788 
    15.94133 -132.38460 
    15.85401 -131.77748 
    15.75441 -131.17404 
    15.64462 -130.57124 
    15.52083 -129.96724 
    15.38479 -129.35878 
    15.26557 -128.72888 
    15.15459 -128.07147 
    15.06723 -127.36643 
    15.03410 -126.57479 
    14.98517 -125.72476 
    14.40006 -125.29140 
    13.79377 -124.90440 
    13.17278 -124.56136 
    12.54241 -124.25933 
    11.90674 -123.99523 
    11.26916 -123.76526 
    10.65961 -123.50688 
    10.03947 -123.28403 
    9.40923 -123.10084 
    8.77150 -122.95718 
    8.12876 -122.85284 
    7.48336 -122.78751 
    6.83798 -122.75396 
    6.19349 -122.70216 
    5.54509 -122.69185 
    4.89562 -122.72418 
    4.24816 -122.80010 
    3.60599 -122.92024 
    2.97256 -123.08490 
    2.35142 -123.29392 
    1.74611 -123.54672 
    1.16010 -123.84219 
    0.59670 -124.17876 
    0.05896 -124.55443 
    -0.45040 -124.96680 
    -0.92903 -125.41316 
    -1.37498 -125.89062 
    -1.78668 -126.39611 
    -2.16297 -126.92656 
    -2.50300 -127.47892 
    -2.80622 -128.05025 
    -3.07230 -128.63773 
    -3.30106 -129.23872 
    -3.49956 -129.84842 
    -3.65984 -130.46797 
    -3.78132 -131.09508 
    -3.86400 -131.72733 
    -3.90799 -132.36235 
Cell 19 100 25.44030 -130.00647 
    15.52888 -130.00647 
    15.65390 -130.62218 
    15.76347 -131.22894 
    15.86208 -131.83362 
    15.94873 -132.44350 
    16.02628 -133.06526 
    16.10424 -133.70288 
    16.21442 -134.34784 
    16.35789 -134.99957 
    16.54391 -135.65230 
    16.82652 -136.26476 
    17.28367 -136.75423 
    17.76608 -137.21304 
    18.26445 -137.64798 
    18.74505 -138.09964 
    19.25521 -138.51953 
    19.79279 -138.90553 
    20.35547 -139.25575 
    20.94139 -139.56714 
    21.54990 -139.83252 
    22.18332 -140.03043 
    22.86341 -140.04280 
    23.52636 -140.03969 
    24.16985 -140.06313 
    24.80457 -140.11107 
    25.44030 -140.18172 
    26.08638 -140.27550 
    26.75210 -140.39038 
    27.41112 -140.33784 
    28.06171 -140.21617 
    28.69778 -140.03197 
    29.31645 -139.79649 
    29.91632 -139.51849 
    30.49542 -139.20169 
    31.05103 -138.84756 
    31.58112 -138.45859 
    32.08350 -138.03671 
    32.55616 -137.58409 
    32.99728 -137.10295 
    33.40528 -136.59567 
    33.77878 -136.06473 
    34.11673 -135.51270 
    34.41832 -134.94218 
    34.68310 -134.35580 
    34.91093 -133.75616 
    35.10209 -133.14577 
    35.25714 -132.52701 
    35.37703 -131.90201 
    35.46294 -131.27263 
    35.51622 -130.64040 
    35.53822 -130.00647 
    35.53014 -129.37167 
    35.49279 -128.73654 
    35.42640 -128.10152 
    35.33052 -127.46709 
    35.20380 -126.83411 
    35.04414 -126.20404 
    34.84872 -125.57920 
    34.61435 -124.96300 
    34.37745 -124.33479 
    34.15256 -123.67664 
    33.89925 -123.00862 
    33.61045 -122.33419 
    33.27812 -121.66004 
    32.89410 -120.99637 
    32.45137 -120.35658 
    31.94511 -119.75654 
    31.37383 -119.21342 
    30.73998 -118.74409 
    30.05015 -118.36333 
    29.31468 -118.08237 
    28.54679 -117.90748 
    27.76129 -117.83945 
    26.97305 -117.87350 
    26.19568 -118.00004 
    25.44030 -118.20583 
    24.71485 -118.47565 
    24.02382 -118.79387 
    23.36856 -119.14603 
    22.74783 -119.51999 
    22.15865 -119.90658 
    21.59700 -120.29941 
    20.96846 -120.50332 
    20.34837 -120.74428 
    19.73981 -121.02394 
    19.14563 -121.34261 
    18.56893 -121.70040 
    18.01303 -122.09723 
    17.48148 -122.53264 
    16.97797 -123.00581 
    16.50626 -123.51551 
    16.07011 -124.05997 
    15.67319 -124.63696 
    15.31892 -125.24371 
    15.01294 -125.87798 
    15.03625 -126.62598 
    15.06624 -127.34286 
    15.15115 -128.04372 
    15.26423 -128.72093 
    15.38821 -129.37404 
Cell 20 100 47.30094 -130.80525 
    37.26128 -130.80525 
    37.27613 -131.43596 
    37.33058 -132.06480 
    37.42450 -132.68929 
    37.55760 -133.30692 
    37.72945 -133.91522 
    37.93942 -134.51173 
    38.18673 -135.09407 
    38.47046 -135.65985 
    38.78951 -136.20677 
    39.14264 -136.73260 
    39.52847 -137.23520 
    39.94545 -137.71251 
    40.39191 -138.16263 
    40.86609 -138.58365 
    41.36608 -138.97388 
    41.88988 -139.33173 
    42.43536 -139.65570 
    43.00032 -139.94453 
    43.58247 -140.19704 
    44.17945 -140.41220 
    44.78886 -140.58916 
    45.40821 -140.72726 
    46.03503 -140.82596 
    46.66678 -140.88492 
    47.30094 -140.90395 
    47.93498 -140.88306 
    48.56639 -140.82239 
    49.19271 -140.72227 
    49.81149 -140.58321 
    50.42036 -140.40584 
    51.01701 -140.19098 
    51.59921 -139.93954 
    52.16481 -139.65262 
    52.71178 -139.33139 
    53.23817 -138.97716 
    53.74214 -138.59132 
    54.22194 -138.17537 
    54.67595 -137.73085 
    55.10262 -137.25937 
    55.50051 -136.76259 
    55.74656 -136.16501 
    55.72355 -135.43561 
    55.79893 -134.80411 
    55.90073 -134.21014 
    56.02120 -133.63864 
    56.15709 -133.07912 
    56.30769 -132.52339 
    56.47110 -131.96371 
    56.64813 -131.39333 
    56.82700 -130.80525 
    56.99203 -130.19554 
    57.12973 -129.56360 
    57.23494 -128.91023 
    57.31898 -128.23306 
    57.42224 -127.51664 
    57.53820 -126.75204 
    57.36610 -126.06895 
    56.94065 -125.50578 
    56.79547 -124.77984 
    56.60567 -124.04497 
    56.35739 -123.31310 
    56.03756 -122.60102 
    55.63630 -121.92899 
    55.14898 -121.31860 
    54.57755 -120.78986 
    53.93069 -120.35843 
    53.22287 -120.03329 
    52.47232 -119.81551 
    51.69845 -119.69841 
    50.91933 -119.66898 
    50.14966 -119.71021 
    49.39955 -119.80392 
    48.67704 -119.91225 
    47.98538 -119.92634 
    47.30094 -119.98666 
    46.62682 -120.09039 
    45.96556 -120.23466 
    45.31922 -120.41672 
    44.68942 -120.63406 
    44.07747 -120.88445 
    43.48447 -121.16595 
    42.91137 -121.47695 
    42.35912 -121.81612 
    41.82866 -122.18233 
    41.32103 -122.57462 
    40.83734 -122.99210 
    40.37883 -123.43395 
    39.94680 -123.89925 
    39.54263 -124.38702 
    39.16776 -124.89616 
    38.82360 -125.42537 
    38.51154 -125.97324 
    38.23291 -126.53816 
    37.98897 -127.11839 
    37.77364 -127.70965 
    37.59444 -128.31305 
    37.45300 -128.92665 
    37.35001 -129.54816 
    37.28598 -130.17517 
Cell 21 100 65.20867 -133.12140 
    56.14682 -133.12140 
    56.00821 -133.70024 
    55.88547 -134.29919 
    55.78521 -134.91902 
    55.72734 -135.55580 
    55.73191 -136.20059 
    55.57861 -136.93420 
    55.63879 -137.62465 
    55.90189 -138.23785 
    56.20540 -138.83505 
    56.54873 -139.41321 
    56.93094 -139.96933 
    57.35074 -140.50049 
    57.80658 -141.00381 
    58.29663 -141.47662 
    58.81879 -141.91632 
    59.37074 -142.32051 
    59.94993 -142.68701 
    60.55367 -143.01378 
    61.17904 -143.29909 
    61.82811 -143.52568 
    62.58562 -143.33751 
    63.30951 -143.07716 
    63.96796 -142.94267 
    64.59388 -142.89320 
    65.20867 -142.84447 
    65.81751 -142.79874 
    66.42582 -142.75613 
    67.03873 -142.71492 
    67.66245 -142.67822 
    68.31207 -142.67270 
    69.02038 -142.74867 
    69.73867 -142.74814 
    70.38980 -142.54584 
    70.95102 -142.16989 
    71.48413 -141.75883 
    71.98698 -141.31496 
    72.45763 -140.84074 
    72.89436 -140.33873 
    73.29567 -139.81155 
    73.66035 -139.26190 
    73.98732 -138.69250 
    74.27578 -138.10608 
    74.42570 -137.45860 
    74.62961 -136.85141 
    74.86768 -136.25980 
    75.07053 -135.65349 
    75.22868 -135.03282 
    75.15260 -134.37761 
    74.95500 -133.73459 
    74.81285 -133.12140 
    74.67520 -132.52582 
    74.52747 -131.94417 
    74.36760 -131.37424 
    74.19405 -130.81435 
    74.00482 -130.26335 
    73.80383 -129.71834 
    73.58767 -129.17853 
    73.36028 -128.64001 
    73.13239 -128.09286 
    72.89810 -127.53471 
    72.65579 -126.96061 
    72.40858 -126.36024 
    72.16365 -125.71510 
    71.89722 -125.03632 
    71.36357 -124.64990 
    70.84386 -124.24176 
    70.36336 -123.74506 
    69.85398 -123.24962 
    69.30796 -122.76777 
    68.71870 -122.31863 
    68.08308 -121.92629 
    67.40340 -121.61624 
    66.68806 -121.41084 
    65.95085 -121.32476 
    65.20867 -121.36192 
    64.47844 -121.51466 
    63.77408 -121.76545 
    63.10445 -122.09069 
    62.47265 -122.46532 
    61.87685 -122.86711 
    61.31204 -123.27963 
    60.75425 -123.65527 
    60.20091 -124.01232 
    59.65868 -124.37601 
    59.09554 -124.70740 
    58.56257 -125.08765 
    58.06384 -125.51292 
    57.60228 -125.97852 
    57.53500 -126.77318 
    57.42940 -127.46943 
    57.33464 -128.12439 
    57.25497 -128.74883 
    57.16623 -129.33691 
    57.05769 -129.89420 
    56.92831 -130.43095 
    56.78070 -130.95747 
    56.62028 -131.48308 
    56.45593 -132.01567 
    56.29756 -132.56076 
Cell 22 100 83.58241 -127.16373 
    72.74152 -127.16373 
    73.02129 -127.82818 
    73.28710 -128.46432 
    73.54538 -129.07838 
    73.78789 -129.67854 
    74.00863 -130.27443 
    74.21240 -130.87357 
    74.39874 -131.48523 
    74.57150 -132.11751 
    74.73377 -132.77925 
    74.89495 -133.47554 
    75.09377 -134.18614 
    75.46360 -134.78780 
    76.03143 -135.20470 
    76.61301 -135.58829 
    77.20641 -135.93953 
    77.81032 -136.25908 
    78.42380 -136.54720 
    79.04617 -136.80371 
    79.67683 -137.02809 
    80.31509 -137.21950 
    80.96012 -137.37685 
    81.61086 -137.49896 
    82.26594 -137.58464 
    82.92375 -137.63272 
    83.58241 -137.65240 
    84.24114 -137.63402 
    84.89734 -137.57248 
    85.54807 -137.46808 
    86.19042 -137.32127 
    86.82153 -137.13274 
    87.43859 -136.90334 
    88.03887 -136.63420 
    88.61974 -136.32660 
    89.17866 -135.98201 
    89.71323 -135.60208 
    90.22116 -135.18860 
    90.70033 -134.74356 
    91.14879 -134.26904 
    91.56477 -133.76732 
    91.80103 -133.13490 
    91.88107 -132.43021 
    92.01446 -131.79929 
    92.19505 -131.21654 
    92.36957 -130.64282 
    92.54044 -130.07437 
    92.70426 -129.50581 
    92.86108 -128.93373 
    93.01237 -128.35500 
    93.16556 -127.76665 
    93.32095 -127.16373 
    93.49438 -126.54012 
    93.84253 -125.86757 
    94.32021 -125.11538 
    94.91284 -124.25456 
    95.16623 -123.39992 
    95.15350 -122.58241 
    94.93787 -121.82025 
    94.54154 -121.13889 
    93.98570 -120.56159 
    93.30772 -120.09788 
    92.55521 -119.74078 
    92.10239 -119.16293 
    91.69022 -118.52979 
    91.23059 -117.91866 
    90.72318 -117.33529 
    90.16845 -116.78577 
    89.56773 -116.27647 
    88.92330 -115.81374 
    88.23851 -115.40375 
    87.51768 -115.05221 
    86.76606 -114.76421 
    85.98976 -114.54394 
    85.19553 -114.39455 
    84.39059 -114.31801 
    83.58241 -114.31503 
    82.77843 -114.38504 
    81.98592 -114.52621 
    81.21160 -114.73554 
    80.46162 -115.00908 
    79.74129 -115.34200 
    79.05503 -115.72888 
    78.40629 -116.16393 
    77.79758 -116.64118 
    77.23050 -117.15473 
    76.70581 -117.69891 
    76.22356 -118.26842 
    75.78328 -118.85851 
    75.38403 -119.46494 
    75.02464 -120.08414 
    74.70382 -120.71306 
    74.20288 -121.21130 
    73.69706 -121.72922 
    73.22337 -122.28914 
    72.78925 -122.89041 
    72.40378 -123.53158 
    72.08579 -124.21190 
    71.91964 -124.93893 
    72.16608 -125.72151 
    72.45107 -126.46340 
Cell 23 100 102.97585 -132.51752 
    91.87115 -132.51752 
    91.76825 -133.22264 
    91.81480 -133.92749 
    92.06879 -134.59814 
    92.36650 -135.24153 
    92.69385 -135.85834 
    93.04591 -136.44907 
    93.41915 -137.01456 
    93.81121 -137.55582 
    94.22073 -138.07368 
    94.64712 -138.56870 
    95.09040 -139.04094 
    95.55087 -139.49004 
    96.02898 -139.91519 
    96.52351 -140.31706 
    97.00447 -140.73642 
    97.51165 -141.12772 
    98.04462 -141.48740 
    98.60150 -141.81348 
    99.18094 -142.10237 
    99.78399 -142.34106 
    100.40488 -142.53078 
    101.04262 -142.65190 
    101.69158 -142.68358 
    102.34267 -142.58154 
    102.97585 -142.39372 
    103.59335 -142.33234 
    104.22354 -142.39397 
    104.88315 -142.51590 
    105.57722 -142.64920 
    106.25574 -142.61197 
    106.88865 -142.40010 
    107.50683 -142.14633 
    108.10736 -141.85170 
    108.68740 -141.51747 
    109.24421 -141.14517 
    109.77515 -140.73645 
    110.27771 -140.29321 
    110.74957 -139.81754 
    111.18855 -139.31165 
    111.59261 -138.77795 
    111.95998 -138.21901 
    112.28902 -137.63748 
    112.57835 -137.03610 
    112.82678 -136.41777 
    113.03338 -135.78540 
    113.19742 -135.14197 
    113.31842 -134.49046 
    113.39616 -133.83391 
    113.43065 -133.17528 
    113.42212 -132.51752 
    113.37111 -131.86351 
    113.27835 -131.21600 
    113.14482 -130.57768 
    112.97174 -129.95100 
    112.76054 -129.33829 
    112.51283 -128.74156 
    112.23042 -128.16264 
    111.91521 -127.60306 
    111.56924 -127.06399 
    111.19452 -126.54631 
    110.79305 -126.05057 
    110.36673 -125.57703 
    109.91726 -125.12566 
    109.44611 -124.69633 
    108.95442 -124.28873 
    108.44302 -123.90265 
    107.91236 -123.53804 
    107.36260 -123.19520 
    106.79365 -122.87487 
    106.20525 -122.57846 
    105.59720 -122.30805 
    104.96950 -122.06646 
    104.32256 -121.85726 
    103.65739 -121.68467 
    102.97585 -121.55335 
    102.28069 -121.46822 
    101.57570 -121.43414 
    100.86567 -121.45554 
    100.15633 -121.53619 
    99.45413 -121.67877 
    98.76601 -121.88468 
    98.09908 -122.15386 
    97.46026 -122.48469 
    96.85591 -122.87403 
    96.29156 -123.31739 
    95.77165 -123.80914 
    95.19773 -124.23466 
    94.62379 -124.67442 
    94.21964 -125.27375 
    93.83719 -125.87789 
    93.50986 -126.51021 
    93.31057 -127.20399 
    93.13436 -127.88647 
    92.96080 -128.55228 
    92.78625 -129.20673 
    92.60381 -129.85443 
    92.41180 -130.50232 
    92.21291 -131.15784 
    92.00849 -131.82751 
Cell 24 100 -111.34850 -113.30859 
    -121.65590 -113.30859 
    -121.64288 -113.95626 
    -121.58807 -114.60215 
    -121.49158 -115.24349 
    -121.35379 -115.87752 
    -121.17527 -116.50150 
    -120.95679 -117.11279 
    -120.69931 -117.70875 
    -120.40395 -118.28687 
    -120.07203 -118.84471 
    -119.70503 -119.37997 
    -119.30460 -119.89046 
    -118.87253 -120.37412 
    -118.41073 -120.82909 
    -117.92123 -121.25365 
    -117.40617 -121.64625 
    -116.86776 -122.00554 
    -116.30827 -122.33037 
    -115.73001 -122.61977 
    -115.13531 -122.87297 
    -114.46178 -122.89029 
    -113.81319 -122.90791 
    -113.18929 -122.95831 
    -112.57742 -123.03651 
    -111.96647 -123.13088 
    -111.34850 -123.25086 
    -110.71122 -123.43790 
    -110.05923 -123.51421 
    -109.41056 -123.46764 
    -108.76814 -123.35843 
    -108.13229 -123.20710 
    -107.50411 -123.01841 
    -106.88519 -122.79363 
    -106.27721 -122.53324 
    -105.68211 -122.23740 
    -105.10199 -121.90618 
    -104.53912 -121.53973 
    -103.99597 -121.13824 
    -103.47523 -120.70210 
    -102.97977 -120.23181 
    -102.51266 -119.72820 
    -102.07710 -119.19241 
    -101.67635 -118.62591 
    -101.31369 -118.03062 
    -100.99232 -117.40890 
    -100.71529 -116.76353 
    -100.48537 -116.09777 
    -100.30499 -115.41526 
    -100.17612 -114.71999 
    -99.78580 -114.03606 
    -99.38197 -113.30859 
    -99.13211 -112.54000 
    -99.09541 -111.76067 
    -99.29424 -111.00912 
    -99.70564 -110.31921 
    -100.26971 -109.70888 
    -100.91036 -109.17584 
    -101.38076 -108.61813 
    -101.13354 -107.69287 
    -100.91149 -106.68507 
    -102.57084 -106.93124 
    -103.07281 -106.46235 
    -103.57188 -106.00585 
    -104.09475 -105.58413 
    -104.63844 -105.19753 
    -105.20016 -104.84613 
    -105.77738 -104.52991 
    -106.36779 -104.24870 
    -106.96931 -104.00233 
    -107.58007 -103.79061 
    -108.19834 -103.61340 
    -108.82254 -103.47061 
    -109.45113 -103.36224 
    -110.07915 -103.26060 
    -110.70802 -103.12849 
    -111.34850 -103.00472 
    -112.00412 -102.88789 
    -112.67821 -102.78293 
    -113.37170 -102.70261 
    -114.08080 -102.66703 
    -114.79533 -102.70036 
    -115.49916 -102.82523 
    -116.17268 -103.05669 
    -116.79713 -103.39759 
    -117.35910 -103.83742 
    -117.85374 -104.35490 
    -118.28521 -104.92355 
    -118.66441 -105.51795 
    -119.00510 -106.11857 
    -119.31991 -106.71408 
    -119.61739 -107.30090 
    -119.95872 -107.84438 
    -120.29819 -108.38846 
    -120.60279 -108.95386 
    -120.87105 -109.53835 
    -121.10165 -110.13961 
    -121.29345 -110.75517 
    -121.44548 -111.38249 
    -121.55695 -112.01897 
    -121.62722 -112.66191 
