114 25 
Cell 0 100 -123.27340 -142.55626 
    -133.27350 -142.55626 
    -133.25375 -143.18417 
    -133.19463 -143.80960 
    -133.09633 -144.43008 
    -132.95927 -145.04317 
    -132.78400 -145.64644 
    -132.57118 -146.23750 
    -132.32477 -146.81551 
    -132.05219 -147.38245 
    -131.75056 -147.93604 
    -131.41385 -148.47064 
    -131.04318 -148.98398 
    -130.63986 -149.47383 
    -130.20534 -149.93803 
    -129.74123 -150.37451 
    -129.24925 -150.78131 
    -128.73132 -151.15657 
    -128.18945 -151.49852 
    -127.62580 -151.80557 
    -127.04264 -152.07628 
    -126.44235 -152.30928 
    -125.82740 -152.50345 
    -125.20036 -152.65778 
    -124.56388 -152.77147 
    -123.92064 -152.84389 
    -123.27340 -152.87460 
    -122.62493 -152.86334 
    -121.97804 -152.81007 
    -121.33553 -152.71492 
    -120.70019 -152.57826 
    -120.07478 -152.40057 
    -119.46206 -152.18262 
    -118.86465 -151.92531 
    -118.28519 -151.62978 
    -117.72618 -151.29727 
    -117.19005 -150.92928 
    -116.67909 -150.52740 
    -116.19550 -150.09344 
    -115.74134 -149.62933 
    -115.31851 -149.13712 
    -114.92876 -148.61899 
    -114.57368 -148.07727 
    -114.25471 -147.51433 
    -113.97311 -146.93265 
    -113.72990 -146.33479 
    -113.50468 -145.73032 
    -113.30528 -145.11563 
    -113.14002 -144.48930 
    -113.00899 -143.85295 
    -112.91229 -143.20813 
    -112.99929 -142.55626 
    -113.42995 -141.93695 
    -113.77048 -141.35577 
    -114.05779 -140.79829 
    -114.31244 -140.25548 
    -114.54877 -139.72145 
    -114.77758 -139.19254 
    -115.00294 -138.66447 
    -115.23527 -138.13725 
    -115.48055 -137.61076 
    -115.74000 -137.08292 
    -116.01502 -136.55161 
    -116.30959 -136.01680 
    -116.62639 -135.47791 
    -116.99381 -134.96555 
    -117.38201 -134.44746 
    -117.75826 -133.86580 
    -118.04402 -133.04404 
    -118.41602 -132.23381 
    -119.14632 -132.13245 
    -119.86861 -132.07741 
    -120.55784 -131.97984 
    -121.23379 -131.86421 
    -121.90576 -131.73026 
    -122.58075 -131.54689 
    -123.27340 -131.26601 
    -124.00343 -130.95268 
    -124.78139 -130.61931 
    -125.54330 -130.65698 
    -126.24841 -130.96938 
    -126.91386 -131.35207 
    -127.52180 -131.82603 
    -128.01784 -132.47382 
    -128.45877 -133.12411 
    -128.97249 -133.57593 
    -129.47031 -134.02695 
    -130.06705 -134.34415 
    -130.86066 -134.47664 
    -130.85960 -135.43233 
    -131.16072 -136.03130 
    -131.50813 -136.57338 
    -131.82523 -137.12910 
    -132.11171 -137.69736 
    -132.36710 -138.27708 
    -132.59082 -138.86723 
    -132.78412 -139.46603 
    -132.95938 -140.06932 
    -133.09641 -140.68242 
    -133.19467 -141.30292 
    -133.25378 -141.92834 
Cell 1 100 -106.31586 -135.13763 
    -116.87041 -135.13763 
    -116.45155 -135.77531 
    -116.11219 -136.37520 
    -115.80950 -136.94864 
    -115.53294 -137.50418 
    -115.27634 -138.04907 
    -115.03573 -138.59007 
    -114.80357 -139.13165 
    -114.56895 -139.67480 
    -114.32732 -140.22186 
    -114.07032 -140.77158 
    -113.78896 -141.31992 
    -113.47483 -141.86035 
    -113.11974 -142.38304 
    -112.70672 -142.86285 
    -112.20579 -143.24443 
    -111.68654 -143.60046 
    -111.14577 -143.92320 
    -110.58562 -144.21133 
    -110.00830 -144.46368 
    -109.41611 -144.67921 
    -108.81138 -144.85706 
    -108.19653 -144.99648 
    -107.57401 -145.09688 
    -106.94627 -145.15785 
    -106.31586 -145.17914 
    -105.68526 -145.16064 
    -105.05701 -145.10242 
    -104.43362 -145.00467 
    -103.81758 -144.86778 
    -103.21136 -144.69231 
    -102.61737 -144.47894 
    -102.03802 -144.22852 
    -101.47560 -143.94203 
    -100.93237 -143.62065 
    -100.41051 -143.26564 
    -99.91210 -142.87845 
    -99.43913 -142.46060 
    -98.99349 -142.01379 
    -98.57696 -141.53981 
    -98.18803 -141.04285 
    -97.82433 -140.52652 
    -97.48965 -139.98988 
    -97.25755 -139.40015 
    -97.28043 -138.71501 
    -97.24179 -138.08598 
    -97.21076 -137.47543 
    -97.19050 -136.87839 
    -97.18228 -136.29147 
    -97.18909 -135.71184 
    -97.21259 -135.13763 
    -97.25274 -134.56743 
    -97.27600 -133.99564 
    -97.29805 -133.41739 
    -97.33160 -132.83087 
    -97.37474 -132.23250 
    -97.43250 -131.62047 
    -97.50206 -130.99017 
    -97.57616 -130.33295 
    -97.64082 -129.63229 
    -97.65804 -128.84737 
    -97.76023 -128.05980 
    -98.26159 -127.57417 
    -98.80266 -127.13689 
    -99.37578 -126.74852 
    -99.97343 -126.40804 
    -100.58877 -126.11318 
    -101.21597 -125.86098 
    -101.85043 -125.64813 
    -102.48878 -125.47155 
    -103.12872 -125.32864 
    -103.72340 -125.04070 
    -104.33624 -124.76012 
    -104.97573 -124.52945 
    -105.63868 -124.37422 
    -106.31586 -124.31537 
    -106.99335 -124.36930 
    -107.65378 -124.54691 
    -108.28653 -124.80702 
    -108.89370 -125.09760 
    -109.47213 -125.42363 
    -110.02093 -125.77971 
    -110.49077 -126.26550 
    -110.95778 -126.69401 
    -111.42758 -127.08285 
    -111.90024 -127.45139 
    -112.37539 -127.81293 
    -112.85339 -128.17587 
    -113.33539 -128.54585 
    -113.81732 -128.93188 
    -114.29794 -129.33832 
    -114.77725 -129.76788 
    -115.26086 -130.22008 
    -115.75349 -130.69662 
    -116.28053 -131.19234 
    -116.91322 -131.69435 
    -117.74262 -132.20375 
    -118.11632 -132.88657 
    -117.82143 -133.68414 
    -117.38609 -134.44116 
Cell 2 100 -87.37261 -135.99309 
    -97.18579 -135.99309 
    -97.18674 -136.61053 
    -97.20260 -137.23491 
    -97.23100 -137.87367 
    -97.26933 -138.53413 
    -97.26400 -139.20700 
    -97.09094 -139.84085 
    -96.74795 -140.40479 
    -96.38681 -140.94868 
    -96.00681 -141.47250 
    -95.60703 -141.97574 
    -95.20757 -142.47473 
    -94.81117 -142.97836 
    -94.38180 -143.45711 
    -93.92095 -143.90868 
    -93.43034 -144.33083 
    -92.91183 -144.72151 
    -92.36747 -145.07869 
    -91.79943 -145.40054 
    -91.21006 -145.68536 
    -90.60184 -145.93163 
    -89.97737 -146.13795 
    -89.33937 -146.30318 
    -88.69064 -146.42630 
    -88.03407 -146.50658 
    -87.37261 -146.54341 
    -86.70928 -146.53648 
    -86.04710 -146.48564 
    -85.38910 -146.39102 
    -84.73833 -146.25294 
    -84.09779 -146.07196 
    -83.47044 -145.84885 
    -82.85918 -145.58461 
    -82.26682 -145.28049 
    -81.69609 -144.93785 
    -81.14958 -144.55835 
    -80.62977 -144.14378 
    -80.13897 -143.69614 
    -79.67934 -143.21754 
    -79.25289 -142.71030 
    -78.86144 -142.17682 
    -78.50658 -141.61964 
    -78.18975 -141.04141 
    -77.90685 -140.44734 
    -77.61920 -139.85474 
    -77.36445 -139.24493 
    -77.14420 -138.61929 
    -76.96047 -137.97931 
    -76.81564 -137.32674 
    -76.71241 -136.66377 
    -76.65366 -135.99309 
    -76.64219 -135.31799 
    -76.68057 -134.64236 
    -76.77081 -133.97069 
    -76.91410 -133.30780 
    -77.11069 -132.65878 
    -77.35973 -132.02870 
    -77.65923 -131.42232 
    -78.00620 -130.84386 
    -78.39678 -130.29686 
    -78.82648 -129.78397 
    -79.29047 -129.30696 
    -79.78387 -128.86679 
    -80.30196 -128.46361 
    -80.84045 -128.09708 
    -81.39558 -127.76642 
    -81.96416 -127.47073 
    -82.54043 -127.20338 
    -83.09189 -126.89609 
    -83.65987 -126.61579 
    -84.24316 -126.36160 
    -84.84084 -126.13247 
    -85.45246 -125.92731 
    -86.07800 -125.74522 
    -86.71783 -125.58561 
    -87.37261 -125.44853 
    -88.04549 -125.29808 
    -88.74332 -125.14280 
    -89.45506 -125.07655 
    -90.16331 -125.12406 
    -90.90349 -125.12617 
    -91.66733 -125.14587 
    -92.42233 -125.26189 
    -93.15305 -125.47853 
    -93.90581 -125.69843 
    -94.64378 -125.98519 
    -95.35659 -126.34211 
    -96.03327 -126.77042 
    -96.66280 -127.26903 
    -97.23480 -127.83437 
    -97.70490 -128.48625 
    -97.64428 -129.47450 
    -97.57007 -130.38698 
    -97.47455 -131.23947 
    -97.39430 -132.02522 
    -97.33704 -132.75545 
    -97.29700 -133.44495 
    -97.27156 -134.10475 
    -97.24013 -134.74654 
    -97.20289 -135.37462 
Cell 3 100 -53.60668 -154.18993 
    -63.73774 -154.18993 
    -63.69240 -154.82446 
    -63.61008 -155.45364 
    -63.49147 -156.07555 
    -63.33715 -156.68829 
    -63.14766 -157.28998 
    -62.92349 -157.87871 
    -62.66521 -158.45255 
    -62.37346 -159.00951 
    -62.04996 -159.54819 
    -61.69685 -160.06778 
    -61.31181 -160.56416 
    -60.89636 -161.03540 
    -60.45215 -161.47961 
    -59.98092 -161.89507 
    -59.48453 -162.28009 
    -58.96495 -162.63321 
    -58.42422 -162.95299 
    -57.86447 -163.23819 
    -57.28793 -163.48769 
    -56.69685 -163.70049 
    -56.09358 -163.87576 
    -55.48049 -164.01280 
    -54.86001 -164.11107 
    -54.23458 -164.17020 
    -53.60668 -164.18993 
    -52.97877 -164.17020 
    -52.35334 -164.11107 
    -51.73286 -164.01280 
    -51.11978 -163.87576 
    -50.51651 -163.70049 
    -49.92394 -163.49146 
    -49.34438 -163.24777 
    -48.77995 -162.96973 
    -48.23221 -162.65874 
    -47.70251 -162.31631 
    -47.19192 -161.94403 
    -46.70124 -161.54347 
    -46.23103 -161.11612 
    -45.78173 -160.66328 
    -45.35369 -160.18607 
    -44.94739 -159.68527 
    -44.56355 -159.16144 
    -44.20334 -158.61479 
    -43.86858 -158.04552 
    -43.56181 -157.45370 
    -43.28640 -156.83972 
    -43.04649 -156.20439 
    -42.84686 -155.54921 
    -42.69267 -154.87657 
    -42.58911 -154.18993 
    -42.54100 -153.49373 
    -42.55235 -152.79344 
    -42.62593 -152.09523 
    -42.76302 -151.40575 
    -42.96319 -150.73164 
    -43.22430 -150.07925 
    -43.54265 -149.45415 
    -43.91322 -148.86090 
    -44.33011 -148.30284 
    -44.78698 -147.78204 
    -45.27744 -147.29938 
    -45.79550 -146.85474 
    -46.33584 -146.44727 
    -46.89397 -146.07565 
    -47.46635 -145.73848 
    -48.05026 -145.43442 
    -48.64378 -145.16245 
    -49.24550 -144.92195 
    -49.85442 -144.71281 
    -50.46969 -144.53528 
    -51.09048 -144.38997 
    -51.71583 -144.27774 
    -52.34460 -144.19955 
    -52.97542 -144.15640 
    -53.60668 -144.13077 
    -54.23919 -144.13647 
    -54.87133 -144.17920 
    -55.50112 -144.25890 
    -56.12657 -144.37561 
    -56.74754 -144.52335 
    -57.36405 -144.69989 
    -57.96166 -144.93512 
    -58.54037 -145.21558 
    -59.10896 -145.51973 
    -59.65763 -145.86150 
    -60.18307 -146.24043 
    -60.68187 -146.65562 
    -61.15066 -147.10565 
    -61.58629 -147.58862 
    -61.98591 -148.10205 
    -62.34713 -148.64307 
    -62.66808 -149.20839 
    -62.94749 -149.79448 
    -63.18467 -150.39774 
    -63.37949 -151.01456 
    -63.53222 -151.64148 
    -63.64351 -152.27530 
    -63.71423 -152.91304 
    -63.74532 -153.55206 
Cell 4 100 -59.54433 -133.31952 
    -71.59895 -133.31952 
    -71.43755 -134.06778 
    -71.22633 -134.79530 
    -70.96955 -135.49899 
    -70.67145 -136.17648 
    -70.33611 -136.82597 
    -69.96739 -137.44629 
    -69.56881 -138.03668 
    -69.14352 -138.59673 
    -68.69428 -139.12625 
    -68.22345 -139.62526 
    -67.73302 -140.09378 
    -67.22468 -140.53185 
    -66.69987 -140.93939 
    -66.15984 -141.31630 
    -65.60569 -141.66226 
    -65.03848 -141.97690 
    -64.45923 -142.25967 
    -63.88133 -142.53612 
    -63.31355 -142.83946 
    -62.72608 -143.11192 
    -62.11863 -143.34572 
    -61.49381 -143.53903 
    -60.85434 -143.68930 
    -60.20341 -143.79524 
    -59.54433 -143.85736 
    -58.88013 -143.87671 
    -58.21360 -143.85339 
    -57.54692 -143.79034 
    -56.88129 -143.69141 
    -56.21843 -143.55560 
    -55.56232 -143.37694 
    -54.92469 -143.13676 
    -54.30370 -142.85220 
    -53.70204 -142.52551 
    -53.12275 -142.15807 
    -52.56879 -141.75151 
    -52.04295 -141.30768 
    -51.54790 -140.82867 
    -51.08611 -140.31677 
    -50.65985 -139.77448 
    -50.27122 -139.20442 
    -49.92204 -138.60942 
    -49.61391 -137.99242 
    -49.34819 -137.35646 
    -49.12597 -136.70465 
    -48.94811 -136.04016 
    -48.81518 -135.36621 
    -48.72750 -134.68600 
    -48.68517 -134.00272 
    -48.68803 -133.31952 
    -48.73569 -132.63950 
    -48.82759 -131.96568 
    -48.96294 -131.30101 
    -49.14077 -130.64833 
    -49.35996 -130.01042 
    -49.61924 -129.38989 
    -49.91717 -128.78932 
    -50.25223 -128.21114 
    -50.62272 -127.65769 
    -51.02686 -127.13121 
    -51.46270 -126.63381 
    -51.92822 -126.16751 
    -52.42123 -125.73418 
    -52.93945 -125.33558 
    -53.47377 -124.96411 
    -53.97543 -124.54433 
    -54.52049 -124.18119 
    -55.09069 -123.85504 
    -55.67118 -123.53705 
    -56.26463 -123.22564 
    -56.87594 -122.92681 
    -57.51046 -122.65758 
    -58.16650 -122.41285 
    -58.84390 -122.18650 
    -59.54433 -122.08150 
    -60.25667 -121.99727 
    -60.97783 -121.97225 
    -61.70384 -121.99901 
    -62.43279 -122.06973 
    -63.17762 -122.13741 
    -63.92473 -122.25591 
    -64.66955 -122.42789 
    -65.40697 -122.65543 
    -66.13135 -122.94005 
    -66.83662 -123.28255 
    -67.51642 -123.68292 
    -68.16429 -124.14020 
    -68.77381 -124.65246 
    -69.33886 -125.21678 
    -69.85375 -125.82929 
    -70.31345 -126.48524 
    -70.71372 -127.17910 
    -71.05129 -127.90475 
    -71.32389 -128.65567 
    -71.53032 -129.42503 
    -71.67044 -130.20607 
    -71.74516 -130.99208 
    -71.75629 -131.77679 
    -71.70646 -132.55434 
Cell 5 100 -5.80002 -142.04938 
    -16.22528 -142.04938 
    -16.24256 -142.70636 
    -16.21653 -143.36530 
    -16.14689 -144.02315 
    -16.03358 -144.67691 
    -15.87678 -145.32352 
    -15.67689 -145.95990 
    -15.43455 -146.58304 
    -15.15062 -147.18991 
    -14.82623 -147.77759 
    -14.46268 -148.34317 
    -14.06156 -148.88393 
    -13.62461 -149.39716 
    -13.15384 -149.88040 
    -12.65138 -150.33125 
    -12.11961 -150.74754 
    -11.56102 -151.12727 
    -10.97827 -151.46858 
    -10.37417 -151.76994 
    -9.75160 -152.02994 
    -9.11356 -152.24742 
    -8.46312 -152.42146 
    -7.80339 -152.55144 
    -7.13753 -152.63689 
    -6.46869 -152.67761 
    -5.80002 -152.67369 
    -5.13463 -152.62541 
    -4.47559 -152.53328 
    -3.82590 -152.39806 
    -3.18846 -152.22070 
    -2.56608 -152.00243 
    -1.96143 -151.74455 
    -1.37706 -151.44864 
    -0.81539 -151.11639 
    -0.27862 -150.74971 
    0.23114 -150.35056 
    0.71200 -149.92105 
    1.16224 -149.46342 
    1.57723 -148.97708 
    1.92881 -148.44322 
    2.21900 -147.87553 
    2.49984 -147.31662 
    2.76896 -146.76021 
    3.02476 -146.20200 
    3.26628 -145.63898 
    3.49327 -145.06894 
    3.70572 -144.49004 
    3.90662 -143.90102 
    4.09858 -143.29985 
    4.28596 -142.68393 
    4.47842 -142.04938 
    4.83317 -141.38040 
    5.49605 -140.62234 
    5.78268 -139.83986 
    5.92983 -139.03766 
    5.97663 -138.22292 
    5.89711 -137.41815 
    5.67456 -136.64986 
    5.30562 -135.94400 
    4.80129 -135.32158 
    4.18500 -134.79483 
    3.48829 -134.36542 
    2.74513 -134.02495 
    1.98655 -133.75752 
    1.23661 -133.54355 
    0.51043 -133.36378 
    -0.18560 -133.20247 
    -0.82774 -133.00484 
    -1.41922 -132.73972 
    -2.02379 -132.51172 
    -2.63910 -132.32108 
    -3.26290 -132.16795 
    -3.87985 -131.98351 
    -4.50289 -131.78156 
    -5.14232 -131.59552 
    -5.80002 -131.28510 
    -6.53043 -130.43973 
    -7.19583 -131.00037 
    -7.87103 -131.19278 
    -8.55601 -131.31549 
    -9.20364 -131.57411 
    -9.83356 -131.86180 
    -10.44961 -132.16849 
    -11.05356 -132.49323 
    -11.63939 -132.84799 
    -12.17616 -133.27338 
    -12.62583 -133.79839 
    -13.02579 -134.35471 
    -13.39397 -134.91818 
    -13.73661 -135.48366 
    -14.05765 -136.04985 
    -14.35850 -136.61800 
    -14.63832 -137.19048 
    -14.95848 -137.73973 
    -15.25402 -138.30627 
    -15.51375 -138.89319 
    -15.73608 -139.49823 
    -15.91958 -140.11897 
    -16.06298 -140.75287 
    -16.16518 -141.39726 
Cell 6 100 11.74913 -149.94695 
    1.08402 -149.94695 
    0.91500 -150.62857 
    0.85415 -151.32330 
    0.88355 -152.01967 
    0.98465 -152.71078 
    1.14565 -153.39223 
    1.36215 -154.05943 
    1.62577 -154.71063 
    1.93432 -155.34268 
    2.28631 -155.95222 
    2.67998 -156.53606 
    3.11328 -157.09114 
    3.58395 -157.61455 
    4.08947 -158.10365 
    4.62712 -158.55597 
    5.19403 -158.96925 
    5.78709 -159.34161 
    6.40313 -159.67126 
    7.03880 -159.95689 
    7.69073 -160.19728 
    8.35545 -160.39160 
    9.02945 -160.53938 
    9.70927 -160.64023 
    10.39142 -160.69431 
    11.07249 -160.70181 
    11.74913 -160.66345 
    12.41810 -160.57996 
    13.07628 -160.45244 
    13.72068 -160.28218 
    14.34848 -160.07077 
    14.95704 -159.81989 
    15.54387 -159.53139 
    16.13350 -159.26421 
    16.73050 -159.00804 
    17.31462 -158.71677 
    17.88385 -158.39067 
    18.43611 -158.03012 
    18.96917 -157.63551 
    19.48065 -157.20732 
    19.96802 -156.74620 
    20.42861 -156.25296 
    20.85960 -155.72862 
    21.25809 -155.17455 
    21.62112 -154.59235 
    21.94573 -153.98407 
    22.22904 -153.35208 
    22.46833 -152.69917 
    22.66111 -152.02852 
    22.80521 -151.34366 
    22.89884 -150.64842 
    22.94069 -149.94695 
    22.92996 -149.24350 
    22.86639 -148.54251 
    22.75029 -147.84836 
    22.58255 -147.16539 
    22.36459 -146.49777 
    22.09833 -145.84941 
    21.78612 -145.22389 
    21.43071 -144.62445 
    21.03509 -144.05389 
    20.60250 -143.51460 
    20.13625 -143.00851 
    19.63972 -142.53719 
    19.11624 -142.10176 
    18.56906 -141.70306 
    18.00128 -141.34160 
    17.41582 -141.01767 
    16.81543 -140.73137 
    16.20268 -140.48267 
    15.57992 -140.27147 
    14.94937 -140.09760 
    14.31311 -139.96089 
    13.67309 -139.86118 
    13.06095 -139.56276 
    12.42461 -139.21046 
    11.74913 -138.81815 
    11.02392 -138.42018 
    10.24965 -138.07739 
    9.44431 -137.86469 
    8.64282 -137.84868 
    7.88820 -138.06424 
    7.21741 -138.50114 
    6.64851 -139.10759 
    6.17566 -139.80884 
    5.73014 -140.46255 
    5.21113 -140.94818 
    4.76641 -141.50629 
    4.44287 -142.16656 
    4.22570 -142.88199 
    4.01825 -143.55142 
    3.81150 -144.17992 
    3.60082 -144.77588 
    3.38242 -145.34731 
    3.15340 -145.90210 
    2.91199 -146.44807 
    2.65656 -146.99260 
    2.38612 -147.54294 
    2.10096 -148.10646 
    1.76883 -148.68614 
    1.37762 -149.29443 
Cell 7 100 34.38920 -130.20041 
    23.97343 -130.20041 
    23.95340 -130.85698 
    23.97665 -131.51582 
    24.04350 -132.17395 
    24.15408 -132.82834 
    24.30824 -133.47591 
    24.50562 -134.11359 
    24.74563 -134.73833 
    25.02744 -135.34708 
    25.34995 -135.93689 
    25.71188 -136.50485 
    26.11169 -137.04816 
    26.54764 -137.56412 
    27.01775 -138.05020 
    27.51989 -138.50397 
    28.05172 -138.92320 
    28.61071 -139.30585 
    29.19420 -139.65007 
    29.79941 -139.95421 
    30.42341 -140.21683 
    31.06320 -140.43678 
    31.71567 -140.61311 
    32.37770 -140.74506 
    33.04609 -140.83221 
    33.71765 -140.87436 
    34.38920 -140.87151 
    35.05757 -140.82393 
    35.71967 -140.73215 
    36.37244 -140.59692 
    37.01293 -140.41919 
    37.63830 -140.20012 
    38.24582 -139.94113 
    38.83290 -139.64375 
    39.39709 -139.30972 
    39.93612 -138.94096 
    40.44787 -138.53946 
    40.93044 -138.10741 
    41.38208 -137.64706 
    41.85388 -137.21021 
    42.30688 -136.75049 
    42.73500 -136.26399 
    43.13689 -135.75186 
    43.51113 -135.21523 
    43.85625 -134.65526 
    44.17069 -134.07318 
    44.45281 -133.47028 
    44.70085 -132.84799 
    44.91297 -132.20793 
    45.08725 -131.55188 
    45.22171 -130.88193 
    45.31438 -130.20041 
    45.36336 -129.50998 
    45.36684 -128.81361 
    45.32321 -128.11464 
    45.23113 -127.41667 
    45.08958 -126.72364 
    44.89798 -126.03969 
    44.65620 -125.36913 
    44.36462 -124.71637 
    44.02421 -124.08585 
    43.63647 -123.48187 
    43.20348 -122.90860 
    42.72784 -122.36990 
    42.21266 -121.86927 
    41.66144 -121.40978 
    41.14553 -120.90112 
    40.58989 -120.42967 
    39.98037 -120.03011 
    39.32548 -119.71027 
    38.63594 -119.47436 
    37.92363 -119.32256 
    37.20049 -119.25116 
    36.47750 -119.25316 
    35.76383 -119.31908 
    35.06982 -119.38224 
    34.38920 -119.21272 
    33.68911 -119.07291 
    32.97146 -118.97786 
    32.24042 -118.93613 
    31.50218 -118.95622 
    30.76481 -119.04568 
    30.03786 -119.21020 
    29.33179 -119.45288 
    28.65710 -119.77377 
    28.14724 -120.36466 
    27.70724 -121.00349 
    27.31417 -121.64816 
    26.97106 -122.30089 
    26.69888 -122.97872 
    26.44688 -123.62996 
    26.20864 -124.25688 
    25.98427 -124.86648 
    25.77168 -125.46289 
    25.56753 -126.04925 
    25.36764 -126.62852 
    25.16705 -127.20395 
    24.95947 -127.77927 
    24.73672 -128.35910 
    24.48889 -128.94971 
    24.12796 -129.55482 
Cell 8 100 46.38578 -148.26541 
    36.35401 -148.26541 
    36.37608 -148.89517 
    36.42922 -149.52322 
    36.51999 -150.14742 
    36.64981 -150.76518 
    36.81848 -151.37401 
    37.02544 -151.97144 
    37.26993 -152.55499 
    37.55105 -153.12234 
    37.86774 -153.67111 
    38.21878 -154.19908 
    38.60282 -154.70403 
    39.01835 -155.18388 
    39.46372 -155.63664 
    39.93718 -156.06042 
    40.43681 -156.45346 
    40.96062 -156.81409 
    41.50647 -157.14082 
    42.07218 -157.43227 
    42.65542 -157.68721 
    43.25382 -157.90459 
    43.86493 -158.08348 
    44.48624 -158.22313 
    45.11521 -158.32297 
    45.74926 -158.38258 
    46.38578 -158.40172 
    47.02215 -158.38033 
    47.65578 -158.31851 
    48.28405 -158.21654 
    48.90441 -158.07483 
    49.51431 -157.89404 
    50.11127 -157.67493 
    50.69286 -157.41844 
    51.25674 -157.12567 
    51.80062 -156.79785 
    52.32233 -156.43637 
    52.81977 -156.04279 
    53.29098 -155.61871 
    53.73409 -155.16594 
    54.14737 -154.68636 
    54.52921 -154.18196 
    54.87814 -153.65483 
    55.19284 -153.10713 
    55.47212 -152.54112 
    55.71495 -151.95909 
    55.92045 -151.36342 
    56.08790 -150.75650 
    56.21672 -150.14076 
    56.30698 -149.51875 
    56.36722 -148.89339 
    56.38807 -148.26541 
    56.36943 -147.63730 
    56.31138 -147.01152 
    56.21412 -146.39055 
    56.07803 -145.77687 
    55.90362 -145.17288 
    55.69159 -144.58098 
    55.44275 -144.00352 
    55.15808 -143.44279 
    54.84092 -142.89961 
    54.49448 -142.37410 
    54.11951 -141.86751 
    53.71836 -141.37965 
    53.29316 -140.90979 
    52.84539 -140.45708 
    52.37560 -140.02112 
    51.88318 -139.60289 
    51.36654 -139.20543 
    50.82364 -138.83446 
    50.35371 -138.24356 
    49.85976 -137.57358 
    49.15735 -137.47084 
    48.38224 -137.79958 
    47.72082 -137.69746 
    47.05265 -137.66582 
    46.38578 -137.52382 
    45.70819 -137.49548 
    45.05497 -137.73099 
    44.44619 -138.09776 
    43.83753 -138.34064 
    43.24009 -138.58398 
    42.65835 -138.85100 
    42.09213 -139.14095 
    41.54197 -139.45456 
    41.00911 -139.79315 
    40.49544 -140.15807 
    40.00316 -140.55016 
    39.53260 -140.96751 
    39.08854 -141.41284 
    38.67337 -141.88516 
    38.28876 -142.38258 
    37.93620 -142.90315 
    37.61708 -143.44478 
    37.33265 -144.00534 
    37.08403 -144.58260 
    36.86105 -145.17064 
    36.63429 -145.76166 
    36.46257 -146.37247 
    36.37597 -147.00089 
    36.35211 -147.63414 
Cell 9 100 68.29920 -150.53606 
    57.46996 -150.53606 
    57.45337 -151.21841 
    57.46207 -151.90511 
    57.51075 -152.59407 
    57.60516 -153.28181 
    57.75929 -153.96068 
    57.96011 -154.62959 
    58.20715 -155.28502 
    58.49956 -155.92345 
    58.83623 -156.54144 
    59.21566 -157.13564 
    59.63614 -157.70276 
    60.09555 -158.23979 
    60.59160 -158.74382 
    61.12171 -159.21216 
    61.68309 -159.64236 
    62.27274 -160.03224 
    62.88753 -160.37985 
    63.52415 -160.68356 
    64.17915 -160.94211 
    64.84907 -161.15450 
    65.53034 -161.32007 
    66.21944 -161.43851 
    66.91288 -161.50993 
    67.60722 -161.53485 
    68.29920 -161.51393 
    68.98575 -161.44846 
    69.66404 -161.33989 
    70.33154 -161.18999 
    70.98610 -161.00082 
    71.62589 -160.77454 
    72.24952 -160.51341 
    72.85599 -160.21971 
    73.44466 -159.89560 
    74.01514 -159.54294 
    74.56731 -159.16338 
    75.10100 -158.75803 
    75.61607 -158.32773 
    76.11189 -157.87267 
    76.58755 -157.39278 
    77.04140 -156.88763 
    77.47109 -156.35672 
    77.87341 -155.79953 
    78.24118 -155.21440 
    78.55638 -154.59717 
    78.83504 -153.95937 
    79.07504 -153.30283 
    79.26522 -152.62793 
    79.39806 -151.93817 
    79.47054 -151.23889 
    79.48008 -150.53606 
    79.42487 -149.83609 
    79.30589 -149.14558 
    79.12536 -148.47086 
    78.88662 -147.81767 
    78.59626 -147.19034 
    78.45568 -146.51482 
    78.27398 -145.84229 
    78.04741 -145.17694 
    77.77441 -144.52290 
    77.45383 -143.88483 
    77.08505 -143.26776 
    76.66817 -142.67708 
    76.20403 -142.11827 
    75.69439 -141.59682 
    75.14188 -141.11792 
    74.55000 -140.68637 
    73.92307 -140.30629 
    73.26604 -139.98099 
    72.58440 -139.71289 
    71.88393 -139.50340 
    71.17054 -139.35292 
    70.45006 -139.26086 
    69.72803 -139.22577 
    69.00955 -139.24541 
    68.29920 -139.31696 
    67.60092 -139.43721 
    66.91799 -139.60269 
    66.25307 -139.80986 
    65.60820 -140.05528 
    64.98492 -140.33575 
    64.38438 -140.64835 
    63.80740 -140.99049 
    63.25461 -141.35999 
    62.72656 -141.75497 
    62.22375 -142.17392 
    61.74678 -142.61554 
    61.29630 -143.07872 
    60.76398 -143.46002 
    60.21803 -143.85072 
    59.66806 -144.26517 
    59.12407 -144.71333 
    58.60439 -145.20628 
    58.13400 -145.75267 
    57.74025 -146.35547 
    57.44681 -147.00990 
    57.26785 -147.70369 
    57.20437 -148.41960 
    57.24423 -149.13950 
    57.36560 -149.84818 
Cell 10 100 83.03143 -132.39262 
    71.77798 -132.39262 
    71.43570 -133.12216 
    71.10081 -133.89981 
    71.34082 -134.62273 
    71.76920 -135.28427 
    72.22610 -135.90349 
    72.69804 -136.48390 
    73.17558 -137.03044 
    73.65334 -137.54826 
    74.12952 -138.04195 
    74.60503 -138.51476 
    75.08257 -138.96849 
    75.56564 -139.40347 
    76.05783 -139.81876 
    76.56229 -140.21248 
    77.08134 -140.58223 
    77.61638 -140.92538 
    78.16792 -141.23932 
    78.73565 -141.52162 
    79.31860 -141.77017 
    79.91527 -141.98320 
    80.52380 -142.15923 
    81.14204 -142.29716 
    81.76769 -142.39615 
    82.39828 -142.45624 
    83.03143 -142.47859 
    83.66492 -142.46155 
    84.29633 -142.40532 
    84.92333 -142.31029 
    85.54362 -142.17697 
    86.15503 -142.00607 
    86.75545 -141.79842 
    87.34289 -141.55493 
    87.91550 -141.27670 
    88.47154 -140.96486 
    89.00942 -140.62062 
    89.52767 -140.24522 
    90.02494 -139.83995 
    90.49998 -139.40605 
    90.95162 -138.94478 
    91.37877 -138.45732 
    91.78033 -137.94484 
    92.15521 -137.40846 
    92.50229 -136.84927 
    92.82034 -136.26833 
    93.10801 -135.66670 
    93.36385 -135.04553 
    93.58620 -134.40605 
    93.77328 -133.74963 
    93.92316 -133.07787 
    94.03375 -132.39262 
    94.10291 -131.69606 
    94.12848 -130.99074 
    94.10833 -130.27959 
    94.04048 -129.56598 
    93.92321 -128.85367 
    93.75510 -128.14682 
    93.53517 -127.44994 
    93.26298 -126.76778 
    92.93866 -126.10531 
    92.56203 -125.46824 
    92.01796 -124.95833 
    91.38281 -124.55016 
    90.64934 -124.28038 
    89.89964 -124.09038 
    89.21375 -123.88340 
    88.56650 -123.67075 
    87.94271 -123.45904 
    87.33309 -123.25113 
    86.73124 -123.04797 
    86.13249 -122.84854 
    85.53297 -122.64980 
    84.92876 -122.44650 
    84.31523 -122.23029 
    83.68604 -121.98793 
    83.03143 -121.69982 
    82.34267 -121.44514 
    81.65803 -121.52103 
    80.99561 -121.72044 
    80.35197 -121.95681 
    79.72867 -122.22775 
    79.12696 -122.53105 
    78.54792 -122.86468 
    77.99247 -123.22678 
    77.46144 -123.61572 
    76.90782 -123.96420 
    76.28645 -124.23934 
    75.65365 -124.53608 
    75.00927 -124.85931 
    74.60937 -125.42529 
    74.30871 -126.05520 
    74.02185 -126.67497 
    73.77186 -127.30213 
    73.50759 -127.91104 
    73.24110 -128.51636 
    72.98164 -129.12724 
    72.73494 -129.74893 
    72.49991 -130.38364 
    72.27374 -131.03362 
    72.04363 -131.70132 
Cell 11 100 119.65181 -141.09599 
    109.48678 -141.09599 
    109.49734 -141.73486 
    109.54874 -142.37231 
    109.64085 -143.00569 
    109.77338 -143.63234 
    109.94587 -144.24965 
    110.15765 -144.85500 
    110.40793 -145.44583 
    110.69568 -146.01967 
    111.01975 -146.57407 
    111.37881 -147.10667 
    111.77137 -147.61526 
    112.19580 -148.09766 
    112.65031 -148.55183 
    113.13300 -148.97588 
    113.64183 -149.36803 
    114.17464 -149.72664 
    114.72916 -150.05025 
    115.30308 -150.33752 
    115.89393 -150.58731 
    116.49924 -150.79861 
    117.11643 -150.97064 
    117.74293 -151.10272 
    118.37608 -151.19441 
    119.01326 -151.24544 
    119.65181 -151.25569 
    120.28909 -151.22530 
    120.92250 -151.15453 
    121.54946 -151.04385 
    122.16751 -150.89400 
    122.77425 -150.70587 
    123.36745 -150.48064 
    123.94508 -150.21967 
    124.50539 -149.92464 
    125.04697 -149.59740 
    125.56882 -149.24007 
    126.07049 -148.85484 
    126.55203 -148.44398 
    127.01407 -148.00961 
    127.45766 -147.55356 
    127.88410 -147.07710 
    128.29462 -146.58089 
    128.68991 -146.06473 
    129.06972 -145.52773 
    129.43225 -144.96834 
    129.77385 -144.38484 
    130.08875 -143.77574 
    130.36917 -143.14044 
    130.60577 -142.47980 
    130.78845 -141.79665 
    130.90733 -141.09599 
    130.95390 -140.38493 
    130.92216 -139.67221 
    130.80946 -138.96756 
    130.93832 -138.19810 
    131.12503 -137.36812 
    130.76675 -136.69528 
    129.97264 -136.23938 
    129.18240 -135.85651 
    128.70833 -135.34856 
    128.20888 -134.87892 
    127.69209 -134.44449 
    127.16386 -134.04170 
    126.62789 -133.66722 
    126.08601 -133.31839 
    125.56319 -132.95967 
    125.04673 -132.59496 
    124.51139 -132.25644 
    123.95908 -131.94258 
    123.39082 -131.65233 
    122.80664 -131.38641 
    122.20592 -131.14838 
    121.58816 -130.94528 
    120.95414 -130.78697 
    120.30687 -130.68413 
    119.65181 -130.64554 
    118.99620 -130.67542 
    118.32529 -130.59555 
    117.60494 -130.36595 
    116.84445 -130.16206 
    116.07206 -130.07866 
    115.33899 -130.20306 
    114.69743 -130.56741 
    114.17252 -131.12920 
    113.74944 -131.79535 
    113.38551 -132.47118 
    113.03628 -133.09918 
    112.67583 -133.66733 
    112.30082 -134.19295 
    111.92204 -134.70137 
    111.52808 -135.19376 
    111.16171 -135.70801 
    110.82809 -136.24512 
    110.52872 -136.80299 
    110.26494 -137.37947 
    110.03796 -137.97226 
    109.84885 -138.57903 
    109.69851 -139.19730 
    109.58769 -139.82460 
    109.51698 -140.45836 
Cell 12 100 -119.30058 -122.33339 
    -129.31274 -122.33339 
    -129.35086 -122.96570 
    -129.74803 -123.65321 
    -130.09019 -124.39162 
    -130.37143 -125.17590 
    -130.58652 -126.00041 
    -130.73082 -126.85894 
    -130.80061 -127.74489 
    -130.79276 -128.65126 
    -130.70514 -129.57094 
    -130.53601 -130.49640 
    -130.28464 -131.42020 
    -129.95088 -132.33470 
    -129.53535 -133.23232 
    -126.62318 -131.18491 
    -125.34074 -130.64697 
    -124.60654 -130.69424 
    -124.03228 -130.94032 
    -123.46521 -131.18369 
    -122.89759 -131.41841 
    -122.31747 -131.61841 
    -121.72265 -131.76675 
    -121.12231 -131.88329 
    -120.51989 -131.98521 
    -119.91322 -132.07109 
    -119.30058 -132.12070 
    -118.68000 -132.19717 
    -117.99939 -132.63336 
    -117.45178 -132.02513 
    -116.89982 -131.68372 
    -116.39310 -131.28166 
    -115.92535 -130.85826 
    -115.48662 -130.43846 
    -115.06535 -130.03726 
    -114.65311 -129.65663 
    -114.24421 -129.29288 
    -113.83174 -128.94408 
    -113.41032 -128.60587 
    -112.97751 -128.27115 
    -112.53263 -127.93232 
    -112.07413 -127.58370 
    -111.60215 -127.21896 
    -111.12176 -126.82973 
    -110.64455 -126.40661 
    -110.18021 -125.94440 
    -109.57813 -125.49240 
    -108.76833 -125.03761 
    -107.66745 -124.55253 
    -105.84812 -124.03283 
    -106.19553 -123.15789 
    -106.59973 -122.33339 
    -106.93994 -121.55573 
    -107.22350 -120.80770 
    -107.52309 -120.08672 
    -107.54509 -119.31509 
    -107.80630 -118.59867 
    -108.37572 -118.00793 
    -109.10965 -117.53790 
    -109.84951 -117.13762 
    -110.45610 -116.72052 
    -110.71904 -116.09854 
    -111.01528 -115.47919 
    -111.35081 -114.86807 
    -111.73196 -114.27363 
    -112.16418 -113.70698 
    -112.65096 -113.18098 
    -113.19273 -112.70896 
    -113.78635 -112.30305 
    -114.42517 -111.97262 
    -115.09960 -111.72294 
    -115.79833 -111.55459 
    -116.50968 -111.46356 
    -117.22295 -111.44208 
    -117.92947 -111.47994 
    -118.62316 -111.56618 
    -119.30058 -111.69044 
    -119.96049 -111.84427 
    -120.60325 -112.02167 
    -121.22995 -112.21924 
    -121.84181 -112.43591 
    -122.43964 -112.67236 
    -123.02352 -112.93031 
    -123.59284 -113.21186 
    -124.14629 -113.51907 
    -124.68205 -113.85354 
    -125.19918 -114.21466 
    -125.69685 -114.60162 
    -126.16912 -115.01913 
    -126.61410 -115.46554 
    -127.03003 -115.93903 
    -127.41527 -116.43772 
    -127.76828 -116.95962 
    -128.08769 -117.50263 
    -128.37222 -118.06460 
    -128.62077 -118.64326 
    -128.83238 -119.23632 
    -129.00621 -119.84141 
    -129.14159 -120.45612 
    -129.23802 -121.07800 
    -129.29514 -121.70458 
Cell 13 100 -76.36317 -108.09094 
    -86.17333 -108.09094 
    -86.35382 -108.71950 
    -86.49046 -109.37032 
    -86.40125 -110.00581 
    -86.27139 -110.63494 
    -86.10127 -111.25504 
    -85.89152 -111.86348 
    -85.64290 -112.45765 
    -85.35638 -113.03500 
    -85.03312 -113.59306 
    -84.67442 -114.12942 
    -84.28175 -114.64175 
    -83.85675 -115.12788 
    -83.40121 -115.58570 
    -82.91707 -116.01325 
    -82.40637 -116.40871 
    -81.87131 -116.77038 
    -81.31416 -117.09675 
    -80.73730 -117.38645 
    -80.14323 -117.63830 
    -79.53448 -117.85126 
    -78.91367 -118.02451 
    -78.28344 -118.15736 
    -77.64648 -118.24936 
    -77.00548 -118.30022 
    -76.36317 -118.30982 
    -75.72224 -118.27827 
    -75.08536 -118.20584 
    -74.45518 -118.09297 
    -73.83429 -117.94028 
    -73.22520 -117.74860 
    -72.63037 -117.51891 
    -72.05215 -117.25231 
    -71.49278 -116.95013 
    -70.94112 -116.63473 
    -70.39708 -116.30256 
    -69.87157 -115.93793 
    -69.36646 -115.54168 
    -68.88367 -115.11465 
    -68.42522 -114.65778 
    -67.99319 -114.17209 
    -67.58976 -113.65871 
    -67.21721 -113.11898 
    -66.87785 -112.55440 
    -66.57404 -111.96673 
    -66.30815 -111.35802 
    -66.08247 -110.73058 
    -65.89914 -110.08706 
    -65.76012 -109.43042 
    -65.66711 -108.76388 
    -65.62143 -108.09094 
    -65.62405 -107.41529 
    -65.67545 -106.74077 
    -65.77564 -106.07127 
    -65.92417 -105.41067 
    -66.12008 -104.76276 
    -66.36195 -104.13118 
    -66.64793 -103.51930 
    -66.91051 -102.89430 
    -67.17511 -102.26003 
    -67.48052 -101.63732 
    -67.82777 -101.02985 
    -68.21759 -100.44173 
    -68.65029 -99.87756 
    -69.12562 -99.34225 
    -69.64262 -98.84090 
    -70.19959 -98.37871 
    -70.79400 -97.96066 
    -71.42248 -97.59145 
    -72.08090 -97.27517 
    -72.76445 -97.01523 
    -73.46778 -96.81416 
    -74.18518 -96.67352 
    -74.91074 -96.59383 
    -75.63862 -96.57461 
    -76.36317 -96.61441 
    -77.07913 -96.71096 
    -77.78181 -96.86124 
    -78.46710 -97.06174 
    -79.13160 -97.30861 
    -79.77259 -97.59782 
    -80.38799 -97.92538 
    -80.97633 -98.28747 
    -81.53660 -98.68051 
    -82.06815 -99.10132 
    -82.57064 -99.54709 
    -82.95497 -100.12281 
    -83.25883 -100.74781 
    -83.57895 -101.31488 
    -83.90546 -101.85142 
    -84.26868 -102.34726 
    -84.63639 -102.84060 
    -84.97531 -103.35637 
    -85.24809 -103.91001 
    -85.45023 -104.49313 
    -85.61346 -105.08534 
    -85.74952 -105.68094 
    -85.86832 -106.27774 
    -85.97643 -106.87651 
    -86.07639 -107.47984 
Cell 14 100 -51.42155 -114.61667 
    -62.10497 -114.61667 
    -62.09362 -115.28810 
    -62.04158 -115.95829 
    -61.94806 -116.62471 
    -61.81250 -117.28461 
    -61.63467 -117.93511 
    -61.41469 -118.57323 
    -61.15304 -119.19596 
    -60.85056 -119.80031 
    -60.50843 -120.38338 
    -60.12809 -120.94234 
    -59.71126 -121.47451 
    -59.25991 -121.97737 
    -58.60504 -122.26631 
    -57.94077 -122.49706 
    -57.32178 -122.73764 
    -56.73809 -122.99419 
    -56.17906 -123.27055 
    -55.62983 -123.55970 
    -55.08139 -123.86036 
    -54.52788 -124.17696 
    -53.95499 -124.48375 
    -53.34890 -124.72017 
    -52.71908 -124.88768 
    -52.07409 -124.98846 
    -51.42155 -125.04602 
    -50.76394 -125.06917 
    -50.10293 -125.05465 
    -49.44013 -125.00365 
    -48.77697 -124.91665 
    -48.11483 -124.79370 
    -47.45517 -124.63461 
    -46.79951 -124.43900 
    -46.14959 -124.20633 
    -45.50733 -123.93599 
    -45.09456 -123.32502 
    -44.79459 -122.62728 
    -44.46582 -122.02377 
    -44.12008 -121.47321 
    -43.76396 -120.95158 
    -43.39973 -120.44486 
    -43.02862 -119.94299 
    -42.64495 -119.44164 
    -42.25020 -118.93238 
    -41.83837 -118.41092 
    -41.39981 -117.87293 
    -40.91880 -117.31332 
    -40.36960 -116.72495 
    -39.68706 -116.09908 
    -38.98861 -115.39888 
    -38.93706 -114.61667 
    -38.95028 -113.83205 
    -39.02856 -113.05107 
    -39.17128 -112.27981 
    -39.37700 -111.52415 
    -39.64342 -110.78973 
    -39.96753 -110.08170 
    -40.34563 -109.40474 
    -40.77354 -108.76287 
    -41.24662 -108.15946 
    -41.76001 -107.59715 
    -42.30872 -107.07787 
    -42.88776 -106.60291 
    -43.49229 -106.17286 
    -44.11768 -105.78780 
    -44.65902 -105.30884 
    -45.23306 -104.86516 
    -45.88118 -104.53877 
    -46.58182 -104.33173 
    -47.30893 -104.22936 
    -48.03876 -104.20552 
    -48.75486 -104.23061 
    -49.43863 -104.22185 
    -50.10525 -104.19708 
    -50.76661 -104.20662 
    -51.42155 -104.24974 
    -52.06899 -104.32590 
    -52.70784 -104.43465 
    -53.33697 -104.57570 
    -53.96592 -104.70699 
    -54.60293 -104.82539 
    -55.23893 -104.97507 
    -55.87206 -105.15887 
    -56.49912 -105.38060 
    -57.11531 -105.64474 
    -57.71418 -105.95562 
    -58.28795 -106.31662 
    -58.82817 -106.72942 
    -59.32658 -107.19335 
    -59.77605 -107.70522 
    -60.17145 -108.25949 
    -60.51021 -108.84883 
    -60.79819 -109.46182 
    -61.09892 -110.06285 
    -61.35878 -110.68224 
    -61.57893 -111.31634 
    -61.76038 -111.96210 
    -61.90377 -112.61708 
    -62.00926 -113.27913 
    -62.07656 -113.94631 
Cell 15 100 -60.12036 -89.74393 
    -70.59644 -89.74393 
    -70.48415 -90.39596 
    -70.38544 -91.04071 
    -70.27835 -91.68167 
    -70.13363 -92.31490 
    -69.95203 -92.93842 
    -69.73430 -93.55035 
    -69.48112 -94.14877 
    -69.19322 -94.73177 
    -68.87129 -95.29744 
    -68.51607 -95.84377 
    -68.12839 -96.36874 
    -67.70918 -96.87031 
    -67.25953 -97.34637 
    -66.78065 -97.79484 
    -66.27396 -98.21363 
    -65.74105 -98.60072 
    -65.18372 -98.95414 
    -64.60396 -99.27205 
    -64.00393 -99.55270 
    -63.38600 -99.79452 
    -62.75267 -99.99609 
    -62.10661 -100.15622 
    -61.45061 -100.27389 
    -60.78753 -100.34830 
    -60.12036 -100.37892 
    -59.45211 -100.36540 
    -58.78585 -100.30768 
    -58.12463 -100.20592 
    -57.47152 -100.06049 
    -56.82953 -99.87207 
    -56.20164 -99.64149 
    -55.59074 -99.36987 
    -54.99963 -99.05851 
    -54.43100 -98.70893 
    -53.88741 -98.32285 
    -53.37130 -97.90214 
    -52.88491 -97.44890 
    -52.43036 -96.96532 
    -52.00953 -96.45379 
    -51.62416 -95.91678 
    -51.21528 -95.39526 
    -50.82013 -94.85677 
    -50.45844 -94.29048 
    -50.13371 -93.69792 
    -49.84949 -93.08113 
    -49.60923 -92.44273 
    -49.41615 -91.78587 
    -49.27307 -91.11426 
    -49.18224 -90.43210 
    -49.14525 -89.74393 
    -49.16288 -89.05454 
    -49.23512 -88.36880 
    -49.36110 -87.69149 
    -49.53917 -87.02714 
    -49.76699 -86.37991 
    -50.04166 -85.75349 
    -50.35987 -85.15099 
    -50.71804 -84.57496 
    -51.11250 -84.02737 
    -51.08935 -83.18252 
    -50.61597 -81.88121 
    -52.04924 -82.16463 
    -52.98397 -82.14444 
    -53.51007 -81.75346 
    -54.00299 -81.32410 
    -54.49077 -80.87311 
    -55.00367 -80.43669 
    -55.54253 -80.01555 
    -56.10850 -79.61113 
    -56.70281 -79.22579 
    -57.32660 -78.86295 
    -57.98064 -78.52710 
    -58.66503 -78.22381 
    -59.37895 -77.95956 
    -60.12036 -77.74155 
    -60.88582 -77.57729 
    -61.67039 -77.47421 
    -62.46761 -77.43920 
    -63.26968 -77.47813 
    -64.06767 -77.59536 
    -64.85191 -77.79341 
    -65.61244 -78.07266 
    -66.33954 -78.43129 
    -67.02419 -78.86523 
    -67.65858 -79.36846 
    -68.23644 -79.93327 
    -68.75336 -80.55071 
    -69.20686 -81.21113 
    -69.59641 -81.90466 
    -69.92319 -82.62176 
    -70.18993 -83.35359 
    -70.40045 -84.09240 
    -70.55934 -84.83172 
    -70.67147 -85.56645 
    -70.74168 -86.29285 
    -70.77444 -87.00842 
    -70.77361 -87.71172 
    -70.74227 -88.40207 
    -70.68272 -89.07940 
Cell 16 100 -34.31669 -124.65944 
    -45.26772 -124.65944 
    -45.17575 -125.34264 
    -45.03235 -126.01314 
    -44.84231 -126.66731 
    -44.61058 -127.30246 
    -44.34189 -127.91682 
    -44.07159 -128.52168 
    -43.78286 -129.11388 
    -43.46906 -129.69099 
    -43.13017 -130.25264 
    -42.78389 -130.81122 
    -42.40216 -131.34831 
    -41.98837 -131.86362 
    -41.54351 -132.35522 
    -41.06908 -132.82169 
    -40.56677 -133.26195 
    -40.03616 -133.67188 
    -39.47847 -134.04869 
    -38.89536 -134.38962 
    -38.28820 -134.69034 
    -37.65996 -134.94897 
    -37.01387 -135.16426 
    -36.35314 -135.33490 
    -35.68105 -135.45949 
    -35.00109 -135.53763 
    -34.31669 -135.56857 
    -33.63142 -135.55144 
    -32.94894 -135.48631 
    -32.27285 -135.37360 
    -31.60670 -135.21413 
    -30.95400 -135.00873 
    -30.31842 -134.75790 
    -29.70246 -134.46516 
    -29.10907 -134.13206 
    -28.54093 -133.76059 
    -28.00061 -133.35277 
    -27.49052 -132.91086 
    -27.01280 -132.43730 
    -26.56945 -131.93457 
    -26.16217 -131.40544 
    -25.79251 -130.85262 
    -25.46172 -130.27898 
    -25.17083 -129.68742 
    -24.93179 -129.07564 
    -24.74105 -128.45070 
    -24.60384 -127.81534 
    -24.54377 -127.16870 
    -24.52395 -126.52750 
    -24.46727 -125.90371 
    -24.43153 -125.28136 
    -24.42340 -124.65944 
    -24.43852 -124.03796 
    -24.47719 -123.41642 
    -24.53831 -122.79411 
    -24.62097 -122.17000 
    -24.72527 -121.54300 
    -24.85453 -120.91311 
    -25.04614 -120.29705 
    -25.26192 -119.68154 
    -25.50192 -119.06542 
    -25.76752 -118.44810 
    -26.06156 -117.83021 
    -26.38823 -117.21412 
    -26.75267 -116.60458 
    -27.16035 -116.00891 
    -27.61620 -115.43700 
    -28.12367 -114.90079 
    -28.68390 -114.41344 
    -29.29510 -113.98803 
    -29.95231 -113.63629 
    -30.64762 -113.36720 
    -31.37082 -113.18602 
    -32.11040 -113.09366 
    -32.85471 -113.08672 
    -33.59308 -113.15801 
    -34.31669 -113.29762 
    -35.01915 -113.49412 
    -35.69665 -113.73595 
    -36.34769 -114.01255 
    -36.97796 -114.29446 
    -37.58497 -114.60071 
    -38.16535 -114.93884 
    -38.72098 -115.29985 
    -39.25430 -115.67797 
    -39.72638 -116.13513 
    -40.19666 -116.56636 
    -40.64054 -117.01521 
    -41.06042 -117.47809 
    -41.46215 -117.94940 
    -41.85081 -118.42667 
    -42.23165 -118.90889 
    -42.60989 -119.39641 
    -42.98931 -119.89162 
    -43.36705 -120.40067 
    -43.74573 -120.92622 
    -44.12056 -121.47397 
    -44.48006 -122.04993 
    -44.80786 -122.65814 
    -45.08350 -123.29928 
    -45.30396 -123.96818 
Cell 17 100 -14.49765 -123.34502 
    -24.48421 -123.34502 
    -24.44271 -123.97070 
    -24.42487 -124.59911 
    -24.43099 -125.23990 
    -24.46737 -125.90481 
    -24.52630 -126.60352 
    -24.40311 -127.26686 
    -24.13351 -127.87930 
    -23.82494 -128.47273 
    -23.47911 -129.04483 
    -23.09781 -129.59340 
    -22.68287 -130.11642 
    -22.23622 -130.61201 
    -21.75979 -131.07841 
    -21.25557 -131.51393 
    -20.72560 -131.91705 
    -20.17195 -132.28629 
    -19.59674 -132.62024 
    -19.00219 -132.91765 
    -18.39054 -133.17732 
    -17.76411 -133.39816 
    -17.12536 -133.57925 
    -16.47673 -133.71971 
    -15.82080 -133.81883 
    -15.16020 -133.87598 
    -14.49765 -133.88977 
    -13.83629 -133.85699 
    -13.18119 -133.76590 
    -12.54995 -133.55519 
    -11.98697 -133.12344 
    -11.44767 -132.73189 
    -10.90685 -132.41434 
    -10.36537 -132.12656 
    -9.81913 -131.85521 
    -9.25921 -131.59949 
    -8.67286 -131.36215 
    -7.98807 -131.21375 
    -7.38697 -130.91711 
    -6.93986 -130.44225 
    -6.52710 -129.93883 
    -6.14869 -129.41089 
    -5.80604 -128.86089 
    -5.50040 -128.29131 
    -5.23279 -127.70473 
    -5.00410 -127.10378 
    -4.81497 -126.49111 
    -4.66588 -125.86938 
    -4.55704 -125.24129 
    -4.48708 -124.60964 
    -4.40657 -123.97990 
    -4.36086 -123.34502 
    -4.35043 -122.70660 
    -4.37538 -122.06628 
    -4.43597 -121.42565 
    -4.53260 -120.78643 
    -4.66586 -120.15047 
    -4.83647 -119.51989 
    -5.04527 -118.89706 
    -5.29310 -118.28477 
    -5.58074 -117.68617 
    -5.90875 -117.10481 
    -6.27736 -116.54460 
    -6.68631 -116.00968 
    -7.13479 -115.50436 
    -7.62128 -115.03292 
    -8.14361 -114.59943 
    -8.69888 -114.20761 
    -9.28356 -113.86062 
    -9.89362 -113.56096 
    -10.39492 -112.98270 
    -10.69405 -111.63875 
    -11.50432 -111.68678 
    -12.38585 -112.27456 
    -13.09031 -112.20482 
    -13.80033 -112.26150 
    -14.49765 -112.41998 
    -15.17079 -112.64583 
    -15.81647 -112.90549 
    -16.43773 -113.17477 
    -17.05538 -113.38332 
    -17.66099 -113.60927 
    -18.25011 -113.86739 
    -18.82150 -114.15637 
    -19.37391 -114.47514 
    -19.90606 -114.82273 
    -20.41660 -115.19828 
    -20.91761 -115.58462 
    -21.42884 -115.96405 
    -21.91764 -116.37717 
    -22.38130 -116.82310 
    -22.81707 -117.30061 
    -23.22226 -117.80821 
    -23.59424 -118.34412 
    -23.93054 -118.90623 
    -24.22884 -119.49216 
    -24.48694 -120.09930 
    -24.70250 -120.72485 
    -24.75709 -121.38792 
    -24.63862 -122.06391 
    -24.54910 -122.71263 
Cell 18 100 16.82643 -122.37919 
    6.70854 -122.37919 
    6.72787 -123.01453 
    6.77830 -123.64856 
    6.86902 -124.27866 
    6.99977 -124.90224 
    7.17011 -125.51672 
    7.37942 -126.11952 
    7.62692 -126.70815 
    7.91164 -127.28013 
    8.23248 -127.83307 
    8.58816 -128.36464 
    8.97723 -128.87260 
    9.39813 -129.35483 
    9.84912 -129.80927 
    10.32834 -130.23402 
    10.83381 -130.62732 
    11.36343 -130.98749 
    11.91499 -131.31306 
    12.48618 -131.60268 
    13.07462 -131.85516 
    13.67784 -132.06952 
    14.29333 -132.24492 
    14.91853 -132.38072 
    15.55084 -132.47652 
    16.18766 -132.53203 
    16.82643 -132.54727 
    17.46459 -132.52248 
    18.09968 -132.45805 
    18.72935 -132.35471 
    19.35140 -132.21332 
    19.96381 -132.03505 
    20.56479 -131.82123 
    21.15287 -131.57335 
    21.72685 -131.29301 
    22.28587 -130.98190 
    22.82943 -130.64162 
    23.35728 -130.27364 
    23.86941 -129.87921 
    24.24994 -129.35033 
    24.56103 -128.77780 
    24.80662 -128.17714 
    25.02954 -127.58504 
    25.23710 -127.00300 
    25.43596 -126.43053 
    25.63154 -125.86539 
    25.82829 -125.30408 
    26.02999 -124.74226 
    26.23980 -124.17488 
    26.45995 -123.59618 
    26.69073 -122.99980 
    26.93962 -122.37919 
    27.27546 -121.72179 
    27.70649 -121.00471 
    28.29705 -120.19105 
    28.40919 -119.40524 
    28.18803 -118.68758 
    27.89532 -117.99670 
    27.53570 -117.33979 
    27.11549 -116.72273 
    26.64220 -116.14990 
    26.12410 -115.62404 
    25.56961 -115.14620 
    24.98688 -114.71601 
    24.38335 -114.33188 
    23.76548 -113.99131 
    23.13851 -113.69135 
    22.50647 -113.42887 
    21.90209 -113.14659 
    21.29451 -112.88403 
    20.67407 -112.66116 
    20.04352 -112.47797 
    19.40549 -112.33437 
    18.76246 -112.23012 
    18.11679 -112.16491 
    17.47072 -112.13837 
    16.82643 -112.09082 
    16.17846 -112.08005 
    15.52936 -112.11188 
    14.88221 -112.18724 
    14.24027 -112.30679 
    13.60701 -112.47084 
    12.98594 -112.67924 
    12.38063 -112.93140 
    11.79455 -113.22624 
    11.23099 -113.56220 
    10.69302 -113.93728 
    10.18335 -114.34910 
    9.70436 -114.79495 
    9.25798 -115.27195 
    8.84579 -115.77704 
    8.46898 -116.30714 
    8.12838 -116.85924 
    7.82456 -117.43037 
    7.55787 -118.01774 
    7.32688 -118.61805 
    7.12687 -119.22762 
    6.96560 -119.84736 
    6.84317 -120.47478 
    6.75958 -121.10745 
    6.71475 -121.74302 
Cell 19 100 23.22623 -101.27646 
    12.03953 -101.27646 
    12.09639 -101.97668 
    12.20443 -102.66884 
    12.36178 -103.34896 
    12.56616 -104.01350 
    12.81499 -104.65927 
    13.10551 -105.28353 
    13.43482 -105.88394 
    13.80002 -106.45856 
    14.19823 -107.00580 
    14.62670 -107.52438 
    15.08281 -108.01328 
    15.56412 -108.47166 
    16.06835 -108.89883 
    16.59340 -109.29417 
    17.12718 -109.67107 
    17.65332 -110.05796 
    18.20477 -110.41045 
    18.77925 -110.72678 
    19.37429 -111.00533 
    19.98735 -111.24468 
    20.61576 -111.44358 
    21.25673 -111.60094 
    21.90742 -111.71593 
    22.56491 -111.78790 
    23.22623 -111.81641 
    23.88839 -111.80125 
    24.54839 -111.74242 
    25.20321 -111.64017 
    25.84988 -111.49493 
    26.48547 -111.30737 
    27.10708 -111.07838 
    27.71193 -110.80905 
    28.29729 -110.50069 
    28.86057 -110.15476 
    29.39931 -109.77297 
    29.91118 -109.35717 
    30.39402 -108.90939 
    30.84587 -108.43179 
    31.26497 -107.92669 
    31.64979 -107.39654 
    31.99908 -106.84388 
    32.31187 -106.27133 
    32.58752 -105.68155 
    32.82574 -105.07718 
    33.02663 -104.46080 
    33.19062 -103.83488 
    33.31850 -103.20166 
    33.41132 -102.56313 
    33.47034 -101.92097 
    33.49680 -101.27646 
    33.49183 -100.63060 
    33.45618 -99.98412 
    33.39007 -99.33760 
    33.29301 -98.69175 
    33.16369 -98.04758 
    33.00003 -97.40674 
    32.79930 -96.77171 
    32.55834 -96.14609 
    32.27403 -95.53455 
    32.00711 -94.89677 
    31.74900 -94.22581 
    31.45507 -93.54906 
    31.11734 -92.87328 
    30.72775 -92.20867 
    30.27936 -91.56865 
    29.76746 -90.96912 
    29.19065 -90.42722 
    28.55145 -89.95979 
    27.85654 -89.58162 
    27.11637 -89.30384 
    26.34421 -89.13273 
    25.55493 -89.06898 
    24.76349 -89.10777 
    23.98354 -89.23941 
    23.22623 -89.45061 
    22.49954 -89.72604 
    21.80799 -90.04999 
    21.15294 -90.40791 
    20.53314 -90.78756 
    19.94559 -91.17970 
    19.38423 -91.57269 
    18.75584 -91.77641 
    18.13652 -92.01832 
    17.52884 -92.29882 
    16.93564 -92.61821 
    16.35999 -92.97661 
    15.80521 -93.37388 
    15.27483 -93.80960 
    14.77251 -94.28294 
    14.30201 -94.79263 
    13.86706 -95.33695 
    13.47129 -95.91364 
    13.11814 -96.51996 
    12.81071 -97.15266 
    12.55171 -97.80810 
    12.34334 -98.48221 
    12.18723 -99.17065 
    12.08440 -99.86892 
    12.03525 -100.57238 
Cell 20 100 67.03879 -100.46215 
    56.95004 -100.46215 
    56.96527 -101.09592 
    57.02047 -101.72776 
    57.11551 -102.35512 
    57.25008 -102.97546 
    57.42370 -103.58628 
    57.63575 -104.18507 
    57.88540 -104.76941 
    58.17168 -105.33688 
    58.49347 -105.88518 
    58.84947 -106.41203 
    59.23827 -106.91530 
    59.65829 -107.39290 
    60.10778 -107.84292 
    60.58496 -108.26349 
    61.08786 -108.65289 
    61.61444 -109.00955 
    62.16253 -109.33203 
    62.72988 -109.61904 
    63.31418 -109.86943 
    63.91303 -110.08224 
    64.52399 -110.25665 
    65.14457 -110.39201 
    65.77225 -110.48783 
    66.40450 -110.54383 
    67.03879 -110.55986 
    67.67258 -110.53596 
    68.30337 -110.47235 
    68.92870 -110.36939 
    69.54613 -110.22762 
    70.15333 -110.04773 
    70.74800 -109.83056 
    71.32795 -109.57709 
    71.89107 -109.28841 
    72.43533 -108.96575 
    72.95886 -108.61044 
    73.45985 -108.22388 
    73.93660 -107.80758 
    74.38753 -107.36308 
    74.81115 -106.89201 
    75.20605 -106.39601 
    75.57093 -105.87682 
    75.90454 -105.33614 
    76.20570 -104.77577 
    76.47327 -104.19753 
    76.71033 -103.60463 
    76.98464 -103.01582 
    77.26160 -102.41225 
    77.54218 -101.78904 
    77.81825 -101.14034 
    78.07057 -100.46215 
    78.27009 -99.75554 
    78.38328 -99.02901 
    78.38048 -98.29861 
    78.24438 -97.58504 
    77.97546 -96.90861 
    77.59206 -96.28381 
    77.12501 -95.71593 
    76.67805 -95.16293 
    76.53290 -94.43700 
    76.34315 -93.70214 
    76.09489 -92.97028 
    75.77510 -92.25821 
    75.37388 -91.58618 
    74.88660 -90.97578 
    74.31520 -90.44703 
    73.66838 -90.01558 
    72.96059 -89.69042 
    72.21007 -89.47262 
    71.43623 -89.35549 
    70.65714 -89.32603 
    69.88748 -89.36723 
    69.13739 -89.46090 
    68.41496 -89.56859 
    67.72324 -89.58319 
    67.03879 -89.64404 
    66.36473 -89.74828 
    65.70360 -89.89304 
    65.05744 -90.07558 
    64.42789 -90.29338 
    63.81625 -90.54418 
    63.22359 -90.82606 
    62.65089 -91.13739 
    62.09907 -91.47683 
    61.56907 -91.84325 
    61.06192 -92.23570 
    60.57874 -92.65329 
    60.12072 -93.09516 
    59.68920 -93.56042 
    59.28553 -94.04810 
    58.90687 -94.55396 
    58.55095 -95.07561 
    58.22763 -95.61818 
    57.93824 -96.17976 
    57.68402 -96.75834 
    57.46609 -97.35180 
    57.28543 -97.95792 
    57.14288 -98.57440 
    57.03913 -99.19890 
    56.97472 -99.82897 
Cell 21 100 64.47851 -126.28011 
    54.47127 -126.28011 
    54.49213 -126.90839 
    54.55243 -127.53406 
    54.65190 -128.15463 
    54.79013 -128.76765 
    54.96657 -129.37071 
    55.18035 -129.96150 
    55.38632 -130.55856 
    55.61241 -131.15428 
    55.87702 -131.73877 
    56.18018 -132.30920 
    56.52156 -132.86266 
    56.90057 -133.39626 
    57.31625 -133.90714 
    57.76742 -134.39243 
    58.25260 -134.84933 
    58.77002 -135.27525 
    59.31770 -135.66757 
    59.89344 -136.02388 
    60.49474 -136.34195 
    61.11897 -136.61969 
    61.76348 -136.85443 
    62.42518 -137.04404 
    63.10047 -137.18843 
    63.78605 -137.28648 
    64.47851 -137.33766 
    65.17448 -137.34225 
    65.87067 -137.30017 
    66.56380 -137.21158 
    67.25043 -137.07600 
    67.92606 -136.89058 
    68.58743 -136.65807 
    69.23125 -136.38019 
    69.84191 -136.03610 
    70.38295 -135.58401 
    70.80036 -134.98138 
    71.04527 -134.21796 
    71.26841 -133.51062 
    71.53628 -132.90779 
    71.79952 -132.33658 
    72.02105 -131.76009 
    72.21902 -131.19238 
    72.41045 -130.64073 
    72.60365 -130.10350 
    72.80348 -129.57620 
    73.01310 -129.05316 
    73.23589 -128.52861 
    73.47045 -127.99541 
    73.70932 -127.44623 
    73.94193 -126.87549 
    74.20461 -126.28011 
    74.50237 -125.64946 
    74.78183 -124.97849 
    74.71032 -124.32829 
    74.59583 -123.68242 
    74.43790 -123.04410 
    74.23642 -122.41667 
    73.99160 -121.80358 
    73.70407 -121.20831 
    73.37489 -120.63429 
    73.00554 -120.08485 
    72.59795 -119.56312 
    72.15441 -119.07195 
    71.67758 -118.61387 
    71.17036 -118.19105 
    70.63586 -117.80524 
    70.11195 -117.40322 
    69.63216 -116.90565 
    69.12338 -116.40924 
    68.57784 -115.92637 
    67.98893 -115.47615 
    67.35352 -115.08270 
    66.67389 -114.77151 
    65.95847 -114.56498 
    65.22105 -114.47778 
    64.47851 -114.51387 
    63.74778 -114.66559 
    63.04282 -114.91544 
    62.37246 -115.23981 
    61.73983 -115.61366 
    61.14310 -116.01479 
    60.57732 -116.42682 
    60.03645 -116.84026 
    59.51529 -117.25204 
    59.01051 -117.66391 
    58.52103 -118.08035 
    58.04779 -118.50670 
    57.59305 -118.94784 
    57.15983 -119.40741 
    56.75127 -119.88758 
    56.37035 -120.38919 
    56.01963 -120.91194 
    55.70125 -121.45477 
    55.41697 -122.01608 
    55.16821 -122.59390 
    54.95612 -123.18610 
    54.78160 -123.79036 
    54.64539 -124.40434 
    54.54804 -125.02560 
    54.48993 -125.65168 
Cell 22 100 72.82888 -77.41608 
    60.69555 -77.41608 
    60.71508 -78.17822 
    60.80883 -78.93457 
    60.97414 -79.67750 
    61.20683 -80.40012 
    61.50143 -81.09660 
    61.85163 -81.76228 
    62.25060 -82.39384 
    62.69147 -82.98917 
    63.16761 -83.54731 
    63.67299 -84.06823 
    64.20232 -84.55259 
    64.75125 -85.00148 
    65.31628 -85.41619 
    65.89481 -85.79794 
    66.48498 -86.14772 
    67.08549 -86.46622 
    67.69547 -86.75371 
    68.31432 -87.01003 
    68.94144 -87.23463 
    69.57624 -87.42667 
    70.21793 -87.58508 
    70.86547 -87.70866 
    71.51757 -87.79616 
    72.17266 -87.84641 
    72.82888 -87.86482 
    73.48530 -87.84953 
    74.13958 -87.79132 
    74.78881 -87.69041 
    75.43011 -87.54723 
    76.06065 -87.36243 
    76.67759 -87.13682 
    77.27824 -86.87145 
    77.85994 -86.56755 
    78.42015 -86.22652 
    78.95644 -85.84995 
    79.46651 -85.43961 
    79.94820 -84.99740 
    80.39951 -84.52538 
    80.81864 -84.02579 
    81.20405 -83.50100 
    81.55456 -82.95357 
    81.86956 -82.38624 
    82.14939 -81.80199 
    82.39580 -81.20390 
    82.61259 -80.59501 
    82.80625 -79.97784 
    82.98620 -79.35370 
    83.16420 -78.72174 
    83.35251 -78.07818 
    83.56047 -77.41608 
    83.78996 -76.72647 
    84.03099 -76.00093 
    84.25912 -75.23565 
    84.43677 -74.43568 
    84.51899 -73.61774 
    84.46326 -72.80971 
    84.24020 -72.04633 
    83.84192 -71.36162 
    83.28466 -70.78065 
    82.60491 -70.31339 
    81.85021 -69.95299 
    81.34343 -69.42039 
    80.93159 -68.78757 
    80.47234 -68.17673 
    79.96533 -67.59360 
    79.41103 -67.04427 
    78.81075 -66.53509 
    78.16680 -66.07243 
    77.48248 -65.66243 
    76.76212 -65.31084 
    76.01096 -65.02271 
    75.23509 -64.80226 
    74.44128 -64.65264 
    73.63672 -64.57583 
    72.82888 -64.57252 
    72.02522 -64.64215 
    71.23294 -64.78290 
    70.45882 -64.99180 
    69.70898 -65.26487 
    68.98872 -65.59731 
    68.30248 -65.98370 
    67.65370 -66.41827 
    67.04489 -66.89505 
    66.47764 -67.40813 
    65.95273 -67.95187 
    65.47021 -68.52098 
    65.02960 -69.11070 
    64.62999 -69.71681 
    64.27020 -70.33573 
    63.94894 -70.96443 
    63.46541 -71.47385 
    62.96317 -71.99236 
    62.49309 -72.55243 
    62.06251 -73.15337 
    61.67896 -73.79326 
    61.34982 -74.46877 
    61.08184 -75.17522 
    60.88081 -75.90669 
    60.75112 -76.65622 
Cell 23 100 89.76986 -114.62492 
    78.22263 -114.62492 
    78.39095 -115.34081 
    78.60850 -116.03493 
    78.86803 -116.70455 
    79.16284 -117.34834 
    79.48716 -117.96597 
    79.83632 -118.55788 
    80.20684 -119.12493 
    80.59640 -119.66807 
    81.00365 -120.18812 
    81.42811 -120.68555 
    81.87063 -121.15973 
    82.46062 -121.48875 
    83.09840 -121.72929 
    83.68062 -121.98554 
    84.25976 -122.20892 
    84.82854 -122.41119 
    85.38544 -122.60016 
    85.93147 -122.78190 
    86.46946 -122.96078 
    87.00321 -123.13978 
    87.53716 -123.32072 
    88.07603 -123.50429 
    88.62469 -123.68987 
    89.18790 -123.87491 
    89.76986 -124.05122 
    90.37292 -124.21033 
    91.00621 -124.41164 
    91.70238 -124.75552 
    92.47188 -125.14860 
    93.13314 -124.97602 
    93.78210 -124.75868 
    94.41555 -124.49751 
    95.03032 -124.19366 
    95.62334 -123.84854 
    96.19169 -123.46381 
    96.73254 -123.04136 
    97.24326 -122.58327 
    97.72135 -122.09187 
    98.16457 -121.56963 
    98.57083 -121.01920 
    98.93829 -120.44338 
    99.26534 -119.84510 
    99.55061 -119.22739 
    99.79299 -118.59335 
    99.99163 -117.94617 
    100.14593 -117.28904 
    100.25556 -116.62517 
    100.32049 -115.95777 
    100.34090 -115.28999 
    100.31728 -114.62492 
    100.25037 -113.96554 
    100.14115 -113.31472 
    99.99088 -112.67516 
    99.80101 -112.04935 
    99.57326 -111.43960 
    99.30949 -110.84791 
    99.01175 -110.27602 
    98.68220 -109.72532 
    98.32310 -109.19687 
    97.93665 -108.69139 
    97.52507 -108.20925 
    97.09040 -107.75047 
    96.63449 -107.31483 
    96.15890 -106.90190 
    95.66483 -106.51118 
    95.15318 -106.14215 
    94.62442 -105.79450 
    94.07867 -105.46824 
    93.51575 -105.16389 
    92.93534 -104.88256 
    92.33713 -104.62608 
    91.72092 -104.39709 
    91.08697 -104.19893 
    90.43608 -104.03563 
    89.76986 -103.91171 
    89.09083 -103.83198 
    88.40250 -103.80119 
    87.70943 -103.82374 
    87.01704 -103.90337 
    86.33150 -104.04276 
    85.65952 -104.24339 
    85.00791 -104.50527 
    84.38335 -104.82690 
    83.79198 -105.20530 
    83.23914 -105.63615 
    82.65888 -106.02922 
    82.02247 -106.37478 
    81.40547 -106.77023 
    80.81613 -107.21775 
    80.26343 -107.71809 
    79.75658 -108.27029 
    79.30448 -108.87153 
    78.91510 -109.51706 
    78.59491 -110.20045 
    78.34844 -110.91387 
    78.17797 -111.64863 
    78.08344 -112.39561 
    78.06249 -113.14594 
    78.11084 -113.89140 
Cell 24 100 -94.94492 -102.26131 
    -105.12304 -102.26131 
    -105.11121 -102.90092 
    -105.05857 -103.53896 
    -104.96519 -104.17278 
    -104.83143 -104.79974 
    -104.65777 -105.41720 
    -104.44491 -106.02262 
    -104.19371 -106.61346 
    -103.90522 -107.18727 
    -103.58064 -107.74171 
    -103.22134 -108.27448 
    -102.82886 -108.78347 
    -102.40483 -109.26663 
    -101.95107 -109.72210 
    -101.46948 -110.14816 
    -100.96207 -110.54322 
    -100.43095 -110.90591 
    -99.87826 -111.23502 
    -99.30621 -111.52953 
    -98.71703 -111.78857 
    -98.11294 -112.01147 
    -97.49616 -112.19775 
    -96.86887 -112.34705 
    -96.23321 -112.45916 
    -95.59122 -112.53401 
    -94.94492 -112.57161 
    -94.29622 -112.57206 
    -93.64699 -112.53547 
    -92.99902 -112.46203 
    -92.35410 -112.35187 
    -91.71397 -112.20513 
    -91.08041 -112.02193 
    -90.45526 -111.80231 
    -89.84043 -111.54633 
    -89.23798 -111.25400 
    -88.65011 -110.92536 
    -88.07923 -110.56049 
    -87.52793 -110.15959 
    -86.99917 -109.72286 
    -86.51626 -109.23410 
    -86.30241 -108.54045 
    -86.13543 -107.85198 
    -86.02430 -107.16546 
    -85.91070 -106.51249 
    -85.79031 -105.88587 
    -85.65768 -105.27892 
    -85.50326 -104.68552 
    -85.31347 -104.09860 
    -85.05156 -103.51112 
    -84.68010 -102.90711 
    -84.20571 -102.26131 
    -83.72533 -101.55543 
    -83.28145 -100.78787 
    -82.84121 -99.95240 
    -83.22614 -99.25243 
    -83.79337 -98.63795 
    -84.43768 -98.10120 
    -84.87502 -97.52277 
    -84.75277 -96.65813 
    -84.52889 -95.65110 
    -86.11743 -95.84776 
    -86.59757 -95.35579 
    -87.10486 -94.89900 
    -87.63595 -94.47805 
    -88.18770 -94.09323 
    -88.75719 -93.74464 
    -89.34177 -93.43217 
    -89.93902 -93.15561 
    -90.54675 -92.91472 
    -91.16297 -92.70921 
    -91.78590 -92.53883 
    -92.41384 -92.40343 
    -93.04523 -92.30283 
    -93.67558 -92.21347 
    -94.30440 -92.08059 
    -94.94492 -91.95605 
    -95.60066 -91.83847 
    -96.27498 -91.73277 
    -96.96880 -91.65176 
    -97.67828 -91.61554 
    -98.39330 -91.64827 
    -99.09769 -91.77261 
    -99.77182 -92.00362 
    -100.39692 -92.34415 
    -100.95960 -92.78368 
    -101.45499 -93.30096 
    -101.88721 -93.86951 
    -102.26717 -94.46391 
    -102.60862 -95.06461 
    -102.92416 -95.66030 
    -103.22236 -96.24740 
    -103.50674 -96.82780 
    -103.79025 -97.39854 
    -104.08876 -97.95854 
    -104.35165 -98.53692 
    -104.57769 -99.13143 
    -104.76579 -99.73973 
    -104.91505 -100.35941 
    -105.02470 -100.98793 
    -105.09417 -101.62277 
