69 25 
Cell 0 100 -120.59843 -148.39235 
    -130.59853 -148.39235 
    -130.57878 -149.02026 
    -130.51965 -149.64569 
    -130.42136 -150.26617 
    -130.28430 -150.87926 
    -130.10902 -151.48253 
    -129.89621 -152.07359 
    -129.64998 -152.65169 
    -129.37376 -153.21663 
    -129.06911 -153.76801 
    -128.73067 -154.30077 
    -128.35869 -154.81219 
    -127.95435 -155.30002 
    -127.51910 -155.76212 
    -127.05452 -156.19641 
    -126.56236 -156.60100 
    -126.04454 -156.97403 
    -125.50305 -157.31381 
    -124.94005 -157.61874 
    -124.35780 -157.88742 
    -123.75866 -158.11853 
    -123.14510 -158.31096 
    -122.51965 -158.46373 
    -121.88494 -158.57608 
    -121.24363 -158.64740 
    -120.59843 -158.67723 
    -119.95211 -158.66539 
    -119.30742 -158.61179 
    -118.66713 -158.51659 
    -118.03401 -158.38013 
    -117.41078 -158.20294 
    -116.80014 -157.98573 
    -116.20473 -157.72946 
    -115.62711 -157.43515 
    -115.06977 -157.10413 
    -114.53512 -156.73779 
    -114.02543 -156.33775 
    -113.54287 -155.90576 
    -113.08948 -155.44373 
    -112.66714 -154.95369 
    -112.27763 -154.43777 
    -111.92252 -153.89825 
    -111.60323 -153.33751 
    -111.32101 -152.75797 
    -111.07634 -152.16241 
    -110.84255 -151.56223 
    -110.64254 -150.94859 
    -110.47653 -150.32321 
    -110.34464 -149.68770 
    -110.24719 -149.04359 
    -110.43433 -148.39235 
    -110.80851 -147.77641 
    -111.10917 -147.19357 
    -111.36799 -146.63155 
    -111.60107 -146.08221 
    -111.82004 -145.54008 
    -112.03398 -145.00145 
    -112.24938 -144.46359 
    -112.46849 -143.92288 
    -112.70026 -143.38000 
    -112.94854 -142.83438 
    -113.20885 -142.27914 
    -113.51870 -141.74403 
    -113.86234 -141.21913 
    -114.22806 -140.69189 
    -114.56399 -140.08664 
    -114.76302 -139.19720 
    -115.01756 -138.24077 
    -115.83538 -138.27034 
    -116.58988 -138.26790 
    -117.30243 -138.24828 
    -117.97185 -138.16246 
    -118.62774 -138.06161 
    -119.27866 -137.94525 
    -119.93270 -137.81084 
    -120.59843 -137.56789 
    -121.29644 -137.29784 
    -122.04032 -136.97865 
    -122.84731 -136.60333 
    -123.56608 -136.83414 
    -124.24039 -137.18355 
    -124.85720 -137.63593 
    -125.35789 -138.27798 
    -125.80068 -138.92950 
    -126.30782 -139.39581 
    -126.80652 -139.84766 
    -127.39207 -140.18025 
    -128.18568 -140.31274 
    -128.18463 -141.26843 
    -128.49925 -141.85622 
    -128.84689 -142.39951 
    -129.16406 -142.95644 
    -129.45047 -143.52591 
    -129.70563 -144.10683 
    -129.92897 -144.69814 
    -130.11984 -145.29866 
    -130.28439 -145.90541 
    -130.42143 -146.51851 
    -130.51970 -147.13901 
    -130.57881 -147.76443 
Cell 1 100 -103.11092 -141.61362 
    -113.60408 -141.61362 
    -113.22573 -142.24998 
    -112.93907 -142.85519 
    -112.67545 -143.43814 
    -112.43423 -144.00743 
    -112.20711 -144.56915 
    -111.98419 -145.12679 
    -111.76176 -145.68439 
    -111.53264 -146.24350 
    -111.28882 -146.80347 
    -111.02245 -147.36168 
    -110.72554 -147.91299 
    -110.41206 -148.46986 
    -109.98429 -148.93301 
    -109.50224 -149.33939 
    -109.00655 -149.72826 
    -108.48717 -150.08524 
    -107.94617 -150.40891 
    -107.38567 -150.69792 
    -106.80789 -150.95111 
    -106.21513 -151.16742 
    -105.60976 -151.34595 
    -104.99417 -151.48598 
    -104.37083 -151.58690 
    -103.74225 -151.64828 
    -103.11092 -151.66988 
    -102.47939 -151.65157 
    -101.85017 -151.59340 
    -101.22583 -151.49561 
    -100.60884 -151.35857 
    -100.00170 -151.18280 
    -99.40685 -150.96904 
    -98.82667 -150.71811 
    -98.26350 -150.43103 
    -97.71960 -150.10896 
    -97.19716 -149.75320 
    -96.69827 -149.36517 
    -96.22492 -148.94646 
    -95.77902 -148.49873 
    -95.36234 -148.02380 
    -94.97653 -147.52359 
    -94.61417 -147.00581 
    -94.27960 -146.46867 
    -94.01186 -145.89531 
    -94.02036 -145.21281 
    -93.98174 -144.57986 
    -93.93381 -143.96991 
    -93.89699 -143.37126 
    -93.87404 -142.78050 
    -93.86600 -142.19525 
    -93.86738 -141.61362 
    -93.84798 -141.03085 
    -93.83616 -140.44194 
    -93.82687 -139.84259 
    -93.82694 -139.22990 
    -93.83576 -138.59993 
    -93.84931 -137.94669 
    -93.85474 -137.25798 
    -93.83365 -136.51340 
    -93.70155 -135.64224 
    -94.10316 -135.06911 
    -94.55785 -134.53790 
    -95.05941 -134.05275 
    -95.60063 -133.61597 
    -96.17383 -133.22812 
    -96.77150 -132.88815 
    -97.38679 -132.59383 
    -98.01388 -132.34213 
    -98.64816 -132.12978 
    -99.28627 -131.95367 
    -99.92592 -131.81120 
    -100.52174 -131.52945 
    -101.13386 -131.24950 
    -101.77255 -131.01936 
    -102.43465 -130.86458 
    -103.11092 -130.80605 
    -103.78792 -130.85295 
    -104.45181 -130.99939 
    -105.09236 -131.22653 
    -105.68180 -131.60068 
    -106.26243 -131.91425 
    -106.86115 -132.14162 
    -107.46505 -132.36061 
    -108.02679 -132.67166 
    -108.49673 -133.12694 
    -108.97208 -133.54642 
    -109.45248 -133.94798 
    -109.93715 -134.34442 
    -110.42495 -134.74529 
    -110.91727 -135.15564 
    -111.41107 -135.58321 
    -111.90635 -136.03186 
    -112.40646 -136.50336 
    -112.92117 -136.99727 
    -113.47632 -137.50966 
    -114.13746 -138.03088 
    -114.70505 -138.63675 
    -114.71775 -139.39951 
    -114.51617 -140.17281 
    -114.06683 -140.92433 
Cell 2 100 -83.60125 -143.50958 
    -93.90549 -143.50958 
    -93.94879 -144.16060 
    -93.99657 -144.82281 
    -94.01682 -145.49646 
    -93.94215 -146.16467 
    -93.63535 -146.76985 
    -93.31055 -147.35376 
    -92.96803 -147.91725 
    -92.60743 -148.46077 
    -92.22800 -148.98428 
    -91.82883 -149.48727 
    -91.40908 -149.96878 
    -90.99019 -150.44826 
    -90.56692 -150.92726 
    -90.11212 -151.37987 
    -89.62736 -151.80380 
    -89.11443 -152.19698 
    -88.57528 -152.55731 
    -88.01202 -152.88295 
    -87.42692 -153.17210 
    -86.82238 -153.42320 
    -86.20097 -153.63481 
    -85.56532 -153.80560 
    -84.91824 -153.93457 
    -84.26256 -154.02081 
    -83.60125 -154.06374 
    -82.93729 -154.06281 
    -82.27374 -154.01787 
    -81.61366 -153.92892 
    -80.96009 -153.79623 
    -80.31610 -153.62022 
    -79.68471 -153.40164 
    -79.06886 -153.14139 
    -78.47147 -152.84062 
    -77.89530 -152.50072 
    -77.34306 -152.12325 
    -76.81728 -151.70999 
    -76.32041 -151.26289 
    -75.85469 -150.78409 
    -75.42221 -150.27588 
    -75.02487 -149.74069 
    -74.66440 -149.18108 
    -74.34228 -148.59975 
    -74.05982 -147.99944 
    -73.79802 -147.39096 
    -73.54099 -146.77837 
    -73.31882 -146.14966 
    -73.13355 -145.50641 
    -72.98761 -144.85040 
    -72.88371 -144.18387 
    -72.82471 -143.50958 
    -72.81348 -142.83087 
    -72.85253 -142.15170 
    -72.94387 -141.47658 
    -73.08868 -140.81041 
    -73.28720 -140.15834 
    -73.53853 -139.52547 
    -73.84065 -138.91660 
    -74.19054 -138.33600 
    -74.58427 -137.78723 
    -75.01733 -137.27301 
    -75.48483 -136.79509 
    -75.98181 -136.35445 
    -76.50352 -135.95126 
    -77.04561 -135.58517 
    -77.60425 -135.25542 
    -78.17620 -134.96107 
    -78.75880 -134.70119 
    -79.31852 -134.40833 
    -79.88701 -134.12848 
    -80.47072 -133.87479 
    -81.06876 -133.64621 
    -81.68069 -133.44165 
    -82.30645 -133.26019 
    -82.94641 -133.10124 
    -83.60125 -132.96483 
    -84.27360 -132.82297 
    -84.97012 -132.67383 
    -85.67979 -132.61349 
    -86.38530 -132.66643 
    -87.13129 -132.64522 
    -87.89478 -132.66539 
    -88.64936 -132.78181 
    -89.37929 -132.99937 
    -90.13148 -133.21959 
    -90.86884 -133.50662 
    -91.58101 -133.86371 
    -92.25703 -134.29211 
    -92.88589 -134.79073 
    -93.45724 -135.35600 
    -93.77381 -136.11879 
    -93.84763 -137.00703 
    -93.84988 -137.87535 
    -93.83444 -138.69421 
    -93.82691 -139.46095 
    -93.83218 -140.18536 
    -93.84494 -140.87946 
    -93.86531 -141.55161 
    -93.86625 -142.21281 
    -93.87724 -142.86307 
Cell 3 100 -59.23219 -155.67908 
    -69.36956 -155.67908 
    -69.32472 -156.31404 
    -69.24285 -156.94371 
    -69.12462 -157.56616 
    -68.97061 -158.17947 
    -68.78135 -158.78178 
    -68.55734 -159.37117 
    -68.29915 -159.94566 
    -68.00739 -160.50328 
    -67.68282 -161.04201 
    -67.32636 -161.55984 
    -66.93908 -162.05478 
    -66.52222 -162.52487 
    -66.07766 -162.96877 
    -65.60643 -163.38422 
    -65.11004 -163.76924 
    -64.59046 -164.12236 
    -64.04973 -164.44214 
    -63.48998 -164.72734 
    -62.91344 -164.97684 
    -62.32236 -165.18964 
    -61.71909 -165.36491 
    -61.10600 -165.50195 
    -60.48555 -165.60045 
    -59.86018 -165.66064 
    -59.23219 -165.68155 
    -58.60405 -165.66299 
    -57.97825 -165.60503 
    -57.35716 -165.50833 
    -56.74312 -165.37335 
    -56.13842 -165.20071 
    -55.54520 -164.99135 
    -54.96546 -164.74634 
    -54.40102 -164.46695 
    -53.85344 -164.15463 
    -53.32407 -163.81090 
    -52.81396 -163.43738 
    -52.32392 -163.03564 
    -51.85450 -162.60719 
    -51.40611 -162.15338 
    -50.97911 -161.67529 
    -50.57394 -161.17377 
    -50.19131 -160.64934 
    -49.83239 -160.10228 
    -49.49895 -159.53275 
    -49.19353 -158.94084 
    -48.91946 -158.32693 
    -48.68088 -157.69185 
    -48.48253 -157.03708 
    -48.32956 -156.36501 
    -48.22714 -155.67908 
    -48.18008 -154.98373 
    -48.19235 -154.28442 
    -48.26672 -153.58730 
    -48.40446 -152.89899 
    -48.60513 -152.22614 
    -48.86659 -151.57504 
    -49.18831 -150.95279 
    -49.69814 -150.43770 
    -50.36452 -150.05148 
    -51.01468 -149.70871 
    -51.60473 -149.36909 
    -52.16255 -149.04025 
    -52.70101 -148.72408 
    -53.22679 -148.41980 
    -53.74342 -148.12444 
    -54.25718 -147.83972 
    -54.77069 -147.56366 
    -55.28566 -147.29227 
    -55.80283 -147.01750 
    -56.32699 -146.73781 
    -56.86114 -146.44443 
    -57.40948 -146.12407 
    -57.97805 -145.75156 
    -58.60185 -145.66010 
    -59.23219 -145.62837 
    -59.86419 -145.63367 
    -60.49589 -145.67589 
    -61.12530 -145.75505 
    -61.75043 -145.87117 
    -62.36924 -146.02423 
    -62.98544 -146.19946 
    -63.58290 -146.43335 
    -64.16379 -146.70854 
    -64.73247 -147.01202 
    -65.28132 -147.35316 
    -65.80701 -147.73149 
    -66.30613 -148.14609 
    -66.77533 -148.59560 
    -67.21142 -149.07808 
    -67.61156 -149.59111 
    -67.97333 -150.13177 
    -68.29488 -150.69682 
    -68.57492 -151.28271 
    -68.81276 -151.88586 
    -69.00823 -152.50266 
    -69.16162 -153.12964 
    -69.27357 -153.76358 
    -69.34490 -154.40155 
    -69.37659 -155.04085 
Cell 4 100 -48.42270 -140.46872 
    -60.43976 -140.46872 
    -60.27974 -141.21471 
    -60.07019 -141.94014 
    -59.81533 -142.64198 
    -59.51936 -143.31786 
    -59.18634 -143.96603 
    -58.82010 -144.58534 
    -58.42456 -145.17523 
    -58.01805 -145.74380 
    -57.37024 -146.14700 
    -56.73951 -146.51123 
    -56.12867 -146.84364 
    -55.54329 -147.15540 
    -54.98114 -147.45274 
    -54.43946 -147.74173 
    -53.91558 -148.02902 
    -53.40423 -148.31836 
    -52.89835 -148.60988 
    -52.39260 -148.90517 
    -51.88191 -149.20569 
    -51.36032 -149.50977 
    -50.82130 -149.81065 
    -50.26204 -150.11087 
    -49.68390 -150.45209 
    -49.07539 -150.84279 
    -48.42270 -150.88951 
    -47.76683 -150.89348 
    -47.11069 -150.85440 
    -46.45721 -150.77219 
    -45.80937 -150.64699 
    -45.17012 -150.47916 
    -44.54238 -150.26930 
    -43.92906 -150.01819 
    -43.33300 -149.72687 
    -42.75694 -149.39655 
    -42.20354 -149.02866 
    -41.67536 -148.62485 
    -41.17480 -148.18695 
    -40.70414 -147.71693 
    -40.26549 -147.21695 
    -39.86076 -146.68933 
    -39.49169 -146.13651 
    -39.15985 -145.56102 
    -38.86654 -144.96552 
    -38.61292 -144.35269 
    -38.39987 -143.72534 
    -38.22812 -143.08624 
    -38.09814 -142.43823 
    -38.01021 -141.78412 
    -37.96443 -141.12669 
    -37.96070 -140.46872 
    -37.99872 -139.81290 
    -38.07807 -139.16188 
    -38.19815 -138.51828 
    -38.35823 -137.88460 
    -38.55747 -137.26331 
    -38.79490 -136.65680 
    -39.06941 -136.06740 
    -39.38418 -135.49974 
    -39.84222 -135.02339 
    -40.31422 -134.57756 
    -40.73420 -134.10825 
    -41.15481 -133.64372 
    -41.57971 -133.18167 
    -42.01197 -132.71947 
    -42.45427 -132.25388 
    -42.90862 -131.77991 
    -43.37970 -131.29553 
    -43.93127 -130.92393 
    -44.50787 -130.58099 
    -45.10829 -130.26801 
    -45.73145 -129.98697 
    -46.37620 -129.74055 
    -47.04105 -129.53183 
    -47.72406 -129.36404 
    -48.42270 -129.24060 
    -49.13388 -129.16481 
    -49.83453 -129.29301 
    -50.50012 -129.57851 
    -51.14672 -129.85938 
    -51.77982 -130.13658 
    -52.39660 -130.43181 
    -52.99112 -130.76035 
    -53.54986 -131.14247 
    -54.08527 -131.54594 
    -54.61358 -131.94771 
    -55.13131 -132.35941 
    -55.64021 -132.78285 
    -56.13580 -133.22563 
    -56.61482 -133.69160 
    -57.07803 -134.18025 
    -57.53540 -134.68562 
    -57.98904 -135.20958 
    -58.45508 -135.74785 
    -58.96680 -136.29402 
    -59.62999 -136.82726 
    -60.12488 -137.46411 
    -60.59895 -138.14598 
    -60.59526 -138.93097 
    -60.54618 -139.70598 
Cell 5 100 -9.47248 -147.39128 
    -19.86278 -147.39128 
    -19.87557 -148.04579 
    -19.84539 -148.70169 
    -19.77201 -149.35602 
    -19.65545 -150.00583 
    -19.49590 -150.64809 
    -19.29382 -151.27982 
    -19.04990 -151.89807 
    -18.76500 -152.49988 
    -18.44027 -153.08241 
    -18.07705 -153.64287 
    -17.67686 -154.17853 
    -17.24150 -154.68687 
    -16.77289 -155.16542 
    -16.27318 -155.61191 
    -15.74465 -156.02419 
    -15.18980 -156.40033 
    -14.61121 -156.73859 
    -14.01159 -157.03737 
    -13.39380 -157.29538 
    -12.76074 -157.51149 
    -12.11542 -157.68484 
    -11.46085 -157.81468 
    -10.80013 -157.90068 
    -10.13631 -157.94258 
    -9.47248 -157.94044 
    -8.81167 -157.89453 
    -8.15688 -157.80533 
    -7.51104 -157.67354 
    -6.87699 -157.50008 
    -6.25747 -157.28607 
    -5.65514 -157.03278 
    -5.07250 -156.74173 
    -4.51192 -156.41452 
    -3.97563 -156.05293 
    -3.46569 -155.65892 
    -2.98400 -155.23450 
    -2.53231 -154.78181 
    -2.09430 -154.31985 
    -1.65373 -153.85951 
    -1.23995 -153.37257 
    -0.86582 -152.85323 
    -0.53972 -152.30211 
    -0.35420 -151.68202 
    -0.17379 -151.07289 
    -0.00329 -150.46800 
    0.15419 -149.86299 
    0.29688 -149.25488 
    0.42432 -148.64154 
    0.53504 -148.02089 
    0.62940 -147.39128 
    0.70898 -146.75072 
    0.85964 -146.08603 
    1.13402 -145.36798 
    1.46073 -144.58411 
    1.89777 -143.69687 
    2.24116 -142.75352 
    2.01968 -141.98347 
    1.65103 -141.27608 
    1.14679 -140.65208 
    0.53041 -140.12376 
    -0.16661 -139.69279 
    -0.91027 -139.35083 
    -1.66952 -139.08197 
    -2.42032 -138.86668 
    -3.14751 -138.68570 
    -3.84470 -138.52332 
    -4.50295 -138.35173 
    -5.09412 -138.08678 
    -5.69835 -137.85890 
    -6.31331 -137.66833 
    -6.93675 -137.51524 
    -7.55247 -137.32620 
    -8.17546 -137.12425 
    -8.81483 -136.93820 
    -9.47248 -136.74423 
    -10.15003 -136.62204 
    -10.81650 -136.75226 
    -11.48326 -136.85040 
    -12.15045 -136.96129 
    -12.81855 -137.09312 
    -13.48820 -137.24875 
    -14.16282 -137.42380 
    -14.80181 -137.69728 
    -15.37360 -138.09261 
    -15.85892 -138.60110 
    -16.29809 -139.14053 
    -16.69806 -139.69682 
    -17.06627 -140.26024 
    -17.40894 -140.82567 
    -17.73001 -141.39183 
    -18.03090 -141.95995 
    -18.31077 -142.53239 
    -18.63082 -143.08170 
    -18.92158 -143.65012 
    -19.17632 -144.23831 
    -19.39355 -144.84398 
    -19.57191 -145.46471 
    -19.71022 -146.09796 
    -19.80745 -146.74106 
Cell 6 100 9.40247 -151.62900 
    -0.33849 -151.62900 
    -0.52521 -152.25360 
    -0.92364 -152.93349 
    -1.30107 -153.67081 
    -1.39294 -154.40079 
    -1.31454 -155.11116 
    -1.10380 -155.78873 
    -0.83626 -156.44698 
    -0.52295 -157.08554 
    -0.16543 -157.70097 
    0.23445 -158.28995 
    0.67453 -158.84937 
    1.15249 -159.37624 
    1.66564 -159.86787 
    2.21120 -160.32175 
    2.78611 -160.73563 
    3.38719 -161.10756 
    4.01111 -161.43584 
    4.65443 -161.71909 
    5.31362 -161.95624 
    5.98512 -162.14650 
    6.66535 -162.28935 
    7.35071 -162.38469 
    8.03765 -162.43260 
    8.72270 -162.43350 
    9.40247 -162.38809 
    10.07366 -162.29732 
    10.73314 -162.16238 
    11.37793 -161.98477 
    12.00521 -161.76601 
    12.61237 -161.50807 
    13.19698 -161.21284 
    13.78646 -160.94545 
    14.38332 -160.68915 
    14.96728 -160.39774 
    15.53634 -160.07155 
    16.08842 -159.71092 
    16.62129 -159.31625 
    17.13257 -158.88805 
    17.61975 -158.42693 
    18.08014 -157.93370 
    18.51094 -157.40941 
    18.90924 -156.85539 
    19.27210 -156.27330 
    19.59654 -155.66512 
    19.87971 -155.03326 
    20.11887 -154.38051 
    20.31154 -153.71001 
    20.45555 -153.02533 
    20.54911 -152.33029 
    20.59093 -151.62900 
    20.58018 -150.92575 
    20.51661 -150.22496 
    20.40055 -149.53101 
    20.23287 -148.84822 
    20.01498 -148.18079 
    19.74882 -147.53259 
    19.43674 -146.90723 
    19.08147 -146.30792 
    18.68601 -145.73749 
    18.25359 -145.19829 
    17.78752 -144.69228 
    17.29118 -144.22101 
    16.76790 -143.78560 
    16.22092 -143.38690 
    15.65333 -143.02542 
    15.06806 -142.70145 
    14.46787 -142.41507 
    13.85528 -142.16628 
    13.23269 -141.95497 
    12.60229 -141.78096 
    11.96615 -141.64410 
    11.32624 -141.54424 
    10.71415 -141.24593 
    10.07790 -140.89337 
    9.40247 -140.50079 
    8.67728 -140.10257 
    7.90300 -139.75951 
    7.09762 -139.54654 
    6.29604 -139.53027 
    5.54132 -139.74561 
    4.87039 -140.18228 
    4.30132 -140.78851 
    3.82828 -141.48959 
    3.38338 -142.14444 
    2.82420 -142.57478 
    2.31317 -143.05951 
    1.91339 -143.65395 
    1.59979 -144.30180 
    1.31354 -144.93726 
    1.05816 -145.56650 
    0.83556 -146.19228 
    0.69747 -146.84338 
    0.61408 -147.49350 
    0.51883 -148.11172 
    0.41064 -148.70738 
    0.28887 -149.28903 
    0.15374 -149.86472 
    0.00357 -150.44165 
    -0.16094 -151.02731 
Cell 7 100 29.36222 -138.86287 
    19.06097 -138.86287 
    19.03695 -139.51248 
    19.05539 -140.16492 
    19.11672 -140.81731 
    19.22112 -141.46666 
    19.36857 -142.11000 
    19.55878 -142.74432 
    19.79124 -143.36662 
    20.06515 -143.97397 
    20.37957 -144.56343 
    20.73345 -145.13203 
    21.12549 -145.67688 
    21.55392 -146.19534 
    22.01691 -146.68483 
    22.51240 -147.14287 
    23.03816 -147.56718 
    23.59178 -147.95561 
    24.17068 -148.30624 
    24.77213 -148.61731 
    25.39326 -148.88730 
    26.03113 -149.11488 
    26.68266 -149.29904 
    27.34473 -149.43890 
    28.01415 -149.53389 
    28.68772 -149.58368 
    29.36222 -149.58818 
    30.03444 -149.54755 
    30.70122 -149.46217 
    31.35945 -149.33273 
    32.00608 -149.16005 
    32.63818 -148.94527 
    33.25292 -148.68967 
    33.84759 -148.39478 
    34.41963 -148.06227 
    34.96664 -147.69403 
    35.48641 -147.29210 
    35.97687 -146.85861 
    36.43616 -146.39586 
    36.86266 -145.90625 
    37.28407 -145.41640 
    37.71249 -144.92970 
    38.11464 -144.41733 
    38.48911 -143.88042 
    38.83442 -143.32014 
    39.14902 -142.73773 
    39.43125 -142.13449 
    39.67937 -141.51186 
    39.89151 -140.87144 
    40.06576 -140.21504 
    40.20016 -139.54474 
    40.29272 -138.86287 
    40.34155 -138.17210 
    40.34483 -137.47545 
    40.30097 -136.77618 
    40.20863 -136.07799 
    40.06679 -135.38474 
    39.87487 -134.70062 
    39.63275 -134.02992 
    39.34082 -133.37708 
    39.00005 -132.74651 
    38.61195 -132.14255 
    38.17860 -131.56932 
    37.70261 -131.03072 
    37.18708 -130.53023 
    36.63557 -130.07089 
    36.13247 -129.54440 
    35.57126 -129.07898 
    34.95695 -128.68610 
    34.29815 -128.37347 
    33.60564 -128.14520 
    32.89133 -128.00137 
    32.16721 -127.93813 
    31.44427 -127.94833 
    30.73197 -128.02016 
    30.04272 -128.04659 
    29.36222 -127.87402 
    28.66205 -127.73404 
    27.94429 -127.63882 
    27.21313 -127.59695 
    26.47474 -127.61691 
    25.73721 -127.70626 
    25.01010 -127.87068 
    24.30385 -128.11330 
    23.65251 -128.47696 
    23.14825 -129.07123 
    22.66764 -129.64857 
    22.22920 -130.24054 
    21.85430 -130.86775 
    21.52678 -131.50490 
    21.22064 -132.12756 
    20.93086 -132.73714 
    20.65420 -133.33659 
    20.38582 -133.92805 
    20.11960 -134.51363 
    19.84791 -135.09589 
    19.57336 -135.68227 
    19.35394 -136.29318 
    19.29385 -136.94223 
    19.22799 -137.58263 
    19.12684 -138.21892 
Cell 8 100 46.02048 -151.02090 
    35.98994 -151.02090 
    36.01202 -151.65059 
    36.06514 -152.27855 
    36.15590 -152.90268 
    36.28569 -153.52037 
    36.45433 -154.12914 
    36.66124 -154.72649 
    36.90568 -155.31000 
    37.18674 -155.87729 
    37.50337 -156.42603 
    37.85434 -156.95395 
    38.23830 -157.45888 
    38.65376 -157.93872 
    39.09906 -158.39148 
    39.57243 -158.81526 
    40.07199 -159.20831 
    40.59572 -159.56897 
    41.14151 -159.89572 
    41.70715 -160.18721 
    42.29033 -160.44220 
    42.88867 -160.65962 
    43.49973 -160.83858 
    44.12101 -160.97830 
    44.74995 -161.07822 
    45.38398 -161.13789 
    46.02048 -161.15710 
    46.65686 -161.13580 
    47.29049 -161.07405 
    47.91878 -160.97214 
    48.53916 -160.83051 
    49.14910 -160.64980 
    49.74610 -160.43074 
    50.32775 -160.17430 
    50.89168 -159.88158 
    51.43563 -159.55380 
    51.95740 -159.19237 
    52.45492 -158.79880 
    52.92620 -158.37474 
    53.36938 -157.92198 
    53.78274 -157.44240 
    54.16465 -156.93799 
    54.51366 -156.41084 
    54.82843 -155.86311 
    55.10778 -155.29706 
    55.35067 -154.71498 
    55.55623 -154.11926 
    55.72372 -153.51227 
    55.85258 -152.89648 
    55.94241 -152.27434 
    56.00187 -151.64888 
    56.01757 -151.02090 
    55.97668 -150.39452 
    55.93550 -149.76834 
    55.84876 -149.14606 
    55.71268 -148.53238 
    55.53827 -147.92839 
    55.32624 -147.33650 
    55.07741 -146.75903 
    54.79274 -146.19832 
    54.47561 -145.65512 
    54.12918 -145.12959 
    53.75420 -144.62302 
    53.35306 -144.13516 
    52.92786 -143.66530 
    52.48009 -143.21259 
    52.01030 -142.77663 
    51.51788 -142.35840 
    51.00125 -141.96094 
    50.45835 -141.58997 
    49.98841 -140.99908 
    49.49446 -140.32909 
    48.79205 -140.22636 
    48.01695 -140.55507 
    47.35553 -140.45296 
    46.68736 -140.42131 
    46.02048 -140.27931 
    45.34290 -140.25098 
    44.68968 -140.48650 
    44.08090 -140.85326 
    43.47224 -141.09613 
    42.87480 -141.33948 
    42.29305 -141.60649 
    41.72684 -141.89644 
    41.17667 -142.21004 
    40.64382 -142.54863 
    40.13015 -142.91354 
    39.63786 -143.30563 
    39.16729 -143.72299 
    38.72322 -144.16832 
    38.30806 -144.64063 
    37.92344 -145.13806 
    37.57087 -145.65862 
    37.25175 -146.20026 
    36.96732 -146.76080 
    36.71869 -147.33806 
    36.49683 -147.92648 
    36.27013 -148.51744 
    36.09845 -149.12817 
    36.01187 -149.75652 
    35.98803 -150.38971 
Cell 9 100 66.98900 -152.02577 
    56.21015 -152.02577 
    56.26587 -152.70041 
    56.26865 -153.38007 
    56.28427 -154.06781 
    56.33868 -154.76031 
    56.49633 -155.43504 
    56.69846 -156.10008 
    56.94511 -156.75206 
    57.23600 -157.38753 
    57.57028 -158.00307 
    57.94686 -158.59528 
    58.36406 -159.16093 
    58.82002 -159.69696 
    59.31246 -160.20045 
    59.83892 -160.66873 
    60.39668 -161.09933 
    60.98276 -161.49010 
    61.59412 -161.83902 
    62.22750 -162.14447 
    62.87951 -162.40515 
    63.54673 -162.61998 
    64.22564 -162.78835 
    64.91274 -162.90988 
    65.60457 -162.98465 
    66.29774 -163.01303 
    66.98900 -162.99574 
    67.67528 -162.93391 
    68.35378 -162.82907 
    69.02193 -162.68279 
    69.67758 -162.49712 
    70.31892 -162.27423 
    70.94450 -162.01622 
    71.55332 -161.72546 
    72.14464 -161.40384 
    72.71810 -161.05339 
    73.27351 -160.67564 
    73.81063 -160.27171 
    74.32924 -159.84235 
    74.82871 -159.38776 
    75.30808 -158.90791 
    75.76561 -158.40236 
    76.19888 -157.87053 
    76.60464 -157.31201 
    76.96418 -156.71974 
    77.21149 -156.07315 
    77.43946 -155.42133 
    77.65841 -154.76521 
    77.83663 -154.09506 
    77.95770 -153.41144 
    78.02290 -152.71997 
    78.03149 -152.02577 
    77.98132 -151.33420 
    77.87677 -150.65033 
    77.72247 -149.97826 
    77.52163 -149.32146 
    77.28455 -148.68054 
    77.14556 -148.00450 
    76.96387 -147.33195 
    76.73731 -146.66660 
    76.46432 -146.01254 
    76.14374 -145.37447 
    75.76610 -144.76472 
    75.31451 -144.20760 
    74.83775 -143.66771 
    74.33279 -143.14867 
    73.79918 -142.65237 
    73.23706 -142.18039 
    72.61298 -141.79578 
    71.95595 -141.47047 
    71.27429 -141.20236 
    70.57381 -140.99286 
    69.86040 -140.84238 
    69.13991 -140.75031 
    68.41785 -140.71519 
    67.69936 -140.73483 
    66.98900 -140.80638 
    66.29070 -140.92664 
    65.60776 -141.09210 
    64.94281 -141.29929 
    64.29792 -141.54472 
    63.67463 -141.82521 
    63.07408 -142.13780 
    62.49708 -142.47997 
    61.94428 -142.84947 
    61.41622 -143.24448 
    60.91341 -143.66344 
    60.43643 -144.10507 
    59.98594 -144.56828 
    59.45393 -144.94987 
    58.90798 -145.34058 
    58.35800 -145.75499 
    57.81401 -146.20314 
    57.29432 -146.69608 
    56.82393 -147.24245 
    56.43016 -147.84523 
    56.13671 -148.49965 
    55.95773 -149.19342 
    55.94542 -149.91910 
    55.99249 -150.63658 
    56.05552 -151.33789 
Cell 10 100 83.42900 -138.00735 
    71.47921 -138.00735 
    71.15935 -138.77930 
    71.37695 -139.52988 
    71.75983 -140.23337 
    72.18793 -140.89357 
    72.64452 -141.51144 
    73.12987 -142.08507 
    73.71249 -142.57959 
    74.23775 -143.06029 
    74.71252 -143.53900 
    75.15059 -144.02197 
    75.56325 -144.51447 
    75.97709 -145.00516 
    76.46796 -145.42010 
    76.97105 -145.81367 
    77.48873 -146.18343 
    78.02242 -146.52676 
    78.57264 -146.84103 
    79.13911 -147.12384 
    79.72086 -147.37306 
    80.31643 -147.58687 
    80.92397 -147.76384 
    81.54134 -147.90282 
    82.16627 -148.00293 
    82.79624 -148.06479 
    83.42900 -148.08830 
    84.06225 -148.07248 
    84.69357 -148.01749 
    85.32064 -147.92369 
    85.94116 -147.79158 
    86.55294 -147.62186 
    87.15388 -147.41531 
    87.74197 -147.17288 
    88.31536 -146.89561 
    88.87230 -146.58463 
    89.41118 -146.24112 
    89.93051 -145.86633 
    90.42892 -145.46152 
    90.90517 -145.02794 
    91.35804 -144.56682 
    91.78643 -144.07938 
    92.18922 -143.56676 
    92.56532 -143.03009 
    92.91357 -142.47046 
    93.23271 -141.88892 
    93.52141 -141.28658 
    93.77816 -140.66457 
    94.00133 -140.02414 
    94.18910 -139.36667 
    94.33952 -138.69379 
    94.45052 -138.00735 
    94.51994 -137.30957 
    94.54561 -136.60300 
    94.52540 -135.89061 
    94.45734 -135.17575 
    94.33969 -134.46225 
    94.01289 -133.81689 
    93.52932 -133.25450 
    92.88412 -132.80936 
    92.31138 -132.37042 
    91.78648 -131.93527 
    91.28803 -131.50580 
    90.80291 -131.08279 
    90.32283 -130.66618 
    89.84246 -130.25482 
    89.35832 -129.84636 
    88.86815 -129.43661 
    88.37043 -129.01892 
    87.86395 -128.58263 
    87.33855 -128.13295 
    86.77236 -127.71753 
    86.17271 -127.32133 
    85.54635 -126.90780 
    84.85101 -126.75100 
    84.13547 -126.77837 
    83.42900 -126.85287 
    82.73472 -126.97201 
    82.05527 -127.13322 
    81.39293 -127.33389 
    80.74953 -127.57150 
    80.12661 -127.84365 
    79.52544 -128.14810 
    78.94708 -128.48279 
    78.39243 -128.84587 
    77.86233 -129.23569 
    77.31020 -129.58556 
    76.69004 -129.86136 
    76.22929 -130.34044 
    75.87745 -130.91597 
    75.54155 -131.48228 
    75.22643 -132.04785 
    74.89282 -132.59013 
    74.54855 -133.12529 
    74.20081 -133.66490 
    73.85438 -134.21651 
    73.51116 -134.78485 
    73.17360 -135.37422 
    72.83487 -135.98642 
    72.47658 -136.62375 
    72.05099 -137.29152 
Cell 11 100 113.95231 -146.60358 
    103.78728 -146.60358 
    103.79784 -147.24245 
    103.84924 -147.87990 
    103.94135 -148.51328 
    104.07388 -149.13992 
    104.24637 -149.75723 
    104.45815 -150.36258 
    104.70843 -150.95341 
    104.99618 -151.52725 
    105.32025 -152.08165 
    105.67931 -152.61426 
    106.07187 -153.12285 
    106.49630 -153.60524 
    106.95081 -154.05942 
    107.43350 -154.48346 
    107.94233 -154.87561 
    108.47514 -155.23422 
    109.02966 -155.55783 
    109.60358 -155.84511 
    110.19443 -156.09489 
    110.79974 -156.30620 
    111.41693 -156.47823 
    112.04343 -156.61031 
    112.67658 -156.70200 
    113.31376 -156.75302 
    113.95231 -156.76328 
    114.58959 -156.73288 
    115.22300 -156.66211 
    115.84996 -156.55144 
    116.46801 -156.40158 
    117.07475 -156.21346 
    117.66795 -155.98822 
    118.24558 -155.72725 
    118.80589 -155.43222 
    119.34747 -155.10498 
    119.86932 -154.74765 
    120.37099 -154.36243 
    120.85253 -153.95157 
    121.31457 -153.51720 
    121.75816 -153.06114 
    122.18460 -152.58469 
    122.59512 -152.08847 
    122.99041 -151.57231 
    123.37022 -151.03531 
    123.73276 -150.47592 
    124.07436 -149.89243 
    124.38925 -149.28333 
    124.66967 -148.64803 
    124.90628 -147.98738 
    125.08897 -147.30423 
    125.20783 -146.60358 
    125.25440 -145.89250 
    125.22268 -145.17979 
    125.10996 -144.47514 
    125.23882 -143.70569 
    125.42552 -142.87570 
    125.06725 -142.20287 
    124.27313 -141.74696 
    123.48290 -141.36409 
    123.00883 -140.85614 
    122.50938 -140.38651 
    121.99259 -139.95207 
    121.46436 -139.54929 
    120.92839 -139.17480 
    120.38651 -138.82597 
    119.86369 -138.46725 
    119.34723 -138.10254 
    118.81189 -137.76402 
    118.25958 -137.45016 
    117.69131 -137.15993 
    117.10714 -136.89400 
    116.50642 -136.65598 
    115.88866 -136.45287 
    115.25464 -136.29454 
    114.60737 -136.19171 
    113.95231 -136.15314 
    113.29670 -136.18300 
    112.62579 -136.10313 
    111.90544 -135.87354 
    111.14495 -135.66965 
    110.37256 -135.58624 
    109.63949 -135.71065 
    108.99793 -136.07500 
    108.47301 -136.63678 
    108.04993 -137.30293 
    107.68600 -137.97876 
    107.33678 -138.60677 
    106.97633 -139.17491 
    106.60132 -139.70053 
    106.22253 -140.20895 
    105.82858 -140.70134 
    105.46220 -141.21559 
    105.12859 -141.75270 
    104.82922 -142.31058 
    104.56544 -142.88705 
    104.33846 -143.47984 
    104.14935 -144.08661 
    103.99901 -144.70488 
    103.88819 -145.33218 
    103.81747 -145.96594 
Cell 12 100 -116.96285 -128.59572 
    -127.75754 -128.59572 
    -128.01840 -129.29128 
    -128.22443 -130.01839 
    -128.37206 -130.77214 
    -128.45842 -131.54727 
    -128.48135 -132.33830 
    -128.43919 -133.13953 
    -128.33121 -133.94525 
    -128.15707 -134.74980 
    -127.91721 -135.54756 
    -127.61236 -136.33304 
    -127.24387 -137.10092 
    -126.81342 -137.84601 
    -126.32314 -138.56342 
    -123.93747 -137.02658 
    -122.79754 -136.62648 
    -122.22756 -136.89157 
    -121.66091 -137.14145 
    -121.09452 -137.37596 
    -120.52570 -137.59444 
    -119.95444 -137.80290 
    -119.35916 -137.92871 
    -118.76392 -138.03726 
    -118.16762 -138.13235 
    -117.56800 -138.21423 
    -116.96285 -138.25763 
    -116.35429 -138.26866 
    -115.74110 -138.26694 
    -115.12224 -138.24455 
    -114.45365 -138.36841 
    -113.94618 -137.88008 
    -113.44501 -137.48076 
    -112.98267 -137.05403 
    -112.54337 -136.63474 
    -112.11744 -136.23087 
    -111.69758 -135.84274 
    -111.27778 -135.46779 
    -110.85299 -135.10207 
    -110.41924 -134.74059 
    -109.97564 -134.37605 
    -109.52003 -134.00325 
    -109.05396 -133.61485 
    -108.58266 -133.20276 
    -108.11645 -132.75851 
    -107.45918 -132.35849 
    -106.48699 -131.99953 
    -105.56012 -131.52344 
    -104.94010 -130.88918 
    -105.05807 -130.09964 
    -105.22987 -129.33389 
    -105.43870 -128.59572 
    -105.48462 -127.87357 
    -105.38809 -127.13348 
    -105.28302 -126.36767 
    -105.20789 -125.57756 
    -105.46894 -124.86112 
    -106.03822 -124.27035 
    -106.77200 -123.80027 
    -107.51172 -123.39992 
    -108.11826 -122.98277 
    -108.38113 -122.36073 
    -108.67731 -121.74133 
    -109.01280 -121.13013 
    -109.39391 -120.53561 
    -109.82610 -119.96887 
    -110.31286 -119.44279 
    -110.85462 -118.97069 
    -111.44825 -118.56470 
    -112.08708 -118.23418 
    -112.76154 -117.98441 
    -113.46030 -117.81599 
    -114.17170 -117.72488 
    -114.88502 -117.70333 
    -115.59160 -117.74114 
    -116.28536 -117.82732 
    -116.96285 -117.95155 
    -117.62285 -118.10535 
    -118.26569 -118.28271 
    -118.89248 -118.48028 
    -119.50443 -118.69695 
    -120.10233 -118.93342 
    -120.68629 -119.19138 
    -121.25569 -119.47297 
    -121.80922 -119.78022 
    -122.34505 -120.11473 
    -122.86291 -120.47500 
    -123.36068 -120.86208 
    -123.83303 -121.27972 
    -124.27808 -121.72626 
    -124.69406 -122.19991 
    -125.07933 -122.69875 
    -125.43236 -123.22081 
    -125.75175 -123.76398 
    -126.03625 -124.32610 
    -126.28476 -124.90491 
    -126.49629 -125.49812 
    -126.67004 -126.10333 
    -126.80384 -126.71845 
    -127.08877 -127.31652 
    -127.44607 -127.93617 
Cell 13 100 -84.72855 -118.11668 
    -94.90422 -118.11668 
    -94.89620 -118.75637 
    -94.84734 -119.39497 
    -94.75768 -120.02983 
    -94.62743 -120.65828 
    -94.45703 -121.27765 
    -94.24708 -121.88533 
    -93.99836 -122.47871 
    -93.71184 -123.05528 
    -93.38866 -123.61256 
    -93.03014 -124.14814 
    -92.63776 -124.65974 
    -92.21313 -125.14517 
    -91.75806 -125.60234 
    -91.27444 -126.02930 
    -90.76434 -126.42424 
    -90.22993 -126.78547 
    -89.67348 -127.11148 
    -89.09737 -127.40091 
    -88.50407 -127.65258 
    -87.89612 -127.86546 
    -87.27609 -128.03871 
    -86.64664 -128.17168 
    -86.01044 -128.26390 
    -85.37017 -128.31505 
    -84.72855 -128.32504 
    -84.08825 -128.29396 
    -83.45194 -128.22206 
    -82.82226 -128.10980 
    -82.20178 -127.95779 
    -81.59303 -127.76682 
    -80.99844 -127.53786 
    -80.42036 -127.27205 
    -79.86103 -126.97065 
    -79.30556 -126.66193 
    -78.76157 -126.32952 
    -78.23612 -125.96467 
    -77.73110 -125.56820 
    -77.24844 -125.14097 
    -76.79014 -124.68390 
    -76.35828 -124.19804 
    -75.95503 -123.68452 
    -75.58268 -123.14466 
    -75.24354 -122.57998 
    -74.93997 -121.99225 
    -74.67432 -121.38349 
    -74.44888 -120.75605 
    -74.26579 -120.11256 
    -74.12701 -119.45596 
    -74.03422 -118.78951 
    -73.98876 -118.11668 
    -73.99158 -117.44116 
    -74.04315 -116.76680 
    -74.14351 -116.09747 
    -74.29218 -115.43707 
    -74.48820 -114.78938 
    -74.73015 -114.15803 
    -75.01619 -113.54639 
    -75.27740 -112.92086 
    -75.54199 -112.28671 
    -75.84738 -111.66413 
    -76.19460 -111.05678 
    -76.58436 -110.46878 
    -77.01700 -109.90471 
    -77.49224 -109.36949 
    -78.00916 -108.86823 
    -78.56603 -108.40611 
    -79.16033 -107.98813 
    -79.78869 -107.61895 
    -80.44699 -107.30270 
    -81.13042 -107.04278 
    -81.83363 -106.84171 
    -82.55090 -106.70104 
    -83.27634 -106.62132 
    -84.00410 -106.60205 
    -84.72855 -106.64180 
    -85.44441 -106.73827 
    -86.14700 -106.88846 
    -86.83221 -107.08887 
    -87.49665 -107.33562 
    -88.13759 -107.62472 
    -88.75296 -107.95216 
    -89.30150 -108.39866 
    -89.81374 -108.86674 
    -90.26957 -109.38543 
    -90.69224 -109.90837 
    -91.09301 -110.42336 
    -91.47430 -110.93318 
    -91.83781 -111.44064 
    -92.18372 -111.94923 
    -92.55045 -112.43373 
    -92.90295 -112.92904 
    -93.24274 -113.43596 
    -93.56810 -113.95710 
    -93.88352 -114.49197 
    -94.13656 -115.05983 
    -94.35432 -115.64520 
    -94.57053 -116.23922 
    -94.79848 -116.84455 
    -94.87153 -117.47853 
Cell 14 100 -61.74897 -127.47090 
    -71.98194 -127.47090 
    -71.99364 -128.11545 
    -71.96775 -128.76184 
    -71.90308 -129.40790 
    -71.79860 -130.05121 
    -71.65360 -130.68910 
    -71.46770 -131.31882 
    -71.24084 -131.93744 
    -70.97334 -132.54204 
    -70.66583 -133.12971 
    -70.31921 -133.69754 
    -69.93470 -134.24272 
    -69.51375 -134.76251 
    -69.05804 -135.25427 
    -68.56951 -135.71552 
    -68.05027 -136.14389 
    -67.50262 -136.53719 
    -66.92904 -136.89340 
    -66.33218 -137.21071 
    -65.71482 -137.48749 
    -65.07986 -137.72231 
    -64.43031 -137.91402 
    -63.76927 -138.06166 
    -63.09990 -138.16455 
    -62.42540 -138.22231 
    -61.74897 -138.23474 
    -61.07383 -138.20210 
    -60.43093 -137.90431 
    -59.89829 -137.17253 
    -59.39515 -136.63844 
    -58.90396 -136.22694 
    -58.46690 -135.76047 
    -58.06574 -135.29817 
    -57.68663 -134.86029 
    -57.32083 -134.44853 
    -56.96272 -134.05861 
    -56.60814 -133.68510 
    -56.24509 -133.33194 
    -55.87190 -132.98985 
    -55.48453 -132.65331 
    -55.07842 -132.31735 
    -54.64957 -131.97632 
    -54.19068 -131.62611 
    -53.70233 -131.25737 
    -53.15599 -130.87309 
    -52.48533 -130.48083 
    -51.62717 -130.06975 
    -50.56126 -129.60507 
    -49.38096 -129.03334 
    -49.16569 -128.26257 
    -49.12004 -127.47090 
    -49.14161 -126.67771 
    -49.22926 -125.88929 
    -49.38224 -125.11182 
    -49.59893 -124.35130 
    -49.87688 -123.61343 
    -50.21287 -122.90343 
    -50.60304 -122.22602 
    -51.04298 -121.58523 
    -51.52789 -120.98440 
    -52.05270 -120.42615 
    -52.61225 -119.91235 
    -53.20138 -119.44418 
    -53.81507 -119.02215 
    -54.44855 -118.64621 
    -54.97964 -118.15372 
    -55.55182 -117.70574 
    -56.19863 -117.37486 
    -56.89853 -117.16319 
    -57.62548 -117.05614 
    -58.35575 -117.02764 
    -59.07287 -117.04816 
    -59.76921 -117.09259 
    -60.44456 -117.14539 
    -61.10145 -117.17882 
    -61.74897 -117.23146 
    -62.38786 -117.31609 
    -63.02433 -117.37541 
    -63.66375 -117.43330 
    -64.30369 -117.52095 
    -64.94364 -117.63872 
    -65.58264 -117.78817 
    -66.21877 -117.97210 
    -66.84879 -118.19437 
    -67.46785 -118.45940 
    -68.06944 -118.77153 
    -68.64576 -119.13412 
    -69.18832 -119.54881 
    -69.68880 -120.01492 
    -70.14005 -120.52921 
    -70.53691 -121.08610 
    -70.87679 -121.67822 
    -71.15980 -122.29726 
    -71.38846 -122.93491 
    -71.56709 -123.58364 
    -71.70089 -124.23733 
    -71.79514 -124.89149 
    -71.85439 -125.54319 
    -71.88203 -126.19080 
    -71.93394 -126.83012 
Cell 15 100 -56.05044 -106.27289 
    -66.52652 -106.27289 
    -66.41423 -106.92492 
    -66.31556 -107.56967 
    -66.20848 -108.21064 
    -66.06376 -108.84387 
    -65.88216 -109.46741 
    -65.66443 -110.07933 
    -65.41127 -110.67776 
    -65.12337 -111.26077 
    -64.80143 -111.82644 
    -64.44621 -112.37277 
    -64.05853 -112.89775 
    -63.63932 -113.39932 
    -63.18966 -113.87538 
    -62.71077 -114.32384 
    -62.20407 -114.74263 
    -61.67115 -115.12970 
    -61.11380 -115.48309 
    -60.53400 -115.80093 
    -59.93394 -116.08147 
    -59.31596 -116.32313 
    -58.68262 -116.52453 
    -58.03663 -116.68485 
    -57.38070 -116.80293 
    -56.71762 -116.87734 
    -56.05044 -116.90796 
    -55.38219 -116.89444 
    -54.71592 -116.83672 
    -54.05470 -116.73495 
    -53.40158 -116.58952 
    -52.75959 -116.40109 
    -52.13169 -116.17051 
    -51.52079 -115.89889 
    -50.92968 -115.58752 
    -50.36105 -115.23793 
    -49.81747 -114.85184 
    -49.30135 -114.43113 
    -48.81497 -113.97788 
    -48.36041 -113.49431 
    -47.93959 -112.98277 
    -47.55423 -112.44575 
    -47.14536 -111.92422 
    -46.75021 -111.38573 
    -46.38852 -110.81944 
    -46.06379 -110.22688 
    -45.77957 -109.61009 
    -45.53931 -108.97169 
    -45.34623 -108.31483 
    -45.20315 -107.64322 
    -45.11232 -106.96106 
    -45.07533 -106.27289 
    -45.09296 -105.58350 
    -45.16520 -104.89777 
    -45.29118 -104.22045 
    -45.46925 -103.55610 
    -45.69707 -102.90887 
    -45.97174 -102.28245 
    -46.28995 -101.67995 
    -46.64812 -101.10392 
    -47.04258 -100.55633 
    -47.01943 -99.71148 
    -46.54605 -98.41017 
    -47.97932 -98.69360 
    -48.91405 -98.67340 
    -49.44015 -98.28242 
    -49.93307 -97.85306 
    -50.42085 -97.40207 
    -50.93375 -96.96565 
    -51.47261 -96.54451 
    -52.03858 -96.14009 
    -52.63289 -95.75475 
    -53.25668 -95.39191 
    -53.91072 -95.05606 
    -54.59511 -94.75277 
    -55.30903 -94.48853 
    -56.05044 -94.27052 
    -56.81590 -94.10625 
    -57.60047 -94.00317 
    -58.39769 -93.96816 
    -59.19976 -94.00710 
    -59.99775 -94.12432 
    -60.78199 -94.32237 
    -61.54252 -94.60162 
    -62.26962 -94.96025 
    -62.95427 -95.39420 
    -63.58866 -95.89743 
    -64.16652 -96.46223 
    -64.68344 -97.07967 
    -65.13695 -97.74009 
    -65.52648 -98.43362 
    -65.85327 -99.15072 
    -66.12000 -99.88255 
    -66.33054 -100.62136 
    -66.48942 -101.36068 
    -66.60155 -102.09541 
    -66.67176 -102.82182 
    -66.70452 -103.53738 
    -66.70368 -104.24068 
    -66.67236 -104.93103 
    -66.61281 -105.60836 
Cell 16 100 -33.96396 -126.90956 
    -44.91617 -126.90956 
    -44.82413 -127.59283 
    -44.68064 -128.26340 
    -44.49052 -128.91760 
    -44.25870 -129.55280 
    -44.10463 -130.20447 
    -43.94046 -130.85953 
    -43.34985 -131.32623 
    -42.87911 -131.81070 
    -42.42831 -132.28120 
    -41.99119 -132.74168 
    -41.56499 -133.19768 
    -41.14576 -133.65372 
    -40.72921 -134.11382 
    -40.31044 -134.58113 
    -39.85218 -135.01399 
    -39.40302 -135.48015 
    -38.93143 -135.94536 
    -38.42827 -136.39670 
    -37.88229 -136.80614 
    -37.29762 -137.16948 
    -36.67968 -137.48657 
    -36.03285 -137.75505 
    -35.36101 -137.96834 
    -34.66980 -138.12856 
    -33.96396 -138.23177 
    -33.24923 -138.26984 
    -32.53225 -138.24272 
    -31.81951 -138.15120 
    -31.11707 -137.99747 
    -30.43147 -137.78146 
    -29.77172 -137.49797 
    -29.13587 -137.16978 
    -28.52715 -136.79909 
    -27.94852 -136.38838 
    -27.40271 -135.94035 
    -26.89218 -135.45789 
    -26.41912 -134.94400 
    -25.98544 -134.40190 
    -25.59268 -133.83488 
    -25.24216 -133.24632 
    -24.93486 -132.63960 
    -24.67142 -132.01819 
    -24.56701 -131.33144 
    -24.54926 -130.63710 
    -24.48471 -129.98956 
    -24.35886 -129.37573 
    -24.25766 -128.76114 
    -24.20306 -128.14264 
    -24.18197 -127.52499 
    -24.16054 -126.90956 
    -24.13542 -126.29120 
    -24.11058 -125.66479 
    -24.14571 -125.03663 
    -24.20601 -124.40415 
    -24.33447 -123.78075 
    -24.50100 -123.16291 
    -24.69273 -122.54685 
    -24.90864 -121.93136 
    -25.14876 -121.31526 
    -25.41448 -120.69800 
    -25.70863 -120.08016 
    -26.03540 -119.46415 
    -26.39994 -118.85469 
    -26.80770 -118.25912 
    -27.26361 -117.68732 
    -27.77114 -117.15123 
    -28.33142 -116.66399 
    -28.94264 -116.23872 
    -29.59986 -115.88710 
    -30.29516 -115.61814 
    -31.01833 -115.43708 
    -31.75788 -115.34484 
    -32.50214 -115.33801 
    -33.24044 -115.40942 
    -33.96396 -115.54913 
    -34.66633 -115.74571 
    -35.34373 -115.98761 
    -35.99466 -116.26428 
    -36.61947 -116.56705 
    -37.22306 -116.87910 
    -37.80136 -117.21741 
    -38.35491 -117.57833 
    -38.89342 -117.94292 
    -39.47793 -118.22094 
    -40.05181 -118.53036 
    -40.61336 -118.87182 
    -41.16029 -119.24625 
    -41.68953 -119.65477 
    -42.19719 -120.09845 
    -42.67854 -120.57805 
    -43.12819 -121.09377 
    -43.54028 -121.64494 
    -43.90882 -122.22987 
    -44.22809 -122.84571 
    -44.49305 -123.48846 
    -44.69975 -124.15308 
    -44.84563 -124.83377 
    -44.92966 -125.52427 
    -44.95247 -126.21822 
Cell 17 100 -14.36785 -127.61516 
    -24.18505 -127.61516 
    -24.21116 -128.23445 
    -24.27505 -128.86673 
    -24.38986 -129.52695 
    -24.50754 -130.21858 
    -24.55664 -130.92569 
    -24.35604 -131.56976 
    -24.08488 -132.18764 
    -23.77408 -132.78629 
    -23.42540 -133.36325 
    -23.04065 -133.91632 
    -22.62173 -134.44336 
    -22.17063 -134.94246 
    -21.68936 -135.41179 
    -21.17998 -135.84961 
    -20.64458 -136.25435 
    -20.08535 -136.62450 
    -19.50450 -136.95869 
    -18.90431 -137.25565 
    -18.28713 -137.51414 
    -17.65538 -137.73314 
    -17.01144 -137.91129 
    -16.35717 -138.04355 
    -15.69174 -138.09488 
    -15.01127 -137.84210 
    -14.36785 -137.51155 
    -13.75736 -137.31859 
    -13.16046 -137.17258 
    -12.56921 -137.04393 
    -11.97563 -136.93224 
    -11.37244 -136.83409 
    -10.75497 -136.74023 
    -10.12762 -136.62608 
    -9.32522 -136.78767 
    -8.77057 -136.43506 
    -8.24155 -136.04729 
    -7.73999 -135.62686 
    -7.26791 -135.17583 
    -6.82721 -134.69629 
    -6.41956 -134.19055 
    -6.04653 -133.66095 
    -5.70943 -133.10995 
    -5.40941 -132.54010 
    -5.14744 -131.95395 
    -4.92427 -131.35413 
    -4.74050 -130.74327 
    -4.59649 -130.12401 
    -4.47621 -129.50209 
    -4.36028 -128.87941 
    -4.27956 -128.24986 
    -4.23405 -127.61516 
    -4.22378 -126.97694 
    -4.24887 -126.33684 
    -4.30957 -125.69644 
    -4.40629 -125.05746 
    -4.53960 -124.42177 
    -4.71023 -123.79144 
    -4.91901 -123.16888 
    -5.16679 -122.55684 
    -5.45435 -121.95848 
    -5.78226 -121.37737 
    -6.15072 -120.81736 
    -6.55952 -120.28265 
    -7.00780 -119.77750 
    -7.49409 -119.30621 
    -8.01619 -118.87286 
    -8.57121 -118.48112 
    -9.15565 -118.13420 
    -9.76545 -117.83456 
    -10.26504 -117.25266 
    -10.56419 -115.90871 
    -11.37447 -115.95674 
    -12.25581 -116.54349 
    -12.96037 -116.47379 
    -13.67046 -116.53053 
    -14.36785 -116.68908 
    -15.04104 -116.91500 
    -15.68678 -117.17474 
    -16.30808 -117.44410 
    -16.92509 -117.65537 
    -17.53065 -117.88106 
    -18.11976 -118.13892 
    -18.69116 -118.42764 
    -19.24363 -118.74615 
    -19.77586 -119.09349 
    -20.28652 -119.46881 
    -20.79646 -119.84430 
    -21.31218 -120.22020 
    -21.80586 -120.63040 
    -22.27472 -121.07403 
    -22.71594 -121.54992 
    -23.12673 -122.05660 
    -23.50438 -122.59231 
    -23.84633 -123.15492 
    -24.14848 -123.74274 
    -24.20460 -124.41901 
    -24.14185 -125.10561 
    -24.11420 -125.75594 
    -24.13906 -126.38076 
    -24.16365 -126.99886 
Cell 18 100 12.02700 -128.90913 
    1.89127 -128.90913 
    1.90414 -129.54601 
    1.95756 -130.18120 
    2.05140 -130.81209 
    2.18534 -131.43605 
    2.35888 -132.05049 
    2.57137 -132.65288 
    2.82196 -133.24069 
    3.10965 -133.81149 
    3.43328 -134.36287 
    3.79154 -134.89255 
    4.18293 -135.39832 
    4.60585 -135.87805 
    5.05854 -136.32979 
    5.53911 -136.75165 
    6.04555 -137.14189 
    6.57575 -137.49892 
    7.12750 -137.82129 
    7.69848 -138.10770 
    8.28631 -138.35704 
    8.88854 -138.56833 
    9.50265 -138.74083 
    10.12612 -138.87392 
    10.75637 -138.96721 
    11.39085 -139.02051 
    12.02700 -139.03384 
    12.66233 -139.00746 
    13.29443 -138.94183 
    13.92097 -138.83765 
    14.53980 -138.69583 
    15.14896 -138.51753 
    15.74673 -138.30409 
    16.33169 -138.05707 
    16.90273 -137.77806 
    17.45904 -137.46866 
    17.99993 -137.13016 
    18.52521 -136.76411 
    19.03513 -136.37204 
    19.48919 -135.91660 
    19.75231 -135.30006 
    20.02372 -134.71910 
    20.28500 -134.14983 
    20.53966 -133.58900 
    20.79366 -133.03441 
    21.05197 -132.48238 
    21.31867 -131.92818 
    21.59791 -131.36653 
    21.89935 -130.79239 
    22.25803 -130.20161 
    22.72301 -129.58206 
    23.28579 -128.90913 
    23.80201 -128.16832 
    23.80639 -127.42105 
    23.73753 -126.67523 
    23.59383 -125.93928 
    23.37514 -125.22190 
    23.07465 -124.53506 
    22.62246 -123.92329 
    22.00318 -123.42468 
    21.38356 -122.97128 
    20.75287 -122.56942 
    20.16080 -122.18027 
    19.59921 -121.79835 
    19.08827 -121.38965 
    18.57897 -120.98917 
    18.06507 -120.59844 
    17.54475 -120.21455 
    17.01653 -119.83321 
    16.47936 -119.44740 
    15.87391 -119.19296 
    15.24343 -119.00999 
    14.60549 -118.86658 
    13.96257 -118.76251 
    13.31704 -118.69746 
    12.67138 -118.66704 
    12.02700 -118.61456 
    11.37863 -118.60357 
    10.72910 -118.63522 
    10.08150 -118.71047 
    9.43911 -118.82997 
    8.80538 -118.99402 
    8.18386 -119.20248 
    7.57811 -119.45476 
    6.99160 -119.74977 
    6.42764 -120.08595 
    5.88929 -120.46131 
    5.37930 -120.87344 
    4.90001 -121.31966 
    4.45339 -121.79704 
    4.04101 -122.30254 
    3.66405 -122.83310 
    3.32337 -123.38564 
    3.01953 -123.95724 
    2.75287 -124.54506 
    2.51856 -125.14448 
    2.31879 -125.75475 
    2.15784 -126.37517 
    2.03582 -127.00321 
    1.95270 -127.63645 
    1.90841 -128.27252 
Cell 19 100 25.53696 -113.84535 
    14.34604 -113.84535 
    14.40260 -114.54587 
    14.51039 -115.23833 
    14.66752 -115.91881 
    14.87173 -116.58372 
    15.12044 -117.22988 
    15.41089 -117.85455 
    15.74019 -118.45536 
    16.10584 -119.03015 
    16.58734 -119.52496 
    17.15639 -119.93419 
    17.69972 -120.32889 
    18.22012 -120.71632 
    18.72249 -121.10202 
    19.21314 -121.48953 
    19.70601 -121.87097 
    20.22195 -122.22047 
    20.74405 -122.56362 
    21.27513 -122.90220 
    21.80240 -123.27776 
    22.33709 -123.69353 
    22.91164 -124.07031 
    23.55664 -124.22656 
    24.21118 -124.33995 
    24.87230 -124.40986 
    25.53696 -124.43589 
    26.20213 -124.41785 
    26.86474 -124.35581 
    27.52176 -124.25005 
    28.17018 -124.10105 
    28.80702 -123.90957 
    29.42940 -123.67652 
    30.03449 -123.40308 
    30.61959 -123.09061 
    31.18209 -122.74065 
    31.71955 -122.35496 
    32.22966 -121.93544 
    32.71030 -121.48418 
    33.15953 -121.00342 
    33.57562 -120.49551 
    33.95711 -119.96294 
    34.30278 -119.40831 
    34.61172 -118.83424 
    34.88338 -118.24344 
    35.11750 -117.63856 
    35.31423 -117.02218 
    35.47410 -116.39677 
    35.59794 -115.76459 
    35.68689 -115.12759 
    35.74223 -114.48741 
    35.76530 -113.84535 
    35.75725 -113.20235 
    35.71890 -112.55907 
    35.65051 -111.91609 
    35.55161 -111.27402 
    35.42095 -110.63385 
    35.25645 -109.99713 
    35.05540 -109.36631 
    34.81467 -108.74489 
    34.53120 -108.13744 
    34.29330 -107.48350 
    34.03599 -106.81435 
    33.74308 -106.13930 
    33.40657 -105.46507 
    33.01840 -104.80184 
    32.57159 -104.16302 
    32.06141 -103.56446 
    31.48643 -103.02332 
    30.84914 -102.55639 
    30.15620 -102.17848 
    29.41801 -101.90071 
    28.64782 -101.72935 
    27.86046 -101.66511 
    27.07088 -101.70316 
    26.29266 -101.83383 
    25.53696 -102.04385 
    24.81171 -102.31789 
    24.12143 -102.64028 
    23.46743 -102.99650 
    22.84845 -103.37431 
    22.26150 -103.76451 
    21.69613 -104.14452 
    21.06777 -104.34783 
    20.44842 -104.58932 
    19.84066 -104.86942 
    19.24732 -105.18841 
    18.67149 -105.54642 
    18.11649 -105.94335 
    17.58584 -106.37875 
    17.08322 -106.85181 
    16.61237 -107.36126 
    16.17705 -107.90537 
    15.78090 -108.48192 
    15.42735 -109.08813 
    15.11951 -109.72079 
    14.86010 -110.37623 
    14.65131 -111.05039 
    14.49480 -111.73895 
    14.39160 -112.43736 
    14.34209 -113.14103 
Cell 20 100 55.93791 -113.49330 
    45.86146 -113.49330 
    45.87566 -114.12637 
    45.92976 -114.75762 
    46.02362 -115.38455 
    46.15698 -116.00462 
    46.32937 -116.61530 
    46.54018 -117.21413 
    46.78860 -117.79864 
    47.07370 -118.36644 
    47.39435 -118.91521 
    47.74929 -119.44268 
    48.13711 -119.94669 
    48.55625 -120.42514 
    49.00498 -120.87613 
    49.48151 -121.29774 
    49.98392 -121.68827 
    50.51014 -122.04611 
    51.05801 -122.36980 
    51.62531 -122.65804 
    52.20971 -122.90967 
    52.80881 -123.12370 
    53.42017 -123.29928 
    54.04129 -123.43575 
    54.66965 -123.53263 
    55.30271 -123.58959 
    55.93791 -123.60648 
    56.57272 -123.58332 
    57.20462 -123.52032 
    57.83112 -123.41783 
    58.44978 -123.27638 
    58.98009 -122.85616 
    59.49771 -122.48434 
    60.00994 -122.14680 
    60.51012 -121.81011 
    60.99885 -121.46806 
    61.47664 -121.11671 
    61.94489 -120.75449 
    62.40476 -120.37980 
    62.85858 -119.99224 
    63.31056 -119.59248 
    63.76849 -119.18254 
    64.24709 -118.76646 
    64.79331 -118.36160 
    65.12127 -117.81466 
    65.38914 -117.23531 
    65.62184 -116.63980 
    65.87556 -116.04485 
    66.15279 -115.44189 
    66.43372 -114.81923 
    66.71021 -114.17104 
    66.96301 -113.49330 
    67.16306 -112.78708 
    67.27683 -112.06086 
    67.27465 -111.33070 
    67.13919 -110.61730 
    66.87093 -109.94095 
    66.48820 -109.31615 
    66.02180 -108.74818 
    65.57721 -108.19405 
    65.43205 -107.46814 
    65.24228 -106.73328 
    64.99402 -106.00144 
    64.67421 -105.28937 
    64.27298 -104.61736 
    63.78569 -104.00697 
    63.21429 -103.47823 
    62.56746 -103.04680 
    61.85968 -102.72165 
    61.10915 -102.50386 
    60.33530 -102.38676 
    59.55622 -102.35730 
    58.78657 -102.39852 
    58.03648 -102.49221 
    57.31437 -102.59747 
    56.62251 -102.61192 
    55.93791 -102.67263 
    55.26368 -102.77676 
    54.60237 -102.92142 
    53.95603 -103.10390 
    53.32627 -103.32166 
    52.71443 -103.57243 
    52.12157 -103.85432 
    51.54867 -104.16569 
    50.99665 -104.50519 
    50.46647 -104.87170 
    49.95915 -105.26424 
    49.47581 -105.68196 
    49.01766 -106.12398 
    48.58601 -106.58941 
    48.18224 -107.07726 
    47.80777 -107.58641 
    47.46401 -108.11560 
    47.14295 -108.65823 
    46.85358 -109.21854 
    46.59924 -109.79586 
    46.38101 -110.38808 
    46.19991 -110.99301 
    46.05678 -111.60838 
    45.95232 -112.23183 
    45.88708 -112.86095 
Cell 21 100 66.10400 -129.78461 
    56.09459 -129.78461 
    56.11562 -130.41302 
    56.17626 -131.03877 
    56.26532 -131.66144 
    56.34264 -132.29089 
    56.46135 -132.91769 
    56.61544 -133.54138 
    56.81292 -134.15666 
    57.05393 -134.75992 
    57.33429 -135.35004 
    57.65376 -135.92406 
    58.01178 -136.47906 
    58.40746 -137.01213 
    58.83963 -137.52037 
    59.30682 -138.00098 
    59.80730 -138.45126 
    60.33907 -138.86868 
    60.89993 -139.25076 
    61.48743 -139.59532 
    62.09894 -139.90022 
    62.73178 -140.16321 
    63.38700 -140.36659 
    64.06029 -140.49809 
    64.73976 -140.58362 
    65.42200 -140.62460 
    66.10400 -140.62550 
    66.78470 -140.60406 
    67.46606 -140.56647 
    68.15105 -140.51569 
    68.83922 -140.43761 
    69.50787 -140.26068 
    70.15888 -140.02608 
    70.79164 -139.74635 
    71.15052 -138.96420 
    71.41723 -138.15694 
    71.79287 -137.61467 
    72.16556 -137.11177 
    72.49523 -136.59058 
    72.79112 -136.06424 
    73.07534 -135.55180 
    73.35691 -135.05417 
    73.64192 -134.56831 
    73.93425 -134.08932 
    74.23553 -133.61102 
    74.54714 -133.12749 
    74.86614 -132.63161 
    75.18446 -132.11607 
    75.48986 -131.57506 
    75.82044 -131.01208 
    76.18149 -130.41862 
    76.50331 -129.78461 
    76.46334 -129.13286 
    76.40901 -128.48279 
    76.33723 -127.83251 
    76.22256 -127.18660 
    76.06446 -126.54826 
    75.86279 -125.92082 
    75.61779 -125.30775 
    75.33008 -124.71252 
    75.00072 -124.13857 
    74.63121 -123.58923 
    74.22347 -123.06760 
    73.77980 -122.57655 
    73.30284 -122.11861 
    72.79552 -121.69594 
    72.26094 -121.31030 
    71.73793 -120.90695 
    71.25819 -120.40916 
    70.74943 -119.91255 
    70.20389 -119.42947 
    69.61494 -118.97904 
    68.97947 -118.58538 
    68.29976 -118.27402 
    67.58424 -118.06730 
    66.84668 -117.97993 
    66.10400 -118.01588 
    65.37311 -118.16747 
    64.67227 -118.45132 
    64.03701 -118.94909 
    63.45411 -119.46397 
    62.90805 -119.94849 
    62.38632 -120.39483 
    61.87880 -120.80562 
    61.37847 -121.18890 
    60.87926 -121.55176 
    60.37585 -121.90050 
    59.86465 -122.24254 
    59.34894 -122.59120 
    58.84226 -122.96539 
    58.37437 -123.39010 
    57.99304 -123.89165 
    57.64246 -124.41476 
    57.32401 -124.95776 
    57.03971 -125.51928 
    56.79096 -126.09731 
    56.57890 -126.68972 
    56.40445 -127.29418 
    56.26832 -127.90835 
    56.17108 -128.52979 
    56.11309 -129.15604 
Cell 22 100 77.91203 -99.68627 
    65.77870 -99.68627 
    65.79823 -100.44841 
    65.89197 -101.20476 
    66.05728 -101.94769 
    66.28997 -102.67031 
    66.58458 -103.36678 
    66.93478 -104.03247 
    67.33375 -104.66403 
    67.77461 -105.25936 
    68.25076 -105.81750 
    68.75613 -106.33842 
    69.28548 -106.82277 
    69.83440 -107.27167 
    70.39943 -107.68637 
    70.97796 -108.06812 
    71.56812 -108.41791 
    72.16862 -108.73642 
    72.77862 -109.02390 
    73.39746 -109.28021 
    74.02459 -109.50481 
    74.65939 -109.69686 
    75.30107 -109.85527 
    75.94862 -109.97884 
    76.60072 -110.06635 
    77.25581 -110.11660 
    77.91203 -110.13501 
    78.56844 -110.11972 
    79.22272 -110.06151 
    79.87196 -109.96060 
    80.51326 -109.81742 
    81.14379 -109.63261 
    81.76073 -109.40701 
    82.36138 -109.14164 
    82.94308 -108.83774 
    83.50330 -108.49670 
    84.03959 -108.12014 
    84.54966 -107.70979 
    85.03135 -107.26759 
    85.48266 -106.79557 
    85.90179 -106.29597 
    86.28719 -105.77119 
    86.63770 -105.22375 
    86.95270 -104.65643 
    87.23253 -104.07217 
    87.47894 -103.47408 
    87.69574 -102.86520 
    87.88940 -102.24802 
    88.06935 -101.62389 
    88.24735 -100.99193 
    88.43566 -100.34837 
    88.64362 -99.68627 
    88.87311 -98.99666 
    89.11414 -98.27112 
    89.34227 -97.50584 
    89.51991 -96.70587 
    89.60213 -95.88792 
    89.54640 -95.07990 
    89.32335 -94.31651 
    88.92506 -93.63181 
    88.36781 -93.05083 
    87.68806 -92.58357 
    86.93336 -92.22318 
    86.42657 -91.69058 
    86.01473 -91.05776 
    85.55547 -90.44692 
    85.04848 -89.86378 
    84.49418 -89.31445 
    83.89390 -88.80527 
    83.24995 -88.34261 
    82.56563 -87.93262 
    81.84526 -87.58102 
    81.09410 -87.29290 
    80.31824 -87.07245 
    79.52442 -86.92283 
    78.71986 -86.84602 
    77.91203 -86.84270 
    77.10836 -86.91234 
    76.31609 -87.05309 
    75.54197 -87.26199 
    74.79212 -87.53506 
    74.07187 -87.86750 
    73.38563 -88.25389 
    72.73685 -88.68846 
    72.12804 -89.16524 
    71.56078 -89.67832 
    71.03587 -90.22206 
    70.55336 -90.79117 
    70.11275 -91.38089 
    69.71313 -91.98700 
    69.35335 -92.60592 
    69.03208 -93.23462 
    68.54855 -93.74403 
    68.04631 -94.26255 
    67.57623 -94.82262 
    67.14565 -95.42357 
    66.76211 -96.06345 
    66.43297 -96.73895 
    66.16499 -97.44540 
    65.96395 -98.17688 
    65.83426 -98.92641 
Cell 23 100 95.70608 -123.66259 
    84.13683 -123.66259 
    84.30582 -124.37983 
    84.52422 -125.07519 
    84.78474 -125.74595 
    85.08068 -126.39073 
    85.60308 -126.94525 
    86.28228 -127.39373 
    86.89604 -127.80827 
    87.43083 -128.21193 
    87.90186 -128.61530 
    88.35363 -129.00446 
    88.79783 -129.37759 
    89.23278 -129.74141 
    89.66006 -130.10094 
    90.08247 -130.46036 
    90.50366 -130.82310 
    90.92790 -131.19179 
    91.36010 -131.56790 
    91.80573 -131.95123 
    92.27150 -132.33736 
    92.76402 -132.71732 
    93.28634 -133.08685 
    93.81332 -133.58479 
    94.37196 -134.22318 
    95.03582 -134.31604 
    95.70608 -134.36450 
    96.37960 -134.36798 
    97.05321 -134.32625 
    97.72368 -134.23923 
    98.38779 -134.10715 
    99.04231 -133.93047 
    99.68410 -133.70992 
    100.31000 -133.44641 
    100.91698 -133.14119 
    101.50211 -132.79567 
    102.06255 -132.41153 
    102.59563 -131.99062 
    103.09880 -131.53505 
    103.56973 -131.04706 
    104.00623 -130.52908 
    104.40636 -129.98372 
    104.76836 -129.41368 
    105.09068 -128.82182 
    105.37207 -128.21106 
    105.61144 -127.58440 
    105.80801 -126.94491 
    105.96118 -126.29565 
    106.07069 -125.63975 
    106.13647 -124.98026 
    106.15871 -124.32021 
    106.13786 -123.66259 
    106.07462 -123.01025 
    105.96991 -122.36597 
    105.82493 -121.73232 
    105.64105 -121.11172 
    105.41989 -120.50638 
    105.16320 -119.91825 
    104.87296 -119.34898 
    104.55116 -118.79996 
    104.19997 -118.27220 
    103.82148 -117.76640 
    103.41775 -117.28294 
    102.99577 -116.81712 
    102.55155 -116.37290 
    102.08031 -115.95746 
    101.58555 -115.57019 
    101.07951 -115.19541 
    100.55560 -114.84134 
    100.01385 -114.50809 
    99.45406 -114.19628 
    98.87581 -113.90717 
    98.27876 -113.64268 
    97.66270 -113.40557 
    97.02789 -113.19935 
    96.37514 -113.02816 
    95.70608 -112.89666 
    95.02328 -112.80975 
    94.33031 -112.77232 
    93.63181 -112.78889 
    92.93328 -112.86326 
    92.24102 -112.99823 
    91.56180 -113.19533 
    90.90257 -113.45462 
    90.27014 -113.77466 
    89.67078 -114.15247 
    89.10992 -114.58376 
    88.58172 -115.05071 
    87.94385 -115.39665 
    87.32545 -115.79266 
    86.73479 -116.24091 
    86.18088 -116.74213 
    85.67294 -117.29537 
    85.21990 -117.89777 
    84.82973 -118.54457 
    84.50893 -119.22932 
    84.26202 -119.94419 
    84.09129 -120.68042 
    83.99669 -121.42890 
    83.97588 -122.18073 
    84.02454 -122.92765 
Cell 24 100 -100.81194 -107.76763 
    -110.99074 -107.76763 
    -110.98152 -108.40745 
    -110.93143 -109.04602 
    -110.84053 -109.68069 
    -110.70911 -110.30879 
    -110.53764 -110.92770 
    -110.32676 -111.53481 
    -110.07732 -112.12759 
    -109.79034 -112.70354 
    -109.46699 -113.26028 
    -109.10862 -113.79552 
    -108.71674 -114.30704 
    -108.29301 -114.79282 
    -107.83922 -115.25092 
    -107.35727 -115.67957 
    -106.84919 -116.07719 
    -106.31707 -116.44232 
    -105.76309 -116.77374 
    -105.18948 -117.07037 
    -104.59848 -117.33134 
    -103.99236 -117.55593 
    -103.37334 -117.74362 
    -102.74366 -117.89406 
    -102.10548 -118.00700 
    -101.46089 -118.08237 
    -100.81194 -118.12016 
    -100.16060 -118.12046 
    -99.50876 -118.08340 
    -98.85827 -118.00917 
    -98.21093 -117.89791 
    -97.56854 -117.74979 
    -96.93292 -117.56492 
    -96.30593 -117.34339 
    -95.68951 -117.08529 
    -95.08575 -116.79066 
    -94.60004 -116.31759 
    -94.33594 -115.59577 
    -94.08106 -114.93529 
    -93.80074 -114.35159 
    -93.48706 -113.82730 
    -93.16656 -113.32233 
    -92.83323 -112.83108 
    -92.48400 -112.34595 
    -92.12113 -111.85722 
    -91.77090 -111.34724 
    -91.39514 -110.82734 
    -90.98901 -110.28973 
    -90.54497 -109.72617 
    -90.04336 -109.12802 
    -89.39687 -108.48580 
    -88.76202 -107.76763 
    -88.51463 -106.99395 
    -88.48103 -106.20988 
    -88.68353 -105.45401 
    -89.09912 -104.76029 
    -89.66784 -104.14669 
    -90.31351 -103.61101 
    -90.75829 -103.03674 
    -90.61580 -102.16225 
    -90.39155 -101.15465 
    -92.00461 -101.36873 
    -92.48543 -100.87934 
    -92.99306 -100.42522 
    -93.52415 -100.00693 
    -94.07558 -99.62476 
    -94.64441 -99.27876 
    -95.22801 -98.96876 
    -95.82397 -98.69453 
    -96.43012 -98.45579 
    -97.04452 -98.25220 
    -97.66538 -98.08351 
    -98.29108 -97.94949 
    -98.92005 -97.85001 
    -99.54210 -97.71577 
    -100.17117 -97.58284 
    -100.81194 -97.45827 
    -101.46795 -97.34070 
    -102.14252 -97.23504 
    -102.83659 -97.15409 
    -103.54631 -97.11797 
    -104.26155 -97.15083 
    -104.96614 -97.27534 
    -105.64046 -97.50652 
    -106.26572 -97.84726 
    -106.82853 -98.28701 
    -107.32402 -98.80453 
    -107.75631 -99.37334 
    -108.13631 -99.96797 
    -108.47778 -100.56894 
    -108.79330 -101.16489 
    -109.09143 -101.75224 
    -109.37573 -102.33289 
    -109.64536 -102.91142 
    -109.94024 -103.47218 
    -110.20496 -104.04868 
    -110.43306 -104.64154 
    -110.62340 -105.24847 
    -110.77505 -105.86707 
    -110.88721 -106.49483 
    -110.95926 -107.12922 
