9 25 
Cell 0 100 -115.13407 -153.24011 
    -125.13417 -153.24011 
    -125.11443 -153.86803 
    -125.05529 -154.49345 
    -124.95700 -155.11394 
    -124.81992 -155.72702 
    -124.65587 -156.33392 
    -124.46049 -156.93271 
    -124.23032 -157.52048 
    -123.96291 -158.09381 
    -123.65909 -158.65025 
    -123.31985 -159.18742 
    -122.94637 -159.70300 
    -122.53999 -160.19473 
    -122.10222 -160.66043 
    -121.63468 -161.09801 
    -121.13919 -161.50545 
    -120.61770 -161.88092 
    -120.07227 -162.22266 
    -119.50512 -162.52907 
    -118.91857 -162.79868 
    -118.31506 -163.03018 
    -117.69711 -163.22247 
    -117.06733 -163.37459 
    -116.42840 -163.48573 
    -115.78305 -163.55533 
    -115.13407 -163.58298 
    -114.48426 -163.56850 
    -113.83645 -163.51186 
    -113.19344 -163.41325 
    -112.55804 -163.27310 
    -111.93301 -163.09198 
    -111.32107 -162.87067 
    -110.72488 -162.61014 
    -110.14700 -162.31157 
    -109.58994 -161.97627 
    -109.05606 -161.60577 
    -108.54765 -161.20174 
    -108.06681 -160.76598 
    -107.61557 -160.30046 
    -107.19576 -159.80725 
    -106.80906 -159.28859 
    -106.45699 -158.74675 
    -106.14067 -158.18428 
    -105.86047 -157.60394 
    -106.12280 -156.80792 
    -106.25635 -156.12466 
    -106.34401 -155.49702 
    -106.41105 -154.90411 
    -106.50182 -154.33061 
    -106.61369 -153.77617 
    -106.73009 -153.24011 
    -106.82605 -152.71742 
    -106.92274 -152.20279 
    -107.00413 -151.68924 
    -107.08154 -151.17258 
    -107.13439 -150.64085 
    -107.03319 -150.03275 
    -106.75897 -149.29909 
    -106.55210 -148.52214 
    -106.21146 -147.57765 
    -105.37353 -146.14867 
    -105.74921 -145.47629 
    -106.19849 -144.84904 
    -106.71863 -144.27858 
    -107.30368 -143.77480 
    -107.94491 -143.34508 
    -108.63145 -142.99362 
    -109.41917 -142.84474 
    -110.19075 -142.73502 
    -110.97075 -142.72475 
    -111.79610 -142.96689 
    -112.53971 -143.13574 
    -113.22824 -143.24937 
    -113.88251 -143.33298 
    -114.51489 -143.39856 
    -115.13407 -143.43730 
    -115.75202 -143.41808 
    -116.37646 -143.40565 
    -117.01086 -143.40161 
    -117.66165 -143.39583 
    -118.34146 -143.36879 
    -119.06368 -143.31506 
    -119.71494 -143.50526 
    -120.25365 -143.92764 
    -120.83465 -144.25745 
    -121.33335 -144.70753 
    -121.92772 -145.02800 
    -122.72133 -145.16051 
    -122.72028 -146.11620 
    -123.02824 -146.70949 
    -123.37690 -147.25134 
    -123.69528 -147.80701 
    -123.98303 -148.37535 
    -124.23967 -148.95535 
    -124.46460 -149.54590 
    -124.65713 -150.14589 
    -124.82004 -150.75317 
    -124.95708 -151.36627 
    -125.05534 -151.98677 
    -125.11445 -152.61220 
Cell 1 100 -96.31390 -153.32031 
    -106.71268 -153.32031 
    -106.57541 -153.96591 
    -106.45888 -154.60191 
    -106.37316 -155.23921 
    -106.29027 -155.88182 
    -106.17802 -156.52536 
    -106.00735 -157.15822 
    -105.70978 -157.74167 
    -105.33254 -158.27835 
    -104.93940 -158.79422 
    -104.52960 -159.28937 
    -104.10205 -159.76323 
    -103.65565 -160.21468 
    -103.18957 -160.64215 
    -102.70335 -161.04384 
    -102.20686 -161.43127 
    -101.68835 -161.78909 
    -101.14810 -162.11368 
    -100.58823 -162.40372 
    -100.01095 -162.65797 
    -99.41855 -162.87543 
    -98.81338 -163.05513 
    -98.19785 -163.19633 
    -97.57443 -163.29845 
    -96.94561 -163.36101 
    -96.31390 -163.38371 
    -95.68185 -163.36647 
    -95.05200 -163.30931 
    -94.42688 -163.21242 
    -93.80902 -163.07619 
    -93.20091 -162.90112 
    -92.60500 -162.68791 
    -92.02371 -162.43742 
    -91.45939 -162.15065 
    -90.91430 -161.82872 
    -90.39066 -161.47296 
    -89.89058 -161.08478 
    -89.41607 -160.66576 
    -88.96905 -160.21759 
    -88.55130 -159.74210 
    -88.16451 -159.24120 
    -87.80850 -158.71800 
    -87.47352 -158.18036 
    -87.16758 -157.62425 
    -86.89037 -157.05136 
    -86.64142 -156.46309 
    -86.58174 -155.81911 
    -86.61465 -155.17055 
    -86.64088 -154.54230 
    -86.66441 -153.92740 
    -86.68827 -153.32031 
    -86.71419 -152.71635 
    -86.74721 -152.11176 
    -86.79042 -151.50362 
    -86.84615 -150.88940 
    -86.91078 -150.26506 
    -86.98936 -149.62846 
    -87.08025 -148.97528 
    -87.17802 -148.29782 
    -87.26855 -147.57997 
    -87.30226 -146.77296 
    -87.75686 -146.24130 
    -88.25906 -145.75632 
    -88.80090 -145.31976 
    -89.37467 -144.93222 
    -89.97288 -144.59264 
    -90.58865 -144.29875 
    -91.21616 -144.04756 
    -91.85081 -143.83577 
    -92.48921 -143.66025 
    -93.12907 -143.51840 
    -93.72523 -143.23808 
    -94.33746 -142.95943 
    -94.97666 -142.73497 
    -95.63889 -142.59129 
    -96.31390 -142.52962 
    -96.99033 -142.56879 
    -97.65366 -142.71512 
    -98.29346 -142.94313 
    -98.90554 -143.22658 
    -99.49127 -143.54138 
    -100.09308 -143.77521 
    -100.71741 -143.96240 
    -101.34106 -144.17596 
    -101.96438 -144.41660 
    -102.58701 -144.68614 
    -103.20738 -144.98753 
    -103.82234 -145.32465 
    -104.42674 -145.70184 
    -105.01340 -146.12346 
    -105.57318 -146.59305 
    -105.98132 -147.18518 
    -106.30219 -147.82921 
    -106.54607 -148.50542 
    -106.73145 -149.19572 
    -106.96808 -149.85855 
    -107.11863 -150.54613 
    -107.06709 -151.26903 
    -106.95875 -151.97556 
    -106.83717 -152.65825 
Cell 2 100 -76.37788 -153.28511 
    -86.68978 -153.28511 
    -86.66422 -153.93227 
    -86.63925 -154.58142 
    -86.61127 -155.23723 
    -86.58990 -155.90710 
    -86.39941 -156.54131 
    -86.07482 -157.12440 
    -85.73260 -157.68710 
    -85.37240 -158.22989 
    -84.99345 -158.75272 
    -84.59486 -159.25510 
    -84.17574 -159.73607 
    -83.73544 -160.19432 
    -83.28564 -160.64113 
    -82.83432 -161.08960 
    -82.35381 -161.51028 
    -81.84569 -161.90100 
    -81.31174 -162.25977 
    -80.75390 -162.58464 
    -80.17433 -162.87386 
    -79.57530 -163.12578 
    -78.95927 -163.33896 
    -78.32877 -163.51202 
    -77.68650 -163.64394 
    -77.03525 -163.73372 
    -76.37788 -163.78067 
    -75.71732 -163.78430 
    -75.05657 -163.74431 
    -74.39864 -163.66066 
    -73.74655 -163.53346 
    -73.10332 -163.36313 
    -72.47196 -163.15033 
    -71.85540 -162.89586 
    -71.25652 -162.60081 
    -70.67811 -162.26651 
    -70.12284 -161.89442 
    -69.59327 -161.48628 
    -69.09181 -161.04399 
    -68.62072 -160.56956 
    -68.18207 -160.06528 
    -67.77776 -159.53346 
    -67.40952 -158.97661 
    -67.07887 -158.39728 
    -66.78716 -157.79816 
    -66.53365 -157.18271 
    -66.27432 -156.56795 
    -66.04884 -155.93715 
    -65.98518 -155.26762 
    -65.99127 -154.59724 
    -65.97423 -153.93965 
    -65.93725 -153.28511 
    -65.87964 -152.62462 
    -65.79714 -151.94846 
    -65.68506 -151.24535 
    -65.80563 -150.57062 
    -66.00459 -149.91463 
    -66.25684 -149.27791 
    -66.56037 -148.66534 
    -66.91211 -148.08127 
    -67.30811 -147.52927 
    -67.74384 -147.01212 
    -68.21433 -146.53163 
    -68.71461 -146.08882 
    -69.23988 -145.68391 
    -69.78571 -145.31654 
    -70.34822 -144.98601 
    -70.92411 -144.69135 
    -71.52760 -144.46249 
    -72.15958 -144.32079 
    -72.76540 -144.16106 
    -73.36507 -144.01262 
    -73.96449 -143.88559 
    -74.56261 -143.76915 
    -75.15920 -143.63832 
    -75.76171 -143.49135 
    -76.37788 -143.32391 
    -77.01687 -143.12860 
    -77.68945 -142.90292 
    -78.39725 -142.69920 
    -79.13592 -142.54324 
    -79.90839 -142.41931 
    -80.67182 -142.43985 
    -81.42616 -142.55698 
    -82.15572 -142.77525 
    -82.90742 -142.99619 
    -83.64422 -143.28386 
    -84.35576 -143.64151 
    -85.03107 -144.07039 
    -85.65918 -144.56938 
    -86.22974 -145.13495 
    -86.73372 -145.76115 
    -87.16399 -146.44003 
    -87.28061 -147.29129 
    -87.19073 -148.19696 
    -87.06958 -149.05197 
    -86.96252 -149.84596 
    -86.87721 -150.58934 
    -86.80933 -151.29521 
    -86.75700 -151.97392 
    -86.71866 -152.63452 
Cell 3 100 -55.93174 -154.57968 
    -65.99081 -154.57968 
    -65.98568 -155.21222 
    -65.96044 -155.84660 
    -65.84164 -156.47009 
    -65.68694 -157.08440 
    -65.49686 -157.68758 
    -65.27193 -158.27773 
    -65.01273 -158.85287 
    -64.71989 -159.41101 
    -64.39700 -159.95190 
    -64.04165 -160.47188 
    -63.65434 -160.96837 
    -63.23663 -161.43942 
    -62.79018 -161.88318 
    -62.31680 -162.29790 
    -61.81837 -162.68195 
    -61.29689 -163.03380 
    -60.75443 -163.35211 
    -60.19315 -163.63565 
    -59.61530 -163.88329 
    -59.02316 -164.09410 
    -58.41909 -164.26726 
    -57.80555 -164.40256 
    -57.18507 -164.50082 
    -56.55965 -164.55995 
    -55.93174 -164.57968 
    -55.30383 -164.55995 
    -54.67841 -164.50082 
    -54.05793 -164.40256 
    -53.44484 -164.26552 
    -52.84157 -164.09024 
    -52.25050 -163.87744 
    -51.67395 -163.62794 
    -51.11224 -163.34633 
    -50.56695 -163.03325 
    -50.03994 -162.68904 
    -49.53224 -162.31535 
    -49.04461 -161.91374 
    -48.57756 -161.48572 
    -48.13147 -161.03262 
    -47.70666 -160.55556 
    -47.30354 -160.05530 
    -46.92279 -159.53239 
    -46.56555 -158.98708 
    -46.42254 -158.34464 
    -46.65502 -157.59387 
    -46.77614 -156.93044 
    -46.83382 -156.31520 
    -46.86420 -155.72517 
    -46.89129 -155.14847 
    -46.92539 -154.57968 
    -46.96829 -154.01575 
    -47.03766 -153.45610 
    -47.12195 -152.89912 
    -47.23921 -152.34781 
    -47.37370 -151.79901 
    -47.54015 -151.25722 
    -47.71806 -150.71461 
    -47.91918 -150.17474 
    -48.11734 -149.62051 
    -48.30448 -149.03815 
    -48.43973 -148.38176 
    -48.42971 -147.53479 
    -48.68984 -146.86784 
    -49.24474 -146.49649 
    -49.81388 -146.15916 
    -50.39460 -145.85455 
    -50.98502 -145.58162 
    -51.58378 -145.33980 
    -52.18993 -145.12895 
    -52.80267 -144.94940 
    -53.42119 -144.80174 
    -54.04459 -144.68692 
    -54.67176 -144.60591 
    -55.30127 -144.55858 
    -55.93174 -144.52567 
    -56.56403 -144.52979 
    -57.19614 -144.57091 
    -57.82612 -144.64900 
    -58.45194 -144.76413 
    -59.07439 -144.90759 
    -59.69244 -145.08124 
    -60.29193 -145.31380 
    -60.86910 -145.59866 
    -61.43892 -145.90176 
    -61.98894 -146.24266 
    -62.51582 -146.62090 
    -63.01614 -147.03555 
    -63.48652 -147.48528 
    -63.92376 -147.96811 
    -64.32498 -148.48164 
    -64.68777 -149.02293 
    -65.01025 -149.58873 
    -65.29113 -150.17549 
    -65.52969 -150.77959 
    -65.71011 -151.40250 
    -65.80876 -152.04369 
    -65.88456 -152.68108 
    -65.93896 -153.31548 
    -65.97444 -153.94785 
Cell 4 100 -37.05306 -152.95413 
    -47.11363 -152.95413 
    -47.02214 -153.58134 
    -46.95390 -154.20490 
    -46.91011 -154.83446 
    -46.87590 -155.47621 
    -46.84310 -156.13510 
    -46.78759 -156.80830 
    -46.67543 -157.48209 
    -46.48594 -158.13989 
    -46.18332 -158.74837 
    -45.71444 -159.24699 
    -45.22601 -159.71538 
    -44.71966 -160.15355 
    -44.19682 -160.56146 
    -43.65868 -160.93895 
    -43.10633 -161.28574 
    -42.54079 -161.60141 
    -41.98953 -161.93353 
    -41.43281 -162.26157 
    -40.85402 -162.55424 
    -40.25539 -162.80991 
    -39.63934 -163.02702 
    -39.00837 -163.20422 
    -38.36514 -163.34032 
    -37.71241 -163.43430 
    -37.05306 -163.48537 
    -36.39001 -163.49294 
    -35.72628 -163.45665 
    -35.06491 -163.37636 
    -34.40898 -163.25215 
    -33.76155 -163.08437 
    -33.12567 -162.87358 
    -32.50437 -162.62057 
    -31.90059 -162.32643 
    -31.31722 -161.99236 
    -30.75702 -161.61989 
    -30.22262 -161.21071 
    -29.71653 -160.76674 
    -29.24112 -160.29002 
    -28.79856 -159.78285 
    -28.39084 -159.24760 
    -28.01975 -158.68684 
    -27.68683 -158.10326 
    -27.39333 -157.49966 
    -27.14038 -156.87883 
    -26.92889 -156.24367 
    -26.75948 -155.59708 
    -26.63262 -154.94194 
    -26.54856 -154.28116 
    -26.50739 -153.61761 
    -26.50901 -152.95413 
    -26.55320 -152.29353 
    -26.63952 -151.63860 
    -26.76737 -150.99203 
    -26.93596 -150.35651 
    -27.14431 -149.73459 
    -27.39124 -149.12875 
    -27.67546 -148.54137 
    -27.99418 -147.97397 
    -28.34663 -147.42886 
    -28.73181 -146.90839 
    -29.14811 -146.41460 
    -29.59378 -145.94940 
    -30.04932 -145.49591 
    -30.49874 -145.03133 
    -30.97496 -144.58835 
    -31.47731 -144.16815 
    -32.00516 -143.77203 
    -32.56882 -143.42465 
    -33.15709 -143.11403 
    -33.77552 -142.86690 
    -34.42629 -142.72354 
    -35.07584 -142.58914 
    -35.72700 -142.45728 
    -36.38468 -142.33060 
    -37.05306 -142.21014 
    -37.73624 -142.09518 
    -38.43909 -141.98254 
    -39.16844 -141.86491 
    -39.90421 -141.84962 
    -40.64469 -141.90022 
    -41.39171 -141.99596 
    -42.17094 -142.07808 
    -42.90660 -142.30659 
    -43.62910 -142.59195 
    -44.33242 -142.93495 
    -45.01022 -143.33557 
    -45.65609 -143.79283 
    -46.26363 -144.30482 
    -46.82674 -144.86864 
    -47.33978 -145.48039 
    -47.79774 -146.13535 
    -48.19637 -146.82805 
    -48.43048 -147.60033 
    -48.42536 -148.45151 
    -48.21113 -149.32866 
    -47.92333 -150.16312 
    -47.64634 -150.93336 
    -47.42122 -151.64433 
    -47.24781 -152.31273 
Cell 5 100 -14.00500 -153.73950 
    -24.38863 -153.73950 
    -24.39792 -154.39337 
    -24.36438 -155.04820 
    -24.28782 -155.70105 
    -24.16829 -156.34900 
    -24.00605 -156.98904 
    -23.80159 -157.61824 
    -23.55561 -158.23367 
    -23.26905 -158.83246 
    -22.94306 -159.41177 
    -22.57898 -159.96887 
    -22.17839 -160.50111 
    -21.74305 -161.00601 
    -21.27490 -161.48116 
    -20.77608 -161.92433 
    -20.24887 -162.33345 
    -19.69571 -162.70663 
    -19.11918 -163.04218 
    -18.52197 -163.33855 
    -17.90686 -163.59448 
    -17.27675 -163.80893 
    -16.63455 -163.98094 
    -15.98327 -164.10997 
    -15.32591 -164.19556 
    -14.66548 -164.23758 
    -14.00500 -164.23608 
    -13.34743 -164.19128 
    -12.69569 -164.10371 
    -12.05265 -163.97408 
    -11.42106 -163.80328 
    -10.80359 -163.59242 
    -10.20279 -163.34277 
    -9.62109 -163.05579 
    -9.06076 -162.73303 
    -8.52396 -162.37624 
    -8.01265 -161.98726 
    -7.52866 -161.56804 
    -7.07367 -161.12061 
    -6.62573 -160.66910 
    -6.18518 -160.20862 
    -5.77142 -159.72154 
    -5.38612 -159.20921 
    -5.03098 -158.67300 
    -4.70777 -158.11444 
    -4.41827 -157.53516 
    -4.19483 -156.92702 
    -4.00068 -156.30818 
    -3.89076 -155.66890 
    -3.83585 -155.02417 
    -3.79509 -154.38187 
    -3.76766 -153.73950 
    -3.75490 -153.09462 
    -3.66926 -152.43379 
    -3.54216 -151.74361 
    -3.40801 -151.01866 
    -3.27050 -150.25165 
    -3.12149 -149.43042 
    -2.94676 -148.53589 
    -2.88360 -147.62546 
    -3.38743 -147.00139 
    -4.00343 -146.47293 
    -4.70007 -146.04179 
    -5.44339 -145.69962 
    -6.20232 -145.43050 
    -6.95284 -145.21490 
    -7.67979 -145.03360 
    -8.37678 -144.87085 
    -9.03646 -144.70175 
    -9.62744 -144.43672 
    -10.23153 -144.20880 
    -10.84639 -144.01831 
    -11.46974 -143.86531 
    -12.08900 -143.69548 
    -12.71878 -143.55803 
    -13.35773 -143.45155 
    -14.00500 -143.40025 
    -14.65814 -143.35812 
    -15.32172 -143.31654 
    -15.99976 -143.28258 
    -16.69566 -143.26004 
    -17.41412 -143.24731 
    -18.12280 -143.33913 
    -18.78306 -143.58560 
    -19.37002 -143.98056 
    -19.90598 -144.44106 
    -20.39128 -144.94954 
    -20.83045 -145.48895 
    -21.23042 -146.04521 
    -21.59863 -146.60861 
    -21.94130 -147.17403 
    -22.26238 -147.74016 
    -22.56327 -148.30826 
    -22.87108 -148.86533 
    -23.18837 -149.41814 
    -23.47274 -149.99095 
    -23.72217 -150.58220 
    -23.93479 -151.18996 
    -24.10900 -151.81206 
    -24.24342 -152.44609 
    -24.33692 -153.08948 
Cell 6 100 5.83535 -154.15695 
    -3.78548 -154.15695 
    -3.81936 -154.76437 
    -3.86637 -155.38257 
    -3.95181 -156.02396 
    -4.12837 -156.71521 
    -4.39883 -157.48224 
    -4.21533 -158.13629 
    -3.96306 -158.76773 
    -3.66874 -159.38187 
    -3.33321 -159.97549 
    -2.95793 -160.54565 
    -2.54470 -161.08954 
    -2.09550 -161.60452 
    -1.61246 -162.08807 
    -1.09798 -162.53792 
    -0.55459 -162.95195 
    0.01504 -163.32829 
    0.60808 -163.66533 
    1.22161 -163.96165 
    1.85265 -164.21611 
    2.49814 -164.42784 
    3.15501 -164.59619 
    3.82018 -164.72084 
    4.49061 -164.80165 
    5.16331 -164.83871 
    5.83535 -164.83240 
    6.50390 -164.78326 
    7.16625 -164.69205 
    7.81978 -164.55968 
    8.46203 -164.38718 
    9.09065 -164.17574 
    9.70344 -163.92662 
    10.29830 -163.64119 
    10.87325 -163.32085 
    11.42640 -162.96703 
    11.97137 -162.60245 
    12.52327 -162.24126 
    13.05608 -161.84624 
    13.56726 -161.41769 
    14.05430 -160.95625 
    14.51451 -160.46272 
    14.94510 -159.93817 
    15.34316 -159.38391 
    15.70573 -158.80161 
    16.02987 -158.19325 
    16.31225 -157.56110 
    16.42812 -156.87671 
    16.49714 -156.19080 
    16.46390 -155.49965 
    16.38997 -154.82098 
    16.32541 -154.15695 
    16.26285 -153.50092 
    16.19845 -152.84779 
    16.13046 -152.19305 
    16.05884 -151.53201 
    15.98514 -150.85909 
    15.91265 -150.16707 
    15.84696 -149.44585 
    15.51090 -148.83778 
    15.11537 -148.26767 
    14.68291 -147.72882 
    14.21686 -147.22316 
    13.72058 -146.75223 
    13.19740 -146.31717 
    12.65056 -145.91878 
    12.08315 -145.55760 
    11.49810 -145.23389 
    10.89815 -144.94775 
    10.28585 -144.69917 
    9.66355 -144.48804 
    9.03347 -144.31416 
    8.39767 -144.17740 
    7.75810 -144.07756 
    7.14570 -143.78453 
    6.50021 -143.58939 
    5.83535 -143.44479 
    5.15057 -143.27267 
    4.43782 -143.09435 
    3.69465 -142.93497 
    2.92252 -142.81221 
    2.12033 -142.72327 
    1.30963 -142.72627 
    0.73657 -143.32147 
    0.26367 -144.02209 
    -0.18346 -144.67282 
    -0.74264 -145.10312 
    -1.25367 -145.58780 
    -1.71420 -146.11749 
    -2.12438 -146.68227 
    -2.48649 -147.27252 
    -2.80423 -147.87993 
    -2.95506 -148.57838 
    -3.08664 -149.25204 
    -3.20704 -149.90193 
    -3.32073 -150.53180 
    -3.43157 -151.14595 
    -3.54314 -151.74896 
    -3.65326 -152.34691 
    -3.73588 -152.94783 
    -3.76397 -153.55301 
Cell 7 100 25.77010 -152.60649 
    16.17339 -152.60649 
    16.23381 -153.20647 
    16.29174 -153.80388 
    16.34939 -154.40359 
    16.41052 -155.00963 
    16.47008 -155.62825 
    16.48801 -156.28154 
    16.40498 -157.01338 
    16.51347 -157.69537 
    16.82359 -158.28412 
    17.17306 -158.85260 
    17.56056 -159.39801 
    17.98455 -159.91760 
    18.44323 -160.40881 
    18.93467 -160.86911 
    19.45668 -161.29616 
    20.00692 -161.68782 
    20.58285 -162.04205 
    21.18181 -162.35710 
    21.80096 -162.63139 
    22.43738 -162.86356 
    23.08804 -163.05244 
    23.74982 -163.19717 
    24.41956 -163.29710 
    25.09406 -163.35185 
    25.77010 -163.36122 
    26.44447 -163.32533 
    27.11400 -163.24457 
    27.77556 -163.11946 
    28.42609 -162.95090 
    29.06264 -162.73988 
    29.68234 -162.48769 
    30.28249 -162.19582 
    30.86049 -161.86589 
    31.41393 -161.49976 
    31.94056 -161.09940 
    32.43828 -160.66693 
    32.90525 -160.20465 
    33.33976 -159.71487 
    33.74036 -159.20007 
    34.12698 -158.67812 
    34.52939 -158.16531 
    34.90406 -157.62793 
    35.24952 -157.06717 
    35.47127 -156.44745 
    35.50545 -155.76968 
    35.55911 -155.11987 
    35.62774 -154.48694 
    35.70551 -153.86163 
    35.79117 -153.23697 
    35.88324 -152.60649 
    35.98316 -151.96394 
    36.09641 -151.30197 
    36.23424 -150.61035 
    36.42500 -149.87077 
    36.47897 -149.12697 
    36.28654 -148.44273 
    36.04390 -147.77200 
    35.75146 -147.11919 
    35.41018 -146.48871 
    35.02158 -145.88490 
    34.58775 -145.31189 
    34.11132 -144.77356 
    33.59539 -144.27341 
    33.05805 -143.79688 
    32.55169 -143.27243 
    31.98692 -142.81035 
    31.36949 -142.42123 
    30.70809 -142.11273 
    30.00326 -141.91475 
    29.27145 -141.83044 
    28.53462 -141.83940 
    27.81891 -141.86627 
    27.12439 -141.88615 
    26.44466 -141.88463 
    25.77010 -141.77135 
    25.08222 -141.67296 
    24.37969 -141.60030 
    23.66058 -141.54802 
    22.92357 -141.51999 
    22.17204 -141.53282 
    21.41648 -141.61050 
    20.70995 -141.85312 
    20.03478 -142.17398 
    19.40070 -142.56992 
    18.81578 -143.03470 
    18.28587 -143.55962 
    17.81415 -144.13426 
    17.40117 -144.74754 
    17.04503 -145.38849 
    16.74195 -146.04715 
    16.48694 -146.71521 
    16.27451 -147.38625 
    16.09937 -148.05579 
    15.95697 -148.72121 
    15.84032 -149.38011 
    15.90411 -150.07333 
    15.97240 -150.73749 
    16.04193 -151.37755 
    16.10940 -151.99869 
Cell 8 100 45.22093 -154.43243 
    35.63452 -154.43243 
    35.56779 -155.03975 
    35.51462 -155.65862 
    35.47917 -156.29079 
    35.46040 -156.93851 
    35.62466 -157.55045 
    35.83363 -158.14912 
    36.08028 -158.73370 
    36.36366 -159.30176 
    36.68268 -159.85097 
    37.03609 -160.37907 
    37.42249 -160.88387 
    37.84035 -161.36327 
    38.28798 -161.81528 
    38.76356 -162.23805 
    39.26519 -162.62981 
    39.79081 -162.98894 
    40.33829 -163.31393 
    40.90537 -163.60345 
    41.48975 -163.85632 
    42.08901 -164.07150 
    42.70070 -164.24809 
    43.32230 -164.38541 
    43.95126 -164.48288 
    44.58501 -164.54015 
    45.22093 -164.55699 
    45.85643 -164.53340 
    46.48891 -164.46953 
    47.11579 -164.36562 
    47.73452 -164.22220 
    48.34259 -164.03990 
    48.93755 -163.81952 
    49.51699 -163.56203 
    50.07861 -163.26852 
    50.62016 -162.94026 
    51.13950 -162.57864 
    51.63458 -162.18520 
    52.10345 -161.76158 
    52.54430 -161.30954 
    52.95543 -160.83096 
    53.33526 -160.32784 
    53.68236 -159.80222 
    53.99543 -159.25626 
    54.27331 -158.69215 
    54.51927 -158.11391 
    54.73313 -157.52313 
    54.90950 -156.92003 
    55.04764 -156.30698 
    55.08167 -155.67815 
    55.05157 -155.05092 
    54.99166 -154.43243 
    54.91656 -153.82243 
    54.82804 -153.21878 
    54.73104 -152.61829 
    54.62916 -152.01680 
    54.52576 -151.40912 
    54.42847 -150.78691 
    54.28119 -150.16901 
    53.99622 -149.60818 
    53.67686 -149.06613 
    53.33033 -148.54060 
    52.95527 -148.03404 
    52.55403 -147.54619 
    52.12874 -147.07637 
    51.68089 -146.62369 
    51.21102 -146.18779 
    50.71852 -145.76961 
    50.20183 -145.37222 
    49.65887 -145.00133 
    49.18896 -144.41034 
    48.69490 -143.74066 
    47.99242 -143.63818 
    47.21736 -143.96678 
    46.55594 -143.86476 
    45.88778 -143.83321 
    45.22093 -143.68912 
    44.54322 -143.66045 
    43.88982 -143.89561 
    43.28083 -144.26208 
    42.67288 -144.50844 
    42.07552 -144.75185 
    41.49385 -145.01891 
    40.92772 -145.30890 
    40.37764 -145.62253 
    39.84488 -145.96114 
    39.33130 -146.32605 
    38.83911 -146.71814 
    38.37064 -147.13762 
    37.92702 -147.58299 
    37.51214 -148.05518 
    37.12779 -148.55243 
    36.77547 -149.07278 
    36.45657 -149.61418 
    36.32779 -150.24763 
    36.18548 -150.85506 
    36.06955 -151.45897 
    35.96871 -152.05687 
    35.87690 -152.64996 
    35.79060 -153.24110 
    35.70930 -153.83400 
Cell 9 100 65.19190 -153.99812 
    54.93819 -153.99812 
    55.01163 -154.63861 
    55.06245 -155.27777 
    55.06807 -155.92935 
    55.05390 -156.60112 
    55.24073 -157.23146 
    55.45191 -157.85446 
    55.69224 -158.46832 
    55.96560 -159.07033 
    56.27451 -159.65727 
    56.62018 -160.22585 
    57.00272 -160.77280 
    57.42142 -161.29509 
    57.87495 -161.78989 
    58.36155 -162.25461 
    58.87926 -162.68674 
    59.42581 -163.08403 
    59.99876 -163.44441 
    60.59544 -163.76610 
    61.21308 -164.04749 
    61.84877 -164.28723 
    62.49951 -164.48428 
    63.16228 -164.63780 
    63.83396 -164.74736 
    64.51150 -164.81282 
    65.19190 -164.83434 
    65.87228 -164.81241 
    66.54990 -164.74782 
    67.22227 -164.64169 
    67.88712 -164.49530 
    68.54251 -164.31023 
    69.18678 -164.08804 
    69.81862 -163.83040 
    70.43695 -163.53883 
    71.04099 -163.21481 
    71.63000 -162.85941 
    72.20331 -162.47346 
    72.76004 -162.05737 
    73.29903 -161.61122 
    73.81861 -161.13475 
    74.31647 -160.62752 
    74.78956 -160.08899 
    75.23398 -159.51880 
    75.53236 -158.86398 
    75.20889 -157.96413 
    75.01247 -157.18903 
    75.05983 -156.53177 
    75.01519 -155.87202 
    74.97800 -155.23441 
    74.94112 -154.61150 
    74.90318 -153.99812 
    74.85997 -153.38986 
    74.80811 -152.78331 
    74.74702 -152.17538 
    74.68121 -151.56169 
    74.60213 -150.94055 
    74.51232 -150.30791 
    74.41750 -149.65689 
    74.32304 -148.97824 
    74.23712 -148.25786 
    74.21102 -147.44534 
    73.97721 -146.73029 
    73.56050 -146.13948 
    73.09660 -145.58047 
    72.58718 -145.05878 
    72.03486 -144.57961 
    71.44314 -144.14775 
    70.81632 -143.76733 
    70.15937 -143.44173 
    69.47769 -143.17345 
    68.77403 -142.97346 
    68.04428 -142.88884 
    67.30041 -142.94496 
    66.58224 -142.99242 
    65.88129 -143.04071 
    65.19190 -143.09302 
    64.50933 -143.14899 
    63.82842 -143.20508 
    63.15184 -143.30374 
    62.50399 -143.52939 
    61.87608 -143.79305 
    61.27542 -144.10622 
    60.69812 -144.44835 
    60.14502 -144.81789 
    59.61666 -145.21295 
    59.11356 -145.63200 
    58.63631 -146.07378 
    58.18558 -146.53714 
    57.66091 -146.92606 
    57.11518 -147.31648 
    56.56538 -147.73059 
    56.02154 -148.17844 
    55.50196 -148.67104 
    55.03163 -149.21706 
    54.63789 -149.81949 
    54.35457 -150.47685 
    54.50139 -151.25327 
    54.62325 -151.98206 
    54.74066 -152.67783 
    54.84689 -153.34726 
Cell 10 100 85.37348 -152.37425 
    74.76701 -152.37425 
    74.82985 -153.03760 
    74.88197 -153.69965 
    74.92601 -154.36722 
    74.96687 -155.04622 
    75.00763 -155.74232 
    75.05495 -156.45964 
    75.46165 -157.03841 
    75.93728 -157.56184 
    76.41212 -158.06131 
    76.88703 -158.54002 
    77.36470 -158.99969 
    77.84865 -159.44054 
    78.34245 -159.86154 
    78.84921 -160.26074 
    79.37123 -160.63564 
    79.90985 -160.98355 
    80.46554 -161.30176 
    81.03792 -161.58780 
    81.62593 -161.83948 
    82.22802 -162.05498 
    82.84223 -162.23282 
    83.46634 -162.37184 
    84.09794 -162.47119 
    84.73452 -162.53027 
    85.37348 -162.54874 
    86.01221 -162.52647 
    86.64847 -162.46683 
    87.28007 -162.36894 
    87.90458 -162.23224 
    88.51974 -162.05745 
    89.12340 -161.84546 
    89.71352 -161.59731 
    90.28821 -161.31410 
    90.84569 -160.99707 
    91.38435 -160.64751 
    91.90271 -160.26672 
    92.39941 -159.85611 
    92.87321 -159.41696 
    93.32297 -158.95064 
    93.74761 -158.45842 
    94.14609 -157.94151 
    94.51736 -157.40114 
    94.86034 -156.83842 
    95.17387 -156.25450 
    95.45670 -155.65048 
    95.70741 -155.02756 
    95.92436 -154.38693 
    96.10392 -153.72983 
    96.23894 -153.05785 
    96.33871 -152.37425 
    96.41010 -151.67989 
    96.43701 -150.97661 
    96.41487 -150.26799 
    96.34328 -149.55768 
    96.22225 -148.84927 
    96.05084 -148.14679 
    95.82819 -147.45464 
    95.55388 -146.77753 
    95.22810 -146.12032 
    94.85168 -145.48795 
    94.42608 -144.88530 
    93.95349 -144.31709 
    93.43676 -143.78773 
    92.87933 -143.30124 
    92.28520 -142.86108 
    91.65882 -142.47014 
    91.00496 -142.13063 
    90.32861 -141.84407 
    89.63486 -141.61124 
    88.92873 -141.43231 
    88.21512 -141.30681 
    87.49865 -141.23373 
    86.78368 -141.21141 
    86.07412 -141.23793 
    85.37348 -141.31017 
    84.68466 -141.42572 
    84.01019 -141.58269 
    83.35228 -141.77875 
    82.71277 -142.01146 
    82.09312 -142.27834 
    81.49453 -142.57715 
    80.91802 -142.90591 
    80.36446 -143.26289 
    79.83467 -143.64648 
    79.28468 -143.99373 
    78.66315 -144.26286 
    78.02946 -144.55367 
    77.38345 -144.87111 
    76.72796 -145.22205 
    76.06974 -145.61469 
    75.41981 -146.05746 
    74.79343 -146.55783 
    74.25286 -147.14130 
    74.22759 -147.96129 
    74.29890 -148.77591 
    74.40369 -149.55769 
    74.51149 -150.30222 
    74.61156 -151.01471 
    74.69631 -151.70250 
Cell 11 100 106.33884 -153.89439 
    96.20281 -153.89439 
    96.19434 -154.53264 
    96.23608 -155.17067 
    96.32432 -155.80476 
    96.45644 -156.43176 
    96.62955 -157.04913 
    96.84198 -157.65446 
    97.09288 -158.24521 
    97.38126 -158.81886 
    97.70591 -159.37302 
    98.06552 -159.90532 
    98.45860 -160.41350 
    98.88348 -160.89545 
    99.33839 -161.34912 
    99.82141 -161.77263 
    100.33049 -162.16418 
    100.86348 -162.52219 
    101.41811 -162.84517 
    101.99204 -163.13181 
    102.58285 -163.38095 
    103.18802 -163.59163 
    103.80501 -163.76303 
    104.43121 -163.89455 
    105.06401 -163.98570 
    105.70078 -164.03624 
    106.33884 -164.04608 
    106.97560 -164.01530 
    107.60843 -163.94421 
    108.23479 -163.83333 
    108.85221 -163.68330 
    109.45831 -163.49512 
    110.05087 -163.26988 
    110.62785 -163.00900 
    111.18754 -162.71413 
    111.72851 -162.38715 
    112.24979 -162.03012 
    112.75094 -161.64528 
    113.23201 -161.23488 
    113.69365 -160.80101 
    114.13689 -160.34550 
    114.56306 -159.86963 
    114.97337 -159.37404 
    115.36855 -158.85852 
    115.74833 -158.32216 
    116.11092 -157.76343 
    116.45264 -157.18057 
    116.76775 -156.57208 
    117.04845 -155.93736 
    117.28542 -155.27727 
    117.46853 -154.59462 
    117.58788 -153.89439 
    117.63498 -153.18370 
    117.60384 -152.47130 
    117.49174 -151.76686 
    117.62553 -150.99646 
    117.81213 -150.16649 
    117.45377 -149.49368 
    116.65956 -149.03783 
    115.86790 -148.65575 
    115.39445 -148.14754 
    114.89557 -147.67757 
    114.37930 -147.24275 
    113.85155 -146.83949 
    113.31599 -146.46449 
    112.77444 -146.11510 
    112.24976 -145.75871 
    111.73328 -145.39410 
    111.19797 -145.05568 
    110.64568 -144.74190 
    110.07745 -144.45174 
    109.49332 -144.18590 
    108.89266 -143.94794 
    108.27496 -143.74492 
    107.64103 -143.58655 
    106.99375 -143.48494 
    106.33884 -143.45924 
    105.68455 -143.49461 
    105.02066 -143.45993 
    104.31889 -143.30542 
    103.57933 -143.14680 
    102.82552 -143.08148 
    102.06683 -143.10452 
    101.38461 -143.36610 
    100.85970 -143.92787 
    100.43664 -144.59401 
    100.07272 -145.26982 
    99.72350 -145.89781 
    99.36306 -146.46594 
    98.98806 -146.99155 
    98.60474 -147.49619 
    98.20704 -147.98630 
    97.84052 -148.50119 
    97.50683 -149.03896 
    97.20744 -149.59749 
    96.94373 -150.17461 
    96.71935 -150.76883 
    96.54452 -151.37964 
    96.42253 -152.00276 
    96.33051 -152.63005 
    96.25259 -153.25983 
Cell 12 100 -115.72454 -134.04138 
    -127.21008 -134.04138 
    -127.23734 -134.76570 
    -127.20808 -135.49210 
    -127.12243 -136.21565 
    -126.98119 -136.93159 
    -126.78575 -137.63539 
    -126.53801 -138.32274 
    -126.24034 -138.98975 
    -125.89548 -139.63290 
    -125.50642 -140.24915 
    -125.07635 -140.83586 
    -124.60853 -141.39085 
    -124.10622 -141.91231 
    -123.57267 -142.39879 
    -123.01099 -142.84918 
    -122.42410 -143.26254 
    -121.81487 -143.63820 
    -121.18592 -143.97560 
    -120.42150 -144.02292 
    -119.43974 -143.42490 
    -118.74544 -143.33875 
    -118.12166 -143.37753 
    -117.50925 -143.39719 
    -116.90710 -143.40227 
    -116.31377 -143.40691 
    -115.72454 -143.41893 
    -115.13340 -143.43726 
    -114.54224 -143.40027 
    -113.95073 -143.34006 
    -113.35613 -143.26572 
    -112.75790 -143.17175 
    -112.15813 -143.04910 
    -111.55746 -142.89688 
    -110.95068 -142.72501 
    -110.20753 -142.73480 
    -109.31409 -142.86461 
    -108.61887 -142.63066 
    -108.10288 -142.15762 
    -107.62032 -141.65175 
    -107.17352 -141.11540 
    -106.76463 -140.55115 
    -106.39552 -139.96176 
    -106.06797 -139.35013 
    -105.78335 -138.71935 
    -105.54283 -138.07260 
    -105.34732 -137.41315 
    -105.19024 -136.74612 
    -105.06311 -136.07516 
    -104.94513 -135.40314 
    -104.86314 -134.72472 
    -104.79015 -134.04138 
    -104.76483 -133.35185 
    -104.38641 -132.60904 
    -104.04695 -131.81377 
    -103.96233 -131.02136 
    -104.22631 -130.30537 
    -104.69336 -129.67383 
    -105.44749 -129.20537 
    -106.20840 -128.80983 
    -106.84734 -128.40773 
    -107.14326 -127.80672 
    -107.44064 -127.18835 
    -107.77660 -126.57777 
    -108.15808 -125.98392 
    -108.59057 -125.41789 
    -109.07753 -124.89256 
    -109.61940 -124.42121 
    -110.21304 -124.01600 
    -110.89272 -123.77322 
    -111.61556 -123.66329 
    -112.33553 -123.61107 
    -113.03425 -123.56339 
    -113.71804 -123.52293 
    -114.39103 -123.48553 
    -115.05936 -123.46880 
    -115.72454 -123.50043 
    -116.38403 -123.55904 
    -117.02596 -123.73963 
    -117.65199 -123.93732 
    -118.26318 -124.15406 
    -118.86031 -124.39047 
    -119.44353 -124.64829 
    -120.01220 -124.92965 
    -120.56503 -125.23658 
    -121.10023 -125.57066 
    -121.61619 -125.93223 
    -122.14040 -126.28594 
    -122.68858 -126.62543 
    -123.22256 -127.00027 
    -123.73925 -127.41104 
    -124.23515 -127.85806 
    -124.70653 -128.34125 
    -125.14944 -128.86000 
    -125.55984 -129.41324 
    -125.93369 -129.99930 
    -126.26704 -130.61592 
    -126.55621 -131.26028 
    -126.79777 -131.92905 
    -126.98878 -132.61838 
    -127.12684 -133.32401 
Cell 13 100 -93.73958 -132.55312 
    -103.86702 -132.55312 
    -103.86200 -133.18996 
    -103.81644 -133.82613 
    -103.73001 -134.45889 
    -103.60323 -135.08568 
    -103.43646 -135.70383 
    -103.23027 -136.31075 
    -102.98536 -136.90385 
    -102.70265 -137.48061 
    -102.38323 -138.03854 
    -102.02835 -138.57526 
    -101.63943 -139.08844 
    -101.21803 -139.57585 
    -100.76591 -140.03540 
    -100.28493 -140.46509 
    -99.77710 -140.86305 
    -99.24456 -141.22758 
    -98.68956 -141.55710 
    -98.11446 -141.85019 
    -97.52168 -142.10562 
    -96.91378 -142.32231 
    -96.29034 -142.48769 
    -95.65362 -142.58687 
    -95.01903 -142.68100 
    -94.38155 -142.75690 
    -93.73958 -142.78734 
    -93.09702 -142.76636 
    -92.45766 -142.70056 
    -91.82463 -142.59161 
    -91.20065 -142.44159 
    -90.58824 -142.25194 
    -89.98985 -142.02385 
    -89.40789 -141.75842 
    -88.84467 -141.45694 
    -88.30235 -141.12083 
    -87.78299 -140.75166 
    -87.25840 -140.38751 
    -86.75441 -139.99156 
    -86.27270 -139.56499 
    -85.81525 -139.10870 
    -85.38413 -138.62370 
    -84.98154 -138.11115 
    -84.60970 -137.57231 
    -84.27094 -137.00873 
    -83.96760 -136.42212 
    -83.70204 -135.81451 
    -83.47655 -135.18822 
    -83.31744 -134.54124 
    -83.21499 -133.88268 
    -83.15585 -133.21898 
    -83.12215 -132.55312 
    -83.09795 -131.88361 
    -83.09952 -131.20897 
    -83.16663 -130.53622 
    -83.31475 -129.87648 
    -83.50965 -129.22922 
    -83.75045 -128.59814 
    -84.03534 -127.98665 
    -84.29202 -127.35928 
    -84.55601 -126.72504 
    -84.86080 -126.10231 
    -85.20744 -125.49472 
    -85.59668 -124.90643 
    -86.02882 -124.34200 
    -86.50362 -123.80635 
    -87.02015 -123.30462 
    -87.57670 -122.84197 
    -88.17074 -122.42343 
    -88.79891 -122.05367 
    -89.45710 -121.73682 
    -90.14050 -121.47629 
    -90.84375 -121.27460 
    -91.56114 -121.13334 
    -92.28678 -121.05304 
    -93.01481 -121.03323 
    -93.73958 -121.07246 
    -94.45584 -121.16846 
    -95.15887 -121.31825 
    -95.84458 -121.51831 
    -96.50955 -121.76479 
    -97.15105 -122.05367 
    -97.76701 -122.38097 
    -98.35593 -122.74287 
    -98.91679 -123.13580 
    -99.44895 -123.55659 
    -99.95204 -124.00240 
    -100.42583 -124.47083 
    -100.87012 -124.95985 
    -101.28474 -125.46774 
    -101.66937 -125.99302 
    -102.02363 -126.53440 
    -102.41255 -127.04908 
    -102.76784 -127.58979 
    -103.05955 -128.16748 
    -103.28247 -128.77483 
    -103.44286 -129.40033 
    -103.55559 -130.03279 
    -103.64511 -130.66353 
    -103.74729 -131.28885 
    -103.83148 -131.91818 
Cell 14 100 -73.14461 -134.19354 
    -83.26334 -134.19354 
    -83.38300 -134.83769 
    -83.41333 -135.49078 
    -83.34771 -136.13989 
    -83.22109 -136.78075 
    -83.03914 -137.40846 
    -82.81795 -138.02348 
    -82.55804 -138.62317 
    -82.26027 -139.20493 
    -81.92561 -139.76613 
    -81.55539 -140.30434 
    -81.15118 -140.81715 
    -80.71476 -141.30238 
    -80.24806 -141.75795 
    -79.75317 -142.18192 
    -79.20317 -142.53246 
    -78.52531 -142.67216 
    -77.89941 -142.84250 
    -77.30383 -143.03232 
    -76.71838 -143.21983 
    -76.13288 -143.39049 
    -75.54543 -143.54411 
    -74.95484 -143.68314 
    -74.35929 -143.80873 
    -73.75714 -143.92953 
    -73.14461 -144.06718 
    -72.51332 -144.22752 
    -71.85666 -144.38870 
    -71.17578 -144.51450 
    -70.51456 -144.43692 
    -69.85397 -144.32109 
    -69.19491 -144.16934 
    -68.53893 -143.98112 
    -67.88773 -143.75575 
    -67.24330 -143.49251 
    -66.60785 -143.19061 
    -65.98396 -142.84929 
    -65.37452 -142.46785 
    -64.78283 -142.04578 
    -64.21252 -141.58281 
    -63.66759 -141.07899 
    -63.15229 -140.53485 
    -62.67112 -139.95139 
    -62.24487 -139.32257 
    -62.28624 -138.49268 
    -62.35188 -137.70030 
    -62.57413 -136.90758 
    -62.76769 -136.17305 
    -62.90681 -135.48688 
    -63.01792 -134.83066 
    -63.11655 -134.19354 
    -63.21313 -133.56871 
    -63.32185 -132.95264 
    -63.45309 -132.34479 
    -63.59478 -131.74156 
    -63.74877 -131.14066 
    -63.91506 -130.53931 
    -64.09180 -129.93362 
    -64.27687 -129.31847 
    -64.46635 -128.68614 
    -64.65425 -128.02493 
    -64.83039 -127.31543 
    -64.97506 -126.52184 
    -65.13467 -125.66382 
    -65.76611 -125.27447 
    -66.40835 -124.92188 
    -66.97968 -124.47918 
    -67.62508 -124.15356 
    -68.32291 -123.94691 
    -69.04716 -123.84459 
    -69.77420 -123.82050 
    -70.46656 -123.76324 
    -71.14404 -123.70621 
    -71.81710 -123.68521 
    -72.48437 -123.69931 
    -73.14461 -123.74771 
    -73.79665 -123.82976 
    -74.43931 -123.94493 
    -75.07142 -124.09283 
    -75.69174 -124.27310 
    -76.32207 -124.41434 
    -76.95794 -124.56216 
    -77.59119 -124.74409 
    -78.21860 -124.96399 
    -78.83536 -125.22636 
    -79.43501 -125.53555 
    -80.00978 -125.89498 
    -80.55119 -126.30634 
    -81.05094 -126.76900 
    -81.50191 -127.27978 
    -81.89894 -127.83315 
    -82.23943 -128.42180 
    -82.52342 -129.03749 
    -82.75344 -129.67197 
    -82.94145 -130.31470 
    -83.12529 -130.95062 
    -83.09852 -131.63780 
    -83.11271 -132.29202 
    -83.14126 -132.93066 
    -83.18639 -133.56177 
Cell 15 100 -54.82135 -131.37508 
    -63.68870 -131.37508 
    -63.55185 -131.92436 
    -63.42772 -132.46231 
    -63.31433 -132.99521 
    -63.21971 -133.53140 
    -63.13468 -134.07623 
    -63.04860 -134.63248 
    -62.95497 -135.20247 
    -62.84603 -135.78668 
    -62.71239 -136.38289 
    -62.55079 -136.99084 
    -62.37360 -137.62283 
    -62.29451 -138.39284 
    -62.07310 -139.09741 
    -61.58088 -139.54594 
    -61.06095 -139.96315 
    -60.51515 -140.34708 
    -59.94544 -140.69577 
    -59.35400 -141.00745 
    -58.74319 -141.28052 
    -58.11552 -141.51349 
    -57.47364 -141.70509 
    -56.82037 -141.85431 
    -56.15858 -141.96033 
    -55.49123 -142.02248 
    -54.82135 -142.04044 
    -54.15200 -142.01405 
    -53.48625 -141.94347 
    -52.82715 -141.82904 
    -52.17771 -141.67137 
    -51.54089 -141.47128 
    -50.91956 -141.22986 
    -50.31651 -140.94835 
    -49.73440 -140.62820 
    -49.17577 -140.27109 
    -48.64301 -139.87883 
    -48.13835 -139.45343 
    -47.66389 -138.99699 
    -47.22152 -138.51180 
    -46.78840 -138.02051 
    -46.33526 -137.54057 
    -45.90921 -137.03088 
    -45.51333 -136.49220 
    -45.17309 -135.91521 
    -45.13540 -135.21002 
    -45.09097 -134.53667 
    -45.03339 -133.88820 
    -44.97345 -133.25366 
    -44.91445 -132.62662 
    -44.86348 -132.00157 
    -44.82230 -131.37508 
    -44.79009 -130.74396 
    -44.76228 -130.10432 
    -44.72955 -129.44997 
    -44.67516 -128.76999 
    -44.56994 -128.04419 
    -44.73147 -127.38021 
    -45.05008 -126.77707 
    -45.40874 -126.20045 
    -45.80376 -125.65234 
    -45.78342 -124.80864 
    -45.31056 -123.50707 
    -46.74436 -123.79028 
    -47.67798 -123.76817 
    -48.20484 -123.37710 
    -48.70923 -122.96247 
    -49.19626 -122.51136 
    -49.70844 -122.07472 
    -50.24662 -121.65327 
    -50.81194 -121.24847 
    -51.40566 -120.86266 
    -52.02892 -120.49928 
    -52.68250 -120.16282 
    -53.36651 -119.85887 
    -54.08014 -119.59393 
    -54.82135 -119.37518 
    -55.58670 -119.21015 
    -56.37125 -119.10631 
    -57.16856 -119.07055 
    -57.97081 -119.10874 
    -58.76906 -119.22527 
    -59.55365 -119.42264 
    -60.31462 -119.70127 
    -61.04223 -120.05933 
    -61.72746 -120.49279 
    -62.36248 -120.99561 
    -62.94102 -121.56008 
    -63.45865 -122.17728 
    -63.91289 -122.83755 
    -64.30318 -123.53103 
    -64.63071 -124.24816 
    -64.89818 -124.98013 
    -65.10786 -125.72002 
    -64.96005 -126.60416 
    -64.80374 -127.42277 
    -64.60564 -128.19597 
    -64.39736 -128.91637 
    -64.19617 -129.58673 
    -64.00990 -130.21428 
    -63.84086 -130.80762 
Cell 16 100 -34.93258 -133.05386 
    -44.95465 -133.05386 
    -45.01449 -133.68817 
    -45.07306 -134.33490 
    -45.12138 -134.99748 
    -45.16052 -135.67995 
    -45.11736 -136.36310 
    -45.07489 -137.06949 
    -44.83320 -137.71274 
    -44.55220 -138.34230 
    -44.23285 -138.95599 
    -43.87587 -139.55154 
    -43.48191 -140.12650 
    -43.05169 -140.67822 
    -42.58603 -141.20396 
    -42.08598 -141.70084 
    -41.43251 -142.00026 
    -40.54220 -141.89322 
    -39.76962 -141.85242 
    -39.08507 -141.87836 
    -38.46598 -141.97821 
    -37.86364 -142.07477 
    -37.27397 -142.17297 
    -36.69165 -142.27527 
    -36.11115 -142.38329 
    -35.52674 -142.49783 
    -34.93258 -142.61879 
    -34.32278 -142.74634 
    -33.68851 -142.90167 
    -32.99741 -143.19835 
    -32.21678 -143.63120 
    -31.41780 -143.87123 
    -30.75834 -143.59677 
    -30.12164 -143.27762 
    -29.51092 -142.91582 
    -28.92916 -142.51373 
    -28.37914 -142.07388 
    -27.86339 -141.59904 
    -27.38417 -141.09210 
    -26.94346 -140.55614 
    -26.54296 -139.99435 
    -26.18409 -139.41000 
    -25.86795 -138.80646 
    -25.59534 -138.18706 
    -25.36677 -137.55519 
    -25.19098 -136.91083 
    -25.22174 -136.20911 
    -25.25906 -135.53760 
    -25.18237 -134.91380 
    -25.10519 -134.29536 
    -25.05497 -133.67531 
    -25.03113 -133.05386 
    -25.02991 -132.43085 
    -25.05316 -131.80580 
    -25.10024 -131.17825 
    -25.16638 -130.54633 
    -25.30616 -129.92606 
    -25.47286 -129.30850 
    -25.66473 -128.69275 
    -25.88074 -128.07758 
    -26.12092 -127.46181 
    -26.38665 -126.84489 
    -26.68078 -126.22739 
    -27.00748 -125.61170 
    -27.37190 -125.00256 
    -27.77951 -124.40730 
    -28.23524 -123.83578 
    -28.74255 -123.29994 
    -29.30257 -122.81293 
    -29.91352 -122.38783 
    -30.57044 -122.03638 
    -31.26542 -121.76753 
    -31.98827 -121.58655 
    -32.72748 -121.49434 
    -33.47141 -121.48750 
    -34.20937 -121.55885 
    -34.93258 -121.69846 
    -35.63464 -121.89492 
    -36.31174 -122.13665 
    -36.96241 -122.41311 
    -37.58698 -122.71564 
    -38.18695 -123.03793 
    -38.76428 -123.37608 
    -39.32082 -123.72836 
    -39.86336 -124.08480 
    -40.44791 -124.36309 
    -41.02179 -124.67278 
    -41.58332 -125.01450 
    -42.13018 -125.38919 
    -42.65933 -125.79796 
    -43.16686 -126.24187 
    -43.64807 -126.72169 
    -44.09754 -127.23760 
    -44.50943 -127.78895 
    -44.63436 -128.48856 
    -44.70823 -129.18341 
    -44.75025 -129.86391 
    -44.78059 -130.52533 
    -44.81180 -131.16930 
    -44.85030 -131.80096 
    -44.89816 -132.42688 
Cell 17 100 -15.00099 -133.72649 
    -25.05912 -133.72649 
    -25.11359 -134.36272 
    -25.19472 -135.01427 
    -25.25104 -135.68179 
    -25.21560 -136.34915 
    -25.18924 -137.03685 
    -24.96096 -137.66992 
    -24.69161 -138.28654 
    -24.38276 -138.88416 
    -24.03614 -139.46037 
    -23.65353 -140.01292 
    -23.23679 -140.53973 
    -22.78790 -141.03888 
    -22.30878 -141.50850 
    -21.80151 -141.94690 
    -21.26814 -142.35248 
    -20.71081 -142.72372 
    -20.13172 -143.05925 
    -19.53311 -143.35773 
    -18.90332 -143.58266 
    -18.12453 -143.33977 
    -17.44660 -143.25153 
    -16.81919 -143.25786 
    -16.20735 -143.27585 
    -15.60346 -143.30243 
    -15.00099 -143.33664 
    -14.39394 -143.37517 
    -13.77662 -143.41835 
    -13.13888 -143.48802 
    -12.46231 -143.61400 
    -11.74366 -143.75153 
    -11.12632 -143.51277 
    -10.52674 -143.23474 
    -9.94750 -142.91875 
    -9.39106 -142.56633 
    -8.85979 -142.17912 
    -8.35593 -141.75899 
    -7.88143 -141.30804 
    -7.43814 -140.82848 
    -7.02786 -140.32243 
    -6.65214 -139.79228 
    -6.31227 -139.24051 
    -6.00939 -138.66966 
    -5.74440 -138.08231 
    -5.51801 -137.48106 
    -5.33071 -136.86855 
    -5.18282 -136.24736 
    -5.07440 -135.62009 
    -4.99287 -134.99080 
    -4.91256 -134.36119 
    -4.86730 -133.72649 
    -4.85727 -133.08830 
    -4.88259 -132.44824 
    -4.94352 -131.80792 
    -5.04045 -131.16905 
    -5.17396 -130.53349 
    -5.34478 -129.90332 
    -5.55372 -129.28094 
    -5.80164 -128.66910 
    -6.08931 -128.07097 
    -6.41729 -127.49007 
    -6.78582 -126.93031 
    -7.19463 -126.39583 
    -7.64291 -125.89093 
    -8.12916 -125.41988 
    -8.65119 -124.98675 
    -9.20612 -124.59525 
    -9.79043 -124.24853 
    -10.40009 -123.94908 
    -10.89812 -123.36382 
    -11.19727 -122.01986 
    -12.00757 -122.06789 
    -12.88871 -122.65353 
    -13.59334 -122.58381 
    -14.30352 -122.64053 
    -15.00099 -122.79909 
    -15.67427 -123.02501 
    -16.32008 -123.28478 
    -16.94146 -123.55417 
    -17.55731 -123.77026 
    -18.16268 -123.99580 
    -18.75161 -124.25349 
    -19.32286 -124.54204 
    -19.87519 -124.86034 
    -20.40732 -125.20747 
    -20.91790 -125.58255 
    -21.41268 -125.97607 
    -21.92618 -126.35191 
    -22.41767 -126.76176 
    -22.88441 -127.20475 
    -23.32360 -127.67976 
    -23.73250 -128.18530 
    -24.10841 -128.71964 
    -24.44881 -129.28069 
    -24.75131 -129.86606 
    -25.01377 -130.47314 
    -25.10506 -131.13220 
    -25.05304 -131.80896 
    -25.02996 -132.45953 
    -25.03272 -133.09534 
Cell 18 100 5.84622 -133.67708 
    -4.26115 -133.67708 
    -4.22861 -134.31093 
    -4.15885 -134.94101 
    -4.06766 -135.56825 
    -3.93680 -136.18893 
    -3.76672 -136.80051 
    -3.55803 -137.40048 
    -3.31151 -137.98637 
    -3.02809 -138.55577 
    -2.70887 -139.10631 
    -2.35510 -139.63568 
    -1.96818 -140.14171 
    -1.54967 -140.62228 
    -1.10125 -141.07539 
    -0.62474 -141.49913 
    -0.12209 -141.89175 
    0.40465 -142.25162 
    0.95332 -142.57722 
    1.58848 -142.72523 
    2.25852 -142.73859 
    2.87959 -142.80745 
    3.47804 -142.90053 
    4.06503 -143.01440 
    4.64984 -143.14740 
    5.24109 -143.29543 
    5.84622 -143.44716 
    6.46943 -143.58269 
    7.11452 -143.71664 
    7.74653 -143.63884 
    8.36849 -143.50067 
    8.98111 -143.32529 
    9.58267 -143.11427 
    10.17169 -142.86916 
    10.74695 -142.59146 
    11.30757 -142.28279 
    11.85300 -141.94470 
    12.38296 -141.57864 
    12.89741 -141.18582 
    13.39641 -140.76718 
    13.88010 -140.32329 
    14.34819 -139.85413 
    14.80005 -139.35934 
    15.23437 -138.83826 
    15.64902 -138.28993 
    16.02724 -137.70802 
    15.93710 -136.95580 
    15.77677 -136.22681 
    15.68016 -135.55299 
    15.64394 -134.91481 
    15.61389 -134.29161 
    15.57762 -133.67708 
    15.53111 -133.06776 
    15.47476 -132.46072 
    15.40624 -131.85341 
    15.32405 -131.24358 
    15.23865 -130.62529 
    15.16907 -129.98590 
    15.10917 -129.31827 
    15.07537 -128.60332 
    15.10148 -127.80351 
    15.18094 -126.89501 
    14.62429 -126.41523 
    14.03918 -125.98338 
    13.43308 -125.59790 
    12.81247 -125.25633 
    12.18266 -124.95572 
    11.54772 -124.69295 
    10.92037 -124.44724 
    10.31301 -124.18467 
    9.69280 -123.96175 
    9.06247 -123.77849 
    8.42465 -123.63478 
    7.78181 -123.53040 
    7.13630 -123.46503 
    6.49049 -123.43673 
    5.84622 -123.38493 
    5.19805 -123.37460 
    4.54879 -123.40688 
    3.90154 -123.48271 
    3.25957 -123.60274 
    2.62633 -123.76727 
    2.00535 -123.97614 
    1.40018 -124.22875 
    0.81429 -124.52402 
    0.25098 -124.86040 
    -0.28669 -125.23585 
    -0.79601 -125.64799 
    -1.27463 -126.09414 
    -1.72059 -126.57137 
    -2.13234 -127.07664 
    -2.50870 -127.60687 
    -2.84883 -128.15903 
    -3.15218 -128.73016 
    -3.41840 -129.31747 
    -3.64732 -129.91832 
    -3.84555 -130.52803 
    -4.00615 -131.14742 
    -4.12796 -131.77440 
    -4.21100 -132.40656 
    -4.25535 -133.04153 
Cell 19 100 25.23849 -131.82152 
    15.40194 -131.82152 
    15.47196 -132.43597 
    15.52928 -133.04807 
    15.57667 -133.66461 
    15.61394 -134.29268 
    15.64528 -134.93854 
    15.68734 -135.60307 
    15.78615 -136.26945 
    15.93302 -136.93724 
    16.19324 -137.56181 
    16.62263 -138.08131 
    17.07976 -138.57100 
    17.56218 -139.03006 
    18.03925 -139.48793 
    18.52180 -139.94061 
    19.03360 -140.36182 
    19.57291 -140.74904 
    20.13741 -141.10034 
    20.73175 -141.39882 
    21.37610 -141.57681 
    22.08002 -141.54228 
    22.74757 -141.52299 
    23.38506 -141.53754 
    24.00657 -141.57317 
    24.62169 -141.62532 
    25.23849 -141.69531 
    25.86549 -141.78737 
    26.50978 -141.88478 
    27.15824 -141.88519 
    27.81755 -141.86632 
    28.48544 -141.81459 
    29.11802 -141.62010 
    29.72363 -141.35294 
    30.30733 -141.04170 
    30.86394 -140.68581 
    31.39482 -140.29497 
    31.89774 -139.87117 
    32.37070 -139.41656 
    32.81189 -138.93341 
    33.21970 -138.42415 
    33.59279 -137.89127 
    33.93007 -137.33737 
    34.23077 -136.76508 
    34.49444 -136.17703 
    34.72097 -135.57590 
    34.91063 -134.96419 
    35.06404 -134.34428 
    35.18215 -133.71837 
    35.26618 -133.08830 
    35.31750 -132.45564 
    35.33749 -131.82152 
    35.32739 -131.18678 
    35.28804 -130.55197 
    35.21970 -129.91750 
    35.12193 -129.28387 
    34.99346 -128.65193 
    34.83217 -128.02312 
    34.63530 -127.39971 
    34.39967 -126.78512 
    34.16654 -126.15560 
    33.94093 -125.49883 
    33.68733 -124.83202 
    33.39846 -124.15880 
    33.06619 -123.48586 
    32.68240 -122.82338 
    32.24003 -122.18472 
    31.73429 -121.58578 
    31.16366 -121.04368 
    30.53058 -120.57526 
    29.84163 -120.19531 
    29.10714 -119.91504 
    28.34031 -119.74072 
    27.55592 -119.67310 
    26.76885 -119.70743 
    25.99267 -119.83408 
    25.23849 -120.03984 
    24.51421 -120.30946 
    23.82434 -120.62734 
    23.17017 -120.97901 
    22.55046 -121.35234 
    21.96222 -121.73819 
    21.39683 -122.11859 
    20.76793 -122.32109 
    20.14794 -122.56184 
    19.53946 -122.84129 
    18.94533 -123.15973 
    18.36864 -123.51730 
    17.81273 -123.91389 
    17.28115 -124.34908 
    16.77757 -124.82204 
    16.30577 -125.33151 
    15.86950 -125.87578 
    15.47243 -126.45258 
    15.16466 -127.08114 
    15.10134 -127.80794 
    15.07808 -128.52020 
    15.10451 -129.21956 
    15.16129 -129.89920 
    15.23125 -130.55731 
    15.31767 -131.19736 
Cell 20 100 46.60913 -132.48514 
    36.55894 -132.48514 
    36.57406 -133.11649 
    36.62884 -133.74594 
    36.72317 -134.37099 
    36.85675 -134.98912 
    37.02914 -135.59787 
    37.23969 -136.19476 
    37.48763 -136.77739 
    37.77201 -137.34338 
    38.09174 -137.89044 
    38.44555 -138.41632 
    38.83206 -138.91888 
    39.24973 -139.39609 
    39.69683 -139.84599 
    40.17163 -140.26674 
    40.67221 -140.65662 
    41.19654 -141.01402 
    41.74249 -141.33752 
    42.30786 -141.62581 
    42.89035 -141.87772 
    43.48759 -142.09225 
    44.09718 -142.26857 
    44.71663 -142.40599 
    45.34346 -142.50400 
    45.97514 -142.56227 
    46.60913 -142.58066 
    47.24294 -142.55911 
    47.87403 -142.49785 
    48.49996 -142.39717 
    49.11827 -142.25760 
    49.72663 -142.07979 
    50.32270 -141.86453 
    50.90429 -141.61279 
    51.46924 -141.32564 
    52.01554 -141.00426 
    52.54123 -140.64998 
    53.04450 -140.26416 
    53.52362 -139.84831 
    53.97696 -139.40398 
    54.40298 -138.93277 
    54.80027 -138.43634 
    55.16745 -137.91641 
    55.48868 -137.36670 
    55.63608 -136.73289 
    55.63476 -136.05864 
    55.68760 -135.43492 
    55.76891 -134.83698 
    55.87407 -134.25252 
    56.00109 -133.67162 
    56.14375 -133.08501 
    56.28806 -132.48514 
    56.41833 -131.86800 
    56.51810 -131.23334 
    56.57917 -130.58325 
    56.60095 -129.91968 
    56.60417 -129.23756 
    56.64404 -128.51204 
    56.63643 -127.76665 
    56.24877 -127.18571 
    56.10360 -126.45977 
    55.91381 -125.72489 
    55.66553 -124.99303 
    55.34571 -124.28095 
    54.94445 -123.60892 
    54.45715 -122.99852 
    53.88572 -122.46978 
    53.23887 -122.03835 
    52.53106 -121.71320 
    51.78051 -121.49541 
    51.00664 -121.37830 
    50.22753 -121.34886 
    49.45786 -121.39009 
    48.70775 -121.48379 
    47.98520 -121.59249 
    47.29355 -121.60669 
    46.60913 -121.66712 
    45.93505 -121.77095 
    45.27385 -121.91531 
    44.62758 -122.09747 
    43.99786 -122.31488 
    43.38599 -122.56533 
    42.79308 -122.84689 
    42.22009 -123.15794 
    41.66794 -123.49714 
    41.13759 -123.86336 
    40.63006 -124.25565 
    40.14648 -124.67313 
    39.68807 -125.11495 
    39.25615 -125.58022 
    38.85208 -126.06794 
    38.47729 -126.57701 
    38.13321 -127.10615 
    37.82122 -127.65394 
    37.54009 -128.21758 
    37.28764 -128.79449 
    37.07125 -129.38609 
    36.89189 -129.99017 
    36.75038 -130.60448 
    36.64739 -131.22668 
    36.58346 -131.85437 
Cell 21 100 65.03063 -133.44444 
    56.05634 -133.44444 
    55.92550 -134.01729 
    55.80987 -134.60930 
    55.71666 -135.22118 
    55.65223 -135.85240 
    55.63562 -136.49707 
    55.52565 -137.20773 
    55.52860 -137.91576 
    55.78181 -138.52902 
    56.07553 -139.12752 
    56.40932 -139.70819 
    56.78236 -140.26801 
    57.19354 -140.80396 
    57.64143 -141.31314 
    58.12433 -141.79272 
    58.64022 -142.24008 
    59.18692 -142.65265 
    59.76196 -143.02812 
    60.36269 -143.36433 
    60.98625 -143.65939 
    61.63727 -143.88814 
    62.43368 -143.55891 
    63.14973 -143.30447 
    63.79700 -143.20966 
    64.41961 -143.15637 
    65.03063 -143.10625 
    65.63555 -143.05936 
    66.23981 -143.01601 
    66.84865 -142.97481 
    67.46673 -142.93242 
    68.10146 -142.89548 
    68.80717 -142.98288 
    69.58913 -143.13173 
    70.28260 -142.99774 
    70.85434 -142.62114 
    71.39792 -142.20827 
    71.91109 -141.76147 
    72.39178 -141.28328 
    72.83823 -140.77626 
    73.24883 -140.24313 
    73.62228 -139.68665 
    73.95749 -139.10960 
    74.25359 -138.51480 
    74.36108 -137.83502 
    74.45454 -137.17563 
    74.45240 -136.50575 
    74.40662 -135.85179 
    74.38264 -135.22844 
    74.35214 -134.62201 
    74.31122 -134.02832 
    74.25756 -133.44444 
    74.18919 -132.86824 
    74.10479 -132.29811 
    74.00825 -131.73187 
    73.89507 -131.16844 
    73.76463 -130.60660 
    73.62005 -130.04366 
    73.48739 -129.46500 
    73.35867 -128.86607 
    73.23141 -128.24007 
    73.11429 -127.57132 
    73.01728 -126.83731 
    72.69844 -126.24389 
    72.22238 -125.78600 
    71.71596 -125.36327 
    71.18226 -124.97746 
    70.66870 -124.56026 
    70.18813 -124.06298 
    69.67861 -123.56698 
    69.13239 -123.08459 
    68.54285 -122.63494 
    67.90690 -122.24213 
    67.22681 -121.93166 
    66.51103 -121.72588 
    65.77334 -121.63949 
    65.03063 -121.67639 
    64.29984 -121.82895 
    63.59492 -122.07964 
    62.92472 -122.40485 
    62.29234 -122.77950 
    61.69597 -123.18141 
    61.13062 -123.59414 
    60.59029 -124.00824 
    60.06968 -124.42051 
    59.56026 -124.82452 
    59.00678 -125.15333 
    58.48305 -125.52978 
    57.99300 -125.95013 
    57.53944 -126.40974 
    57.12395 -126.90347 
    56.74697 -127.42601 
    56.64003 -128.11960 
    56.62687 -128.82445 
    56.60303 -129.47871 
    56.59488 -130.10449 
    56.56867 -130.69499 
    56.51425 -131.25781 
    56.42847 -131.80350 
    56.31791 -132.34377 
    56.19107 -132.88831 
Cell 22 100 83.95374 -130.33856 
    73.69579 -130.33856 
    73.84998 -130.97423 
    73.98142 -131.59836 
    74.09145 -132.21989 
    74.18597 -132.84650 
    74.26154 -133.48775 
    74.31981 -134.15291 
    74.36367 -134.85130 
    74.39665 -135.59262 
    74.44318 -136.37415 
    74.77645 -137.00626 
    75.30740 -137.49144 
    75.85802 -137.94095 
    76.42480 -138.35608 
    77.00512 -138.73801 
    77.59707 -139.08777 
    78.19935 -139.40604 
    78.81106 -139.69307 
    79.43155 -139.94872 
    80.06023 -140.17247 
    80.69645 -140.36346 
    81.33946 -140.52051 
    81.98819 -140.64236 
    82.64131 -140.72752 
    83.29715 -140.77483 
    83.95374 -140.78909 
    84.60997 -140.76898 
    85.26375 -140.70834 
    85.91263 -140.60739 
    86.55392 -140.46556 
    87.18440 -140.28151 
    87.80097 -140.05556 
    88.40074 -139.78893 
    88.98124 -139.48355 
    89.54008 -139.14122 
    90.07484 -138.76353 
    90.58326 -138.35226 
    91.06318 -137.90935 
    91.51265 -137.43684 
    91.92988 -136.93700 
    92.31337 -136.41219 
    92.66196 -135.86496 
    92.88985 -135.25124 
    92.88596 -134.54175 
    92.94912 -133.90009 
    93.05317 -133.29514 
    93.15220 -132.70032 
    93.24574 -132.11111 
    93.33516 -131.52371 
    93.41785 -130.93401 
    93.49419 -130.33856 
    93.56618 -129.73380 
    93.65942 -129.11246 
    93.88324 -128.44441 
    94.14612 -127.72160 
    94.45322 -126.92708 
    94.86971 -126.01662 
    95.22547 -125.03449 
    94.92813 -124.30534 
    94.38342 -123.71969 
    93.70578 -123.25330 
    92.95277 -122.89391 
    92.47128 -122.34007 
    92.05917 -121.70716 
    91.59964 -121.09627 
    91.09236 -120.51310 
    90.53777 -119.96378 
    89.93722 -119.45466 
    89.29299 -118.99208 
    88.60841 -118.58220 
    87.88780 -118.23076 
    87.13643 -117.94282 
    86.36037 -117.72258 
    85.56638 -117.57320 
    84.76169 -117.49663 
    83.95374 -117.49359 
    83.15000 -117.56350 
    82.35770 -117.70454 
    81.58358 -117.91373 
    80.83378 -118.18709 
    80.11359 -118.51981 
    79.42746 -118.90648 
    78.77882 -119.34129 
    78.17018 -119.81831 
    77.60313 -120.33160 
    77.07845 -120.87553 
    76.59618 -121.44479 
    76.15583 -122.03463 
    75.75649 -122.64083 
    75.39699 -123.25980 
    75.07601 -123.88851 
    74.57310 -124.38542 
    74.06908 -124.90443 
    73.59733 -125.46520 
    73.17062 -126.06922 
    72.98329 -126.77405 
    73.11212 -127.55491 
    73.24264 -128.29532 
    73.38828 -129.00385 
    73.53742 -129.68323 
Cell 23 100 103.70574 -133.33379 
    93.04652 -133.33379 
    92.93818 -134.01123 
    92.88683 -134.70053 
    92.84995 -135.40465 
    93.09098 -136.05919 
    93.41669 -136.67690 
    93.76886 -137.26808 
    94.14226 -137.83401 
    94.53453 -138.37570 
    94.94430 -138.89397 
    95.37100 -139.38933 
    95.81463 -139.86188 
    96.27550 -140.31125 
    96.75377 -140.73688 
    97.22728 -141.16490 
    97.71132 -141.58440 
    98.22227 -141.97435 
    98.75860 -142.33261 
    99.31847 -142.65721 
    99.90289 -142.93871 
    100.52364 -143.12727 
    101.16402 -143.23315 
    101.82801 -143.17719 
    102.47297 -143.09219 
    103.09102 -143.10449 
    103.70574 -143.17392 
    104.33331 -143.30859 
    104.98395 -143.45184 
    105.64362 -143.49248 
    106.30598 -143.46101 
    106.98599 -143.42935 
    107.61805 -143.21515 
    108.23512 -142.95920 
    108.83427 -142.66254 
    109.41269 -142.32651 
    109.96766 -141.95258 
    110.49658 -141.54251 
    110.99699 -141.09818 
    111.46658 -140.62169 
    111.90319 -140.11531 
    112.30486 -139.58141 
    112.66982 -139.02257 
    112.99650 -138.44142 
    113.28352 -137.84074 
    113.52979 -137.22340 
    113.73433 -136.59227 
    113.89650 -135.95033 
    114.01583 -135.30054 
    114.09212 -134.64589 
    114.12542 -133.98933 
    114.11597 -133.33379 
    114.06432 -132.68208 
    113.97121 -132.03696 
    113.83762 -131.40103 
    113.66479 -130.77673 
    113.45412 -130.16635 
    113.20724 -129.57188 
    112.92591 -128.99510 
    112.61207 -128.43748 
    112.26767 -127.90022 
    111.89474 -127.38413 
    111.49525 -126.88975 
    111.07105 -126.41730 
    110.62383 -125.96677 
    110.15500 -125.53797 
    109.66569 -125.13062 
    109.15668 -124.74448 
    108.62839 -124.37953 
    108.08092 -124.03605 
    107.51417 -123.71480 
    106.92784 -123.41719 
    106.32169 -123.14532 
    105.69570 -122.90204 
    105.05025 -122.69095 
    104.38632 -122.51629 
    103.70574 -122.38276 
    103.01126 -122.29531 
    102.30665 -122.25883 
    101.59670 -122.27781 
    100.88713 -122.35603 
    100.18440 -122.49622 
    99.49545 -122.69981 
    98.82741 -122.96680 
    98.18719 -123.29559 
    97.58121 -123.68308 
    97.01502 -124.12480 
    96.49306 -124.61514 
    95.92624 -125.04945 
    95.30793 -125.44772 
    94.86727 -126.02197 
    94.56159 -126.69017 
    94.28720 -127.35660 
    94.03799 -128.01889 
    93.80589 -128.67528 
    93.62490 -129.34250 
    93.53117 -130.02786 
    93.44785 -130.70001 
    93.35813 -131.35988 
    93.26049 -132.01425 
    93.15699 -132.67012 
Cell 24 100 -112.74481 -113.91040 
    -123.05019 -113.91040 
    -123.03832 -114.55801 
    -122.98466 -115.20399 
    -122.88930 -115.84557 
    -122.75261 -116.47997 
    -122.57513 -117.10446 
    -122.35763 -117.71638 
    -122.10103 -118.31310 
    -121.80645 -118.89207 
    -121.47520 -119.45087 
    -121.10875 -119.98716 
    -120.70874 -120.49873 
    -120.27694 -120.98354 
    -119.81528 -121.43967 
    -119.32576 -121.86540 
    -118.81055 -122.25916 
    -118.27184 -122.61960 
    -117.71191 -122.94552 
    -117.13309 -123.23595 
    -116.53769 -123.49011 
    -115.86485 -123.51290 
    -115.20071 -123.47552 
    -114.57051 -123.48104 
    -113.95747 -123.50962 
    -113.35095 -123.54465 
    -112.74481 -123.58315 
    -112.13358 -123.62572 
    -111.51073 -123.67924 
    -110.86123 -123.78447 
    -110.17834 -123.90617 
    -109.52774 -123.81153 
    -108.89427 -123.63575 
    -108.27379 -123.41181 
    -107.66499 -123.15057 
    -107.06918 -122.85377 
    -106.48846 -122.52152 
    -105.92514 -122.15396 
    -105.38168 -121.75134 
    -104.86079 -121.31400 
    -104.36532 -120.84252 
    -103.89835 -120.33773 
    -103.46308 -119.80077 
    -103.06276 -119.23315 
    -102.70068 -118.63681 
    -102.38001 -118.01411 
    -102.10381 -117.36787 
    -101.87482 -116.70134 
    -101.69545 -116.01818 
    -101.56767 -115.32240 
    -101.18017 -114.63799 
    -100.77713 -113.91040 
    -100.52805 -113.14178 
    -100.49216 -112.36253 
    -100.69175 -111.61115 
    -101.10390 -110.92152 
    -101.66867 -110.31155 
    -102.30998 -109.77896 
    -102.78249 -109.22249 
    -102.52804 -108.29368 
    -102.30584 -107.28563 
    -103.96516 -107.53161 
    -104.47710 -107.07076 
    -104.97646 -106.61543 
    -105.49947 -106.19490 
    -106.04316 -105.80949 
    -106.60472 -105.45929 
    -107.18163 -105.14422 
    -107.77158 -104.86412 
    -108.37251 -104.61878 
    -108.98255 -104.40801 
    -109.60000 -104.23165 
    -110.22326 -104.08960 
    -110.85084 -103.98184 
    -111.47524 -103.86069 
    -112.10423 -103.72856 
    -112.74481 -103.60477 
    -113.40054 -103.48795 
    -114.07473 -103.38300 
    -114.76834 -103.30270 
    -115.47753 -103.26717 
    -116.19216 -103.30055 
    -116.89609 -103.42548 
    -117.56969 -103.65702 
    -118.19419 -103.99802 
    -118.75623 -104.43793 
    -119.25092 -104.95551 
    -119.68242 -105.52428 
    -120.06163 -106.11878 
    -120.40234 -106.71951 
    -120.71713 -107.31512 
    -121.01460 -107.90205 
    -121.34595 -108.45195 
    -121.68559 -108.99516 
    -121.99059 -109.55967 
    -122.25942 -110.14330 
    -122.49078 -110.74375 
    -122.68346 -111.35859 
    -122.83646 -111.98531 
    -122.94897 -112.62132 
    -123.02036 -113.26392 
