67 25 
Cell 0 100 -120.48141 -148.63184 
    -130.48151 -148.63184 
    -130.46176 -149.25975 
    -130.40263 -149.88518 
    -130.30434 -150.50566 
    -130.16730 -151.11874 
    -129.99200 -151.72202 
    -129.77919 -152.31308 
    -129.53049 -152.89000 
    -129.25327 -153.45421 
    -128.94720 -154.00439 
    -128.60855 -154.53654 
    -128.23656 -155.04744 
    -127.83233 -155.53481 
    -127.39728 -155.99648 
    -126.93294 -156.43039 
    -126.44108 -156.83461 
    -125.92359 -157.20734 
    -125.38248 -157.54684 
    -124.81989 -157.85155 
    -124.23807 -158.12006 
    -123.63938 -158.35106 
    -123.02628 -158.54344 
    -122.40130 -158.69621 
    -121.76704 -158.80862 
    -121.12617 -158.88005 
    -120.48141 -158.91006 
    -119.83549 -158.89844 
    -119.19118 -158.84511 
    -118.55123 -158.75023 
    -117.91840 -158.61412 
    -117.29542 -158.43733 
    -116.68497 -158.22054 
    -116.08971 -157.96469 
    -115.51218 -157.67084 
    -114.95488 -157.34027 
    -114.42020 -156.97440 
    -113.91042 -156.57481 
    -113.42773 -156.14325 
    -112.97414 -155.68164 
    -112.55156 -155.19199 
    -112.16175 -154.67642 
    -111.80630 -154.13722 
    -111.48665 -153.57675 
    -111.20404 -152.99744 
    -110.95915 -152.40196 
    -110.72519 -151.80182 
    -110.52492 -151.18823 
    -110.35863 -150.56287 
    -110.22648 -149.92734 
    -110.12918 -149.28314 
    -110.35653 -148.63184 
    -110.72130 -148.01778 
    -111.01580 -147.43605 
    -111.26987 -146.87465 
    -111.49897 -146.32553 
    -111.71438 -145.78325 
    -111.92500 -145.24411 
    -112.13828 -144.70586 
    -112.35626 -144.16499 
    -112.58466 -143.62041 
    -112.82927 -143.07224 
    -113.09048 -142.51753 
    -113.40550 -141.98711 
    -113.74773 -141.46118 
    -114.10819 -140.92793 
    -114.44032 -140.31700 
    -114.59559 -139.35725 
    -114.91956 -138.51485 
    -115.73411 -138.54329 
    -116.48586 -138.54021 
    -117.19603 -138.52048 
    -117.86383 -138.43700 
    -118.51748 -138.33650 
    -119.16621 -138.22090 
    -119.81804 -138.08778 
    -120.48141 -137.84903 
    -121.17661 -137.58208 
    -121.91724 -137.26604 
    -122.71804 -136.90703 
    -123.44360 -137.09489 
    -124.11946 -137.43507 
    -124.73679 -137.88397 
    -125.24286 -138.51324 
    -125.68575 -139.16519 
    -126.19209 -139.63326 
    -126.69079 -140.08537 
    -127.27505 -140.41974 
    -128.06866 -140.55223 
    -128.06761 -141.50792 
    -128.38316 -142.09496 
    -128.73061 -142.63844 
    -129.04761 -143.19557 
    -129.33379 -143.76521 
    -129.58870 -144.34627 
    -129.81180 -144.93768 
    -130.00241 -145.53828 
    -130.16739 -146.14490 
    -130.30441 -146.75800 
    -130.40268 -147.37849 
    -130.46179 -148.00392 
Cell 1 100 -102.95160 -141.94983 
    -113.42976 -141.94983 
    -113.05839 -142.58569 
    -112.77628 -143.19098 
    -112.51980 -143.77505 
    -112.28338 -144.34583 
    -112.05792 -144.90865 
    -111.83752 -145.46802 
    -111.61732 -146.02760 
    -111.38927 -146.58847 
    -111.14537 -147.14975 
    -110.87784 -147.70857 
    -110.57803 -148.25896 
    -110.28511 -148.83644 
    -109.82486 -149.26910 
    -109.34315 -149.67589 
    -108.84748 -150.06482 
    -108.32812 -150.42186 
    -107.78711 -150.74559 
    -107.22660 -151.03467 
    -106.64881 -151.28792 
    -106.05603 -151.50427 
    -105.45061 -151.68286 
    -104.83499 -151.82294 
    -104.21162 -151.92390 
    -103.58298 -151.98534 
    -102.95160 -152.00696 
    -102.32001 -151.98866 
    -101.69074 -151.93053 
    -101.06634 -151.83273 
    -100.44929 -151.69569 
    -99.84209 -151.51993 
    -99.24717 -151.30615 
    -98.66693 -151.05521 
    -98.10371 -150.76811 
    -97.55976 -150.44601 
    -97.03727 -150.09021 
    -96.53833 -149.70213 
    -96.06495 -149.28337 
    -95.61902 -148.83559 
    -95.20231 -148.36060 
    -94.81649 -147.86034 
    -94.45445 -147.34229 
    -94.11989 -146.80510 
    -93.82558 -146.24420 
    -93.83820 -145.55809 
    -93.80671 -144.92119 
    -93.75929 -144.31001 
    -93.72277 -143.71033 
    -93.70005 -143.11858 
    -93.69212 -142.53238 
    -93.68791 -141.94983 
    -93.66825 -141.36578 
    -93.65634 -140.77557 
    -93.64703 -140.17488 
    -93.64677 -139.56076 
    -93.65504 -138.92920 
    -93.66771 -138.27406 
    -93.67259 -137.58347 
    -93.64784 -136.83504 
    -93.54224 -135.97847 
    -93.94389 -135.40535 
    -94.39860 -134.87418 
    -94.90018 -134.38904 
    -95.44141 -133.95230 
    -96.01463 -133.56447 
    -96.61230 -133.22455 
    -97.22760 -132.93025 
    -97.85469 -132.67859 
    -98.48897 -132.46626 
    -99.12708 -132.29019 
    -99.76671 -132.14775 
    -100.36260 -131.86635 
    -100.97468 -131.58646 
    -101.61333 -131.35637 
    -102.27538 -131.20161 
    -102.95160 -131.14311 
    -103.62855 -131.19005 
    -104.29237 -131.33650 
    -104.93287 -131.56366 
    -105.52115 -131.94209 
    -106.09914 -132.26271 
    -106.70090 -132.48016 
    -107.30702 -132.69408 
    -107.89111 -132.96489 
    -108.36134 -133.42545 
    -108.83762 -133.84840 
    -109.31912 -134.25282 
    -109.80508 -134.65163 
    -110.29440 -135.05447 
    -110.78843 -135.46664 
    -111.28427 -135.89580 
    -111.78209 -136.34583 
    -112.28542 -136.81853 
    -112.80429 -137.31351 
    -113.36751 -137.82588 
    -114.02512 -138.35182 
    -114.54918 -138.97208 
    -114.53360 -139.74045 
    -114.33440 -140.51186 
    -113.88228 -141.26213 
Cell 2 100 -83.39874 -143.84637 
    -93.73106 -143.84637 
    -93.77396 -144.49913 
    -93.81865 -145.16272 
    -93.83307 -145.83682 
    -93.73898 -146.50130 
    -93.43220 -147.10645 
    -93.10744 -147.69032 
    -92.76497 -148.25378 
    -92.40441 -148.79729 
    -92.02503 -149.32079 
    -91.62591 -149.82376 
    -91.20620 -150.30527 
    -90.78486 -150.78241 
    -90.36201 -151.26151 
    -89.90761 -151.71425 
    -89.42323 -152.13837 
    -88.91066 -152.53177 
    -88.37183 -152.89240 
    -87.80885 -153.21834 
    -87.22398 -153.50786 
    -86.61965 -153.75932 
    -85.99838 -153.97133 
    -85.36283 -154.14253 
    -84.71579 -154.27193 
    -84.06011 -154.35860 
    -83.39874 -154.40192 
    -82.73467 -154.40140 
    -82.07095 -154.35686 
    -81.41065 -154.26828 
    -80.75683 -154.13593 
    -80.11255 -153.96022 
    -79.48083 -153.74188 
    -78.86462 -153.48187 
    -78.26683 -153.18127 
    -77.69026 -152.84149 
    -77.13760 -152.46410 
    -76.61140 -152.05086 
    -76.11410 -151.60373 
    -75.64796 -151.12483 
    -75.21507 -150.61649 
    -74.81736 -150.08112 
    -74.45652 -149.52127 
    -74.13407 -148.93967 
    -73.85133 -148.33905 
    -73.59171 -147.72925 
    -73.33455 -147.11642 
    -73.11229 -146.48749 
    -72.92696 -145.84398 
    -72.78098 -145.18771 
    -72.67706 -144.52092 
    -72.61810 -143.84637 
    -72.60693 -143.16740 
    -72.64607 -142.48799 
    -72.73753 -141.81264 
    -72.88250 -141.14627 
    -73.08119 -140.49400 
    -73.33272 -139.86096 
    -73.63506 -139.25194 
    -73.98518 -138.67123 
    -74.37917 -138.12238 
    -74.81248 -137.60809 
    -75.28024 -137.13016 
    -75.77747 -136.68953 
    -76.29944 -136.28639 
    -76.84178 -135.92038 
    -77.40067 -135.59073 
    -77.97283 -135.29652 
    -78.55563 -135.03680 
    -79.11592 -134.74493 
    -79.68443 -134.46512 
    -80.26817 -134.21149 
    -80.86624 -133.98294 
    -81.47817 -133.77844 
    -82.10394 -133.59702 
    -82.74390 -133.43811 
    -83.39874 -133.30176 
    -84.07098 -133.16145 
    -84.76734 -133.01273 
    -85.47681 -132.95276 
    -86.18209 -133.00592 
    -86.92868 -132.98232 
    -87.69213 -133.00250 
    -88.44668 -133.11894 
    -89.17654 -133.33658 
    -89.92868 -133.55682 
    -90.66599 -133.84386 
    -91.37812 -134.20096 
    -92.05409 -134.62935 
    -92.68291 -135.12796 
    -93.25421 -135.69322 
    -93.59862 -136.43571 
    -93.66427 -137.33168 
    -93.66823 -138.20067 
    -93.65384 -139.02069 
    -93.64687 -139.78885 
    -93.65230 -140.51480 
    -93.66512 -141.21042 
    -93.68570 -141.88403 
    -93.69231 -142.54599 
    -93.70310 -143.19807 
Cell 3 100 -59.37722 -155.65732 
    -69.51514 -155.65732 
    -69.47031 -156.29233 
    -69.38844 -156.92203 
    -69.27022 -157.54451 
    -69.11621 -158.15787 
    -68.92694 -158.76021 
    -68.70292 -159.34962 
    -68.44471 -159.92415 
    -68.15292 -160.48180 
    -67.82835 -161.02055 
    -67.47186 -161.53841 
    -67.08454 -162.03337 
    -66.66764 -162.50348 
    -66.22269 -162.94701 
    -65.75146 -163.36246 
    -65.25507 -163.74748 
    -64.73550 -164.10060 
    -64.19476 -164.42038 
    -63.63502 -164.70558 
    -63.05847 -164.95508 
    -62.46740 -165.16788 
    -61.86412 -165.34315 
    -61.25104 -165.48019 
    -60.63068 -165.57941 
    -60.00526 -165.63960 
    -59.37722 -165.66043 
    -58.74905 -165.64177 
    -58.12323 -165.58371 
    -57.50215 -165.48680 
    -56.88812 -165.35175 
    -56.28343 -165.17903 
    -55.69024 -164.96959 
    -55.11053 -164.72452 
    -54.54612 -164.44507 
    -53.99859 -164.13269 
    -53.46928 -163.78891 
    -52.95923 -163.41534 
    -52.46925 -163.01357 
    -51.99990 -162.58508 
    -51.55158 -162.13126 
    -51.12465 -161.65317 
    -50.71955 -161.15164 
    -50.33701 -160.62723 
    -49.97815 -160.08018 
    -49.64479 -159.51067 
    -49.33943 -158.91879 
    -49.06543 -158.30493 
    -48.82689 -157.66991 
    -48.62859 -157.01518 
    -48.47566 -156.34319 
    -48.37328 -155.65732 
    -48.32624 -154.96205 
    -48.33852 -154.26280 
    -48.41290 -153.56577 
    -48.55064 -152.87752 
    -48.75129 -152.20474 
    -49.01287 -151.55379 
    -49.40752 -150.96593 
    -49.95086 -150.47514 
    -50.65204 -150.12015 
    -51.25597 -149.75688 
    -51.81858 -149.40427 
    -52.35713 -149.06500 
    -52.88141 -148.73997 
    -53.39413 -148.42500 
    -53.90235 -148.12180 
    -54.40948 -147.82941 
    -54.91737 -147.54488 
    -55.42553 -147.25954 
    -55.93860 -146.97235 
    -56.45942 -146.67725 
    -56.99090 -146.36319 
    -57.53757 -146.01349 
    -58.11754 -145.68587 
    -58.74690 -145.63858 
    -59.37722 -145.60683 
    -60.00922 -145.61208 
    -60.64090 -145.65427 
    -61.27031 -145.73338 
    -61.89545 -145.84947 
    -62.51426 -146.00253 
    -63.13047 -146.17769 
    -63.72797 -146.41153 
    -64.30886 -146.68671 
    -64.87756 -146.99017 
    -65.42645 -147.33128 
    -65.95216 -147.70958 
    -66.45132 -148.12418 
    -66.92055 -148.57367 
    -67.35667 -149.05615 
    -67.75684 -149.56917 
    -68.11865 -150.10983 
    -68.44024 -150.67488 
    -68.72032 -151.26079 
    -68.95819 -151.86395 
    -69.15369 -152.48076 
    -69.30711 -153.10776 
    -69.41908 -153.74173 
    -69.49045 -154.37971 
    -69.52215 -155.01906 
Cell 4 100 -48.11108 -140.77431 
    -60.12709 -140.77431 
    -59.96701 -141.52022 
    -59.75742 -142.24559 
    -59.50253 -142.94734 
    -59.20653 -143.62314 
    -58.87350 -144.27122 
    -58.50725 -144.89044 
    -58.11478 -145.48169 
    -57.58864 -145.98463 
    -56.95301 -146.38557 
    -56.33377 -146.74844 
    -55.73857 -147.08432 
    -55.16996 -147.40305 
    -54.62361 -147.70944 
    -54.09673 -148.00972 
    -53.58633 -148.31033 
    -53.08635 -148.61407 
    -52.58967 -148.92084 
    -52.09121 -149.23251 
    -51.58571 -149.55022 
    -51.06669 -149.87073 
    -50.52694 -150.18349 
    -49.96066 -150.47018 
    -49.39999 -150.97713 
    -48.76460 -151.16168 
    -48.11108 -151.20837 
    -47.45438 -151.21219 
    -46.79743 -151.17287 
    -46.14319 -151.09032 
    -45.49463 -150.96469 
    -44.85472 -150.79634 
    -44.22639 -150.58589 
    -43.61256 -150.33412 
    -43.01607 -150.04208 
    -42.43968 -149.71100 
    -41.88605 -149.34232 
    -41.35773 -148.93770 
    -40.85715 -148.49896 
    -40.38655 -148.02812 
    -39.94807 -147.52734 
    -39.54361 -146.99893 
    -39.17491 -146.44537 
    -38.84352 -145.86919 
    -38.55075 -145.27306 
    -38.29774 -144.65968 
    -38.08537 -144.03186 
    -37.91434 -143.39238 
    -37.78513 -142.74408 
    -37.69801 -142.08978 
    -37.65305 -141.43227 
    -37.65014 -140.77431 
    -37.68898 -140.11861 
    -37.76912 -139.46782 
    -37.88997 -138.82452 
    -38.05077 -138.19125 
    -38.25067 -137.57047 
    -38.48869 -136.96454 
    -38.76372 -136.37578 
    -39.07920 -135.80899 
    -39.54578 -135.33859 
    -40.01320 -134.89085 
    -40.43895 -134.42737 
    -40.86399 -133.96884 
    -41.29277 -133.51355 
    -41.72853 -133.05914 
    -42.17386 -132.60243 
    -42.63084 -132.13884 
    -43.10151 -131.66193 
    -43.62244 -131.23547 
    -44.19605 -130.88609 
    -44.79635 -130.57263 
    -45.41958 -130.29163 
    -46.06440 -130.04524 
    -46.72932 -129.83655 
    -47.41238 -129.66882 
    -48.11108 -129.54541 
    -48.82230 -129.46968 
    -49.54232 -129.44481 
    -50.21417 -129.74950 
    -50.86445 -130.05064 
    -51.50165 -130.33919 
    -52.12068 -130.64722 
    -52.72399 -130.97136 
    -53.29604 -131.34291 
    -53.83439 -131.75581 
    -54.35529 -132.17990 
    -54.86654 -132.60835 
    -55.36583 -133.04878 
    -55.85506 -133.50223 
    -56.32780 -133.97684 
    -56.78278 -134.47394 
    -57.22431 -134.99088 
    -57.66170 -135.52380 
    -58.10313 -136.07240 
    -58.57159 -136.63271 
    -59.14288 -137.18987 
    -59.67706 -137.80467 
    -60.07413 -138.49223 
    -60.28275 -139.23666 
    -60.23358 -140.01163 
Cell 5 100 -9.62852 -147.61301 
    -20.01807 -147.61301 
    -20.03072 -148.26746 
    -20.00041 -148.92328 
    -19.92692 -149.57753 
    -19.81024 -150.22723 
    -19.65061 -150.86938 
    -19.44845 -151.50099 
    -19.20446 -152.11911 
    -18.91953 -152.72078 
    -18.59477 -153.30316 
    -18.23154 -153.86346 
    -17.83136 -154.39899 
    -17.39602 -154.90718 
    -16.92746 -155.38559 
    -16.42781 -155.83194 
    -15.89938 -156.24409 
    -15.34461 -156.62013 
    -14.76613 -156.95828 
    -14.16663 -157.25697 
    -13.54897 -157.51492 
    -12.91605 -157.73097 
    -12.27087 -157.90428 
    -11.61645 -158.03410 
    -10.95587 -158.12010 
    -10.29221 -158.16202 
    -9.62852 -158.15993 
    -8.96785 -158.11406 
    -8.31319 -158.02493 
    -7.66746 -157.89322 
    -7.03352 -157.71986 
    -6.41410 -157.50597 
    -5.81186 -157.25279 
    -5.22927 -156.96188 
    -4.66874 -156.63481 
    -4.13249 -156.27336 
    -3.62255 -155.87952 
    -3.14087 -155.45523 
    -2.68914 -155.00270 
    -2.25034 -154.54158 
    -1.80978 -154.08124 
    -1.39600 -153.59428 
    -1.01857 -153.07704 
    -0.70213 -152.52032 
    -0.49229 -151.91219 
    -0.31574 -151.30020 
    -0.14799 -150.69342 
    0.00756 -150.08713 
    0.14855 -149.47807 
    0.27353 -148.86392 
    0.38183 -148.24280 
    0.47371 -147.61301 
    0.55075 -146.97258 
    0.69412 -146.30896 
    0.96100 -145.59294 
    1.27356 -144.81383 
    1.68527 -143.93694 
    2.08449 -142.97549 
    1.86407 -142.20500 
    1.49543 -141.49756 
    0.99120 -140.87354 
    0.37482 -140.34515 
    -0.32220 -139.91415 
    -1.06587 -139.57214 
    -1.82514 -139.30325 
    -2.57595 -139.08792 
    -3.30317 -138.90691 
    -4.00039 -138.74449 
    -4.65904 -138.57355 
    -5.25020 -138.30861 
    -5.85442 -138.08072 
    -6.46937 -137.89015 
    -7.09281 -137.73706 
    -7.70851 -137.54794 
    -8.33149 -137.34599 
    -8.97087 -137.15994 
    -9.62852 -136.96271 
    -10.30356 -136.88350 
    -10.97088 -136.98715 
    -11.63773 -137.08035 
    -12.30555 -137.18666 
    -12.97484 -137.31407 
    -13.64631 -137.46524 
    -14.32319 -137.63634 
    -14.96588 -137.90437 
    -15.52964 -138.31433 
    -16.01496 -138.82283 
    -16.45412 -139.36227 
    -16.85410 -139.91855 
    -17.22231 -140.48196 
    -17.56497 -141.04739 
    -17.88605 -141.61356 
    -18.18694 -142.18167 
    -18.46681 -142.75412 
    -18.78710 -143.30331 
    -19.07773 -143.87180 
    -19.33233 -144.46005 
    -19.54942 -145.06575 
    -19.72763 -145.68649 
    -19.86579 -146.31973 
    -19.96288 -146.96283 
Cell 6 100 9.28933 -151.70569 
    -0.43272 -151.70569 
    -0.63652 -152.33017 
    -0.97622 -153.00253 
    -1.38237 -153.74142 
    -1.49753 -154.47528 
    -1.42929 -155.18837 
    -1.21963 -155.86647 
    -0.95208 -156.52493 
    -0.63875 -157.16370 
    -0.28119 -157.77933 
    0.11877 -158.36848 
    0.55895 -158.92809 
    1.03702 -159.45512 
    1.55031 -159.94691 
    2.09601 -160.40091 
    2.67109 -160.81491 
    3.27234 -161.18694 
    3.89645 -161.51530 
    4.53997 -161.79860 
    5.19936 -162.03578 
    5.87105 -162.22606 
    6.55148 -162.36890 
    7.23703 -162.46420 
    7.92416 -162.51208 
    8.60939 -162.51292 
    9.28933 -162.46744 
    9.96068 -162.37659 
    10.62032 -162.24156 
    11.26525 -162.06384 
    11.89266 -161.84499 
    12.49994 -161.58693 
    13.08466 -161.29161 
    13.67332 -161.02216 
    14.27019 -160.76585 
    14.85415 -160.47444 
    15.42321 -160.14825 
    15.97529 -159.78763 
    16.50815 -159.39296 
    17.01943 -158.96474 
    17.50661 -158.50362 
    17.96700 -158.01039 
    18.39780 -157.48610 
    18.79610 -156.93208 
    19.15895 -156.34998 
    19.48339 -155.74181 
    19.76655 -155.10994 
    20.00571 -154.45718 
    20.19838 -153.78670 
    20.34238 -153.10202 
    20.43595 -152.40697 
    20.47776 -151.70569 
    20.46701 -151.00244 
    20.40344 -150.30165 
    20.28738 -149.60770 
    20.11970 -148.92493 
    19.90181 -148.25748 
    19.63565 -147.60928 
    19.32357 -146.98393 
    18.96829 -146.38463 
    18.57284 -145.81419 
    18.14041 -145.27499 
    17.67435 -144.76900 
    17.17801 -144.29771 
    16.65473 -143.86232 
    16.10775 -143.46362 
    15.54017 -143.10214 
    14.95491 -142.77817 
    14.35471 -142.49181 
    13.74213 -142.24301 
    13.11953 -142.03169 
    12.48914 -141.85770 
    11.85300 -141.72084 
    11.21309 -141.62096 
    10.60101 -141.32266 
    9.96475 -140.97011 
    9.28933 -140.57753 
    8.56415 -140.17929 
    7.78987 -139.83624 
    6.98448 -139.62328 
    6.18291 -139.60699 
    5.42819 -139.82231 
    4.75726 -140.25900 
    4.18819 -140.86522 
    3.71515 -141.56630 
    3.27025 -142.22113 
    2.71106 -142.65149 
    2.20003 -143.13620 
    1.77992 -143.70898 
    1.48062 -144.37282 
    1.19505 -145.00952 
    0.94286 -145.64162 
    0.71159 -146.26210 
    0.56445 -146.90915 
    0.48004 -147.56035 
    0.39063 -148.18245 
    0.28799 -148.78098 
    0.17163 -149.36467 
    0.04127 -149.94151 
    -0.10328 -150.51913 
    -0.26172 -151.10480 
Cell 7 100 29.18037 -139.26884 
    18.89463 -139.26884 
    18.86990 -139.91753 
    18.88754 -140.56914 
    18.94797 -141.22078 
    19.05141 -141.86952 
    19.19785 -142.51236 
    19.38701 -143.14632 
    19.61835 -143.76839 
    19.89107 -144.37569 
    20.20422 -144.96529 
    20.55688 -145.53418 
    20.94781 -146.07941 
    21.37521 -146.59837 
    21.83723 -147.08849 
    22.33185 -147.54729 
    22.85683 -147.97246 
    23.40978 -148.36183 
    23.98815 -148.71347 
    24.58919 -149.02562 
    25.21005 -149.29674 
    25.84779 -149.52547 
    26.49934 -149.71078 
    27.16157 -149.85179 
    27.83130 -149.94789 
    28.50530 -149.99876 
    29.18037 -150.00427 
    29.85329 -149.96455 
    30.52088 -149.88004 
    31.18001 -149.75131 
    31.82764 -149.57927 
    32.46080 -149.36496 
    33.07665 -149.10971 
    33.67247 -148.81505 
    34.24568 -148.48260 
    34.79387 -148.11429 
    35.31479 -147.71214 
    35.80636 -147.27829 
    36.26672 -146.81505 
    36.69422 -146.32481 
    37.10308 -145.82307 
    37.53152 -145.33630 
    37.93371 -144.82388 
    38.30821 -144.28691 
    38.65355 -143.72658 
    38.96817 -143.14410 
    39.25042 -142.54080 
    39.49853 -141.91809 
    39.71067 -141.27760 
    39.88491 -140.62114 
    40.01928 -139.95078 
    40.11182 -139.26884 
    40.16060 -138.57803 
    40.16384 -137.88132 
    40.11993 -137.18201 
    40.02753 -136.48376 
    39.88563 -135.79050 
    39.69364 -135.10635 
    39.45145 -134.43564 
    39.15946 -133.78279 
    38.81862 -133.15222 
    38.43045 -132.54828 
    37.99703 -131.97507 
    37.52098 -131.43649 
    37.00540 -130.93604 
    36.45448 -130.47597 
    35.95125 -129.94952 
    35.38934 -129.48508 
    34.77446 -129.09325 
    34.11522 -128.78175 
    33.42242 -128.55464 
    32.70797 -128.41200 
    31.98387 -128.34996 
    31.26109 -128.36136 
    30.54928 -128.43286 
    29.86084 -128.45308 
    29.18037 -128.27968 
    28.48018 -128.13966 
    27.76240 -128.04442 
    27.03121 -128.00252 
    26.29280 -128.02246 
    25.55523 -128.11180 
    24.82808 -128.27621 
    24.12180 -128.51881 
    23.45096 -128.84708 
    22.94989 -129.45117 
    22.46498 -130.02589 
    22.01995 -130.61339 
    21.62876 -131.22719 
    21.29726 -131.86610 
    20.98708 -132.49075 
    20.69276 -133.10223 
    20.41103 -133.70364 
    20.13687 -134.29715 
    19.86398 -134.88489 
    19.58452 -135.46959 
    19.30946 -136.06158 
    19.17155 -136.69902 
    19.11147 -137.34810 
    19.05895 -137.99022 
    18.96109 -138.62590 
Cell 8 100 46.00487 -151.14331 
    35.97495 -151.14331 
    35.99702 -151.77295 
    36.05015 -152.40088 
    36.14089 -153.02496 
    36.27067 -153.64262 
    36.43929 -154.25136 
    36.64618 -154.84868 
    36.89060 -155.43216 
    37.17163 -155.99942 
    37.48822 -156.54814 
    37.83916 -157.07605 
    38.22308 -157.58096 
    38.63850 -158.06079 
    39.08376 -158.51355 
    39.55709 -158.93733 
    40.05662 -159.33038 
    40.58030 -159.69106 
    41.12606 -160.01782 
    41.69167 -160.30933 
    42.27481 -160.56435 
    42.87313 -160.78180 
    43.48417 -160.96078 
    44.10542 -161.10054 
    44.73435 -161.20049 
    45.36837 -161.26021 
    46.00487 -161.27946 
    46.64124 -161.25819 
    47.27488 -161.19647 
    47.90318 -161.09460 
    48.52357 -160.95302 
    49.13353 -160.77234 
    49.73055 -160.55331 
    50.31222 -160.29691 
    50.87618 -160.00420 
    51.42016 -159.67645 
    51.94197 -159.31503 
    52.43953 -158.92148 
    52.91085 -158.49744 
    53.35407 -158.04468 
    53.76746 -157.56509 
    54.14942 -157.06067 
    54.49847 -156.53351 
    54.81327 -155.98578 
    55.09265 -155.41969 
    55.33558 -154.83760 
    55.54116 -154.24184 
    55.70868 -153.63483 
    55.83756 -153.01900 
    55.92740 -152.39682 
    55.98617 -151.77129 
    55.98886 -151.14331 
    55.94693 -150.51781 
    55.90219 -149.89299 
    55.83302 -149.26849 
    55.69698 -148.65480 
    55.52259 -148.05081 
    55.31055 -147.45892 
    55.06173 -146.88147 
    54.77707 -146.32076 
    54.45998 -145.77753 
    54.11354 -145.25201 
    53.73857 -144.74544 
    53.33743 -144.25757 
    52.91223 -143.78772 
    52.46447 -143.33499 
    51.99467 -142.89905 
    51.50225 -142.48080 
    50.98562 -142.08334 
    50.44273 -141.71239 
    49.97278 -141.12152 
    49.47884 -140.45152 
    48.77643 -140.34879 
    48.00133 -140.67747 
    47.33991 -140.57536 
    46.67174 -140.54372 
    46.00487 -140.40170 
    45.32728 -140.37338 
    44.67406 -140.60890 
    44.06529 -140.97568 
    43.45662 -141.21854 
    42.85918 -141.46188 
    42.27744 -141.72890 
    41.71122 -142.01884 
    41.16105 -142.33244 
    40.62820 -142.67104 
    40.11452 -143.03595 
    39.62224 -143.42804 
    39.15163 -143.84535 
    38.70756 -144.29068 
    38.29240 -144.76300 
    37.90777 -145.26042 
    37.55520 -145.78099 
    37.23608 -146.32263 
    36.95164 -146.88319 
    36.70301 -147.46045 
    36.48176 -148.04907 
    36.25510 -148.64000 
    36.08343 -149.25070 
    35.99686 -149.87901 
    35.97304 -150.51216 
Cell 9 100 66.93113 -152.09358 
    56.15647 -152.09358 
    56.21881 -152.76755 
    56.22117 -153.44656 
    56.23394 -154.13419 
    56.28487 -154.82707 
    56.44295 -155.50139 
    56.64529 -156.16603 
    56.89201 -156.81763 
    57.18285 -157.45274 
    57.51699 -158.06798 
    57.89337 -158.65990 
    58.31033 -159.22533 
    58.76601 -159.76114 
    59.25815 -160.26448 
    59.78430 -160.73262 
    60.34171 -161.16315 
    60.92745 -161.55386 
    61.53847 -161.90280 
    62.17150 -162.20830 
    62.82318 -162.46907 
    63.49008 -162.68404 
    64.16869 -162.85257 
    64.85552 -162.97432 
    65.54710 -163.04932 
    66.24005 -163.07797 
    66.93113 -163.06097 
    67.61727 -162.99948 
    68.29566 -162.89496 
    68.96376 -162.74902 
    69.61939 -162.56369 
    70.26077 -162.34114 
    70.88641 -162.08348 
    71.49535 -161.79305 
    72.08681 -161.47174 
    72.66048 -161.12158 
    73.21610 -160.74409 
    73.75349 -160.34039 
    74.27238 -159.91122 
    74.77216 -159.45680 
    75.25185 -158.97708 
    75.70972 -158.47160 
    76.14333 -157.93982 
    76.54945 -157.38130 
    76.90829 -156.78848 
    77.14957 -156.13936 
    77.37306 -155.48637 
    77.59022 -154.83037 
    77.76746 -154.16072 
    77.88757 -153.47771 
    77.95222 -152.78697 
    77.96085 -152.09358 
    77.91125 -151.40277 
    77.80812 -150.71950 
    77.65629 -150.04765 
    77.45897 -149.39049 
    77.22684 -148.74831 
    77.08764 -148.07234 
    76.90595 -147.39978 
    76.67940 -146.73442 
    76.40641 -146.08038 
    76.08572 -145.44238 
    75.69147 -144.84639 
    75.24323 -144.28799 
    74.76825 -143.74789 
    74.26484 -143.22865 
    73.73290 -142.73175 
    73.17359 -142.25705 
    72.55510 -141.86362 
    71.89806 -141.53831 
    71.21642 -141.27019 
    70.51593 -141.06070 
    69.80254 -140.91020 
    69.08204 -140.81813 
    68.35999 -140.78302 
    67.64149 -140.80264 
    66.93113 -140.87419 
    66.23283 -140.99445 
    65.54988 -141.15991 
    64.88494 -141.36708 
    64.24005 -141.61252 
    63.61676 -141.89299 
    63.01620 -142.20560 
    62.43920 -142.54774 
    61.88640 -142.91725 
    61.35833 -143.31226 
    60.85551 -143.73122 
    60.37853 -144.17285 
    59.92804 -144.63605 
    59.39609 -145.01772 
    58.85014 -145.40840 
    58.30016 -145.82281 
    57.75617 -146.27098 
    57.23649 -146.76392 
    56.76610 -147.31029 
    56.37234 -147.91306 
    56.07889 -148.56747 
    55.89991 -149.26125 
    55.90921 -149.99104 
    55.95965 -150.70757 
    55.99924 -151.40581 
Cell 10 100 83.48229 -138.26433 
    71.44022 -138.26433 
    71.16536 -139.03923 
    71.43137 -139.78671 
    71.81409 -140.49016 
    72.24205 -141.15033 
    72.69924 -141.76794 
    73.24492 -142.31758 
    73.81853 -142.81174 
    74.32998 -143.29585 
    74.79451 -143.77776 
    75.22303 -144.26503 
    75.62542 -144.76410 
    76.03004 -145.26245 
    76.52083 -145.67754 
    77.02385 -146.07124 
    77.54147 -146.44116 
    78.07513 -146.78465 
    78.62534 -147.09909 
    79.19181 -147.38206 
    79.77359 -147.63144 
    80.36921 -147.84540 
    80.97681 -148.02252 
    81.59428 -148.16164 
    82.21931 -148.26189 
    82.84941 -148.32365 
    83.48229 -148.34726 
    84.11566 -148.33151 
    84.74713 -148.27658 
    85.37434 -148.18282 
    85.99501 -148.05074 
    86.60694 -147.88101 
    87.20802 -147.67445 
    87.79626 -147.43198 
    88.36979 -147.15466 
    88.92686 -146.84361 
    89.46587 -146.50002 
    89.98531 -146.12514 
    90.48383 -145.72021 
    90.96015 -145.28650 
    91.41309 -144.82526 
    91.84153 -144.33768 
    92.24437 -143.82491 
    92.62048 -143.28809 
    92.96872 -142.72830 
    93.28784 -142.14662 
    93.57650 -141.54413 
    93.83319 -140.92198 
    94.05628 -140.28142 
    94.24397 -139.62384 
    94.39429 -138.95085 
    94.50517 -138.26433 
    94.57446 -137.56647 
    94.59998 -136.85983 
    94.57963 -136.14740 
    94.51143 -135.43253 
    94.39356 -134.71904 
    94.01700 -134.09334 
    93.52935 -133.53654 
    92.89474 -133.08978 
    92.33749 -132.64465 
    91.82466 -132.20325 
    91.33421 -131.76866 
    90.85471 -131.34116 
    90.37938 -130.91968 
    89.90376 -130.50212 
    89.42388 -130.08643 
    88.93747 -129.66835 
    88.44301 -129.24081 
    87.93930 -128.79271 
    87.41219 -128.33855 
    86.83948 -127.93196 
    86.23817 -127.53087 
    85.61212 -127.09934 
    84.90408 -127.00975 
    84.18864 -127.03722 
    83.48229 -127.11182 
    82.78813 -127.23103 
    82.10883 -127.39230 
    81.44663 -127.59301 
    80.80338 -127.83065 
    80.18061 -128.10280 
    79.57959 -128.40724 
    79.00137 -128.74190 
    78.44687 -129.10493 
    77.91689 -129.49467 
    77.36504 -129.84465 
    76.74500 -130.12033 
    76.28846 -130.60368 
    75.92956 -131.17183 
    75.59319 -131.73790 
    75.27464 -132.30112 
    74.93707 -132.84137 
    74.58865 -133.37502 
    74.23656 -133.91362 
    73.88656 -134.46512 
    73.54167 -135.03444 
    73.19865 -135.62393 
    72.85268 -136.23662 
    72.48103 -136.87454 
    72.04163 -137.54454 
Cell 11 100 113.69900 -146.84836 
    103.53397 -146.84836 
    103.54453 -147.48723 
    103.59593 -148.12468 
    103.68804 -148.75806 
    103.82057 -149.38470 
    103.99306 -150.00201 
    104.20484 -150.60736 
    104.45512 -151.19820 
    104.74287 -151.77203 
    105.06694 -152.32643 
    105.42599 -152.85904 
    105.81856 -153.36763 
    106.24299 -153.85002 
    106.69750 -154.30420 
    107.18019 -154.72824 
    107.68902 -155.12039 
    108.22182 -155.47900 
    108.77635 -155.80261 
    109.35027 -156.08989 
    109.94112 -156.33968 
    110.54642 -156.55098 
    111.16362 -156.72301 
    111.79012 -156.85509 
    112.42327 -156.94678 
    113.06045 -156.99780 
    113.69900 -157.00806 
    114.33628 -156.97766 
    114.96969 -156.90689 
    115.59665 -156.79622 
    116.21470 -156.64636 
    116.82143 -156.45824 
    117.41464 -156.23300 
    117.99227 -155.97203 
    118.55258 -155.67700 
    119.09415 -155.34976 
    119.61601 -154.99243 
    120.11768 -154.60721 
    120.59922 -154.19635 
    121.06126 -153.76198 
    121.50485 -153.30592 
    121.93129 -152.82947 
    122.34180 -152.33325 
    122.73710 -151.81709 
    123.11691 -151.28009 
    123.47945 -150.72070 
    123.82104 -150.13721 
    124.13594 -149.52811 
    124.41636 -148.89281 
    124.65297 -148.23216 
    124.83566 -147.54901 
    124.95452 -146.84836 
    125.00109 -146.13728 
    124.96937 -145.42458 
    124.85665 -144.71992 
    124.98551 -143.95047 
    125.17221 -143.12048 
    124.81394 -142.44765 
    124.01982 -141.99174 
    123.22959 -141.60887 
    122.75552 -141.10092 
    122.25607 -140.63129 
    121.73928 -140.19685 
    121.21105 -139.79407 
    120.67508 -139.41959 
    120.13319 -139.07076 
    119.61038 -138.71204 
    119.09392 -138.34732 
    118.55858 -138.00880 
    118.00627 -137.69495 
    117.43800 -137.40471 
    116.85383 -137.13878 
    116.25311 -136.90076 
    115.63535 -136.69765 
    115.00133 -136.53932 
    114.35406 -136.43649 
    113.69900 -136.39792 
    113.04339 -136.42778 
    112.37248 -136.34792 
    111.65213 -136.11832 
    110.89164 -135.91443 
    110.11925 -135.83102 
    109.38618 -135.95543 
    108.74462 -136.31978 
    108.21970 -136.88156 
    107.79662 -137.54771 
    107.43269 -138.22354 
    107.08347 -138.85155 
    106.72301 -139.41969 
    106.34801 -139.94531 
    105.96922 -140.45374 
    105.57526 -140.94612 
    105.20889 -141.46037 
    104.87528 -141.99748 
    104.57590 -142.55536 
    104.31213 -143.13184 
    104.08515 -143.72462 
    103.89604 -144.33139 
    103.74570 -144.94966 
    103.63488 -145.57697 
    103.56416 -146.21072 
Cell 12 100 -116.85916 -128.88118 
    -127.72349 -128.88118 
    -127.97304 -129.58040 
    -128.16737 -130.30974 
    -128.30315 -131.06424 
    -128.37766 -131.83862 
    -128.38892 -132.62743 
    -128.33546 -133.42497 
    -128.21674 -134.22565 
    -128.03259 -135.02382 
    -127.78359 -135.81403 
    -127.47062 -136.59085 
    -127.09515 -137.34914 
    -126.65899 -138.08383 
    -126.16434 -138.79019 
    -123.80436 -137.27647 
    -122.69710 -136.91641 
    -122.12208 -137.17421 
    -121.55399 -137.42104 
    -120.98764 -137.65465 
    -120.41872 -137.87160 
    -119.84717 -138.07730 
    -119.25266 -138.20325 
    -118.65807 -138.31145 
    -118.06248 -138.40645 
    -117.46352 -138.48705 
    -116.85916 -138.52983 
    -116.25140 -138.54117 
    -115.63897 -138.53996 
    -115.02077 -138.51839 
    -114.33373 -138.71709 
    -113.83212 -138.19746 
    -113.33089 -137.79257 
    -112.86516 -137.36888 
    -112.42327 -136.95003 
    -111.99503 -136.54582 
    -111.57307 -136.15686 
    -111.15134 -135.78075 
    -110.72483 -135.41359 
    -110.28954 -135.05046 
    -109.84458 -134.68414 
    -109.38797 -134.30933 
    -108.92131 -133.91870 
    -108.44998 -133.50417 
    -107.98513 -133.05698 
    -107.26570 -132.67949 
    -106.26614 -132.32306 
    -105.35471 -131.83502 
    -104.93784 -131.15529 
    -105.04607 -130.37352 
    -105.20713 -129.61426 
    -105.40405 -128.88118 
    -105.43227 -128.16226 
    -105.31305 -127.42257 
    -105.18386 -126.65400 
    -105.10401 -125.86297 
    -105.36510 -125.14653 
    -105.93440 -124.55576 
    -106.66821 -124.08569 
    -107.40797 -123.68534 
    -108.01456 -123.26823 
    -108.27744 -122.64620 
    -108.57364 -122.02680 
    -108.90914 -121.41561 
    -109.29025 -120.82111 
    -109.72246 -120.25439 
    -110.20922 -119.72832 
    -110.75099 -119.25624 
    -111.34462 -118.85027 
    -111.98345 -118.51977 
    -112.65791 -118.27002 
    -113.35667 -118.10161 
    -114.06805 -118.01052 
    -114.78136 -117.98898 
    -115.48794 -118.02681 
    -116.18169 -118.11300 
    -116.85916 -118.23724 
    -117.51914 -118.39104 
    -118.16196 -118.56842 
    -118.78874 -118.76598 
    -119.40067 -118.98267 
    -119.99856 -119.21912 
    -120.58251 -119.47708 
    -121.15189 -119.75867 
    -121.70540 -120.06592 
    -122.24122 -120.40042 
    -122.75891 -120.76087 
    -123.25666 -121.14793 
    -123.72900 -121.56555 
    -124.17403 -122.01207 
    -124.58999 -122.48568 
    -124.97525 -122.98450 
    -125.32826 -123.50652 
    -125.64765 -124.04967 
    -125.93216 -124.61175 
    -126.18067 -125.19054 
    -126.39222 -125.78371 
    -126.56600 -126.38889 
    -126.68894 -127.00605 
    -127.07554 -127.59055 
    -127.42278 -128.21657 
Cell 13 100 -85.09245 -118.55225 
    -95.26716 -118.55225 
    -95.25915 -119.19189 
    -95.21030 -119.83044 
    -95.12065 -120.46523 
    -94.99044 -121.09363 
    -94.82007 -121.71294 
    -94.61016 -122.32058 
    -94.36149 -122.91393 
    -94.07502 -123.49046 
    -93.75190 -124.04771 
    -93.39344 -124.58327 
    -93.00111 -125.09486 
    -92.57655 -125.58028 
    -92.12152 -126.03745 
    -91.63797 -126.46442 
    -91.12793 -126.85938 
    -90.59357 -127.22063 
    -90.03718 -127.54667 
    -89.46112 -127.83614 
    -88.86786 -128.08784 
    -88.25994 -128.30077 
    -87.63995 -128.47408 
    -87.01051 -128.60710 
    -86.37433 -128.69937 
    -85.73408 -128.75058 
    -85.09245 -128.76064 
    -84.45215 -128.72961 
    -83.81583 -128.65778 
    -83.18613 -128.54556 
    -82.56562 -128.39360 
    -81.95683 -128.20270 
    -81.36221 -127.97378 
    -80.78408 -127.70801 
    -80.22471 -127.40665 
    -79.66956 -127.09737 
    -79.12557 -126.76496 
    -78.60014 -126.40011 
    -78.09514 -126.00363 
    -77.61250 -125.57640 
    -77.15421 -125.11934 
    -76.72237 -124.63348 
    -76.31915 -124.11996 
    -75.94682 -123.58012 
    -75.60769 -123.01545 
    -75.30413 -122.42773 
    -75.03849 -121.81898 
    -74.81306 -121.19155 
    -74.62997 -120.54808 
    -74.49121 -119.89150 
    -74.39842 -119.22507 
    -74.35297 -118.55225 
    -74.35577 -117.87676 
    -74.40735 -117.20241 
    -74.50771 -116.53310 
    -74.65637 -115.87273 
    -74.85237 -115.22505 
    -75.09431 -114.59371 
    -75.38034 -113.98208 
    -75.64143 -113.35651 
    -75.90601 -112.72236 
    -76.21139 -112.09978 
    -76.55859 -111.49243 
    -76.94835 -110.90443 
    -77.38098 -110.34037 
    -77.85622 -109.80515 
    -78.37312 -109.30389 
    -78.92999 -108.84176 
    -79.52427 -108.42377 
    -80.15263 -108.05459 
    -80.81092 -107.73833 
    -81.49434 -107.47840 
    -82.19754 -107.27732 
    -82.91481 -107.13665 
    -83.64025 -107.05692 
    -84.36801 -107.03764 
    -85.09245 -107.07738 
    -85.80833 -107.17383 
    -86.51091 -107.32402 
    -87.19613 -107.52441 
    -87.86057 -107.77116 
    -88.50151 -108.06026 
    -89.11689 -108.38769 
    -89.66411 -108.83701 
    -90.17441 -109.30822 
    -90.62358 -109.83659 
    -91.04782 -110.35540 
    -91.45033 -110.86691 
    -91.83356 -111.37370 
    -92.19968 -111.87813 
    -92.55056 -112.38238 
    -92.91465 -112.86909 
    -93.27251 -113.36103 
    -93.61794 -113.86533 
    -93.94831 -114.38500 
    -94.25907 -114.92294 
    -94.51732 -115.48993 
    -94.73952 -116.07531 
    -94.99255 -116.66370 
    -95.16142 -117.28025 
    -95.23447 -117.91417 
Cell 14 100 -61.89459 -128.12271 
    -72.12189 -128.12271 
    -72.13191 -128.76678 
    -72.10442 -129.41251 
    -72.03823 -130.05771 
    -71.93237 -130.69997 
    -71.78612 -131.33665 
    -71.59913 -131.96501 
    -71.37137 -132.58214 
    -71.10316 -133.18517 
    -70.79514 -133.77116 
    -70.44822 -134.33728 
    -70.06362 -134.88072 
    -69.64280 -135.39876 
    -69.18744 -135.88881 
    -68.69946 -136.34839 
    -68.18097 -136.77518 
    -67.63427 -137.16699 
    -67.06182 -137.52185 
    -66.46624 -137.83795 
    -65.85030 -138.11369 
    -65.21688 -138.34766 
    -64.56896 -138.53868 
    -63.90962 -138.68587 
    -63.24200 -138.78854 
    -62.56927 -138.84636 
    -61.89459 -138.85922 
    -61.22110 -138.82751 
    -60.55168 -138.75298 
    -59.95564 -138.28705 
    -59.46991 -137.56625 
    -58.99527 -137.04591 
    -58.54014 -136.59509 
    -58.13552 -136.11115 
    -57.75920 -135.64497 
    -57.40004 -135.20499 
    -57.05154 -134.78860 
    -56.70800 -134.39223 
    -56.36206 -134.01427 
    -56.00533 -133.65309 
    -55.63662 -133.29976 
    -55.25229 -132.94862 
    -54.84922 -132.59384 
    -54.41839 -132.23279 
    -53.95873 -131.85704 
    -53.45444 -131.46440 
    -52.85849 -131.05872 
    -52.10080 -130.63733 
    -51.13820 -130.17461 
    -49.95341 -129.63124 
    -49.31266 -128.91431 
    -49.26132 -128.12271 
    -49.28240 -127.32922 
    -49.36960 -126.54044 
    -49.52219 -125.76255 
    -49.73854 -125.00156 
    -50.01620 -124.26319 
    -50.35197 -123.55267 
    -50.74199 -122.87469 
    -51.18185 -122.23333 
    -51.66676 -121.63193 
    -52.19164 -121.07310 
    -52.75133 -120.55875 
    -53.34067 -120.09004 
    -53.95463 -119.66751 
    -54.58845 -119.29111 
    -55.12756 -118.80869 
    -55.69951 -118.36082 
    -56.34609 -118.03002 
    -57.04575 -117.81840 
    -57.77246 -117.71138 
    -58.50248 -117.68286 
    -59.21935 -117.70334 
    -59.91545 -117.74770 
    -60.59074 -117.80166 
    -61.24656 -117.82248 
    -61.89459 -117.87538 
    -62.53395 -117.96034 
    -63.16974 -118.02890 
    -63.80907 -118.08665 
    -64.44895 -118.17414 
    -65.08887 -118.29176 
    -65.72784 -118.44105 
    -66.36396 -118.62482 
    -66.99400 -118.84692 
    -67.61310 -119.11179 
    -68.21474 -119.42377 
    -68.79115 -119.78622 
    -69.33379 -120.20077 
    -69.83437 -120.66676 
    -70.28575 -121.18094 
    -70.68275 -121.73774 
    -71.02277 -122.32979 
    -71.30593 -122.94878 
    -71.53476 -123.58640 
    -71.71354 -124.23512 
    -71.84751 -124.88882 
    -71.94192 -125.54300 
    -72.00132 -126.19475 
    -72.02910 -126.84242 
    -72.07561 -127.48218 
Cell 15 100 -55.86956 -107.00751 
    -66.34563 -107.00751 
    -66.23335 -107.65955 
    -66.13474 -108.30431 
    -66.02766 -108.94527 
    -65.88295 -109.57851 
    -65.70136 -110.20206 
    -65.48363 -110.81400 
    -65.23047 -111.41242 
    -64.94257 -111.99545 
    -64.62064 -112.56112 
    -64.26541 -113.10746 
    -63.87773 -113.63245 
    -63.45852 -114.13403 
    -63.00885 -114.61008 
    -62.52995 -115.05855 
    -62.02323 -115.47732 
    -61.49028 -115.86436 
    -60.93290 -116.21770 
    -60.35307 -116.53545 
    -59.75294 -116.81583 
    -59.13491 -117.05723 
    -58.50153 -117.25835 
    -57.85565 -117.41898 
    -57.19983 -117.53767 
    -56.53674 -117.61210 
    -55.86956 -117.64270 
    -55.20130 -117.62919 
    -54.53502 -117.57146 
    -53.87379 -117.46968 
    -53.22067 -117.32425 
    -52.57867 -117.13581 
    -51.95078 -116.90523 
    -51.33987 -116.63360 
    -50.74875 -116.32223 
    -50.18012 -115.97263 
    -49.63654 -115.58652 
    -49.12043 -115.16581 
    -48.63404 -114.71255 
    -48.17949 -114.22897 
    -47.75867 -113.71742 
    -47.37331 -113.18040 
    -46.96447 -112.65885 
    -46.56932 -112.12036 
    -46.20763 -111.55407 
    -45.88291 -110.96151 
    -45.59869 -110.34472 
    -45.35843 -109.70631 
    -45.16535 -109.04945 
    -45.02227 -108.37785 
    -44.93144 -107.69569 
    -44.89444 -107.00751 
    -44.91208 -106.31813 
    -44.98431 -105.63239 
    -45.11029 -104.95508 
    -45.28836 -104.29073 
    -45.51618 -103.64350 
    -45.79086 -103.01707 
    -46.10906 -102.41457 
    -46.46723 -101.83855 
    -46.86170 -101.29095 
    -46.83855 -100.44611 
    -46.36517 -99.14480 
    -47.79843 -99.42822 
    -48.73317 -99.40803 
    -49.25926 -99.01704 
    -49.75219 -98.58768 
    -50.23996 -98.13670 
    -50.75286 -97.70028 
    -51.29173 -97.27914 
    -51.85770 -96.87472 
    -52.45201 -96.48938 
    -53.07580 -96.12654 
    -53.72984 -95.79069 
    -54.41423 -95.48740 
    -55.12815 -95.22315 
    -55.86956 -95.00514 
    -56.63502 -94.84087 
    -57.41958 -94.73779 
    -58.21681 -94.70279 
    -59.01888 -94.74172 
    -59.81686 -94.85896 
    -60.60110 -95.05700 
    -61.36164 -95.33625 
    -62.08873 -95.69488 
    -62.77339 -96.12882 
    -63.40777 -96.63206 
    -63.98564 -97.19686 
    -64.50256 -97.81430 
    -64.95606 -98.47472 
    -65.34560 -99.16825 
    -65.67239 -99.88535 
    -65.93912 -100.61718 
    -66.14965 -101.35599 
    -66.30853 -102.09531 
    -66.42066 -102.83004 
    -66.49088 -103.55644 
    -66.52364 -104.27201 
    -66.52280 -104.97530 
    -66.49147 -105.66566 
    -66.43192 -106.34299 
Cell 16 100 -33.95047 -127.03023 
    -44.90255 -127.03023 
    -44.81050 -127.71349 
    -44.66701 -128.38405 
    -44.47688 -129.03825 
    -44.24466 -129.67332 
    -44.13584 -130.33966 
    -43.97047 -130.99742 
    -43.34624 -131.45154 
    -42.84616 -131.92067 
    -42.38821 -132.38498 
    -41.94418 -132.83798 
    -41.51160 -133.28535 
    -41.08708 -133.73196 
    -40.66642 -134.18198 
    -40.24478 -134.63875 
    -39.80585 -135.08948 
    -39.34901 -135.53697 
    -38.88520 -136.00648 
    -38.39211 -136.46919 
    -37.85417 -136.88986 
    -37.27564 -137.26405 
    -36.66220 -137.59175 
    -36.01836 -137.87051 
    -35.34804 -138.09314 
    -34.65712 -138.26210 
    -33.95047 -138.37308 
    -33.23407 -138.41710 
    -32.51488 -138.39407 
    -31.79972 -138.30487 
    -31.09493 -138.15182 
    -30.40736 -137.93480 
    -29.74665 -137.64786 
    -29.11029 -137.31612 
    -28.50151 -136.94185 
    -27.92326 -136.52759 
    -27.37827 -136.07608 
    -26.86899 -135.59027 
    -26.39759 -135.07323 
    -25.96595 -134.52818 
    -25.57559 -133.95853 
    -25.22778 -133.36763 
    -24.92345 -132.75894 
    -24.66322 -132.13594 
    -24.57473 -131.44211 
    -24.56960 -130.74437 
    -24.48238 -130.10660 
    -24.35392 -129.49420 
    -24.25664 -128.87943 
    -24.20628 -128.26120 
    -24.18256 -127.64477 
    -24.15863 -127.03023 
    -24.13116 -126.41245 
    -24.10758 -125.78678 
    -24.13703 -125.15821 
    -24.19125 -124.52449 
    -24.32116 -123.90147 
    -24.48768 -123.28365 
    -24.67941 -122.66760 
    -24.89532 -122.05212 
    -25.13544 -121.43604 
    -25.40115 -120.81879 
    -25.69530 -120.20096 
    -26.02206 -119.58495 
    -26.38658 -118.97551 
    -26.79433 -118.37994 
    -27.25023 -117.80814 
    -27.75775 -117.27206 
    -28.31801 -116.78483 
    -28.92922 -116.35954 
    -29.58643 -116.00793 
    -30.28171 -115.73897 
    -31.00488 -115.55791 
    -31.74441 -115.46566 
    -32.48866 -115.45882 
    -33.22695 -115.53022 
    -33.95047 -115.66991 
    -34.65283 -115.86649 
    -35.33022 -116.10838 
    -35.98114 -116.38504 
    -36.60595 -116.68780 
    -37.20918 -117.00094 
    -37.78748 -117.33904 
    -38.34107 -117.69972 
    -38.87993 -118.06357 
    -39.46444 -118.34160 
    -40.03831 -118.65103 
    -40.59986 -118.99249 
    -41.14678 -119.36693 
    -41.67601 -119.77546 
    -42.18366 -120.21914 
    -42.66501 -120.69875 
    -43.11465 -121.21446 
    -43.52673 -121.76563 
    -43.89526 -122.35056 
    -44.21452 -122.96641 
    -44.47947 -123.60915 
    -44.68616 -124.27377 
    -44.83202 -124.95446 
    -44.91605 -125.64495 
    -44.93885 -126.33890 
Cell 17 100 -14.38413 -127.81328 
    -24.18904 -127.81328 
    -24.22020 -128.43211 
    -24.28588 -129.06416 
    -24.40219 -129.72433 
    -24.52482 -130.41696 
    -24.57239 -131.12364 
    -24.37574 -131.76924 
    -24.10446 -132.38731 
    -23.79352 -132.98613 
    -23.44466 -133.56326 
    -23.05972 -134.11647 
    -22.64060 -134.64363 
    -22.18929 -135.14281 
    -21.70779 -135.61220 
    -21.19818 -136.05005 
    -20.66255 -136.45479 
    -20.10309 -136.82492 
    -19.52201 -137.15906 
    -18.92161 -137.45592 
    -18.30423 -137.71431 
    -17.67227 -137.93315 
    -17.02812 -138.11096 
    -16.37333 -138.24107 
    -15.70575 -138.27501 
    -15.02155 -137.94485 
    -14.38413 -137.66176 
    -13.77483 -137.49773 
    -13.17812 -137.35983 
    -12.58588 -137.24002 
    -11.99034 -137.13647 
    -11.38457 -137.04497 
    -10.76462 -136.95511 
    -10.10504 -136.90680 
    -9.34156 -136.98567 
    -8.78744 -136.63225 
    -8.25861 -136.24434 
    -7.75725 -135.82381 
    -7.28538 -135.37268 
    -6.84490 -134.89308 
    -6.43749 -134.38731 
    -6.06469 -133.85770 
    -5.72781 -133.30675 
    -5.42802 -132.73694 
    -5.16627 -132.15088 
    -4.94332 -131.55116 
    -4.75972 -130.94043 
    -4.61590 -130.32133 
    -4.49274 -129.70016 
    -4.37683 -129.07750 
    -4.29613 -128.44797 
    -4.25063 -127.81328 
    -4.24037 -127.17509 
    -4.26547 -126.53500 
    -4.32617 -125.89462 
    -4.42289 -125.25567 
    -4.55620 -124.61999 
    -4.72683 -123.98969 
    -4.93560 -123.36714 
    -5.18337 -122.75512 
    -5.47092 -122.15678 
    -5.79881 -121.57568 
    -6.16727 -121.01570 
    -6.57604 -120.48100 
    -7.02431 -119.97587 
    -7.51058 -119.50459 
    -8.03266 -119.07123 
    -8.58766 -118.67950 
    -9.17207 -118.33258 
    -9.78185 -118.03294 
    -10.28132 -117.45076 
    -10.58047 -116.10681 
    -11.39075 -116.15485 
    -12.27208 -116.74151 
    -12.97663 -116.67182 
    -13.68674 -116.72855 
    -14.38413 -116.88712 
    -15.05733 -117.11304 
    -15.70307 -117.37280 
    -16.32437 -117.64217 
    -16.94134 -117.85358 
    -17.54691 -118.07925 
    -18.13602 -118.33708 
    -18.70743 -118.62579 
    -19.25990 -118.94427 
    -19.79215 -119.29160 
    -20.30282 -119.66690 
    -20.81375 -120.04121 
    -21.32968 -120.41702 
    -21.82359 -120.82716 
    -22.29268 -121.27075 
    -22.73413 -121.74664 
    -23.14516 -122.25336 
    -23.52304 -122.78912 
    -23.86521 -123.35182 
    -24.16689 -123.94001 
    -24.18225 -124.62968 
    -24.12987 -125.31100 
    -24.11400 -125.95721 
    -24.13866 -126.58099 
    -24.16516 -127.19791 
Cell 18 100 11.78130 -129.13251 
    1.64142 -129.13251 
    1.65473 -129.76962 
    1.70863 -130.40498 
    1.80296 -131.03598 
    1.93740 -131.65999 
    2.11144 -132.27443 
    2.32442 -132.87675 
    2.57550 -133.46443 
    2.86365 -134.03503 
    3.18772 -134.58617 
    3.54637 -135.11554 
    3.93812 -135.62096 
    4.36135 -136.10031 
    4.81430 -136.55162 
    5.29507 -136.97301 
    5.80166 -137.36278 
    6.33195 -137.71931 
    6.88372 -138.04117 
    7.45466 -138.32709 
    8.04239 -138.57593 
    8.64445 -138.78674 
    9.25834 -138.95879 
    9.88153 -139.09145 
    10.51146 -139.18436 
    11.14556 -139.23732 
    11.78130 -139.25035 
    12.41619 -139.22374 
    13.04781 -139.15791 
    13.67385 -139.05362 
    14.29218 -138.91174 
    14.90084 -138.73346 
    15.49813 -138.52016 
    16.08270 -138.27345 
    16.65356 -137.99512 
    17.20979 -137.68643 
    17.75025 -137.34805 
    18.27473 -136.98170 
    18.78405 -136.58968 
    19.27844 -136.17279 
    19.54482 -135.55505 
    19.82140 -134.97397 
    20.08739 -134.40372 
    20.34727 -133.84167 
    20.60690 -133.28552 
    20.87122 -132.73146 
    21.14405 -132.17465 
    21.43018 -131.60991 
    21.75160 -131.03444 
    22.14954 -130.44232 
    22.64222 -129.81583 
    23.21420 -129.13251 
    23.55248 -128.39192 
    23.55734 -127.64485 
    23.48896 -126.89915 
    23.34560 -126.16330 
    23.12521 -125.44665 
    22.79567 -124.77161 
    22.23279 -124.21441 
    21.63814 -123.71366 
    21.00594 -123.27837 
    20.40359 -122.86805 
    19.83586 -122.46920 
    19.30790 -122.06456 
    18.81113 -121.64650 
    18.31145 -121.23892 
    17.80630 -120.83981 
    17.29372 -120.44633 
    16.77236 -120.05381 
    16.24091 -119.65536 
    15.62809 -119.41665 
    14.99762 -119.23371 
    14.35969 -119.09033 
    13.71680 -118.98629 
    13.07128 -118.92127 
    12.42574 -118.88944 
    11.78130 -118.83692 
    11.13287 -118.82590 
    10.48327 -118.85753 
    9.83560 -118.93275 
    9.19313 -119.05225 
    8.55933 -119.21630 
    7.93774 -119.42477 
    7.33191 -119.67707 
    6.74533 -119.97211 
    6.18131 -120.30833 
    5.64291 -120.68374 
    5.13286 -121.09592 
    4.65352 -121.54219 
    4.20687 -122.01964 
    3.79446 -122.52522 
    3.41748 -123.05584 
    3.07679 -123.60846 
    2.77294 -124.18012 
    2.50629 -124.76802 
    2.27147 -125.36730 
    2.07173 -125.97768 
    1.91084 -126.59821 
    1.78888 -127.22635 
    1.70584 -127.85968 
    1.66164 -128.49583 
Cell 19 100 25.60789 -114.44051 
    14.41633 -114.44051 
    14.47287 -115.14107 
    14.58064 -115.83358 
    14.73776 -116.51410 
    14.94196 -117.17905 
    15.19068 -117.82526 
    15.48113 -118.44997 
    15.81048 -119.05082 
    16.19000 -119.61803 
    16.76795 -120.05051 
    17.31700 -120.46420 
    17.84014 -120.86655 
    18.34188 -121.26375 
    18.82782 -121.66055 
    19.30367 -122.06100 
    19.79658 -122.43909 
    20.30401 -122.79809 
    20.81917 -123.15115 
    21.34066 -123.50883 
    21.86181 -123.90202 
    22.38364 -124.36373 
    22.98137 -124.67014 
    23.62672 -124.82614 
    24.28159 -124.93925 
    24.94298 -125.00884 
    25.60789 -125.03452 
    26.27325 -125.01611 
    26.93601 -124.95367 
    27.59312 -124.84749 
    28.24158 -124.69807 
    28.87841 -124.50616 
    29.50072 -124.27270 
    30.10570 -123.99886 
    30.69063 -123.68600 
    31.25293 -123.33567 
    31.79013 -122.94964 
    32.29995 -122.52982 
    32.78025 -122.07830 
    33.22911 -121.59732 
    33.64482 -121.08924 
    34.02589 -120.55655 
    34.37115 -120.00185 
    34.67966 -119.42776 
    34.95089 -118.83700 
    35.18459 -118.23220 
    35.38092 -117.61597 
    35.54040 -116.99075 
    35.66388 -116.35880 
    35.75249 -115.72208 
    35.80755 -115.08222 
    35.83036 -114.44051 
    35.82211 -113.79789 
    35.78360 -113.15502 
    35.71510 -112.51246 
    35.61616 -111.87083 
    35.48550 -111.23109 
    35.32106 -110.59480 
    35.12012 -109.96439 
    34.87955 -109.34338 
    34.59640 -108.73623 
    34.36143 -108.08069 
    34.10427 -107.41170 
    33.81152 -106.73679 
    33.47519 -106.06268 
    33.08722 -105.39955 
    32.64061 -104.76080 
    32.13065 -104.16228 
    31.55588 -103.62115 
    30.91882 -103.15421 
    30.22609 -102.77626 
    29.48811 -102.49843 
    28.71811 -102.32697 
    27.93094 -102.26261 
    27.14153 -102.30052 
    26.36346 -102.43104 
    25.60789 -102.64087 
    24.88275 -102.91472 
    24.19254 -103.23690 
    23.53860 -103.59290 
    22.91964 -103.97050 
    22.33268 -104.36047 
    21.76711 -104.73983 
    21.13874 -104.94309 
    20.51937 -105.18455 
    19.91159 -105.46459 
    19.31823 -105.78355 
    18.74237 -106.14153 
    18.18733 -106.53842 
    17.65664 -106.97379 
    17.15397 -107.44682 
    16.68308 -107.95626 
    16.24772 -108.50037 
    15.85152 -109.07690 
    15.49792 -109.68313 
    15.19003 -110.31580 
    14.93057 -110.97124 
    14.72175 -111.64542 
    14.56520 -112.33401 
    14.46195 -113.03246 
    14.41241 -113.73615 
Cell 20 100 55.50681 -114.14632 
    45.43178 -114.14632 
    45.44592 -114.77930 
    45.49993 -115.41048 
    45.59371 -116.03734 
    45.72697 -116.65735 
    45.89926 -117.26800 
    46.10996 -117.86679 
    46.35828 -118.45129 
    46.64326 -119.01909 
    46.96381 -119.56787 
    47.31865 -120.09536 
    47.70636 -120.59940 
    48.12540 -121.07791 
    48.57404 -121.52896 
    49.05050 -121.95065 
    49.55283 -122.34126 
    50.07899 -122.69918 
    50.62682 -123.02297 
    51.19408 -123.31132 
    51.77846 -123.56305 
    52.37755 -123.77718 
    52.98891 -123.95287 
    53.61005 -124.08945 
    54.23844 -124.18644 
    54.87154 -124.24350 
    55.50681 -124.26048 
    56.14168 -124.23741 
    56.77366 -124.17448 
    57.40024 -124.07206 
    58.01900 -123.93067 
    58.56142 -123.54747 
    59.06873 -123.14270 
    59.57438 -122.79034 
    60.06844 -122.44391 
    60.55163 -122.09570 
    61.02443 -121.74067 
    61.48828 -121.37668 
    61.94274 -120.99989 
    62.38935 -120.60946 
    62.83089 -120.20532 
    63.27235 -119.78831 
    63.72324 -119.36062 
    64.20583 -118.92865 
    64.68638 -118.46590 
    64.95960 -117.88895 
    65.19238 -117.29335 
    65.44360 -116.69765 
    65.72085 -116.09475 
    66.00179 -115.47215 
    66.27831 -114.82401 
    66.53114 -114.14632 
    66.73122 -113.44013 
    66.84504 -112.71397 
    66.84291 -111.98384 
    66.70750 -111.27047 
    66.43929 -110.59413 
    66.05662 -109.96935 
    65.59028 -109.40139 
    65.14611 -108.84706 
    65.00095 -108.12115 
    64.81118 -107.38629 
    64.56291 -106.65445 
    64.24311 -105.94238 
    63.84187 -105.27037 
    63.35459 -104.65998 
    62.78318 -104.13124 
    62.13636 -103.69981 
    61.42857 -103.37467 
    60.67804 -103.15688 
    59.90420 -103.03977 
    59.12511 -103.01032 
    58.35546 -103.05154 
    57.60537 -103.14523 
    56.88329 -103.25035 
    56.19141 -103.26478 
    55.50681 -103.32547 
    54.83257 -103.42958 
    54.17124 -103.57425 
    53.52488 -103.75671 
    52.89511 -103.97446 
    52.28325 -104.22523 
    51.69037 -104.50711 
    51.11745 -104.81847 
    50.56542 -105.15797 
    50.03522 -105.52448 
    49.52789 -105.91704 
    49.04453 -106.33476 
    48.58636 -106.77679 
    48.15470 -107.24223 
    47.75092 -107.73009 
    47.37643 -108.23926 
    47.03266 -108.76846 
    46.71338 -109.31210 
    46.42405 -109.87230 
    46.16972 -110.44951 
    45.95151 -111.04161 
    45.77040 -111.64643 
    45.62725 -112.26169 
    45.52275 -112.88504 
    45.45747 -113.51407 
Cell 21 100 66.17732 -129.94154 
    56.16820 -129.94154 
    56.18920 -130.56995 
    56.25112 -131.19551 
    56.30071 -131.82561 
    56.37862 -132.45743 
    56.49881 -133.08627 
    56.65422 -133.71201 
    56.85387 -134.32883 
    57.09781 -134.93304 
    57.38119 -135.52374 
    57.70373 -136.09796 
    58.06483 -136.65279 
    58.46352 -137.18529 
    58.89862 -137.69257 
    59.36859 -138.17189 
    59.87166 -138.62054 
    60.40581 -139.03600 
    60.96877 -139.41585 
    61.55808 -139.75793 
    62.17108 -140.06015 
    62.80508 -140.32024 
    63.46169 -140.51822 
    64.13642 -140.64030 
    64.81615 -140.71635 
    65.49743 -140.74817 
    66.17732 -140.74100 
    66.85515 -140.71523 
    67.53365 -140.67798 
    68.21677 -140.63268 
    68.90449 -140.56314 
    69.57140 -140.38742 
    70.22014 -140.15253 
    70.85053 -139.87262 
    71.17064 -139.02435 
    71.45097 -138.25146 
    71.85955 -137.76245 
    72.22976 -137.25768 
    72.56021 -136.73863 
    72.86246 -136.21930 
    73.15010 -135.70992 
    73.43631 -135.21552 
    73.72516 -134.73154 
    74.02083 -134.25356 
    74.32640 -133.77620 
    74.64219 -133.29301 
    74.96491 -132.79681 
    75.28638 -132.28035 
    75.59329 -131.73773 
    75.92861 -131.17342 
    76.31165 -130.57913 
    76.55762 -129.94154 
    76.52518 -129.29051 
    76.48190 -128.63977 
    76.41023 -127.98951 
    76.29559 -127.34361 
    76.13750 -126.70528 
    75.93586 -126.07787 
    75.69088 -125.46481 
    75.40319 -124.86958 
    75.07386 -124.29563 
    74.70438 -123.74628 
    74.29666 -123.22464 
    73.85302 -122.73359 
    73.37608 -122.27564 
    72.86878 -121.85296 
    72.33423 -121.46729 
    71.81129 -121.06384 
    71.33153 -120.56607 
    70.82276 -120.06948 
    70.27721 -119.58641 
    69.68826 -119.13600 
    69.05278 -118.74236 
    68.37307 -118.43102 
    67.65755 -118.22432 
    66.92001 -118.13698 
    66.17732 -118.17293 
    65.44644 -118.32454 
    64.74130 -118.57430 
    64.09537 -119.02753 
    63.51204 -119.56095 
    62.97087 -120.07310 
    62.45771 -120.54689 
    61.96184 -120.98319 
    61.47463 -121.38739 
    60.98952 -121.76688 
    60.50264 -122.13100 
    60.00914 -122.48549 
    59.50639 -122.83772 
    58.99767 -123.19940 
    58.50036 -123.59061 
    58.06526 -124.04779 
    57.71629 -124.57201 
    57.39759 -125.11485 
    57.11332 -125.67635 
    56.86458 -126.25437 
    56.65252 -126.84675 
    56.47807 -127.45120 
    56.34195 -128.06534 
    56.24470 -128.68677 
    56.18671 -129.31299 
Cell 22 100 78.13923 -100.67423 
    66.00591 -100.67423 
    66.02543 -101.43637 
    66.11917 -102.19272 
    66.28448 -102.93565 
    66.51717 -103.65827 
    66.81178 -104.35474 
    67.16198 -105.02043 
    67.56095 -105.65199 
    68.00182 -106.24732 
    68.47796 -106.80546 
    68.98334 -107.32638 
    69.51268 -107.81073 
    70.06160 -108.25963 
    70.62663 -108.67433 
    71.20516 -109.05608 
    71.79533 -109.40587 
    72.39583 -109.72438 
    73.00582 -110.01186 
    73.62466 -110.26817 
    74.25179 -110.49277 
    74.88659 -110.68482 
    75.52827 -110.84323 
    76.17582 -110.96680 
    76.82792 -111.05431 
    77.48301 -111.10456 
    78.13923 -111.12297 
    78.79565 -111.10768 
    79.44993 -111.04947 
    80.09916 -110.94856 
    80.74046 -110.80538 
    81.37099 -110.62057 
    81.98794 -110.39497 
    82.58858 -110.12960 
    83.17029 -109.82570 
    83.73050 -109.48466 
    84.26679 -109.10810 
    84.77686 -108.69775 
    85.25855 -108.25555 
    85.70986 -107.78353 
    86.12899 -107.28394 
    86.51440 -106.75915 
    86.86490 -106.21171 
    87.17990 -105.64439 
    87.45973 -105.06013 
    87.70615 -104.46204 
    87.92294 -103.85316 
    88.11661 -103.23598 
    88.29655 -102.61185 
    88.47456 -101.97989 
    88.66286 -101.33633 
    88.87082 -100.67423 
    89.10031 -99.98462 
    89.34134 -99.25908 
    89.56947 -98.49380 
    89.74712 -97.69383 
    89.82934 -96.87589 
    89.77361 -96.06786 
    89.55055 -95.30447 
    89.15227 -94.61977 
    88.59501 -94.03880 
    87.91526 -93.57153 
    87.16056 -93.21114 
    86.65378 -92.67854 
    86.24194 -92.04572 
    85.78268 -91.43488 
    85.27568 -90.85175 
    84.72138 -90.30241 
    84.12110 -89.79324 
    83.47715 -89.33057 
    82.79283 -88.92058 
    82.07246 -88.56898 
    81.32130 -88.28086 
    80.54544 -88.06041 
    79.75163 -87.91079 
    78.94707 -87.83398 
    78.13923 -87.83067 
    77.33556 -87.90030 
    76.54329 -88.04105 
    75.76917 -88.24995 
    75.01933 -88.52302 
    74.29907 -88.85546 
    73.61283 -89.24185 
    72.96405 -89.67642 
    72.35524 -90.15320 
    71.78799 -90.66628 
    71.26308 -91.21002 
    70.78056 -91.77913 
    70.33995 -92.36885 
    69.94034 -92.97496 
    69.58055 -93.59388 
    69.25928 -94.22258 
    68.77576 -94.73199 
    68.27351 -95.25051 
    67.80344 -95.81058 
    67.37286 -96.41153 
    66.98931 -97.05141 
    66.66017 -97.72691 
    66.39220 -98.43336 
    66.19115 -99.16484 
    66.06146 -99.91437 
Cell 23 100 95.93678 -124.04878 
    84.36717 -124.04878 
    84.53623 -124.76604 
    84.75468 -125.46141 
    85.01526 -126.13217 
    85.31126 -126.77695 
    85.91199 -127.30603 
    86.57484 -127.75543 
    87.17635 -128.17111 
    87.69324 -128.58070 
    88.15673 -128.98615 
    88.60170 -129.37802 
    89.03870 -129.75536 
    89.46729 -130.12404 
    89.88882 -130.48920 
    90.30598 -130.85524 
    90.72324 -131.22458 
    91.14478 -131.59976 
    91.57529 -131.98228 
    92.02032 -132.37166 
    92.48635 -132.76357 
    92.97973 -133.14961 
    93.50511 -133.51949 
    94.01979 -134.09798 
    94.60331 -134.60426 
    95.26685 -134.69705 
    95.93678 -134.74544 
    96.60997 -134.74893 
    97.28325 -134.70723 
    97.95339 -134.62027 
    98.61719 -134.48831 
    99.27143 -134.31178 
    99.91293 -134.09142 
    100.53859 -133.82813 
    101.14536 -133.52316 
    101.73029 -133.17790 
    102.29058 -132.79405 
    102.82355 -132.37346 
    103.32665 -131.91820 
    103.79755 -131.43054 
    104.23405 -130.91289 
    104.63423 -130.36786 
    104.99631 -129.79814 
    105.31876 -129.20657 
    105.60030 -128.59610 
    105.83987 -127.96970 
    106.03667 -127.33044 
    106.19010 -126.68139 
    106.29989 -126.02565 
    106.36596 -125.36629 
    106.38851 -124.70635 
    106.36798 -124.04878 
    106.30506 -123.39646 
    106.20068 -122.75215 
    106.05602 -122.11843 
    105.87246 -121.49773 
    105.65159 -120.89225 
    105.39517 -120.30394 
    105.10518 -119.73446 
    104.78361 -119.18520 
    104.43261 -118.65717 
    104.05427 -118.15108 
    103.65065 -117.66730 
    103.22646 -117.20331 
    102.78225 -116.75909 
    102.31101 -116.34365 
    101.81853 -115.95325 
    101.31240 -115.57815 
    100.78837 -115.22376 
    100.24646 -114.89024 
    99.68646 -114.57816 
    99.10799 -114.28880 
    98.51067 -114.02410 
    97.89435 -113.78682 
    97.25923 -113.58047 
    96.60616 -113.40917 
    95.93678 -113.27762 
    95.25364 -113.19070 
    94.56036 -113.15331 
    93.86153 -113.16994 
    93.16269 -113.24442 
    92.47012 -113.37954 
    91.79063 -113.57682 
    91.13116 -113.83633 
    90.49851 -114.15662 
    89.89896 -114.53471 
    89.33796 -114.96629 
    88.81185 -115.43623 
    88.17395 -115.78221 
    87.55553 -116.17828 
    86.96486 -116.62657 
    86.41093 -117.12785 
    85.90300 -117.68116 
    85.44997 -118.28362 
    85.05981 -118.93047 
    84.73903 -119.61528 
    84.49214 -120.33020 
    84.32146 -121.06647 
    84.22689 -121.81500 
    84.20612 -122.56686 
    84.25484 -123.31382 
Cell 24 100 -101.07983 -108.04194 
    -111.26092 -108.04194 
    -111.25171 -108.68190 
    -111.20161 -109.32062 
    -111.11068 -109.95543 
    -110.97921 -110.58366 
    -110.80768 -111.20271 
    -110.59673 -111.80994 
    -110.34719 -112.40282 
    -110.06010 -112.97888 
    -109.73663 -113.53571 
    -109.37814 -114.07101 
    -108.98613 -114.58260 
    -108.56226 -115.06841 
    -108.10832 -115.52652 
    -107.62624 -115.95518 
    -107.11801 -116.35278 
    -106.58575 -116.71788 
    -106.03165 -117.04924 
    -105.45790 -117.34581 
    -104.86678 -117.60669 
    -104.26055 -117.83118 
    -103.64145 -118.01877 
    -103.01169 -118.16908 
    -102.37344 -118.28190 
    -101.72881 -118.35713 
    -101.07983 -118.39478 
    -100.42848 -118.39494 
    -99.77664 -118.35774 
    -99.12618 -118.28336 
    -98.47888 -118.17197 
    -97.83656 -118.02371 
    -97.20101 -117.83872 
    -96.57411 -117.61709 
    -95.95780 -117.35889 
    -95.35416 -117.06416 
    -94.92682 -116.51084 
    -94.64345 -115.82220 
    -94.37635 -115.18042 
    -94.08085 -114.61443 
    -93.76360 -114.09445 
    -93.43408 -113.59690 
    -93.09115 -113.11172 
    -92.73533 -112.62937 
    -92.37921 -112.13614 
    -92.01910 -111.62933 
    -91.63478 -111.11082 
    -91.21955 -110.57363 
    -90.76505 -110.00959 
    -90.25993 -109.40881 
    -89.57718 -108.76563 
    -89.03127 -108.04194 
    -88.78390 -107.26834 
    -88.75030 -106.48436 
    -88.95278 -105.72858 
    -89.36836 -105.03494 
    -89.93704 -104.42142 
    -90.58268 -103.88583 
    -91.02817 -103.31199 
    -90.88332 -102.43636 
    -90.65908 -101.42873 
    -92.27413 -101.64423 
    -92.75482 -101.15489 
    -93.26231 -100.70080 
    -93.79327 -100.28253 
    -94.34454 -99.90036 
    -94.91322 -99.55433 
    -95.49668 -99.24429 
    -96.09251 -98.97002 
    -96.69853 -98.73120 
    -97.31281 -98.52753 
    -97.93357 -98.35873 
    -98.55917 -98.22460 
    -99.18807 -98.12498 
    -99.80997 -97.99000 
    -100.43906 -97.85706 
    -101.07983 -97.73251 
    -101.73585 -97.61494 
    -102.41042 -97.50929 
    -103.10448 -97.42836 
    -103.81421 -97.39225 
    -104.52945 -97.42513 
    -105.23403 -97.54964 
    -105.90835 -97.78083 
    -106.53360 -98.12157 
    -107.09641 -98.56133 
    -107.59189 -99.07887 
    -108.02417 -99.64767 
    -108.40416 -100.24232 
    -108.74562 -100.84328 
    -109.06113 -101.43924 
    -109.35925 -102.02659 
    -109.64355 -102.60725 
    -109.91315 -103.18578 
    -110.20992 -103.74565 
    -110.47475 -104.32223 
    -110.70295 -104.91520 
    -110.89338 -105.52225 
    -111.04510 -106.14096 
    -111.15733 -106.76885 
    -111.22941 -107.40338 
