80 25 
Cell 0 100 -121.21747 -147.00305 
    -131.21756 -147.00305 
    -131.19781 -147.63097 
    -131.13867 -148.25639 
    -131.04039 -148.87688 
    -130.90334 -149.48996 
    -130.72806 -150.09323 
    -130.51875 -150.68568 
    -130.27834 -151.26677 
    -130.00972 -151.83662 
    -129.70668 -152.39046 
    -129.36855 -152.92516 
    -128.99648 -153.43842 
    -128.59180 -153.92801 
    -128.15594 -154.39178 
    -127.69056 -154.82768 
    -127.19740 -155.23373 
    -126.67840 -155.60809 
    -126.13557 -155.94905 
    -125.57111 -156.25500 
    -124.98726 -156.52446 
    -124.38645 -156.75618 
    -123.77116 -156.94901 
    -123.14394 -157.10197 
    -122.50745 -157.21426 
    -121.86437 -157.28531 
    -121.21747 -157.31468 
    -120.56950 -157.30212 
    -119.92328 -157.24763 
    -119.28157 -157.15137 
    -118.64718 -157.01367 
    -118.02284 -156.83510 
    -117.41128 -156.61639 
    -116.81513 -156.35849 
    -116.23699 -156.06250 
    -115.67935 -155.72972 
    -115.14461 -155.36163 
    -114.63505 -154.95982 
    -114.15284 -154.52612 
    -113.70001 -154.06241 
    -113.27845 -153.57079 
    -112.88990 -153.05339 
    -112.53592 -152.51253 
    -112.21793 -151.95059 
    -111.93716 -151.37004 
    -111.69429 -150.77354 
    -111.46133 -150.17302 
    -111.26224 -149.55913 
    -111.09718 -148.93359 
    -110.96624 -148.29808 
    -110.86954 -147.65408 
    -110.93269 -147.00305 
    -111.34215 -146.38174 
    -111.66894 -145.79678 
    -111.94561 -145.23436 
    -112.19279 -144.68591 
    -112.42206 -144.14525 
    -112.64420 -143.60866 
    -112.86733 -143.07378 
    -113.09828 -142.53949 
    -113.33672 -142.00179 
    -113.59064 -141.46184 
    -113.86298 -140.91888 
    -114.15145 -140.36761 
    -114.49194 -139.84108 
    -114.85949 -139.31758 
    -115.23568 -138.76982 
    -115.55711 -138.08374 
    -115.57362 -136.73692 
    -116.38547 -136.73454 
    -117.15285 -136.73701 
    -117.87260 -136.70862 
    -118.55243 -136.62343 
    -119.21809 -136.52196 
    -119.87845 -136.40364 
    -120.54145 -136.25800 
    -121.21747 -136.00568 
    -121.92703 -135.72491 
    -122.68422 -135.39250 
    -123.49202 -135.07942 
    -124.19965 -135.38823 
    -124.87375 -135.75020 
    -125.47381 -136.25278 
    -125.96832 -136.90700 
    -126.41058 -137.55682 
    -126.92157 -138.01483 
    -127.42021 -138.46571 
    -128.01111 -138.79094 
    -128.80472 -138.92345 
    -128.80367 -139.87914 
    -129.11392 -140.47054 
    -129.46208 -141.01300 
    -129.77988 -141.56918 
    -130.06699 -142.13800 
    -130.32294 -142.71835 
    -130.54713 -143.30917 
    -130.73891 -143.90935 
    -130.90343 -144.51611 
    -131.04047 -145.12921 
    -131.13873 -145.74971 
    -131.19783 -146.37514 
Cell 1 100 -103.94846 -139.84840 
    -114.48720 -139.84840 
    -114.08929 -140.48640 
    -113.77713 -141.09006 
    -113.49315 -141.66914 
    -113.23436 -142.23260 
    -112.99145 -142.78664 
    -112.75783 -143.33627 
    -112.52928 -143.88623 
    -112.29773 -144.43845 
    -112.05453 -144.99268 
    -111.79184 -145.54695 
    -111.50138 -146.09673 
    -111.17533 -146.63487 
    -110.82258 -147.16859 
    -110.33838 -147.57248 
    -109.84265 -147.96106 
    -109.32329 -148.31776 
    -108.78232 -148.64114 
    -108.22189 -148.92989 
    -107.64421 -149.18280 
    -107.05159 -149.39885 
    -106.44638 -149.57716 
    -105.83099 -149.71696 
    -105.20788 -149.81770 
    -104.57953 -149.87894 
    -103.94846 -149.90041 
    -103.31720 -149.88200 
    -102.68828 -149.82379 
    -102.06422 -149.72597 
    -101.44752 -149.58894 
    -100.84066 -149.41322 
    -100.24609 -149.19954 
    -99.66617 -148.94875 
    -99.10325 -148.66182 
    -98.55958 -148.33992 
    -98.03734 -147.98436 
    -97.53863 -147.59657 
    -97.06543 -147.17810 
    -96.61964 -146.73062 
    -96.20303 -146.25598 
    -95.81709 -145.75620 
    -95.45345 -145.23950 
    -95.11887 -144.70251 
    -94.96203 -144.07709 
    -94.94234 -143.41418 
    -94.88593 -142.79300 
    -94.83741 -142.18773 
    -94.80076 -141.59343 
    -94.77839 -141.00685 
    -94.77014 -140.42586 
    -94.77656 -139.84840 
    -94.78152 -139.27167 
    -94.77186 -138.68913 
    -94.76587 -138.09673 
    -94.77065 -137.49194 
    -94.78571 -136.87125 
    -94.80183 -136.22699 
    -94.81642 -135.55119 
    -94.81220 -134.82570 
    -94.72412 -133.99446 
    -94.94028 -133.30357 
    -95.39486 -132.77225 
    -95.89634 -132.28696 
    -96.43750 -131.85004 
    -97.01066 -131.46204 
    -97.60830 -131.12192 
    -98.22358 -130.82744 
    -98.85069 -130.57558 
    -99.48500 -130.36307 
    -100.12317 -130.18681 
    -100.76289 -130.04419 
    -101.35838 -129.76071 
    -101.97069 -129.48055 
    -102.60960 -129.25021 
    -103.27193 -129.09528 
    -103.94846 -129.03661 
    -104.62574 -129.08340 
    -105.28991 -129.22978 
    -105.91598 -129.53433 
    -106.52155 -129.82689 
    -107.10744 -130.12610 
    -107.69958 -130.37416 
    -108.29969 -130.60159 
    -108.76639 -131.08463 
    -109.23369 -131.52022 
    -109.70598 -131.92387 
    -110.18272 -132.31248 
    -110.66297 -132.69818 
    -111.14545 -133.08998 
    -111.63079 -133.49303 
    -112.11735 -133.91336 
    -112.60352 -134.35574 
    -113.09200 -134.82172 
    -113.59149 -135.31075 
    -114.12307 -135.81999 
    -114.75057 -136.33859 
    -115.53968 -136.87228 
    -115.56264 -137.63287 
    -115.40864 -138.40063 
    -114.97121 -139.15491 
Cell 2 100 -84.64973 -141.66789 
    -94.80535 -141.66789 
    -94.84717 -142.30946 
    -94.90136 -142.96298 
    -94.94882 -143.63255 
    -94.99393 -144.32384 
    -94.68696 -144.92918 
    -94.36198 -145.51324 
    -94.01927 -146.07686 
    -93.65847 -146.62048 
    -93.27882 -147.14407 
    -92.87942 -147.64711 
    -92.45943 -148.12865 
    -92.05326 -148.62027 
    -91.62792 -149.09892 
    -91.17109 -149.55087 
    -90.68441 -149.97392 
    -90.16969 -150.36597 
    -89.62890 -150.72498 
    -89.06419 -151.04909 
    -88.47782 -151.33656 
    -87.87226 -151.58583 
    -87.25005 -151.79546 
    -86.61386 -151.96425 
    -85.96649 -152.09113 
    -85.31080 -152.17529 
    -84.64973 -152.21609 
    -83.98627 -152.21317 
    -83.32347 -152.16628 
    -82.66438 -152.07549 
    -82.01203 -151.94106 
    -81.36946 -151.76350 
    -80.73968 -151.54355 
    -80.12560 -151.28217 
    -79.53009 -150.98047 
    -78.95592 -150.63989 
    -78.40574 -150.26201 
    -77.88209 -149.84857 
    -77.38732 -149.40157 
    -76.92368 -148.92313 
    -76.49323 -148.41553 
    -76.09784 -147.88121 
    -75.73918 -147.32269 
    -75.41873 -146.74268 
    -75.13778 -146.14388 
    -74.86478 -145.54202 
    -74.60841 -144.93051 
    -74.38675 -144.30298 
    -74.20186 -143.66093 
    -74.05612 -143.00618 
    -73.95227 -142.34091 
    -73.89318 -141.66789 
    -73.88169 -140.99042 
    -73.92033 -140.31245 
    -74.01111 -139.63847 
    -74.15524 -138.97336 
    -74.35293 -138.32227 
    -74.60331 -137.69023 
    -74.90440 -137.08209 
    -75.25317 -136.50209 
    -75.64573 -135.95378 
    -76.07755 -135.43983 
    -76.54379 -134.96207 
    -77.03949 -134.52141 
    -77.55995 -134.11804 
    -78.10081 -133.75162 
    -78.65828 -133.42137 
    -79.22913 -133.12639 
    -79.81070 -132.86574 
    -80.36748 -132.56764 
    -80.93581 -132.28761 
    -81.51939 -132.03372 
    -82.11735 -131.80493 
    -82.72920 -131.60016 
    -83.35492 -131.41846 
    -83.99487 -131.25926 
    -84.64973 -131.12262 
    -85.32254 -130.97386 
    -86.01980 -130.82268 
    -86.73044 -130.76042 
    -87.43712 -130.81172 
    -88.18021 -130.80217 
    -88.94385 -130.82219 
    -89.69860 -130.93849 
    -90.42886 -131.15570 
    -91.18126 -131.37584 
    -91.91885 -131.66281 
    -92.63126 -132.01988 
    -93.30751 -132.44829 
    -93.93661 -132.94693 
    -94.50818 -133.51227 
    -94.75895 -134.32312 
    -94.81448 -135.21715 
    -94.80490 -136.08504 
    -94.78505 -136.89857 
    -94.76931 -137.66127 
    -94.76873 -138.38004 
    -94.77814 -139.06737 
    -94.77753 -139.73592 
    -94.77055 -140.38934 
    -94.77930 -141.03059 
Cell 3 100 -58.24513 -155.74315 
    -68.38015 -155.74315 
    -68.33527 -156.37796 
    -68.25339 -157.00749 
    -68.13517 -157.62978 
    -67.98119 -158.24294 
    -67.79196 -158.84509 
    -67.56802 -159.43434 
    -67.30989 -160.00870 
    -67.01823 -160.56619 
    -66.69377 -161.10481 
    -66.33743 -161.62254 
    -65.95028 -162.11740 
    -65.53482 -162.58862 
    -65.09061 -163.03284 
    -64.61937 -163.44829 
    -64.12299 -163.83331 
    -63.60340 -164.18643 
    -63.06267 -164.50621 
    -62.50293 -164.79141 
    -61.92638 -165.04091 
    -61.33530 -165.25371 
    -60.73203 -165.42899 
    -60.11895 -165.56602 
    -59.49847 -165.66429 
    -58.87304 -165.72342 
    -58.24513 -165.74394 
    -57.61708 -165.72568 
    -56.99130 -165.66823 
    -56.37020 -165.57190 
    -55.75612 -165.43723 
    -55.15133 -165.26489 
    -54.55799 -165.05580 
    -53.97810 -164.81105 
    -53.41346 -164.53192 
    -52.86567 -164.21982 
    -52.33606 -163.87630 
    -51.82569 -163.50293 
    -51.33536 -163.10132 
    -50.86564 -162.67296 
    -50.41695 -162.21919 
    -49.98963 -161.74112 
    -49.58415 -161.23958 
    -49.20123 -160.71507 
    -48.84201 -160.16792 
    -48.50830 -159.59824 
    -48.20262 -159.00616 
    -47.92832 -158.39206 
    -47.68953 -157.75674 
    -47.49100 -157.10172 
    -47.33789 -156.42937 
    -47.23537 -155.74315 
    -47.18824 -155.04750 
    -47.20047 -154.34789 
    -47.27486 -153.65045 
    -47.41265 -152.96184 
    -47.61340 -152.28870 
    -47.87497 -151.63731 
    -48.19365 -151.01328 
    -48.56440 -150.42113 
    -48.98133 -149.86417 
    -49.43393 -149.34143 
    -50.03273 -148.94926 
    -50.71830 -148.67499 
    -51.40026 -148.45412 
    -52.02543 -148.22482 
    -52.61666 -147.99622 
    -53.18689 -147.77264 
    -53.74431 -147.55618 
    -54.29425 -147.34711 
    -54.83898 -147.14018 
    -55.38405 -146.93764 
    -55.93301 -146.73802 
    -56.48899 -146.53711 
    -57.05571 -146.32794 
    -57.63837 -146.09901 
    -58.24513 -145.82335 
    -58.87717 -145.69720 
    -59.50888 -145.73959 
    -60.13828 -145.81889 
    -60.76339 -145.93517 
    -61.38213 -146.08847 
    -61.99820 -146.26399 
    -62.59550 -146.49815 
    -63.17647 -146.77309 
    -63.74504 -147.07669 
    -64.29377 -147.41791 
    -64.81933 -147.79631 
    -65.31831 -148.21098 
    -65.78735 -148.66052 
    -66.22330 -149.14304 
    -66.62328 -149.65607 
    -66.98490 -150.19672 
    -67.30630 -150.76173 
    -67.58620 -151.34758 
    -67.82391 -151.95065 
    -68.01925 -152.56735 
    -68.17252 -153.19423 
    -68.28436 -153.82806 
    -68.35561 -154.46590 
    -68.38722 -155.10506 
Cell 4 100 -50.30501 -138.91078 
    -62.33028 -138.91078 
    -62.17050 -139.65729 
    -61.96112 -140.38329 
    -61.70635 -141.08571 
    -61.41041 -141.76216 
    -61.07734 -142.41092 
    -60.71098 -143.03079 
    -60.31479 -143.62102 
    -59.89189 -144.18121 
    -59.44500 -144.71120 
    -58.97675 -145.21117 
    -58.49907 -145.68950 
    -57.85493 -146.00063 
    -57.21238 -146.26639 
    -56.58480 -146.50174 
    -55.97961 -146.72118 
    -55.39620 -146.93321 
    -54.83086 -147.14326 
    -54.27779 -147.35336 
    -53.73015 -147.56168 
    -53.18468 -147.77351 
    -52.63583 -147.98869 
    -52.07789 -148.20454 
    -51.50573 -148.41544 
    -50.91531 -148.61118 
    -50.30501 -148.84033 
    -49.65800 -149.19469 
    -48.99832 -149.25435 
    -48.34668 -149.17673 
    -47.70008 -149.05634 
    -47.06146 -148.89342 
    -46.43375 -148.68848 
    -45.81983 -148.44228 
    -45.22256 -148.15573 
    -44.64471 -147.82999 
    -44.08897 -147.46643 
    -43.55792 -147.06662 
    -43.05401 -146.63231 
    -42.57958 -146.16544 
    -42.13678 -145.66814 
    -41.72760 -145.14264 
    -41.35387 -144.59135 
    -41.01717 -144.01682 
    -40.71894 -143.42165 
    -40.46038 -142.80855 
    -40.24247 -142.18030 
    -40.06600 -141.53972 
    -39.93151 -140.88963 
    -39.83936 -140.23289 
    -39.78971 -139.57234 
    -39.78252 -138.91078 
    -39.81755 -138.25096 
    -39.89442 -137.59561 
    -40.01258 -136.94740 
    -40.17133 -136.30890 
    -40.36984 -135.68265 
    -40.60714 -135.07112 
    -40.88217 -134.47673 
    -41.19384 -133.90187 
    -41.55396 -133.35719 
    -41.96111 -132.84857 
    -42.38707 -132.36049 
    -42.81869 -131.88066 
    -43.26698 -131.41605 
    -43.74512 -130.98123 
    -44.23456 -130.55551 
    -44.73649 -130.13620 
    -45.26382 -129.74089 
    -45.81598 -129.37109 
    -46.39238 -129.02859 
    -46.99236 -128.71548 
    -47.61508 -128.43420 
    -48.25944 -128.18750 
    -48.92393 -127.97845 
    -49.61438 -127.93352 
    -50.30501 -128.07913 
    -50.97619 -128.24266 
    -51.62978 -128.42418 
    -52.26606 -128.63060 
    -52.87808 -128.88933 
    -53.47065 -129.16797 
    -54.05923 -129.42871 
    -54.64512 -129.68758 
    -55.22813 -129.95567 
    -55.80512 -130.24400 
    -56.37577 -130.55510 
    -56.94538 -130.88396 
    -57.50864 -131.23970 
    -58.06855 -131.62033 
    -58.63293 -132.02133 
    -59.21756 -132.43544 
    -59.85884 -132.84775 
    -60.65653 -133.21999 
    -61.43278 -133.67445 
    -61.93552 -134.30594 
    -62.26016 -135.02632 
    -62.39789 -135.80586 
    -62.47313 -136.58958 
    -62.48510 -137.37209 
    -62.43641 -138.14754 
Cell 5 100 -8.60361 -146.14868 
    -19.00107 -146.14868 
    -19.01484 -146.80370 
    -18.98556 -147.46022 
    -18.91300 -148.11531 
    -18.79715 -148.76595 
    -18.63822 -149.40912 
    -18.43663 -150.04185 
    -18.19307 -150.66113 
    -17.90841 -151.26404 
    -17.58377 -151.84767 
    -17.22050 -152.40923 
    -16.82014 -152.94598 
    -16.38446 -153.45538 
    -15.91540 -153.93495 
    -15.41513 -154.38240 
    -14.88592 -154.79555 
    -14.33028 -155.17247 
    -13.75081 -155.51140 
    -13.15024 -155.81076 
    -12.53143 -156.06923 
    -11.89731 -156.28566 
    -11.25089 -156.45915 
    -10.59522 -156.58908 
    -9.93339 -156.67496 
    -9.26849 -156.71664 
    -8.60361 -156.71414 
    -7.94180 -156.66774 
    -7.28609 -156.57793 
    -6.63940 -156.44542 
    -6.00460 -156.27113 
    -5.38445 -156.05621 
    -4.78160 -155.80196 
    -4.19857 -155.50986 
    -3.63773 -155.18158 
    -3.10132 -154.81889 
    -2.59140 -154.42377 
    -2.10986 -153.99828 
    -1.65845 -153.54453 
    -1.22578 -153.07692 
    -0.78517 -152.61665 
    -0.37366 -152.12808 
    -0.03969 -151.58351 
    0.21672 -150.99770 
    0.42367 -150.39659 
    0.62153 -149.80116 
    0.80719 -149.20644 
    0.97848 -148.60895 
    1.13401 -148.00624 
    1.27314 -147.39641 
    1.39612 -146.77782 
    1.50403 -146.14868 
    1.60033 -145.50671 
    1.80504 -144.83376 
    2.14026 -144.09918 
    2.56862 -143.28015 
    3.16081 -142.32619 
    3.10658 -141.51230 
    2.88440 -140.74284 
    2.51568 -140.03580 
    2.01142 -139.41219 
    1.39506 -138.88423 
    0.69811 -138.45363 
    -0.04543 -138.11201 
    -0.80453 -137.84351 
    -1.55513 -137.62852 
    -2.28208 -137.44785 
    -2.97900 -137.28572 
    -3.63339 -137.10789 
    -4.22464 -136.84290 
    -4.82895 -136.61499 
    -5.44399 -136.42439 
    -6.06752 -136.27129 
    -6.68355 -136.08340 
    -7.30655 -135.88145 
    -7.94594 -135.69540 
    -8.60361 -135.36383 
    -9.29046 -135.23154 
    -9.95913 -135.41864 
    -10.62695 -135.54193 
    -11.29069 -135.68317 
    -11.95204 -135.84326 
    -12.61111 -136.02687 
    -13.27005 -136.23198 
    -13.91759 -136.48259 
    -14.50479 -136.84991 
    -14.99010 -137.35843 
    -15.42927 -137.89787 
    -15.82924 -138.45416 
    -16.19744 -139.01759 
    -16.54010 -139.58304 
    -16.86117 -140.14922 
    -17.16205 -140.71733 
    -17.44190 -141.28979 
    -17.76162 -141.83925 
    -18.05340 -142.40724 
    -18.30921 -142.99515 
    -18.52753 -143.60065 
    -18.70699 -144.22136 
    -18.84640 -144.85472 
    -18.94471 -145.49808 
Cell 6 100 10.01252 -151.21248 
    0.12271 -151.21248 
    -0.20644 -151.85541 
    -0.62534 -152.55635 
    -0.80800 -153.27660 
    -0.80688 -153.99043 
    -0.68794 -154.68927 
    -0.47311 -155.36403 
    -0.20584 -156.02087 
    0.10703 -156.65807 
    0.46394 -157.27219 
    0.86305 -157.85995 
    1.30224 -158.41824 
    1.77916 -158.94411 
    2.29117 -159.43488 
    2.83547 -159.88803 
    3.40906 -160.30136 
    4.00876 -160.67288 
    4.63127 -161.00092 
    5.27317 -161.28409 
    5.93094 -161.52136 
    6.60106 -161.71185 
    7.27995 -161.85512 
    7.96403 -161.95100 
    8.64979 -161.99959 
    9.33374 -162.00127 
    10.01252 -161.95676 
    10.68284 -161.86691 
    11.34157 -161.73302 
    11.98573 -161.55644 
    12.61251 -161.33879 
    13.21929 -161.08192 
    13.80365 -160.78778 
    14.39653 -160.52898 
    14.99342 -160.27271 
    15.57740 -159.98134 
    16.14650 -159.65518 
    16.69861 -159.29457 
    17.23152 -158.89993 
    17.74284 -158.47174 
    18.23006 -158.01062 
    18.69049 -157.51740 
    19.12134 -156.99312 
    19.51969 -156.43909 
    19.88258 -155.85698 
    20.20707 -155.24878 
    20.49027 -154.61691 
    20.72947 -153.96413 
    20.92217 -153.29361 
    21.06620 -152.60889 
    21.15980 -151.91380 
    21.20163 -151.21248 
    21.19089 -150.50920 
    21.12733 -149.80835 
    21.01127 -149.11435 
    20.84358 -148.43153 
    20.62569 -147.76405 
    20.35952 -147.11581 
    20.04742 -146.49042 
    19.69212 -145.89107 
    19.29663 -145.32060 
    18.86418 -144.78137 
    18.39808 -144.27534 
    17.90170 -143.80405 
    17.37838 -143.36864 
    16.83135 -142.96992 
    16.26372 -142.60843 
    15.67841 -142.28445 
    15.07817 -141.99809 
    14.46554 -141.74931 
    13.84291 -141.53801 
    13.21247 -141.36403 
    12.57630 -141.22720 
    11.93636 -141.12737 
    11.32426 -140.82898 
    10.68797 -140.47647 
    10.01252 -140.08395 
    9.28732 -139.68578 
    8.51302 -139.34277 
    7.70764 -139.12987 
    6.90607 -139.11366 
    6.15135 -139.32904 
    5.48045 -139.76578 
    4.91140 -140.37206 
    4.43839 -141.07318 
    3.99345 -141.72794 
    3.43426 -142.15829 
    2.94661 -142.67125 
    2.56681 -143.28360 
    2.23820 -143.91191 
    1.94122 -144.53534 
    1.70149 -145.17416 
    1.55003 -145.84201 
    1.44350 -146.50162 
    1.32702 -147.12540 
    1.19867 -147.72284 
    1.05748 -148.30281 
    0.90265 -148.87346 
    0.73352 -149.44241 
    0.54979 -150.01706 
    0.35202 -150.60469 
Cell 7 100 30.47754 -136.69856 
    20.11127 -136.69856 
    20.09004 -137.35208 
    20.11173 -138.00807 
    20.17669 -138.66356 
    20.28504 -139.31555 
    20.43672 -139.96101 
    20.63138 -140.59694 
    20.86847 -141.22025 
    21.14720 -141.82796 
    21.46652 -142.41713 
    21.82522 -142.98485 
    22.22180 -143.52831 
    22.65457 -144.04482 
    23.12161 -144.53183 
    23.62081 -144.98692 
    24.14988 -145.40784 
    24.70635 -145.79250 
    25.28761 -146.13901 
    25.89088 -146.44571 
    26.51328 -146.71114 
    27.15183 -146.93404 
    27.80345 -147.11345 
    28.46502 -147.24858 
    29.13334 -147.33894 
    29.80525 -147.38428 
    30.47754 -147.38455 
    31.14704 -147.34000 
    31.81063 -147.25108 
    32.46525 -147.11850 
    33.10791 -146.94316 
    33.73572 -146.72621 
    34.34594 -146.46902 
    34.93592 -146.17310 
    35.50317 -145.84015 
    36.04538 -145.47208 
    36.56037 -145.07086 
    37.04620 -144.63870 
    37.50106 -144.17786 
    37.94352 -143.70958 
    38.39665 -143.24982 
    38.82490 -142.76328 
    39.22690 -142.25107 
    39.60124 -141.71436 
    39.94646 -141.15430 
    40.26099 -140.57210 
    40.54317 -139.96909 
    40.79127 -139.34668 
    41.00343 -138.70648 
    41.17772 -138.05031 
    41.31219 -137.38022 
    41.40485 -136.69856 
    41.45380 -136.00800 
    41.45723 -135.31151 
    41.41354 -134.61241 
    41.32138 -133.91434 
    41.17974 -133.22121 
    40.98804 -132.53716 
    40.74614 -131.86653 
    40.45444 -131.21371 
    40.11390 -130.58315 
    39.72603 -129.97914 
    39.29290 -129.40585 
    38.81713 -128.86717 
    38.30181 -128.36656 
    37.75046 -127.90712 
    37.24383 -127.38557 
    36.68561 -126.91621 
    36.07377 -126.51906 
    35.41689 -126.20190 
    34.72571 -125.96890 
    34.01213 -125.82019 
    33.28813 -125.75203 
    32.56469 -125.75732 
    31.85101 -125.82645 
    31.15814 -125.88066 
    30.47754 -125.71068 
    29.77744 -125.57080 
    29.05976 -125.47568 
    28.32869 -125.43388 
    27.59040 -125.45392 
    26.85298 -125.54332 
    26.12598 -125.70779 
    25.41985 -125.95043 
    24.81093 -126.39104 
    24.30987 -126.97987 
    23.84658 -127.57184 
    23.43395 -128.18433 
    23.10588 -128.84854 
    22.79811 -129.48711 
    22.50911 -130.10651 
    22.23736 -130.71172 
    21.97914 -131.30531 
    21.73162 -131.89046 
    21.48967 -132.46921 
    21.24714 -133.04399 
    20.99646 -133.61798 
    20.72764 -134.19521 
    20.45284 -134.78624 
    20.27963 -135.41026 
    20.17485 -136.05037 
Cell 8 100 46.10991 -150.34735 
    36.07814 -150.34735 
    36.10021 -150.97711 
    36.15335 -151.60516 
    36.24412 -152.22935 
    36.37394 -152.84712 
    36.54261 -153.45595 
    36.74957 -154.05338 
    36.99406 -154.63693 
    37.27518 -155.20428 
    37.59187 -155.75305 
    37.94291 -156.28102 
    38.32695 -156.78596 
    38.74248 -157.26582 
    39.18785 -157.71858 
    39.66130 -158.14236 
    40.16094 -158.53540 
    40.68475 -158.89603 
    41.23060 -159.22276 
    41.79631 -159.51421 
    42.37955 -159.76915 
    42.97794 -159.98653 
    43.58905 -160.16542 
    44.21037 -160.30507 
    44.83934 -160.40491 
    45.47338 -160.46452 
    46.10991 -160.48366 
    46.74628 -160.46227 
    47.37991 -160.40045 
    48.00818 -160.29848 
    48.62854 -160.15677 
    49.23844 -159.97598 
    49.83540 -159.75687 
    50.41699 -159.50038 
    50.98087 -159.20761 
    51.52475 -158.87979 
    52.04646 -158.51831 
    52.54390 -158.12473 
    53.01511 -157.70065 
    53.45822 -157.24788 
    53.87149 -156.76830 
    54.25334 -156.26390 
    54.60227 -155.73677 
    54.91697 -155.18907 
    55.19625 -154.62306 
    55.43908 -154.04103 
    55.64458 -153.44536 
    55.81203 -152.83844 
    55.94085 -152.22270 
    56.03111 -151.60069 
    56.09135 -150.97533 
    56.11220 -150.34735 
    56.09357 -149.71924 
    56.03551 -149.09346 
    55.93825 -148.47249 
    55.80215 -147.85881 
    55.62775 -147.25482 
    55.41571 -146.66292 
    55.16688 -146.08546 
    54.88221 -145.52473 
    54.56505 -144.98155 
    54.21861 -144.45604 
    53.84364 -143.94945 
    53.44249 -143.46159 
    53.01729 -142.99173 
    52.56952 -142.53902 
    52.09973 -142.10306 
    51.60731 -141.68483 
    51.09067 -141.28737 
    50.54777 -140.91640 
    50.07784 -140.32550 
    49.58389 -139.65552 
    48.88148 -139.55278 
    48.10637 -139.88152 
    47.44495 -139.77940 
    46.77678 -139.74776 
    46.10991 -139.60576 
    45.43232 -139.57742 
    44.77910 -139.81293 
    44.17032 -140.17970 
    43.56166 -140.42258 
    42.96422 -140.66592 
    42.38248 -140.93294 
    41.81626 -141.22289 
    41.26609 -141.53650 
    40.73324 -141.87509 
    40.21957 -142.24001 
    39.72729 -142.63210 
    39.25673 -143.04945 
    38.81266 -143.49478 
    38.39750 -143.96710 
    38.01289 -144.46452 
    37.66033 -144.98509 
    37.34121 -145.52672 
    37.05678 -146.08728 
    36.80816 -146.66454 
    36.58517 -147.25258 
    36.35842 -147.84360 
    36.18670 -148.45441 
    36.10010 -149.08282 
    36.07624 -149.71608 
Cell 9 100 67.30996 -151.65475 
    56.51017 -151.65475 
    56.53669 -152.33255 
    56.54144 -153.01514 
    56.56985 -153.70354 
    56.63985 -154.39438 
    56.79579 -155.07101 
    56.99711 -155.73790 
    57.24368 -156.39159 
    57.53498 -157.02859 
    57.87006 -157.64549 
    58.24768 -158.23889 
    58.66614 -158.80554 
    59.12347 -159.34238 
    59.61738 -159.84651 
    60.14542 -160.31520 
    60.70477 -160.74602 
    61.29247 -161.13680 
    61.90544 -161.48553 
    62.54039 -161.79059 
    63.19392 -162.05069 
    63.86257 -162.26472 
    64.54278 -162.43221 
    65.23108 -162.55261 
    65.92395 -162.62614 
    66.61800 -162.65315 
    67.30996 -162.63438 
    67.99675 -162.57103 
    68.67556 -162.46458 
    69.34383 -162.31668 
    69.99939 -162.12941 
    70.64043 -161.90491 
    71.26551 -161.64534 
    71.87364 -161.35307 
    72.46410 -161.03011 
    73.03653 -160.67839 
    73.59074 -160.29951 
    74.12656 -159.89461 
    74.64376 -159.46446 
    75.14173 -159.00928 
    75.61952 -158.52902 
    76.07543 -158.02324 
    76.50707 -157.49142 
    76.91122 -156.93309 
    77.27377 -156.34337 
    77.54779 -155.70819 
    77.79559 -155.06175 
    78.02255 -154.40529 
    78.20514 -153.73312 
    78.33051 -153.04698 
    78.39818 -152.35237 
    78.40672 -151.65475 
    78.35414 -150.95992 
    78.24345 -150.27353 
    78.07833 -149.60057 
    77.86205 -148.94543 
    77.60519 -148.30963 
    77.46657 -147.63347 
    77.28487 -146.96092 
    77.05830 -146.29556 
    76.78530 -145.64153 
    76.46472 -145.00343 
    76.09595 -144.38635 
    75.67906 -143.79564 
    75.21429 -143.23750 
    74.70598 -142.71451 
    74.15273 -142.23648 
    73.56086 -141.80492 
    72.93391 -141.42482 
    72.27688 -141.09952 
    71.59521 -140.83142 
    70.89474 -140.62193 
    70.18134 -140.47145 
    69.46085 -140.37939 
    68.73880 -140.34430 
    68.02032 -140.36394 
    67.30996 -140.43550 
    66.61167 -140.55576 
    65.92873 -140.72124 
    65.26380 -140.92841 
    64.61892 -141.17386 
    63.99564 -141.45433 
    63.39510 -141.76694 
    62.81811 -142.10910 
    62.26532 -142.47859 
    61.73727 -142.87360 
    61.23446 -143.29256 
    60.75750 -143.73419 
    60.30702 -144.19739 
    59.77478 -144.57875 
    59.22881 -144.96945 
    58.67883 -145.38388 
    58.13483 -145.83205 
    57.61515 -146.32498 
    57.14475 -146.87137 
    56.75099 -147.47417 
    56.45754 -148.12859 
    56.27856 -148.82237 
    56.21508 -149.53830 
    56.25492 -150.25818 
    56.37629 -150.96687 
Cell 10 100 83.19334 -136.67403 
    71.53850 -136.67403 
    70.99723 -137.44135 
    71.13722 -138.19707 
    71.52056 -138.90073 
    71.94915 -139.56105 
    72.40610 -140.17902 
    72.87793 -140.75818 
    73.35521 -141.30350 
    73.83284 -141.82001 
    74.31017 -142.31146 
    74.78804 -142.78082 
    75.26010 -143.23697 
    75.74184 -143.67145 
    76.23302 -144.08601 
    76.73637 -144.47916 
    77.25425 -144.84848 
    77.78809 -145.19135 
    78.33839 -145.50514 
    78.90488 -145.78748 
    79.48659 -146.03619 
    80.08206 -146.24954 
    80.68945 -146.42604 
    81.30661 -146.56459 
    81.93127 -146.66431 
    82.56090 -146.72633 
    83.19334 -146.74956 
    83.82623 -146.73347 
    84.45717 -146.67827 
    85.08382 -146.58430 
    85.70392 -146.45209 
    86.31525 -146.28232 
    86.91575 -146.07578 
    87.50341 -145.83339 
    88.07637 -145.55623 
    88.63290 -145.24541 
    89.17139 -144.90211 
    89.69037 -144.52759 
    90.18845 -144.12308 
    90.66441 -143.68983 
    91.11704 -143.22910 
    91.54524 -142.74203 
    91.94790 -142.22984 
    92.32391 -141.69360 
    92.67212 -141.13440 
    92.99129 -140.55331 
    93.28006 -139.95140 
    93.53694 -139.32982 
    93.76029 -138.68977 
    93.94830 -138.03270 
    94.09900 -137.36015 
    94.21032 -136.67403 
    94.28009 -135.97650 
    94.30614 -135.27016 
    94.28634 -134.55792 
    94.21870 -133.84319 
    94.10150 -133.12975 
    93.93317 -132.42183 
    93.52247 -131.81351 
    93.00703 -131.27890 
    92.34116 -130.86864 
    91.72945 -130.47218 
    91.16762 -130.07712 
    90.63400 -129.68678 
    90.11533 -129.30286 
    89.60321 -128.92583 
    89.09219 -128.55495 
    88.57866 -128.18811 
    88.06013 -127.82137 
    87.53467 -127.44823 
    87.00036 -127.05859 
    86.45419 -126.63815 
    85.87627 -126.22467 
    85.25624 -125.85990 
    84.60718 -125.48231 
    83.90012 -125.43993 
    83.19334 -125.51413 
    82.49870 -125.63301 
    81.81887 -125.79400 
    81.15611 -125.99451 
    80.51228 -126.23200 
    79.88892 -126.50410 
    79.28732 -126.80855 
    78.70851 -127.14330 
    78.15344 -127.50649 
    77.62292 -127.89646 
    77.06998 -128.24596 
    76.44942 -128.52203 
    75.95327 -128.96413 
    75.58051 -129.52510 
    75.25159 -130.10405 
    74.94706 -130.68275 
    74.63164 -131.24062 
    74.30338 -131.78674 
    73.97096 -132.33430 
    73.64157 -132.89223 
    73.31992 -133.46597 
    73.00574 -134.05830 
    72.69401 -134.67117 
    72.37199 -135.30698 
    72.00423 -135.97006 
Cell 11 100 115.34552 -145.25728 
    105.18049 -145.25728 
    105.19106 -145.89615 
    105.24245 -146.53360 
    105.33456 -147.16698 
    105.46709 -147.79362 
    105.63958 -148.41093 
    105.85136 -149.01628 
    106.10164 -149.60712 
    106.38939 -150.18095 
    106.71346 -150.73535 
    107.07252 -151.26796 
    107.46508 -151.77655 
    107.88951 -152.25894 
    108.34402 -152.71312 
    108.82671 -153.13716 
    109.33554 -153.52931 
    109.86835 -153.88792 
    110.42287 -154.21153 
    110.99679 -154.49881 
    111.58764 -154.74860 
    112.19295 -154.95990 
    112.81014 -155.13193 
    113.43664 -155.26401 
    114.06979 -155.35570 
    114.70697 -155.40672 
    115.34552 -155.41698 
    115.98280 -155.38658 
    116.61621 -155.31581 
    117.24317 -155.20514 
    117.86122 -155.05528 
    118.46796 -154.86716 
    119.06116 -154.64192 
    119.63879 -154.38095 
    120.19910 -154.08592 
    120.74068 -153.75868 
    121.26254 -153.40135 
    121.76420 -153.01613 
    122.24574 -152.60527 
    122.70778 -152.17090 
    123.15137 -151.71484 
    123.57781 -151.23839 
    123.98833 -150.74217 
    124.38362 -150.22601 
    124.76343 -149.68901 
    125.12597 -149.12962 
    125.46757 -148.54613 
    125.78246 -147.93703 
    126.06288 -147.30173 
    126.29949 -146.64108 
    126.48218 -145.95793 
    126.60104 -145.25728 
    126.64761 -144.54620 
    126.61589 -143.83350 
    126.50317 -143.12885 
    126.63203 -142.35939 
    126.81873 -141.52940 
    126.46047 -140.85655 
    125.66635 -140.40067 
    124.87611 -140.01779 
    124.40204 -139.50984 
    123.90259 -139.04021 
    123.38580 -138.60577 
    122.85757 -138.20299 
    122.32160 -137.82851 
    121.77972 -137.47968 
    121.25690 -137.12096 
    120.74044 -136.75624 
    120.20510 -136.41772 
    119.65279 -136.10387 
    119.08453 -135.81361 
    118.50035 -135.54770 
    117.89963 -135.30966 
    117.28187 -135.10657 
    116.64785 -134.94826 
    116.00058 -134.84541 
    115.34552 -134.80682 
    114.68991 -134.83670 
    114.01900 -134.75684 
    113.29865 -134.52724 
    112.53816 -134.32335 
    111.76577 -134.23994 
    111.03270 -134.36435 
    110.39114 -134.72870 
    109.86623 -135.29048 
    109.44315 -135.95663 
    109.07922 -136.63246 
    108.72999 -137.26047 
    108.36954 -137.82861 
    107.99453 -138.35423 
    107.61575 -138.86266 
    107.22179 -139.35504 
    106.85542 -139.86929 
    106.52180 -140.40640 
    106.22243 -140.96428 
    105.95865 -141.54076 
    105.73167 -142.13354 
    105.54256 -142.74031 
    105.39222 -143.35858 
    105.28140 -143.98589 
    105.21069 -144.61964 
Cell 12 100 -117.54752 -127.00856 
    -127.97452 -127.00856 
    -128.29398 -127.68467 
    -128.56058 -128.39983 
    -128.76978 -129.14932 
    -128.91772 -129.92793 
    -129.00131 -130.73012 
    -129.01794 -131.55002 
    -128.96590 -132.38164 
    -128.84401 -133.21886 
    -128.65189 -134.05560 
    -128.38950 -134.88573 
    -128.05756 -135.70322 
    -127.65714 -136.50212 
    -127.18992 -137.27667 
    -124.70368 -135.65887 
    -123.42907 -135.10382 
    -122.83183 -135.33530 
    -122.25921 -135.57909 
    -121.69274 -135.81763 
    -121.12360 -136.04071 
    -120.55161 -136.25421 
    -119.95542 -136.38673 
    -119.35753 -136.49698 
    -118.75819 -136.59206 
    -118.15556 -136.67316 
    -117.54752 -136.72145 
    -116.93550 -136.73631 
    -116.31881 -136.73474 
    -115.69180 -136.73657 
    -115.09258 -136.56990 
    -114.56566 -136.18578 
    -114.07649 -135.77538 
    -113.62548 -135.34331 
    -113.19614 -134.92368 
    -112.77877 -134.52292 
    -112.36630 -134.13989 
    -111.95290 -133.77130 
    -111.53381 -133.41249 
    -111.10577 -133.05775 
    -110.66649 -132.70103 
    -110.21338 -132.33711 
    -109.74811 -131.95821 
    -109.27563 -131.55606 
    -108.80633 -131.12186 
    -108.34752 -130.65109 
    -107.47667 -130.28078 
    -106.53805 -129.83531 
    -105.46275 -129.31386 
    -105.16063 -128.57339 
    -105.38790 -127.77357 
    -105.65826 -127.00856 
    -105.79523 -126.26917 
    -105.81530 -125.52644 
    -105.83414 -124.77412 
    -105.79303 -123.99052 
    -106.05405 -123.27410 
    -106.62328 -122.68335 
    -107.35703 -122.21328 
    -108.09671 -121.81293 
    -108.70308 -121.39571 
    -108.96593 -120.77367 
    -109.26209 -120.15427 
    -109.59756 -119.54306 
    -109.97865 -118.94853 
    -110.41083 -118.38178 
    -110.89757 -117.85569 
    -111.43931 -117.38357 
    -112.03293 -116.97756 
    -112.67175 -116.64703 
    -113.34620 -116.39724 
    -114.04495 -116.22879 
    -114.75635 -116.13766 
    -115.46967 -116.11609 
    -116.17625 -116.15388 
    -116.87002 -116.24004 
    -117.54752 -116.36424 
    -118.20753 -116.51802 
    -118.85037 -116.69537 
    -119.47718 -116.89291 
    -120.08914 -117.10958 
    -120.68707 -117.34602 
    -121.27106 -117.60398 
    -121.84048 -117.88556 
    -122.39402 -118.19281 
    -122.92987 -118.52732 
    -123.44788 -118.88741 
    -123.94569 -119.27449 
    -124.41808 -119.69215 
    -124.86317 -120.13870 
    -125.27919 -120.61237 
    -125.66448 -121.11124 
    -126.01753 -121.63332 
    -126.33695 -122.17653 
    -126.62148 -122.73868 
    -126.87000 -123.31753 
    -127.08154 -123.91077 
    -127.25529 -124.51603 
    -127.39057 -125.13090 
    -127.48688 -125.75293 
    -127.60730 -126.37566 
Cell 13 100 -82.70750 -115.71346 
    -92.88570 -115.71346 
    -92.87775 -116.35332 
    -92.82894 -116.99210 
    -92.73931 -117.62713 
    -92.60908 -118.25575 
    -92.43866 -118.87531 
    -92.22868 -119.48316 
    -91.97990 -120.07672 
    -91.69331 -120.65345 
    -91.37003 -121.21087 
    -91.01141 -121.74660 
    -90.61889 -122.25833 
    -90.19412 -122.74387 
    -89.73888 -123.20113 
    -89.25510 -123.62815 
    -88.74483 -124.02313 
    -88.21024 -124.38439 
    -87.65362 -124.71041 
    -87.07734 -124.99982 
    -86.48386 -125.25146 
    -85.87573 -125.46427 
    -85.25555 -125.63745 
    -84.62595 -125.77032 
    -83.98962 -125.86241 
    -83.34924 -125.91343 
    -82.70750 -125.92329 
    -82.06712 -125.89205 
    -81.43076 -125.81999 
    -80.80103 -125.70755 
    -80.18053 -125.55536 
    -79.57178 -125.36422 
    -78.97722 -125.13509 
    -78.39919 -124.86909 
    -77.83994 -124.56754 
    -77.28461 -124.25858 
    -76.74059 -123.92622 
    -76.21512 -123.56141 
    -75.71007 -123.16498 
    -75.22737 -122.73778 
    -74.76902 -122.28075 
    -74.33712 -121.79491 
    -73.93383 -121.28140 
    -73.56143 -120.74156 
    -73.22224 -120.17689 
    -72.91862 -119.58916 
    -72.65292 -118.98040 
    -72.42742 -118.35294 
    -72.24429 -117.70943 
    -72.10546 -117.05281 
    -72.01263 -116.38633 
    -71.96713 -115.71346 
    -71.96992 -115.03791 
    -72.02147 -114.36350 
    -72.12180 -113.69413 
    -72.27045 -113.03368 
    -72.46646 -112.38595 
    -72.70840 -111.75454 
    -72.99445 -111.14285 
    -73.25600 -110.51746 
    -73.52060 -109.88328 
    -73.82600 -109.26067 
    -74.17323 -108.65330 
    -74.56301 -108.06528 
    -74.99567 -107.50119 
    -75.47094 -106.96596 
    -75.98788 -106.46469 
    -76.54478 -106.00256 
    -77.13910 -105.58457 
    -77.76749 -105.21539 
    -78.42581 -104.89915 
    -79.10927 -104.63923 
    -79.81250 -104.43816 
    -80.52979 -104.29751 
    -81.25526 -104.21780 
    -81.98305 -104.19855 
    -82.70750 -104.23831 
    -83.42339 -104.33480 
    -84.12598 -104.48502 
    -84.81121 -104.68546 
    -85.47565 -104.93224 
    -86.11659 -105.22136 
    -86.73197 -105.54883 
    -87.30746 -105.93805 
    -87.79817 -106.45358 
    -88.27856 -106.93490 
    -88.73533 -107.41687 
    -89.12852 -107.95178 
    -89.49726 -108.48310 
    -89.84815 -109.00795 
    -90.18661 -109.52621 
    -90.55116 -110.01472 
    -90.89787 -110.51571 
    -91.21242 -111.03784 
    -91.50821 -111.57217 
    -91.78480 -112.11951 
    -92.03774 -112.68188 
    -92.24085 -113.26571 
    -92.42294 -113.86014 
    -92.65583 -114.45670 
    -92.85291 -115.07516 
Cell 14 100 -60.53383 -123.67390 
    -70.91194 -123.67390 
    -70.92801 -124.32784 
    -70.90528 -124.98412 
    -70.84251 -125.64038 
    -70.73867 -126.29405 
    -70.59303 -126.94233 
    -70.40520 -127.58225 
    -70.17519 -128.21077 
    -69.90334 -128.82483 
    -69.59035 -129.42134 
    -69.23724 -129.99728 
    -68.84528 -130.54973 
    -68.41605 -131.07579 
    -67.95139 -131.57278 
    -67.45332 -132.03812 
    -66.92413 -132.46938 
    -66.36626 -132.86435 
    -65.78236 -133.22095 
    -65.17523 -133.53738 
    -64.54781 -133.81203 
    -63.90312 -134.04350 
    -63.24436 -134.23071 
    -62.57475 -134.37276 
    -61.86592 -134.21852 
    -61.15269 -133.51047 
    -60.53383 -133.16273 
    -59.95387 -132.89209 
    -59.41125 -132.55998 
    -58.90474 -132.21387 
    -58.42797 -131.87570 
    -57.97298 -131.55536 
    -57.53202 -131.25560 
    -57.09621 -130.97922 
    -56.66049 -130.71948 
    -56.22058 -130.47049 
    -55.77229 -130.22760 
    -55.30522 -129.99420 
    -54.81378 -129.76514 
    -54.29475 -129.53278 
    -53.74547 -129.28972 
    -53.16786 -129.02559 
    -52.54050 -128.74661 
    -51.79537 -128.47791 
    -50.87638 -128.21834 
    -49.71935 -127.95565 
    -48.86153 -127.46646 
    -48.51766 -126.75912 
    -48.28088 -126.01128 
    -48.11065 -125.24331 
    -48.00351 -124.46223 
    -47.96088 -123.67390 
    -47.98375 -122.88432 
    -48.07224 -122.09963 
    -48.22557 -121.32597 
    -48.44214 -120.56927 
    -48.71947 -119.83518 
    -49.05437 -119.12886 
    -49.44300 -118.45495 
    -49.88095 -117.81743 
    -50.36348 -117.21960 
    -50.88555 -116.66401 
    -51.44204 -116.15251 
    -52.02782 -115.68623 
    -52.63795 -115.26564 
    -53.26508 -114.88749 
    -53.75279 -114.34060 
    -54.32653 -113.89275 
    -54.97489 -113.56222 
    -55.67628 -113.35107 
    -56.40464 -113.24477 
    -57.13623 -113.21716 
    -57.85454 -113.23875 
    -58.55192 -113.28438 
    -59.22812 -113.33816 
    -59.88710 -113.39438 
    -60.53383 -113.45528 
    -61.17216 -113.52793 
    -61.80951 -113.57583 
    -62.44889 -113.63477 
    -63.08867 -113.72345 
    -63.72833 -113.84222 
    -64.36691 -113.99264 
    -65.00251 -114.17747 
    -65.63190 -114.40055 
    -66.25021 -114.66632 
    -66.85099 -114.97907 
    -67.42641 -115.34219 
    -67.96803 -115.75729 
    -68.46751 -116.22367 
    -68.91774 -116.73812 
    -69.31358 -117.29504 
    -69.65244 -117.88705 
    -69.93445 -118.50587 
    -70.16215 -119.14316 
    -70.33987 -119.79141 
    -70.47284 -120.44452 
    -70.56633 -121.09799 
    -70.65742 -121.74272 
    -70.76966 -122.38081 
    -70.85844 -123.02433 
Cell 15 100 -57.04531 -102.23245 
    -67.52139 -102.23245 
    -67.40910 -102.88448 
    -67.31039 -103.52924 
    -67.20330 -104.17020 
    -67.05858 -104.80342 
    -66.87698 -105.42696 
    -66.65925 -106.03888 
    -66.40608 -106.63730 
    -66.11817 -107.22030 
    -65.79624 -107.78596 
    -65.44102 -108.33229 
    -65.05334 -108.85727 
    -64.63413 -109.35883 
    -64.18448 -109.83490 
    -63.70560 -110.28336 
    -63.19891 -110.70216 
    -62.66600 -111.08924 
    -62.10867 -111.44267 
    -61.52890 -111.76057 
    -60.92888 -112.04122 
    -60.31095 -112.28304 
    -59.67762 -112.48462 
    -59.03156 -112.64474 
    -58.37556 -112.76241 
    -57.71248 -112.83683 
    -57.04531 -112.86745 
    -56.37706 -112.85393 
    -55.71080 -112.79620 
    -55.04958 -112.69444 
    -54.39647 -112.54902 
    -53.75448 -112.36060 
    -53.12659 -112.13002 
    -52.51569 -111.85840 
    -51.92458 -111.54704 
    -51.35595 -111.19746 
    -50.81236 -110.81137 
    -50.29625 -110.39066 
    -49.80986 -109.93742 
    -49.35530 -109.45385 
    -48.93448 -108.94231 
    -48.54911 -108.40530 
    -48.14023 -107.88379 
    -47.74508 -107.34530 
    -47.38339 -106.77901 
    -47.05866 -106.18645 
    -46.77444 -105.56966 
    -46.53418 -104.93125 
    -46.34110 -104.27439 
    -46.19802 -103.60278 
    -46.10719 -102.92062 
    -46.07020 -102.23245 
    -46.08783 -101.54307 
    -46.16007 -100.85733 
    -46.28605 -100.18002 
    -46.46412 -99.51566 
    -46.69194 -98.86844 
    -46.96661 -98.24201 
    -47.28482 -97.63951 
    -47.64299 -97.06348 
    -48.03745 -96.51589 
    -48.01430 -95.67104 
    -47.54092 -94.36974 
    -48.97419 -94.65316 
    -49.90892 -94.63297 
    -50.43502 -94.24198 
    -50.92794 -93.81262 
    -51.41572 -93.36163 
    -51.92862 -92.92522 
    -52.46748 -92.50407 
    -53.03345 -92.09966 
    -53.62776 -91.71432 
    -54.25155 -91.35148 
    -54.90559 -91.01563 
    -55.58998 -90.71233 
    -56.30390 -90.44809 
    -57.04531 -90.23008 
    -57.81077 -90.06581 
    -58.59534 -89.96273 
    -59.39256 -89.92773 
    -60.19463 -89.96666 
    -60.99262 -90.08389 
    -61.77686 -90.28194 
    -62.53739 -90.56119 
    -63.26449 -90.91982 
    -63.94914 -91.35376 
    -64.58353 -91.85699 
    -65.16139 -92.42180 
    -65.67831 -93.03924 
    -66.13181 -93.69965 
    -66.52135 -94.39319 
    -66.84814 -95.11028 
    -67.11488 -95.84212 
    -67.32540 -96.58092 
    -67.48429 -97.32024 
    -67.59642 -98.05498 
    -67.66663 -98.78138 
    -67.69939 -99.49695 
    -67.69855 -100.20024 
    -67.66722 -100.89059 
    -67.60767 -101.56792 
Cell 16 100 -34.12397 -126.30122 
    -45.07665 -126.30122 
    -44.98462 -126.98452 
    -44.84115 -127.65512 
    -44.65103 -128.30937 
    -44.41922 -128.94460 
    -44.15040 -129.55901 
    -43.85412 -130.15366 
    -43.51789 -130.72166 
    -43.16048 -131.26909 
    -42.77965 -131.79428 
    -42.37904 -132.29889 
    -41.95698 -132.78125 
    -41.52686 -133.25301 
    -41.08682 -133.71591 
    -40.63718 -134.17435 
    -40.17802 -134.63391 
    -39.69628 -135.08177 
    -39.18772 -135.51215 
    -38.64955 -135.91856 
    -38.07653 -136.28424 
    -37.47219 -136.60599 
    -36.84092 -136.88303 
    -36.18648 -137.11328 
    -35.51250 -137.29256 
    -34.82361 -137.42165 
    -34.12397 -137.49800 
    -33.41834 -137.51683 
    -32.71201 -137.47809 
    -32.01016 -137.38220 
    -31.31776 -137.23070 
    -30.63999 -137.02380 
    -29.98343 -136.75903 
    -29.34842 -136.44980 
    -28.73815 -136.09799 
    -28.15564 -135.70581 
    -27.60363 -135.27571 
    -27.08472 -134.81021 
    -26.60121 -134.31215 
    -26.15517 -133.78442 
    -25.74836 -133.23013 
    -25.38230 -132.65242 
    -25.05821 -132.05453 
    -24.77701 -131.43976 
    -24.60425 -130.78087 
    -24.51622 -130.10519 
    -24.51079 -129.42474 
    -24.46536 -128.78113 
    -24.37003 -128.16190 
    -24.29436 -127.54299 
    -24.24775 -126.92258 
    -24.22527 -126.30122 
    -24.22312 -125.67831 
    -24.24442 -125.05315 
    -24.28935 -124.42517 
    -24.35426 -123.79279 
    -24.49383 -123.17220 
    -24.66036 -122.55431 
    -24.85211 -121.93822 
    -25.06803 -121.32268 
    -25.30818 -120.70655 
    -25.57392 -120.08925 
    -25.86810 -119.47137 
    -26.19491 -118.85534 
    -26.55948 -118.24586 
    -26.96728 -117.65028 
    -27.42324 -117.07846 
    -27.93081 -116.54236 
    -28.49113 -116.05512 
    -29.10240 -115.62984 
    -29.75966 -115.27824 
    -30.45500 -115.00929 
    -31.17821 -114.82825 
    -31.91780 -114.73604 
    -32.66209 -114.72924 
    -33.40042 -114.80068 
    -34.12397 -114.94042 
    -34.82636 -115.13705 
    -35.50377 -115.37898 
    -36.15471 -115.65570 
    -36.77953 -115.95852 
    -37.38408 -116.26764 
    -37.96227 -116.60678 
    -38.51561 -116.96851 
    -39.05341 -117.33460 
    -39.63794 -117.61259 
    -40.21184 -117.92199 
    -40.77342 -118.26342 
    -41.32037 -118.63783 
    -41.84964 -119.04633 
    -42.35733 -119.49000 
    -42.83872 -119.96959 
    -43.28841 -120.48530 
    -43.70053 -121.03647 
    -44.06910 -121.62140 
    -44.38840 -122.23725 
    -44.65340 -122.88000 
    -44.86013 -123.54465 
    -45.00603 -124.22536 
    -45.09010 -124.91588 
    -45.11293 -125.60986 
Cell 17 100 -14.32880 -126.53060 
    -24.23357 -126.53060 
    -24.26527 -127.15575 
    -24.32498 -127.79342 
    -24.41510 -128.45467 
    -24.49067 -129.13972 
    -24.50819 -129.83809 
    -24.28599 -130.47293 
    -24.01617 -131.08913 
    -23.70692 -131.68626 
    -23.35996 -132.26195 
    -22.97707 -132.81393 
    -22.56016 -133.34018 
    -22.11112 -133.83868 
    -21.63198 -134.30769 
    -21.12474 -134.74548 
    -20.59149 -135.15045 
    -20.03434 -135.52110 
    -19.45550 -135.85603 
    -18.85721 -136.15398 
    -18.24180 -136.41371 
    -17.61164 -136.63416 
    -16.96920 -136.81427 
    -16.31690 -136.95259 
    -15.65680 -137.04277 
    -14.99018 -137.04292 
    -14.32880 -136.73982 
    -13.70778 -136.40140 
    -13.10954 -136.18202 
    -12.52202 -136.00206 
    -11.93855 -135.84000 
    -11.35027 -135.69759 
    -10.75055 -135.56824 
    -10.13143 -135.45045 
    -9.51143 -135.29337 
    -8.73970 -135.33762 
    -8.19327 -134.97543 
    -7.68973 -134.55585 
    -7.21560 -134.10539 
    -6.77277 -133.62619 
    -6.36299 -133.12050 
    -5.98782 -132.59068 
    -5.64862 -132.03922 
    -5.34658 -131.46861 
    -5.08269 -130.88148 
    -4.85775 -130.28046 
    -4.67236 -129.66817 
    -4.52693 -129.04729 
    -4.41885 -128.42102 
    -4.31898 -127.79514 
    -4.23820 -127.16545 
    -4.19266 -126.53060 
    -4.18237 -125.89224 
    -4.20746 -125.25198 
    -4.26818 -124.61143 
    -4.36494 -123.97232 
    -4.49831 -123.33648 
    -4.66901 -122.70602 
    -4.87788 -122.08334 
    -5.12577 -121.47119 
    -5.41345 -120.87275 
    -5.74148 -120.29155 
    -6.11008 -119.73149 
    -6.51902 -119.19673 
    -6.96745 -118.69156 
    -7.45389 -118.22027 
    -7.97614 -117.78692 
    -8.53131 -117.39522 
    -9.11589 -117.04835 
    -9.72582 -116.74878 
    -10.22602 -116.16816 
    -10.52516 -114.82421 
    -11.33544 -114.87224 
    -12.21683 -115.45924 
    -12.92135 -115.38950 
    -13.63143 -115.44617 
    -14.32880 -115.60468 
    -15.00199 -115.83054 
    -15.64773 -116.09023 
    -16.26904 -116.35953 
    -16.88598 -116.57102 
    -17.49149 -116.79685 
    -18.08052 -117.05483 
    -18.65184 -117.34368 
    -19.20419 -117.66230 
    -19.73631 -118.00974 
    -20.24684 -118.38512 
    -20.74596 -118.77358 
    -21.25959 -119.15005 
    -21.75113 -119.56056 
    -22.21783 -120.00423 
    -22.65690 -120.47988 
    -23.06559 -120.98606 
    -23.44123 -121.52100 
    -23.78128 -122.08260 
    -24.08308 -122.66861 
    -24.31009 -123.28749 
    -24.33700 -123.96094 
    -24.27445 -124.63337 
    -24.23673 -125.27894 
    -24.22391 -125.90805 
Cell 18 100 13.29723 -127.49140 
    3.17433 -127.49140 
    3.18528 -128.12759 
    3.23671 -128.76234 
    3.32853 -129.39304 
    3.46043 -130.01706 
    3.63197 -130.63184 
    3.84250 -131.23479 
    4.09123 -131.82341 
    4.37718 -132.39525 
    4.69921 -132.94788 
    5.05603 -133.47899 
    5.44618 -133.98636 
    5.86807 -134.46785 
    6.31995 -134.92145 
    6.79995 -135.34526 
    7.30609 -135.73752 
    7.83622 -136.09657 
    8.38816 -136.42097 
    8.95958 -136.70938 
    9.54810 -136.96065 
    10.15124 -137.17377 
    10.76650 -137.34796 
    11.39131 -137.48259 
    12.02310 -137.57724 
    12.65926 -137.63173 
    13.29723 -137.64603 
    13.93449 -137.62035 
    14.56859 -137.55521 
    15.19718 -137.45125 
    15.81807 -137.30940 
    16.42927 -137.13081 
    17.02902 -136.91681 
    17.61585 -136.66891 
    18.18859 -136.38873 
    18.74640 -136.07791 
    19.28879 -135.73807 
    19.81553 -135.37067 
    20.32665 -134.97697 
    20.63902 -134.38580 
    20.91485 -133.79323 
    21.17309 -133.21355 
    21.41603 -132.64374 
    21.65079 -132.08380 
    21.88337 -131.53172 
    22.11886 -130.98413 
    22.36098 -130.43640 
    22.61323 -129.88335 
    22.87903 -129.31923 
    23.16075 -128.73744 
    23.46961 -128.13139 
    23.90954 -127.49140 
    24.47290 -126.78828 
    25.08615 -126.00211 
    25.01522 -125.25607 
    24.86951 -124.52015 
    24.64957 -123.80280 
    24.35810 -123.11210 
    23.99967 -122.45522 
    23.57980 -121.83851 
    23.09903 -121.27100 
    22.50759 -120.79968 
    21.86700 -120.40187 
    21.23905 -120.03355 
    20.61503 -119.69874 
    20.00382 -119.38454 
    19.43810 -119.03922 
    18.87704 -118.69903 
    18.31324 -118.36732 
    17.74396 -118.04163 
    17.14474 -117.77371 
    16.51419 -117.59061 
    15.87617 -117.44710 
    15.23316 -117.34292 
    14.58751 -117.27779 
    13.94149 -117.25131 
    13.29723 -117.20126 
    12.64915 -117.19037 
    11.99992 -117.22208 
    11.35262 -117.29735 
    10.71052 -117.41683 
    10.07709 -117.58082 
    9.45586 -117.78919 
    8.85037 -118.04134 
    8.26411 -118.33620 
    7.70039 -118.67219 
    7.16225 -119.04733 
    6.65243 -119.45921 
    6.17328 -119.90517 
    5.72678 -120.38227 
    5.31447 -120.88749 
    4.93755 -121.41774 
    4.59687 -121.96999 
    4.29299 -122.54128 
    4.02626 -123.12881 
    3.79374 -123.72871 
    3.59373 -124.33855 
    3.43251 -124.95857 
    3.31015 -125.58627 
    3.22667 -126.21919 
    3.18198 -126.85500 
Cell 19 100 25.06306 -110.64611 
    13.87471 -110.64611 
    13.93141 -111.34645 
    14.03931 -112.03873 
    14.19654 -112.71901 
    14.40081 -113.38371 
    14.64956 -114.02966 
    14.94002 -114.65411 
    15.26930 -115.25471 
    15.63448 -115.82951 
    16.03271 -116.37695 
    16.46122 -116.89572 
    16.91741 -117.38478 
    17.40236 -117.83999 
    17.98741 -118.18092 
    18.55692 -118.51069 
    19.10976 -118.84013 
    19.65328 -119.17056 
    20.20283 -119.48684 
    20.76529 -119.77935 
    21.32610 -120.08460 
    21.88882 -120.41542 
    22.46315 -120.77209 
    23.08767 -121.00151 
    23.74041 -121.11597 
    24.39988 -121.18716 
    25.06306 -121.21466 
    25.72695 -121.19827 
    26.38850 -121.13801 
    27.04469 -121.03414 
    27.69251 -120.88714 
    28.32902 -120.69769 
    28.95131 -120.46671 
    29.55659 -120.19534 
    30.14212 -119.88488 
    30.70531 -119.53687 
    31.24369 -119.15302 
    31.75496 -118.73521 
    32.23695 -118.28552 
    32.68771 -117.80613 
    33.10551 -117.29940 
    33.48883 -116.76779 
    33.83645 -116.21387 
    34.14742 -115.64028 
    34.42114 -115.04969 
    34.65735 -114.44476 
    34.85616 -113.82808 
    35.01804 -113.20211 
    35.14381 -112.56911 
    35.23459 -111.93108 
    35.29161 -111.28963 
    35.31619 -110.64611 
    35.30947 -110.00146 
    35.27224 -109.35639 
    35.20472 -108.71149 
    35.10647 -108.06741 
    34.97618 -107.42514 
    34.81181 -106.78631 
    34.61060 -106.15338 
    34.36945 -105.52988 
    34.08522 -104.92048 
    33.83252 -104.27473 
    33.57468 -103.60469 
    33.28112 -102.92884 
    32.94387 -102.25390 
    32.55487 -101.59007 
    32.10717 -100.95074 
    31.59603 -100.35180 
    31.02005 -99.81039 
    30.38174 -99.34335 
    29.68777 -98.96544 
    28.94855 -98.68781 
    28.17736 -98.51672 
    27.38905 -98.45287 
    26.59856 -98.49142 
    25.81951 -98.62272 
    25.06306 -98.83346 
    24.33717 -99.10832 
    23.64634 -99.43160 
    22.99192 -99.78878 
    22.37264 -100.16759 
    21.78551 -100.55884 
    21.22175 -100.94407 
    20.59340 -101.14761 
    19.97410 -101.38932 
    19.36641 -101.66962 
    18.77317 -101.98882 
    18.19746 -102.34702 
    17.64260 -102.74412 
    17.11211 -103.17967 
    16.60967 -103.65285 
    16.13902 -104.16241 
    15.70391 -104.70661 
    15.30797 -105.28320 
    14.95464 -105.88945 
    14.64702 -106.52211 
    14.38783 -107.17752 
    14.17926 -107.85162 
    14.02295 -108.54010 
    13.91994 -109.23840 
    13.87060 -109.94194 
Cell 20 100 58.46599 -110.03811 
    48.38204 -110.03811 
    48.39673 -110.67162 
    48.45135 -111.30325 
    48.54580 -111.93049 
    48.67976 -112.55078 
    48.85279 -113.16163 
    49.06423 -113.76053 
    49.31330 -114.34503 
    49.59904 -114.91275 
    49.92031 -115.46136 
    50.27585 -115.98859 
    50.66423 -116.49228 
    51.08389 -116.97036 
    51.53308 -117.42091 
    52.01002 -117.84203 
    52.51277 -118.23202 
    53.03925 -118.58927 
    53.58733 -118.91235 
    54.15475 -119.19997 
    54.73918 -119.45095 
    55.33824 -119.66433 
    55.94947 -119.83928 
    56.57040 -119.97514 
    57.19848 -120.07143 
    57.83120 -120.12784 
    58.46599 -120.14423 
    59.10033 -120.12062 
    59.73170 -120.05722 
    60.35762 -119.95441 
    60.95225 -119.72145 
    61.50621 -119.39495 
    62.04749 -119.08396 
    62.58131 -118.78362 
    63.10588 -118.47805 
    63.62928 -118.17415 
    64.15551 -117.86906 
    64.69324 -117.56556 
    65.25862 -117.27152 
    65.81490 -116.93919 
    66.24528 -116.47370 
    66.64071 -115.97739 
    67.00572 -115.45759 
    67.33937 -114.91629 
    67.64049 -114.35530 
    67.90795 -113.77644 
    68.14066 -113.18160 
    68.40839 -112.59089 
    68.68552 -111.98759 
    68.96631 -111.36461 
    69.24261 -110.71612 
    69.49519 -110.03811 
    69.69499 -109.33164 
    69.80848 -108.60522 
    69.80599 -107.87489 
    69.67020 -107.16135 
    69.40160 -106.48492 
    69.01852 -105.86007 
    68.55177 -105.29211 
    68.10525 -104.73888 
    67.96010 -104.01296 
    67.77033 -103.27811 
    67.52208 -102.54626 
    67.20228 -101.83418 
    66.80106 -101.16216 
    66.31377 -100.55177 
    65.74237 -100.02303 
    65.09555 -99.59158 
    64.38776 -99.26643 
    63.63724 -99.04864 
    62.86340 -98.93152 
    62.08431 -98.90205 
    61.31466 -98.94327 
    60.56457 -99.03695 
    59.84232 -99.14332 
    59.15052 -99.15785 
    58.46599 -99.21864 
    57.79184 -99.32285 
    57.13062 -99.46758 
    56.48437 -99.65011 
    55.85472 -99.86789 
    55.24298 -100.11870 
    54.65023 -100.40060 
    54.07743 -100.71196 
    53.52552 -101.05144 
    52.99545 -101.41792 
    52.48822 -101.81042 
    52.00497 -102.22808 
    51.54691 -102.67004 
    51.11533 -103.13538 
    50.71163 -103.62315 
    50.33722 -104.13221 
    49.98546 -104.65620 
    49.66214 -105.19815 
    49.37267 -105.75912 
    49.11830 -106.33710 
    48.90014 -106.92998 
    48.71918 -107.53555 
    48.57627 -108.15154 
    48.47211 -108.77559 
    48.40724 -109.40527 
Cell 21 100 65.67783 -128.89714 
    55.66764 -128.89714 
    55.68875 -129.52560 
    55.74930 -130.15141 
    55.84904 -130.77208 
    55.98757 -131.38518 
    56.16383 -131.98842 
    56.32280 -132.60106 
    56.51080 -133.21082 
    56.73961 -133.81097 
    57.00748 -134.39951 
    57.31439 -134.97354 
    57.65992 -135.53014 
    58.04345 -136.06631 
    58.46393 -136.57916 
    58.92010 -137.06583 
    59.41043 -137.52348 
    59.93304 -137.94948 
    60.48590 -138.34122 
    61.06667 -138.69635 
    61.67284 -139.01259 
    62.30172 -139.28773 
    62.95233 -139.51227 
    63.62101 -139.67940 
    64.30038 -139.80074 
    64.98708 -139.87630 
    65.67783 -139.90761 
    66.37025 -139.90291 
    67.06338 -139.86482 
    67.75667 -139.79480 
    68.44798 -139.68616 
    69.12457 -139.50510 
    69.78539 -139.27165 
    70.42832 -138.99243 
    70.92956 -138.44998 
    71.05141 -137.36455 
    71.43484 -136.82098 
    71.79309 -136.28922 
    72.12138 -135.75883 
    72.41442 -135.22321 
    72.68321 -134.69249 
    72.94524 -134.17723 
    73.20841 -133.67619 
    73.47743 -133.18501 
    73.75599 -132.69843 
    74.04618 -132.21040 
    74.34712 -131.71397 
    74.65362 -131.20174 
    74.95538 -130.66693 
    75.25034 -130.10643 
    75.58366 -129.52036 
    76.02845 -128.89714 
    76.09492 -128.24176 
    75.99724 -127.59350 
    75.91167 -126.94493 
    75.79692 -126.29900 
    75.63873 -125.66064 
    75.43698 -125.03322 
    75.19189 -124.42017 
    74.90411 -123.82495 
    74.57467 -123.25104 
    74.20509 -122.70173 
    73.79728 -122.18015 
    73.35355 -121.68916 
    72.87654 -121.23129 
    72.36918 -120.80869 
    71.83456 -120.42313 
    71.31204 -120.01904 
    70.83231 -119.52118 
    70.32355 -119.02448 
    69.77800 -118.54131 
    69.18903 -118.09080 
    68.55353 -117.69705 
    67.87377 -117.38561 
    67.15820 -117.17883 
    66.42059 -117.09140 
    65.67783 -117.12728 
    64.95630 -117.42875 
    64.27606 -117.80103 
    63.63201 -118.17256 
    63.01609 -118.53036 
    62.42105 -118.87379 
    61.83977 -119.20331 
    61.27153 -119.53327 
    60.70465 -119.85097 
    60.20613 -120.27512 
    59.71746 -120.69340 
    59.24412 -121.12012 
    58.78917 -121.56146 
    58.35575 -122.02126 
    57.94705 -122.50168 
    57.56600 -123.00356 
    57.21519 -123.52659 
    56.89676 -124.06971 
    56.61247 -124.63131 
    56.36373 -125.20943 
    56.15169 -125.80191 
    55.97727 -126.40646 
    55.84119 -127.02070 
    55.74400 -127.64220 
    55.68608 -128.26851 
Cell 22 100 76.66241 -94.25249 
    64.52908 -94.25249 
    64.54861 -95.01463 
    64.64235 -95.77097 
    64.80766 -96.51390 
    65.04035 -97.23653 
    65.33496 -97.93299 
    65.68516 -98.59869 
    66.08413 -99.23025 
    66.52499 -99.82558 
    67.00114 -100.38371 
    67.50652 -100.90463 
    68.03586 -101.38898 
    68.58478 -101.83788 
    69.14981 -102.25259 
    69.72834 -102.63434 
    70.31850 -102.98412 
    70.91901 -103.30264 
    71.52900 -103.59012 
    72.14784 -103.84643 
    72.77497 -104.07103 
    73.40977 -104.26308 
    74.05145 -104.42149 
    74.69900 -104.54506 
    75.35110 -104.63256 
    76.00619 -104.68282 
    76.66241 -104.70123 
    77.31882 -104.68594 
    77.97311 -104.62772 
    78.62234 -104.52682 
    79.26364 -104.38364 
    79.89417 -104.19883 
    80.51112 -103.97322 
    81.11176 -103.70786 
    81.69347 -103.40395 
    82.25368 -103.06292 
    82.78997 -102.68636 
    83.30004 -102.27601 
    83.78173 -101.83380 
    84.23304 -101.36179 
    84.65217 -100.86219 
    85.03757 -100.33740 
    85.38808 -99.78996 
    85.70308 -99.22264 
    85.98291 -98.63838 
    86.22932 -98.04030 
    86.44612 -97.43141 
    86.63979 -96.81424 
    86.81973 -96.19010 
    86.99773 -95.55814 
    87.18604 -94.91458 
    87.39400 -94.25249 
    87.62349 -93.56287 
    87.86452 -92.83733 
    88.09265 -92.07205 
    88.27029 -91.27209 
    88.35252 -90.45414 
    88.29678 -89.64611 
    88.07373 -88.88273 
    87.67545 -88.19802 
    87.11819 -87.61705 
    86.43844 -87.14979 
    85.68374 -86.78939 
    85.17696 -86.25679 
    84.76511 -85.62398 
    84.30586 -85.01314 
    83.79886 -84.43000 
    83.24456 -83.88067 
    82.64428 -83.37149 
    82.00033 -82.90883 
    81.31601 -82.49883 
    80.59564 -82.14724 
    79.84448 -81.85912 
    79.06862 -81.63867 
    78.27480 -81.48904 
    77.47025 -81.41223 
    76.66241 -81.40892 
    75.85874 -81.47855 
    75.06647 -81.61931 
    74.29235 -81.82820 
    73.54250 -82.10127 
    72.82225 -82.43372 
    72.13601 -82.82011 
    71.48723 -83.25468 
    70.87842 -83.73145 
    70.31116 -84.24454 
    69.78625 -84.78828 
    69.30374 -85.35738 
    68.86313 -85.94711 
    68.46352 -86.55322 
    68.10373 -87.17213 
    67.78246 -87.80083 
    67.29893 -88.31025 
    66.79669 -88.82877 
    66.32661 -89.38883 
    65.89603 -89.98978 
    65.51249 -90.62966 
    65.18335 -91.30517 
    64.91537 -92.01162 
    64.71433 -92.74310 
    64.58464 -93.49262 
Cell 23 100 94.39552 -121.51091 
    82.83045 -121.51091 
    82.99926 -122.22790 
    83.21743 -122.92303 
    83.47770 -123.59360 
    83.77337 -124.23821 
    84.09866 -124.85657 
    84.49404 -125.43118 
    85.21027 -125.83316 
    85.84969 -126.20902 
    86.38937 -126.59177 
    86.88355 -126.96867 
    87.36665 -127.32571 
    87.84116 -127.66588 
    88.30618 -127.99540 
    88.76283 -128.31967 
    89.21367 -128.64311 
    89.66228 -128.96931 
    90.11286 -129.30104 
    90.57040 -129.63971 
    91.04068 -129.98427 
    91.52951 -130.33159 
    92.04256 -130.67511 
    92.58212 -131.01711 
    93.14364 -131.42059 
    93.72816 -132.11819 
    94.39552 -132.23236 
    95.07034 -132.23686 
    95.74536 -132.19595 
    96.41733 -132.10959 
    97.08301 -131.97798 
    97.73916 -131.80156 
    98.38258 -131.58107 
    99.01012 -131.31743 
    99.61871 -131.01186 
    100.20540 -130.66580 
    100.76732 -130.28094 
    101.30177 -129.85913 
    101.80621 -129.40250 
    102.27826 -128.91330 
    102.71574 -128.39398 
    103.11665 -127.84718 
    103.47925 -127.27561 
    103.80199 -126.68216 
    104.08359 -126.06976 
    104.32297 -125.44146 
    104.51934 -124.80034 
    104.67213 -124.14949 
    104.78104 -123.49205 
    104.84605 -122.83112 
    104.86733 -122.16974 
    104.84538 -121.51091 
    104.78088 -120.85752 
    104.67481 -120.21233 
    104.52835 -119.57797 
    104.34293 -118.95685 
    104.12016 -118.35118 
    103.86185 -117.76292 
    103.56995 -117.19375 
    103.24656 -116.64501 
    102.89379 -116.11774 
    102.51380 -115.61263 
    102.10867 -115.13004 
    101.68521 -114.66544 
    101.24100 -114.22122 
    100.76976 -113.80578 
    100.27345 -113.42064 
    99.76557 -113.04906 
    99.24123 -112.69660 
    98.69926 -112.36501 
    98.13943 -112.05487 
    97.56138 -111.76740 
    96.96472 -111.50454 
    96.34927 -111.26900 
    95.71524 -111.06425 
    95.06345 -110.89441 
    94.39552 -110.76413 
    93.71399 -110.67831 
    93.02243 -110.64178 
    92.32542 -110.65906 
    91.62846 -110.73394 
    90.93783 -110.86922 
    90.26025 -111.06642 
    89.60268 -111.32561 
    88.97187 -111.64532 
    88.37407 -112.02262 
    87.81470 -112.45319 
    87.27422 -112.90273 
    86.63663 -113.24853 
    86.01850 -113.64436 
    85.42809 -114.09240 
    84.87438 -114.59340 
    84.36663 -115.14638 
    83.91373 -115.74850 
    83.52368 -116.39501 
    83.20294 -117.07946 
    82.95607 -117.79401 
    82.78534 -118.52992 
    82.69069 -119.27809 
    82.66979 -120.02961 
    82.71834 -120.77625 
Cell 24 100 -99.36927 -106.28835 
    -109.54117 -106.28835 
    -109.53162 -106.92771 
    -109.48127 -107.56580 
    -109.39016 -108.19994 
    -109.25861 -108.82750 
    -109.08706 -109.44585 
    -108.87618 -110.05241 
    -108.62682 -110.64462 
    -108.33997 -111.22003 
    -108.01682 -111.77625 
    -107.65872 -112.31099 
    -107.26717 -112.82206 
    -106.84382 -113.30742 
    -106.39046 -113.76515 
    -105.90898 -114.19350 
    -105.40140 -114.59086 
    -104.86981 -114.95582 
    -104.31638 -115.28712 
    -103.74333 -115.58369 
    -103.15289 -115.84468 
    -102.54732 -116.06937 
    -101.92884 -116.25722 
    -101.29967 -116.40788 
    -100.66196 -116.52110 
    -100.01782 -116.59681 
    -99.36927 -116.63499 
    -98.71827 -116.63573 
    -98.06671 -116.59916 
    -97.41644 -116.52544 
    -96.76926 -116.41471 
    -96.12697 -116.26714 
    -95.49136 -116.08283 
    -94.86432 -115.86186 
    -94.24778 -115.60431 
    -93.64383 -115.31020 
    -93.05585 -114.97803 
    -92.64172 -114.42056 
    -92.38259 -113.72842 
    -92.16656 -113.05215 
    -91.93011 -112.44257 
    -91.66625 -111.88492 
    -91.38734 -111.35384 
    -91.09239 -110.83861 
    -90.77205 -110.33390 
    -90.41577 -109.83330 
    -90.04965 -109.31648 
    -89.69124 -108.77325 
    -89.30631 -108.20796 
    -88.87984 -107.61347 
    -88.32437 -106.98324 
    -87.64090 -106.28835 
    -87.06760 -105.51440 
    -87.03381 -104.73002 
    -87.23615 -103.97384 
    -87.65163 -103.27978 
    -88.22028 -102.66582 
    -88.86593 -102.12978 
    -89.30782 -101.55379 
    -89.17490 -100.68395 
    -88.95062 -99.67648 
    -90.55471 -99.88420 
    -91.03586 -99.39435 
    -91.54387 -98.93981 
    -92.07539 -98.52116 
    -92.62728 -98.13869 
    -93.19662 -97.79243 
    -93.78076 -97.48227 
    -94.37727 -97.20794 
    -94.98399 -96.96915 
    -95.59895 -96.76561 
    -96.22037 -96.59702 
    -96.84660 -96.46318 
    -97.47609 -96.36393 
    -98.09951 -96.23716 
    -98.72854 -96.10419 
    -99.36927 -95.97960 
    -100.02525 -95.86198 
    -100.69978 -95.75628 
    -101.39382 -95.67529 
    -102.10353 -95.63912 
    -102.81876 -95.67193 
    -103.52334 -95.79638 
    -104.19765 -96.02751 
    -104.82292 -96.36819 
    -105.38575 -96.80790 
    -105.88126 -97.32537 
    -106.31358 -97.89413 
    -106.69360 -98.48872 
    -107.03511 -99.08965 
    -107.35067 -99.68557 
    -107.64885 -100.27289 
    -107.93320 -100.85352 
    -108.20287 -101.43204 
    -108.49409 -101.99454 
    -108.75826 -102.57099 
    -108.98580 -103.16376 
    -109.17561 -103.77051 
    -109.32676 -104.38886 
    -109.43845 -105.01632 
    -109.51006 -105.65035 
