70 25 
Cell 0 100 -120.65607 -148.27052 
    -130.65616 -148.27052 
    -130.63641 -148.89844 
    -130.57729 -149.52386 
    -130.47900 -150.14435 
    -130.34195 -150.75743 
    -130.16667 -151.36070 
    -129.95386 -151.95177 
    -129.70897 -152.53049 
    -129.43347 -153.09593 
    -129.12923 -153.64775 
    -128.79086 -154.18079 
    -128.41887 -154.69246 
    -128.01447 -155.18051 
    -127.57912 -155.64282 
    -127.11442 -156.07732 
    -126.62212 -156.48209 
    -126.10413 -156.85527 
    -125.56245 -157.19519 
    -124.99925 -157.50024 
    -124.41679 -157.76900 
    -123.81743 -158.00017 
    -123.20364 -158.19263 
    -122.57796 -158.34540 
    -121.94302 -158.45773 
    -121.30148 -158.52899 
    -120.65607 -158.55875 
    -120.00954 -158.54680 
    -119.36467 -158.49306 
    -118.72421 -158.39771 
    -118.09093 -158.26108 
    -117.46758 -158.08369 
    -116.85684 -157.86629 
    -116.26134 -157.60979 
    -115.68369 -157.31526 
    -115.12633 -156.98401 
    -114.59168 -156.61745 
    -114.08203 -156.21718 
    -113.59953 -155.78497 
    -113.14623 -155.32274 
    -112.72401 -154.83249 
    -112.33464 -154.31639 
    -111.97969 -153.77672 
    -111.66058 -153.21584 
    -111.37857 -152.63618 
    -111.13403 -152.04057 
    -110.90034 -151.44035 
    -110.70046 -150.82669 
    -110.53458 -150.20129 
    -110.40282 -149.56581 
    -110.30543 -148.92174 
    -110.47691 -148.27052 
    -110.85318 -147.65378 
    -111.15670 -147.07047 
    -111.41774 -146.50821 
    -111.65267 -145.95885 
    -111.87328 -145.41681 
    -112.08875 -144.87848 
    -112.30427 -144.34045 
    -112.52477 -143.80029 
    -112.75808 -143.25830 
    -113.00768 -142.71364 
    -113.26797 -142.15855 
    -113.57505 -141.62100 
    -113.91924 -141.09653 
    -114.28496 -140.56917 
    -114.62471 -139.96907 
    -114.84570 -139.11484 
    -115.06610 -138.10240 
    -115.88551 -138.13254 
    -116.64135 -138.13048 
    -117.35475 -138.11008 
    -118.02523 -138.02406 
    -118.68221 -137.92311 
    -119.33415 -137.80644 
    -119.98924 -137.67149 
    -120.65607 -137.42661 
    -121.35539 -137.15520 
    -122.10077 -136.83466 
    -122.90979 -136.45613 
    -123.62597 -136.70357 
    -124.29988 -137.05603 
    -124.91553 -137.51236 
    -125.41452 -138.15831 
    -125.85725 -138.80962 
    -126.36481 -139.27501 
    -126.86352 -139.72672 
    -127.44971 -140.05843 
    -128.24333 -140.19092 
    -128.24226 -141.14661 
    -128.55644 -141.73477 
    -128.90414 -142.27794 
    -129.22142 -142.83479 
    -129.50793 -143.40417 
    -129.76321 -143.98503 
    -129.98668 -144.57628 
    -130.17767 -145.17677 
    -130.34204 -145.78358 
    -130.47906 -146.39668 
    -130.57733 -147.01718 
    -130.63644 -147.64261 
Cell 1 100 -103.18951 -141.44719 
    -113.68912 -141.44719 
    -113.31058 -142.08395 
    -113.01925 -142.68896 
    -112.75243 -143.27142 
    -112.50858 -143.83992 
    -112.28007 -144.40088 
    -112.05691 -144.95804 
    -111.83343 -145.51471 
    -111.60385 -146.07301 
    -111.36008 -146.63239 
    -111.09431 -147.19037 
    -110.79912 -147.74239 
    -110.47269 -148.28654 
    -110.06293 -148.76663 
    -109.58073 -149.17285 
    -109.08504 -149.56169 
    -108.56567 -149.91864 
    -108.02466 -150.24228 
    -107.46416 -150.53128 
    -106.88639 -150.78444 
    -106.29364 -151.00072 
    -105.68828 -151.17923 
    -105.07271 -151.31923 
    -104.44939 -151.42012 
    -103.82082 -151.48149 
    -103.18951 -151.50308 
    -102.55801 -151.48474 
    -101.92883 -151.42657 
    -101.30450 -151.32878 
    -100.68755 -151.19173 
    -100.08043 -151.01596 
    -99.48560 -150.80220 
    -98.90545 -150.55128 
    -98.34231 -150.26422 
    -97.79844 -149.94217 
    -97.27602 -149.58643 
    -96.77715 -149.19841 
    -96.30382 -148.77971 
    -95.85793 -148.33200 
    -95.44125 -147.85710 
    -95.05546 -147.35693 
    -94.69295 -146.83928 
    -94.35838 -146.30215 
    -94.10342 -145.72278 
    -94.10993 -145.04205 
    -94.06788 -144.41098 
    -94.01972 -143.80159 
    -93.98278 -143.20346 
    -93.95975 -142.61319 
    -93.95167 -142.02838 
    -93.95579 -141.44719 
    -93.93657 -140.86504 
    -93.92485 -140.27679 
    -93.91558 -139.67810 
    -93.91588 -139.06613 
    -93.92503 -138.43698 
    -93.93904 -137.78467 
    -93.94482 -137.09697 
    -93.92587 -136.35446 
    -93.78014 -135.47581 
    -94.18176 -134.90266 
    -94.63642 -134.37146 
    -95.13798 -133.88629 
    -95.67918 -133.44951 
    -96.25238 -133.06163 
    -96.85004 -132.72166 
    -97.46533 -132.42732 
    -98.09241 -132.17560 
    -98.72671 -131.96324 
    -99.36482 -131.78711 
    -100.00447 -131.64462 
    -100.60027 -131.36273 
    -101.21239 -131.08276 
    -101.85110 -130.85260 
    -102.51322 -130.69780 
    -103.18951 -130.63925 
    -103.86655 -130.68613 
    -104.53046 -130.83257 
    -105.17104 -131.05971 
    -105.76092 -131.43224 
    -106.34261 -131.74297 
    -106.94025 -131.97392 
    -107.54368 -132.19411 
    -108.09458 -132.52490 
    -108.56422 -132.97803 
    -109.03915 -133.39586 
    -109.51907 -133.79607 
    -110.00317 -134.19139 
    -110.49028 -134.59131 
    -110.98181 -135.00084 
    -111.47469 -135.42766 
    -111.96883 -135.87567 
    -112.46748 -136.34659 
    -112.98029 -136.84000 
    -113.53178 -137.35239 
    -114.18890 -137.87328 
    -114.78249 -138.47061 
    -114.81609 -139.22929 
    -114.60427 -140.00517 
    -114.15446 -140.75734 
Cell 2 100 -83.70107 -143.34146 
    -93.99130 -143.34146 
    -94.03474 -143.99161 
    -94.08401 -144.65314 
    -94.10721 -145.32654 
    -94.04229 -145.99664 
    -93.73547 -146.60184 
    -93.41064 -147.18576 
    -93.06812 -147.74925 
    -92.70750 -148.29279 
    -92.32804 -148.81630 
    -91.92886 -149.31931 
    -91.50907 -149.80081 
    -91.09138 -150.28143 
    -90.66792 -150.76041 
    -90.21291 -151.21294 
    -89.72797 -151.63678 
    -89.21487 -152.02983 
    -88.67556 -152.39003 
    -88.11216 -152.71552 
    -87.52694 -153.00450 
    -86.92230 -153.25542 
    -86.30082 -153.46683 
    -85.66512 -153.63742 
    -85.01801 -153.76619 
    -84.36235 -153.85222 
    -83.70107 -153.89493 
    -83.03717 -153.89381 
    -82.37370 -153.84868 
    -81.71371 -153.75957 
    -81.06026 -153.62669 
    -80.41643 -153.45055 
    -79.78519 -153.23183 
    -79.16953 -152.97147 
    -78.57232 -152.67062 
    -77.99635 -152.33066 
    -77.44431 -151.95314 
    -76.91875 -151.53989 
    -76.42208 -151.09279 
    -75.95657 -150.61403 
    -75.52428 -150.10588 
    -75.12713 -149.57079 
    -74.76684 -149.01129 
    -74.44488 -148.43010 
    -74.16257 -147.82994 
    -73.89967 -147.22211 
    -73.64269 -146.60962 
    -73.42058 -145.98105 
    -73.23534 -145.33791 
    -73.08942 -144.68202 
    -72.98552 -144.01563 
    -72.92651 -143.34146 
    -72.91525 -142.66287 
    -72.95425 -141.98383 
    -73.04553 -141.30881 
    -73.19028 -140.64275 
    -73.38871 -139.99077 
    -73.63994 -139.35799 
    -73.94196 -138.74918 
    -74.29173 -138.16864 
    -74.68535 -137.61992 
    -75.11829 -137.10571 
    -75.58566 -136.62781 
    -76.08250 -136.18716 
    -76.60410 -135.78395 
    -77.14606 -135.41783 
    -77.70458 -135.08801 
    -78.27643 -134.79361 
    -78.85892 -134.53365 
    -79.41838 -134.24030 
    -79.98685 -133.96042 
    -80.57055 -133.70671 
    -81.16859 -133.47812 
    -81.78051 -133.27354 
    -82.40627 -133.09204 
    -83.04623 -132.93307 
    -83.70107 -132.79665 
    -84.37346 -132.65404 
    -85.07007 -132.50468 
    -85.77984 -132.44417 
    -86.48546 -132.49696 
    -87.23116 -132.47696 
    -87.99465 -132.49710 
    -88.74925 -132.61351 
    -89.47922 -132.83104 
    -90.23143 -133.05125 
    -90.96880 -133.33827 
    -91.68101 -133.69537 
    -92.35705 -134.12378 
    -92.98593 -134.62239 
    -93.55730 -135.18767 
    -93.86048 -135.96021 
    -93.93838 -136.84467 
    -93.93964 -137.71275 
    -93.92366 -138.53107 
    -93.91576 -139.29716 
    -93.92089 -140.02084 
    -93.93356 -140.71420 
    -93.95376 -141.38565 
    -93.95192 -142.04648 
    -93.96297 -142.69583 
Cell 3 100 -59.15557 -155.68872 
    -69.29276 -155.68872 
    -69.24792 -156.32367 
    -69.16605 -156.95334 
    -69.04782 -157.57576 
    -68.89381 -158.18907 
    -68.70456 -158.79137 
    -68.48055 -159.38074 
    -68.22236 -159.95523 
    -67.93061 -160.51283 
    -67.60606 -161.05156 
    -67.24961 -161.56938 
    -66.86234 -162.06430 
    -66.44548 -162.53439 
    -66.00105 -162.97841 
    -65.52982 -163.39386 
    -65.03342 -163.77888 
    -64.51385 -164.13200 
    -63.97311 -164.45178 
    -63.41337 -164.73698 
    -62.83682 -164.98648 
    -62.24575 -165.19928 
    -61.64248 -165.37456 
    -61.02939 -165.51160 
    -60.40892 -165.60999 
    -59.78355 -165.67018 
    -59.15557 -165.69113 
    -58.52744 -165.67261 
    -57.90164 -165.61467 
    -57.28054 -165.51799 
    -56.66650 -165.38301 
    -56.06179 -165.21040 
    -55.46856 -165.00105 
    -54.88881 -164.75606 
    -54.32434 -164.47670 
    -53.77676 -164.16438 
    -53.24736 -163.82068 
    -52.73724 -163.44716 
    -52.24717 -163.04543 
    -51.77773 -162.61697 
    -51.32932 -162.16316 
    -50.90229 -161.68509 
    -50.49710 -161.18356 
    -50.11445 -160.65912 
    -49.75551 -160.11206 
    -49.42205 -159.54250 
    -49.11661 -158.95058 
    -48.84253 -158.33665 
    -48.60393 -157.70155 
    -48.40557 -157.04677 
    -48.25259 -156.37468 
    -48.15017 -155.68872 
    -48.10311 -154.99336 
    -48.11538 -154.29402 
    -48.18975 -153.59688 
    -48.32750 -152.90854 
    -48.52818 -152.23567 
    -48.78964 -151.58455 
    -49.10750 -150.96046 
    -49.55782 -150.41231 
    -50.20580 -150.00902 
    -50.88452 -149.67944 
    -51.49208 -149.34892 
    -52.06002 -149.02556 
    -52.60481 -148.71286 
    -53.13599 -148.41229 
    -53.65942 -148.12392 
    -54.17856 -147.84619 
    -54.69361 -147.57243 
    -55.20982 -147.30356 
    -55.73016 -147.03711 
    -56.25683 -146.76729 
    -56.79264 -146.48572 
    -57.34138 -146.17839 
    -57.90925 -145.82303 
    -58.52523 -145.66969 
    -59.15557 -145.63799 
    -59.78758 -145.64328 
    -60.41927 -145.68552 
    -61.04869 -145.76468 
    -61.67382 -145.88081 
    -62.29261 -146.03392 
    -62.90879 -146.20917 
    -63.50624 -146.44308 
    -64.08714 -146.71823 
    -64.65582 -147.02173 
    -65.20466 -147.36287 
    -65.73034 -147.74120 
    -66.22945 -148.15581 
    -66.69863 -148.60532 
    -67.13471 -149.08781 
    -67.53484 -149.60083 
    -67.89660 -150.14149 
    -68.21813 -150.70654 
    -68.49817 -151.29243 
    -68.73600 -151.89557 
    -68.93146 -152.51234 
    -69.08484 -153.13931 
    -69.19678 -153.77325 
    -69.26810 -154.41121 
    -69.29978 -155.05051 
Cell 4 100 -48.58181 -140.31952 
    -60.59935 -140.31952 
    -60.43937 -141.06554 
    -60.22986 -141.79102 
    -59.97503 -142.49289 
    -59.67909 -143.16882 
    -59.34610 -143.81705 
    -58.97988 -144.43640 
    -58.58373 -145.02606 
    -58.15528 -145.58258 
    -57.57931 -146.02950 
    -56.94862 -146.39836 
    -56.32960 -146.72905 
    -55.73350 -147.03540 
    -55.16311 -147.32788 
    -54.61605 -147.61366 
    -54.08617 -147.89561 
    -53.56696 -148.17485 
    -53.05580 -148.45767 
    -52.54703 -148.74602 
    -52.03453 -149.04007 
    -51.51197 -149.33760 
    -50.97271 -149.63147 
    -50.41116 -149.90930 
    -49.83503 -150.23978 
    -49.23408 -150.68694 
    -48.58181 -150.73381 
    -47.92634 -150.73796 
    -47.27057 -150.69913 
    -46.61743 -150.61720 
    -45.96988 -150.49232 
    -45.33088 -150.32486 
    -44.70336 -150.11539 
    -44.09020 -149.86469 
    -43.49424 -149.57378 
    -42.91824 -149.24390 
    -42.36485 -148.87645 
    -41.83661 -148.47307 
    -41.33594 -148.03558 
    -40.86512 -147.56598 
    -40.42626 -147.06638 
    -40.02127 -146.53911 
    -39.65191 -145.98660 
    -39.31973 -145.41139 
    -39.02605 -144.81612 
    -38.77204 -144.20349 
    -38.55858 -143.57626 
    -38.38640 -142.93726 
    -38.25599 -142.28928 
    -38.16763 -141.63513 
    -38.12142 -140.97763 
    -38.11727 -140.31952 
    -38.15490 -139.66351 
    -38.23387 -139.01227 
    -38.35361 -138.36839 
    -38.51339 -137.73439 
    -38.71237 -137.11275 
    -38.94958 -136.50584 
    -39.22393 -135.91603 
    -39.53739 -135.34731 
    -39.99186 -134.86818 
    -40.46371 -134.42137 
    -40.88117 -133.94899 
    -41.29960 -133.48106 
    -41.72295 -133.01556 
    -42.15405 -132.54970 
    -42.59507 -132.07947 
    -43.04774 -131.59920 
    -43.53742 -131.14380 
    -44.09032 -130.77461 
    -44.66723 -130.43240 
    -45.26763 -130.11949 
    -45.89073 -129.83844 
    -46.53543 -129.59203 
    -47.20025 -129.38329 
    -47.88321 -129.21550 
    -48.58181 -129.09201 
    -49.29296 -129.01622 
    -49.98502 -129.21201 
    -50.64728 -129.49197 
    -51.29182 -129.76476 
    -51.92257 -130.03775 
    -52.53859 -130.32584 
    -53.13679 -130.63971 
    -53.67614 -131.05298 
    -54.21615 -131.44122 
    -54.75054 -131.82899 
    -55.27456 -132.22939 
    -55.78463 -132.64931 
    -56.28033 -133.09013 
    -56.76645 -133.54861 
    -57.23946 -134.02936 
    -57.70222 -134.53154 
    -58.16454 -135.05138 
    -58.64699 -135.58321 
    -59.19475 -136.11755 
    -59.85156 -136.65776 
    -60.36161 -137.29498 
    -60.73762 -138.00067 
    -60.75474 -138.78172 
    -60.70572 -139.55675 
Cell 5 100 -9.39419 -147.28021 
    -19.78500 -147.28021 
    -19.79785 -147.93475 
    -19.76772 -148.59070 
    -19.69440 -149.24509 
    -19.57787 -149.89494 
    -19.41837 -150.53726 
    -19.21631 -151.16907 
    -18.97241 -151.78738 
    -18.68752 -152.38927 
    -18.36280 -152.97186 
    -17.99957 -153.53238 
    -17.59937 -154.06812 
    -17.16398 -154.57652 
    -16.69534 -155.05515 
    -16.19559 -155.50169 
    -15.66702 -155.91402 
    -15.11211 -156.29021 
    -14.53346 -156.62851 
    -13.93378 -156.92732 
    -13.31592 -157.18536 
    -12.68280 -157.40149 
    -12.03741 -157.57484 
    -11.38277 -157.70468 
    -10.72197 -157.79068 
    -10.05809 -157.83257 
    -9.39419 -157.83040 
    -8.73332 -157.78445 
    -8.07847 -157.69521 
    -7.43258 -157.56337 
    -6.79848 -157.38985 
    -6.17893 -157.17578 
    -5.57657 -156.92242 
    -4.99390 -156.63130 
    -4.43331 -156.30403 
    -3.89702 -155.94237 
    -3.38708 -155.54829 
    -2.90541 -155.12379 
    -2.45373 -154.67105 
    -2.01600 -154.20879 
    -1.57543 -153.74846 
    -1.16164 -153.26152 
    -0.79121 -152.73984 
    -0.47199 -152.18524 
    -0.28416 -151.56706 
    -0.10219 -150.95917 
    0.06973 -150.35522 
    0.22867 -149.75095 
    0.37259 -149.14333 
    0.50008 -148.53015 
    0.61185 -147.90974 
    0.70747 -147.28021 
    0.78844 -146.63957 
    0.94271 -145.97437 
    1.22072 -145.25529 
    1.55758 -144.46828 
    2.00470 -143.57649 
    2.31942 -142.64247 
    2.09770 -141.87254 
    1.72906 -141.16516 
    1.22482 -140.54118 
    0.60844 -140.01288 
    -0.08857 -139.58192 
    -0.83221 -139.23997 
    -1.59145 -138.97115 
    -2.34224 -138.75586 
    -3.06941 -138.57489 
    -3.76659 -138.41252 
    -4.42461 -138.24059 
    -5.01579 -137.97563 
    -5.62003 -137.74776 
    -6.23499 -137.55719 
    -6.85844 -137.40410 
    -7.47418 -137.21513 
    -8.09716 -137.01317 
    -8.73654 -136.82712 
    -9.39419 -136.64134 
    -10.07380 -136.47816 
    -10.73905 -136.63458 
    -11.40575 -136.73529 
    -12.07259 -136.84854 
    -12.74008 -136.98264 
    -13.40879 -137.14049 
    -14.08206 -137.31799 
    -14.72282 -137.58749 
    -15.29532 -137.98154 
    -15.78063 -138.49004 
    -16.21980 -139.02948 
    -16.61977 -139.58575 
    -16.98798 -140.14917 
    -17.33064 -140.71461 
    -17.65172 -141.28076 
    -17.95261 -141.84888 
    -18.23248 -142.42133 
    -18.55256 -142.97061 
    -18.84338 -143.53902 
    -19.09819 -144.12720 
    -19.31549 -144.73285 
    -19.49392 -145.35359 
    -19.63230 -145.98683 
    -19.72960 -146.62996 
Cell 6 100 9.45908 -151.59085 
    -0.29139 -151.59085 
    -0.49015 -152.21680 
    -0.90436 -152.90005 
    -1.25920 -153.63547 
    -1.34028 -154.36366 
    -1.25716 -155.07277 
    -1.04592 -155.75008 
    -0.77837 -156.40823 
    -0.46505 -157.04669 
    -0.10756 -157.66202 
    0.29230 -158.25090 
    0.73235 -158.81023 
    1.21026 -159.33701 
    1.72335 -159.82857 
    2.26884 -160.28236 
    2.84368 -160.69618 
    3.44467 -161.06805 
    4.06850 -161.39629 
    4.71172 -161.67950 
    5.37082 -161.91663 
    6.04222 -162.10687 
    6.72235 -162.24971 
    7.40761 -162.34506 
    8.09445 -162.39299 
    8.77941 -162.39391 
    9.45908 -162.34853 
    10.13019 -162.25778 
    10.78959 -162.12289 
    11.43430 -161.94533 
    12.06150 -161.72662 
    12.66860 -161.46873 
    13.25315 -161.17357 
    13.84305 -160.90726 
    14.43992 -160.65096 
    15.02387 -160.35956 
    15.59293 -160.03337 
    16.14501 -159.67274 
    16.67787 -159.27808 
    17.18916 -158.84987 
    17.67633 -158.38875 
    18.13672 -157.89552 
    18.56753 -157.37125 
    18.96583 -156.81723 
    19.32869 -156.23514 
    19.65313 -155.62695 
    19.93630 -154.99510 
    20.17546 -154.34235 
    20.36813 -153.67186 
    20.51214 -152.98718 
    20.60572 -152.29214 
    20.64753 -151.59085 
    20.63679 -150.88760 
    20.57322 -150.18681 
    20.45716 -149.49286 
    20.28948 -148.81007 
    20.07160 -148.14264 
    19.80545 -147.49443 
    19.49337 -146.86908 
    19.13809 -146.26978 
    18.74264 -145.69933 
    18.31021 -145.16013 
    17.84415 -144.65411 
    17.34781 -144.18283 
    16.82454 -143.74744 
    16.27755 -143.34874 
    15.70996 -142.98724 
    15.12470 -142.66327 
    14.52450 -142.37689 
    13.91192 -142.12810 
    13.28932 -141.91678 
    12.65892 -141.74278 
    12.02278 -141.60593 
    11.38286 -141.50604 
    10.77078 -141.20772 
    10.13451 -140.85516 
    9.45908 -140.46259 
    8.73390 -140.06436 
    7.95961 -139.72130 
    7.15422 -139.50833 
    6.35264 -139.49207 
    5.59791 -139.70740 
    4.92698 -140.14407 
    4.35791 -140.75031 
    3.88486 -141.45139 
    3.43999 -142.10629 
    2.88081 -142.53664 
    2.36978 -143.02136 
    1.97978 -143.62621 
    1.65897 -144.26605 
    1.37238 -144.90096 
    1.11506 -145.52858 
    0.89989 -146.15903 
    0.76663 -146.81215 
    0.68019 -147.45982 
    0.58188 -148.07611 
    0.47092 -148.67043 
    0.34702 -149.25127 
    0.20886 -149.82628 
    0.05613 -150.40298 
    -0.11104 -150.98875 
Cell 7 100 29.45608 -138.66176 
    19.14741 -138.66176 
    19.12373 -139.31181 
    19.14256 -139.96466 
    19.20431 -140.61739 
    19.30918 -141.26704 
    19.45712 -141.91061 
    19.64784 -142.54512 
    19.88084 -143.16753 
    20.15532 -143.77490 
    20.47033 -144.36429 
    20.82478 -144.93277 
    21.21734 -145.47743 
    21.64627 -145.99565 
    22.10972 -146.48483 
    22.60564 -146.94252 
    23.13177 -147.36642 
    23.68571 -147.75441 
    24.26486 -148.10455 
    24.86651 -148.41510 
    25.48778 -148.68456 
    26.12571 -148.91159 
    26.77723 -149.09520 
    27.43922 -149.23451 
    28.10850 -149.32896 
    28.78186 -149.37823 
    29.45608 -149.38226 
    30.12798 -149.34117 
    30.79437 -149.25540 
    31.45217 -149.12561 
    32.09833 -148.95262 
    32.72993 -148.73761 
    33.34413 -148.48184 
    33.93825 -148.18684 
    34.50973 -147.85431 
    35.05618 -147.48610 
    35.57540 -147.08427 
    36.06532 -146.65096 
    36.52410 -146.18843 
    36.95012 -145.69913 
    37.37759 -145.21500 
    37.80598 -144.72832 
    38.20811 -144.21597 
    38.58257 -143.67909 
    38.92787 -143.11884 
    39.24246 -142.53645 
    39.52469 -141.93324 
    39.77280 -141.31064 
    39.98495 -140.67024 
    40.15921 -140.01387 
    40.29361 -139.34360 
    40.38620 -138.66176 
    40.43504 -137.97102 
    40.43834 -137.27438 
    40.39450 -136.57515 
    40.30218 -135.87695 
    40.16037 -135.18373 
    39.96848 -134.49960 
    39.72639 -133.82892 
    39.43449 -133.17609 
    39.09375 -132.54552 
    38.70567 -131.94154 
    38.27235 -131.36830 
    37.79639 -130.82968 
    37.28089 -130.32918 
    36.72938 -129.86986 
    36.22603 -129.34372 
    35.66515 -128.87782 
    35.05111 -128.48444 
    34.39252 -128.17128 
    33.70015 -127.94246 
    32.98591 -127.79806 
    32.26179 -127.73425 
    31.53878 -127.74387 
    30.82627 -127.81564 
    30.13660 -127.84525 
    29.45608 -127.67304 
    28.75592 -127.53307 
    28.03818 -127.43787 
    27.30703 -127.39600 
    26.56866 -127.41597 
    25.83114 -127.50533 
    25.10404 -127.66975 
    24.39781 -127.91238 
    23.75779 -128.29662 
    23.24948 -128.88171 
    22.77042 -129.45975 
    22.33465 -130.05342 
    21.96564 -130.68524 
    21.64183 -131.32368 
    21.33757 -131.94554 
    21.04989 -132.55431 
    20.77557 -133.15294 
    20.50986 -133.74353 
    20.24671 -134.32816 
    19.97867 -134.90938 
    19.70199 -135.49246 
    19.44803 -136.09213 
    19.38794 -136.74117 
    19.31521 -137.38066 
    19.21300 -138.01732 
Cell 8 100 46.02850 -150.95969 
    35.99765 -150.95969 
    36.01972 -151.58939 
    36.07285 -152.21738 
    36.16361 -152.84152 
    36.29341 -153.45923 
    36.46206 -154.06801 
    36.66898 -154.66537 
    36.91344 -155.24892 
    37.19452 -155.81621 
    37.51115 -156.36496 
    37.86215 -156.89288 
    38.24613 -157.39783 
    38.66160 -157.87767 
    39.10691 -158.33043 
    39.58031 -158.75421 
    40.07989 -159.14726 
    40.60363 -159.50790 
    41.14945 -159.83466 
    41.71510 -160.12613 
    42.29830 -160.38110 
    42.89666 -160.59853 
    43.50773 -160.77747 
    44.12901 -160.91716 
    44.75796 -161.01706 
    45.39199 -161.07672 
    46.02850 -161.09592 
    46.66488 -161.07458 
    47.29851 -161.01282 
    47.92680 -160.91089 
    48.54717 -160.76924 
    49.15710 -160.58850 
    49.75409 -160.36943 
    50.33572 -160.11299 
    50.89964 -159.82025 
    51.44357 -159.49246 
    51.96532 -159.13101 
    52.46282 -158.73744 
    52.93408 -158.31339 
    53.37725 -157.86063 
    53.79059 -157.38104 
    54.17248 -156.87663 
    54.52147 -156.34949 
    54.83622 -155.80177 
    55.11555 -155.23573 
    55.35843 -154.65367 
    55.56398 -154.05795 
    55.73146 -153.45099 
    55.86031 -152.83521 
    55.95012 -152.21307 
    56.00993 -151.58766 
    56.03210 -150.95969 
    55.99176 -150.33286 
    55.95244 -149.70599 
    55.85683 -149.08484 
    55.72073 -148.47115 
    55.54633 -147.86716 
    55.33430 -147.27527 
    55.08546 -146.69780 
    54.80080 -146.13707 
    54.48364 -145.59389 
    54.13720 -145.06837 
    53.76223 -144.56180 
    53.36109 -144.07393 
    52.93588 -143.60406 
    52.48812 -143.15135 
    52.01833 -142.71541 
    51.52590 -142.29716 
    51.00927 -141.89970 
    50.46637 -141.52875 
    49.99643 -140.93784 
    49.50249 -140.26785 
    48.80008 -140.16512 
    48.02497 -140.49385 
    47.36354 -140.39174 
    46.69537 -140.36009 
    46.02850 -140.21809 
    45.35092 -140.18976 
    44.69770 -140.42528 
    44.08892 -140.79204 
    43.48026 -141.03493 
    42.88282 -141.27826 
    42.30107 -141.54527 
    41.73486 -141.83522 
    41.18469 -142.14882 
    40.65184 -142.48743 
    40.13816 -142.85234 
    39.64589 -143.24443 
    39.17532 -143.66179 
    38.73125 -144.10712 
    38.31609 -144.57942 
    37.93148 -145.07686 
    37.57892 -145.59741 
    37.25980 -146.13905 
    36.97537 -146.69960 
    36.72675 -147.27686 
    36.50457 -147.86517 
    36.27786 -148.45615 
    36.10617 -149.06689 
    36.01958 -149.69527 
    35.99574 -150.32848 
Cell 9 100 67.01807 -151.99185 
    56.23709 -151.99185 
    56.28968 -152.66682 
    56.29265 -153.34679 
    56.30963 -154.03459 
    56.36569 -154.72691 
    56.52315 -155.40186 
    56.72517 -156.06709 
    56.97181 -156.71925 
    57.26273 -157.35489 
    57.59708 -157.97060 
    57.97375 -158.56293 
    58.39108 -159.12871 
    58.84717 -159.66483 
    59.33977 -160.16841 
    59.86639 -160.63673 
    60.42431 -161.06738 
    61.01056 -161.45816 
    61.62210 -161.80708 
    62.25565 -162.11250 
    62.90783 -162.37314 
    63.57520 -162.58789 
    64.25426 -162.75618 
    64.94150 -162.87761 
    65.63345 -162.95226 
    66.32672 -162.98050 
    67.01807 -162.96306 
    67.70441 -162.90108 
    68.38296 -162.79607 
    69.05114 -162.64961 
    69.70679 -162.46376 
    70.34812 -162.24071 
    70.97366 -161.98253 
    71.58243 -161.69160 
    72.17365 -161.36984 
    72.74702 -161.01924 
    73.30231 -160.64137 
    73.83931 -160.23732 
    74.35778 -159.80786 
    74.85709 -159.35320 
    75.33630 -158.87329 
    75.79366 -158.36769 
    76.22675 -157.83586 
    76.63235 -157.27734 
    76.99221 -156.68533 
    77.24239 -156.03995 
    77.47247 -155.38869 
    77.69227 -154.73253 
    77.87095 -154.06215 
    77.99247 -153.37823 
    78.05792 -152.68642 
    78.06649 -151.99185 
    78.01605 -151.29991 
    77.91084 -150.61577 
    77.75536 -149.94360 
    77.55285 -149.28697 
    77.31342 -148.64668 
    77.17465 -147.97058 
    76.99296 -147.29802 
    76.76640 -146.63266 
    76.49341 -145.97862 
    76.17284 -145.34052 
    75.80363 -144.72380 
    75.35023 -144.16743 
    74.87233 -143.62790 
    74.36641 -143.10924 
    73.83194 -142.61336 
    73.27007 -142.14027 
    72.64206 -141.76186 
    71.98502 -141.43654 
    71.30336 -141.16843 
    70.60287 -140.95894 
    69.88948 -140.80844 
    69.16898 -140.71637 
    68.44692 -140.68127 
    67.72843 -140.70091 
    67.01807 -140.77246 
    66.31977 -140.89272 
    65.63683 -141.05820 
    64.97188 -141.26537 
    64.32699 -141.51080 
    63.70370 -141.79129 
    63.10315 -142.10390 
    62.52615 -142.44604 
    61.97335 -142.81555 
    61.44529 -143.21056 
    60.94248 -143.62953 
    60.46550 -144.07117 
    60.01502 -144.53436 
    59.48299 -144.91594 
    58.93703 -145.30664 
    58.38705 -145.72105 
    57.84306 -146.16922 
    57.32337 -146.66216 
    56.85298 -147.20853 
    56.45921 -147.81131 
    56.16576 -148.46573 
    55.98678 -149.15950 
    55.96355 -149.88309 
    56.00902 -150.60109 
    56.08451 -151.30397 
Cell 10 100 83.40382 -137.88132 
    71.49937 -137.88132 
    71.15813 -138.65175 
    71.35130 -139.40390 
    71.73426 -140.10741 
    72.16244 -140.76761 
    72.61903 -141.38551 
    73.09567 -141.96260 
    73.65834 -142.46719 
    74.19074 -142.94626 
    74.67211 -143.42264 
    75.11588 -143.90286 
    75.53345 -144.39226 
    75.95210 -144.87895 
    76.44300 -145.29384 
    76.94613 -145.68733 
    77.46383 -146.05702 
    77.99752 -146.40028 
    78.54774 -146.71449 
    79.11420 -146.99722 
    79.69594 -147.24637 
    80.29149 -147.46011 
    80.89899 -147.63701 
    81.51633 -147.77592 
    82.14120 -147.87599 
    82.77112 -147.93788 
    83.40382 -147.96136 
    84.03701 -147.94551 
    84.66827 -147.89049 
    85.29528 -147.79668 
    85.91573 -147.66457 
    86.52745 -147.49484 
    87.12831 -147.28830 
    87.71635 -147.04590 
    88.28967 -146.76865 
    88.84656 -146.45769 
    89.38538 -146.11423 
    89.90467 -145.73949 
    90.40304 -145.33473 
    90.87924 -144.90120 
    91.33209 -144.44016 
    91.76046 -143.95277 
    92.16325 -143.44022 
    92.53934 -142.90361 
    92.88759 -142.34404 
    93.20675 -141.76257 
    93.49546 -141.16029 
    93.75224 -140.53835 
    93.97545 -139.89796 
    94.16326 -139.24055 
    94.31374 -138.56770 
    94.42479 -137.88132 
    94.49426 -137.18356 
    94.51999 -136.47702 
    94.49985 -135.76463 
    94.43185 -135.04980 
    94.31428 -134.33629 
    94.00253 -133.68500 
    93.51547 -133.12314 
    92.88187 -132.67072 
    92.30196 -132.23438 
    91.77148 -131.80185 
    91.26857 -131.37503 
    90.77979 -130.95482 
    90.29664 -130.54123 
    89.81362 -130.13319 
    89.32720 -129.72847 
    88.83506 -129.32306 
    88.33562 -128.91040 
    87.82767 -128.48016 
    87.30396 -128.03070 
    86.74072 -127.61143 
    86.14167 -127.21811 
    85.51556 -126.81118 
    84.82594 -126.62415 
    84.11034 -126.65147 
    83.40382 -126.72593 
    82.70948 -126.84504 
    82.02998 -127.00623 
    81.36757 -127.20688 
    80.72410 -127.44449 
    80.10112 -127.71664 
    79.49989 -128.02109 
    78.92146 -128.35580 
    78.36675 -128.71892 
    77.83659 -129.10875 
    77.28435 -129.45859 
    76.66413 -129.73444 
    76.20160 -130.21172 
    75.85059 -130.78836 
    75.51582 -131.35579 
    75.20255 -131.92274 
    74.87074 -132.46606 
    74.52838 -133.00200 
    74.18275 -133.54221 
    73.83649 -134.09335 
    73.49554 -134.66193 
    73.16073 -135.25134 
    72.82517 -135.86333 
    72.47112 -136.50020 
    72.05433 -137.16727 
Cell 11 100 114.07896 -146.48119 
    103.91393 -146.48119 
    103.92450 -147.12006 
    103.97590 -147.75751 
    104.06801 -148.39088 
    104.20054 -149.01753 
    104.37302 -149.63484 
    104.58481 -150.24019 
    104.83508 -150.83102 
    105.12283 -151.40486 
    105.44691 -151.95926 
    105.80596 -152.49187 
    106.19852 -153.00046 
    106.62296 -153.48285 
    107.07747 -153.93703 
    107.56016 -154.36107 
    108.06898 -154.75322 
    108.60179 -155.11183 
    109.15632 -155.43544 
    109.73023 -155.72272 
    110.32108 -155.97250 
    110.92639 -156.18381 
    111.54359 -156.35583 
    112.17008 -156.48792 
    112.80324 -156.57961 
    113.44041 -156.63063 
    114.07896 -156.64088 
    114.71625 -156.61049 
    115.34966 -156.53972 
    115.97662 -156.42905 
    116.59467 -156.27919 
    117.20140 -156.09106 
    117.79461 -155.86583 
    118.37224 -155.60486 
    118.93255 -155.30983 
    119.47412 -154.98259 
    119.99598 -154.62526 
    120.49764 -154.24004 
    120.97919 -153.82918 
    121.44122 -153.39481 
    121.88482 -152.93875 
    122.31126 -152.46230 
    122.72177 -151.96608 
    123.11707 -151.44992 
    123.49687 -150.91292 
    123.85941 -150.35353 
    124.20101 -149.77003 
    124.51591 -149.16093 
    124.79633 -148.52563 
    125.03294 -147.86499 
    125.21562 -147.18184 
    125.33449 -146.48119 
    125.38106 -145.77011 
    125.34933 -145.05740 
    125.23662 -144.35275 
    125.36548 -143.58330 
    125.55218 -142.75331 
    125.19392 -142.08046 
    124.39980 -141.62457 
    123.60956 -141.24170 
    123.13548 -140.73375 
    122.63603 -140.26411 
    122.11925 -139.82968 
    121.59102 -139.42690 
    121.05505 -139.05241 
    120.51316 -138.70358 
    119.99035 -138.34486 
    119.47388 -137.98015 
    118.93855 -137.64163 
    118.38624 -137.32777 
    117.81797 -137.03752 
    117.23380 -136.77161 
    116.63307 -136.53357 
    116.01531 -136.33047 
    115.38129 -136.17216 
    114.73402 -136.06932 
    114.07896 -136.03073 
    113.42336 -136.06061 
    112.75245 -135.98074 
    112.03210 -135.75114 
    111.27161 -135.54726 
    110.49921 -135.46385 
    109.76614 -135.58826 
    109.12459 -135.95261 
    108.59967 -136.51439 
    108.17659 -137.18054 
    107.81266 -137.85637 
    107.46343 -138.48438 
    107.10298 -139.05252 
    106.72797 -139.57814 
    106.34919 -140.08656 
    105.95523 -140.57895 
    105.58886 -141.09320 
    105.25525 -141.63031 
    104.95587 -142.18819 
    104.69209 -142.76466 
    104.46512 -143.35745 
    104.27601 -143.96422 
    104.12566 -144.58249 
    104.01485 -145.20979 
    103.94413 -145.84355 
Cell 12 100 -117.01532 -128.45209 
    -127.77522 -128.45209 
    -128.04169 -129.14581 
    -128.25351 -129.87180 
    -128.40703 -130.62517 
    -128.49928 -131.40067 
    -128.52802 -132.19278 
    -128.49147 -132.99582 
    -128.38881 -133.80405 
    -128.21967 -134.61172 
    -127.98435 -135.41324 
    -127.68354 -136.20300 
    -127.31853 -136.97565 
    -126.89092 -137.72589 
    -126.40283 -138.44878 
    -124.00594 -136.90230 
    -122.85069 -136.48378 
    -122.28143 -136.75014 
    -121.71490 -137.00060 
    -121.14848 -137.23550 
    -120.57969 -137.45465 
    -120.00858 -137.66440 
    -119.41294 -137.79021 
    -118.81740 -137.89891 
    -118.22075 -137.99402 
    -117.62080 -138.07594 
    -117.01532 -138.11978 
    -116.40636 -138.13112 
    -115.79283 -138.12914 
    -115.17367 -138.10635 
    -114.51270 -138.19913 
    -114.00226 -137.72533 
    -113.50229 -137.32498 
    -113.04150 -136.89687 
    -112.60339 -136.47736 
    -112.17850 -136.07368 
    -111.75960 -135.68597 
    -111.34064 -135.31158 
    -110.91663 -134.94653 
    -110.48358 -134.58580 
    -110.04057 -134.22211 
    -109.58540 -133.85023 
    -109.11955 -133.46291 
    -108.64822 -133.05194 
    -108.18165 -132.60890 
    -107.55178 -132.19897 
    -106.59127 -131.83907 
    -105.65903 -131.36789 
    -104.94201 -130.75519 
    -105.06480 -129.96179 
    -105.24192 -129.19281 
    -105.45664 -128.45209 
    -105.51131 -127.72832 
    -105.42599 -126.98801 
    -105.33282 -126.22353 
    -105.26035 -125.43392 
    -105.52139 -124.71748 
    -106.09066 -124.12671 
    -106.82443 -123.65662 
    -107.56415 -123.25626 
    -108.17071 -122.83913 
    -108.43359 -122.21709 
    -108.72976 -121.59768 
    -109.06525 -120.98647 
    -109.44635 -120.39195 
    -109.87855 -119.82521 
    -110.36530 -119.29913 
    -110.90707 -118.82702 
    -111.50070 -118.42103 
    -112.13953 -118.09050 
    -112.81399 -117.84074 
    -113.51276 -117.67230 
    -114.22415 -117.58120 
    -114.93748 -117.55965 
    -115.64406 -117.59745 
    -116.33783 -117.68362 
    -117.01532 -117.80785 
    -117.67532 -117.96165 
    -118.31816 -118.13902 
    -118.94495 -118.33658 
    -119.55691 -118.55325 
    -120.15482 -118.78972 
    -120.73879 -119.04768 
    -121.30820 -119.32927 
    -121.86172 -119.63653 
    -122.39755 -119.97104 
    -122.91543 -120.33128 
    -123.41321 -120.71837 
    -123.88556 -121.13602 
    -124.33061 -121.58257 
    -124.74660 -122.05622 
    -125.13186 -122.55508 
    -125.48488 -123.07714 
    -125.80428 -123.62032 
    -126.08878 -124.18244 
    -126.33728 -124.76127 
    -126.54881 -125.35447 
    -126.72254 -125.95969 
    -126.85834 -126.57443 
    -127.09612 -127.17859 
    -127.45840 -127.79507 
Cell 13 100 -84.54586 -117.89890 
    -94.72200 -117.89890 
    -94.71398 -118.53863 
    -94.66511 -119.17726 
    -94.57543 -119.81215 
    -94.44518 -120.44061 
    -94.27476 -121.06001 
    -94.06479 -121.66771 
    -93.81605 -122.26112 
    -93.52950 -122.83770 
    -93.20631 -123.39499 
    -92.84776 -123.93058 
    -92.45535 -124.44220 
    -92.03069 -124.92763 
    -91.57558 -125.38480 
    -91.09194 -125.81175 
    -90.58181 -126.20668 
    -90.04737 -126.56789 
    -89.49090 -126.89390 
    -88.91477 -127.18331 
    -88.32145 -127.43496 
    -87.71347 -127.64781 
    -87.09344 -127.82104 
    -86.46397 -127.95399 
    -85.82776 -128.04617 
    -85.18749 -128.09729 
    -84.54586 -128.10727 
    -83.90556 -128.07616 
    -83.26926 -128.00423 
    -82.63959 -127.89194 
    -82.01912 -127.73990 
    -81.41039 -127.54891 
    -80.81581 -127.31993 
    -80.23775 -127.05409 
    -79.67846 -126.75268 
    -79.12285 -126.44421 
    -78.57883 -126.11181 
    -78.05338 -125.74696 
    -77.54836 -125.35049 
    -77.06569 -124.92325 
    -76.60738 -124.46619 
    -76.17551 -123.98032 
    -75.77226 -123.46680 
    -75.39990 -122.92693 
    -75.06075 -122.36225 
    -74.75718 -121.77451 
    -74.49152 -121.16576 
    -74.26608 -120.53831 
    -74.08298 -119.89481 
    -73.94421 -119.23820 
    -73.85141 -118.57174 
    -73.80595 -117.89890 
    -73.80877 -117.22338 
    -73.86035 -116.54901 
    -73.96072 -115.87968 
    -74.10938 -115.21927 
    -74.30540 -114.57158 
    -74.54736 -113.94022 
    -74.83340 -113.32857 
    -75.09466 -112.70306 
    -75.35926 -112.06891 
    -75.66466 -111.44633 
    -76.01187 -110.83897 
    -76.40164 -110.25097 
    -76.83428 -109.68690 
    -77.30953 -109.15169 
    -77.82645 -108.65043 
    -78.38333 -108.18831 
    -78.97763 -107.77032 
    -79.60600 -107.40115 
    -80.26430 -107.08491 
    -80.94773 -106.82499 
    -81.65094 -106.62392 
    -82.36821 -106.48326 
    -83.09366 -106.40354 
    -83.82142 -106.38428 
    -84.54586 -106.42403 
    -85.26173 -106.52050 
    -85.96431 -106.67070 
    -86.64952 -106.87111 
    -87.31396 -107.11787 
    -87.95490 -107.40697 
    -88.57027 -107.73441 
    -89.12092 -108.17641 
    -89.63078 -108.64948 
    -90.09216 -109.15932 
    -90.51446 -109.68384 
    -90.91425 -110.20084 
    -91.29440 -110.71245 
    -91.65659 -111.22148 
    -92.00094 -111.73152 
    -92.36774 -112.21598 
    -92.71760 -112.71296 
    -93.05740 -113.21964 
    -93.38095 -113.74142 
    -93.69061 -114.27825 
    -93.94612 -114.84457 
    -94.16228 -115.42982 
    -94.36465 -116.02586 
    -94.61625 -116.62672 
    -94.68931 -117.26073 
Cell 14 100 -61.67018 -127.13834 
    -71.90892 -127.13834 
    -71.92137 -127.78329 
    -71.89616 -128.43019 
    -71.83211 -129.07683 
    -71.72817 -129.72079 
    -71.58363 -130.35942 
    -71.39808 -130.98990 
    -71.17149 -131.60931 
    -70.90415 -132.21477 
    -70.59669 -132.80328 
    -70.25002 -133.37196 
    -69.86536 -133.91798 
    -69.44415 -134.43858 
    -68.98809 -134.93112 
    -68.49911 -135.39310 
    -67.97932 -135.82214 
    -67.43106 -136.21605 
    -66.85680 -136.57278 
    -66.25920 -136.89052 
    -65.64105 -137.16763 
    -65.00526 -137.40269 
    -64.35487 -137.59454 
    -63.69297 -137.74222 
    -63.02275 -137.84503 
    -62.34741 -137.90259 
    -61.67018 -137.91467 
    -60.99427 -137.88150 
    -60.38221 -137.33363 
    -59.85373 -136.66048 
    -59.33508 -136.23297 
    -58.85906 -135.79008 
    -58.42396 -135.33736 
    -58.02201 -134.89111 
    -57.64179 -134.46596 
    -57.27354 -134.06635 
    -56.90818 -133.69267 
    -56.54215 -133.33707 
    -56.17175 -132.99358 
    -55.79335 -132.65706 
    -55.39566 -132.32909 
    -54.97646 -132.00162 
    -54.53050 -131.66933 
    -54.05458 -131.32506 
    -53.55249 -130.95824 
    -53.00345 -130.56975 
    -52.26043 -130.19576 
    -51.34735 -129.78879 
    -50.23832 -129.31909 
    -49.24514 -128.70799 
    -49.08877 -127.92990 
    -49.04408 -127.13834 
    -49.06587 -126.34534 
    -49.15372 -125.55715 
    -49.30688 -124.77992 
    -49.52371 -124.01966 
    -49.80177 -123.28207 
    -50.13783 -122.57236 
    -50.52802 -121.89524 
    -50.96796 -121.25475 
    -51.45282 -120.65421 
    -51.97756 -120.09624 
    -52.53700 -119.58272 
    -53.12598 -119.11481 
    -53.73949 -118.69302 
    -54.37276 -118.31728 
    -54.89978 -117.81969 
    -55.47204 -117.37164 
    -56.11896 -117.04072 
    -56.81897 -116.82900 
    -57.54604 -116.72195 
    -58.27642 -116.69344 
    -58.99365 -116.71397 
    -59.69010 -116.75842 
    -60.36550 -116.81075 
    -61.02290 -116.85011 
    -61.67018 -116.90257 
    -62.30885 -116.98699 
    -62.94564 -117.04205 
    -63.58509 -117.10000 
    -64.22507 -117.18771 
    -64.86504 -117.30556 
    -65.50405 -117.45509 
    -66.14018 -117.63910 
    -66.77020 -117.86143 
    -67.38924 -118.12655 
    -67.99081 -118.43874 
    -68.56709 -118.80141 
    -69.10960 -119.21616 
    -69.61004 -119.68232 
    -70.06123 -120.19666 
    -70.45803 -120.75359 
    -70.79784 -121.34576 
    -71.08077 -121.96483 
    -71.30936 -122.60249 
    -71.48792 -123.25123 
    -71.62164 -123.90491 
    -71.71582 -124.55906 
    -71.77500 -125.21075 
    -71.80257 -125.85832 
    -71.86013 -126.49725 
Cell 15 100 -56.14088 -105.90557 
    -66.61696 -105.90557 
    -66.50468 -106.55760 
    -66.40598 -107.20235 
    -66.29890 -107.84332 
    -66.15418 -108.47655 
    -65.97259 -109.10008 
    -65.75485 -109.71201 
    -65.50169 -110.31043 
    -65.21379 -110.89344 
    -64.89185 -111.45911 
    -64.53664 -112.00544 
    -64.14895 -112.53042 
    -63.72975 -113.03199 
    -63.28009 -113.50805 
    -62.80120 -113.95651 
    -62.29450 -114.37530 
    -61.76159 -114.76237 
    -61.20424 -115.11578 
    -60.62446 -115.43365 
    -60.02441 -115.71423 
    -59.40645 -115.95594 
    -58.77311 -116.15741 
    -58.12710 -116.31766 
    -57.47113 -116.43559 
    -56.80806 -116.51000 
    -56.14088 -116.54061 
    -55.47263 -116.52710 
    -54.80637 -116.46938 
    -54.14515 -116.36761 
    -53.49203 -116.22218 
    -52.85004 -116.03375 
    -52.22215 -115.80318 
    -51.61124 -115.53156 
    -51.02013 -115.22019 
    -50.45150 -114.87060 
    -49.90792 -114.48451 
    -49.39181 -114.06380 
    -48.90542 -113.61056 
    -48.45086 -113.12698 
    -48.03004 -112.61545 
    -47.64468 -112.07843 
    -47.23580 -111.55691 
    -46.84065 -111.01842 
    -46.47896 -110.45213 
    -46.15424 -109.85957 
    -45.87001 -109.24277 
    -45.62976 -108.60437 
    -45.43668 -107.94751 
    -45.29359 -107.27590 
    -45.20277 -106.59374 
    -45.16577 -105.90557 
    -45.18341 -105.21619 
    -45.25564 -104.53045 
    -45.38162 -103.85313 
    -45.55969 -103.18878 
    -45.78751 -102.54156 
    -46.06218 -101.91513 
    -46.38039 -101.31263 
    -46.73856 -100.73660 
    -47.13303 -100.18901 
    -47.10987 -99.34416 
    -46.63649 -98.04285 
    -48.06976 -98.32628 
    -49.00449 -98.30608 
    -49.53059 -97.91510 
    -50.02352 -97.48574 
    -50.51129 -97.03475 
    -51.02419 -96.59834 
    -51.56306 -96.17719 
    -52.12902 -95.77277 
    -52.72334 -95.38744 
    -53.34713 -95.02460 
    -54.00116 -94.68874 
    -54.68555 -94.38545 
    -55.39948 -94.12121 
    -56.14088 -93.90320 
    -56.90635 -93.73893 
    -57.69091 -93.63585 
    -58.48814 -93.60085 
    -59.29021 -93.63978 
    -60.08819 -93.75700 
    -60.87243 -93.95506 
    -61.63297 -94.23431 
    -62.36006 -94.59293 
    -63.04472 -95.02688 
    -63.67910 -95.53011 
    -64.25697 -96.09492 
    -64.77389 -96.71236 
    -65.22739 -97.37277 
    -65.61693 -98.06631 
    -65.94371 -98.78340 
    -66.21045 -99.51524 
    -66.42097 -100.25404 
    -66.57986 -100.99336 
    -66.69199 -101.72810 
    -66.76221 -102.45450 
    -66.79496 -103.17007 
    -66.79413 -103.87336 
    -66.76279 -104.56371 
    -66.70325 -105.24104 
Cell 16 100 -33.97280 -126.85072 
    -44.92507 -126.85072 
    -44.83303 -127.53398 
    -44.68955 -128.20456 
    -44.49942 -128.85878 
    -44.26760 -129.49397 
    -44.09060 -130.13818 
    -43.92701 -130.79185 
    -43.36665 -131.27112 
    -42.89842 -131.75761 
    -42.45214 -132.23186 
    -42.01846 -132.69623 
    -41.59495 -133.15631 
    -41.17810 -133.61693 
    -40.76353 -134.08211 
    -40.33591 -134.54239 
    -39.88198 -134.98401 
    -39.43069 -135.45096 
    -38.95436 -135.91214 
    -38.44670 -136.35823 
    -37.89715 -136.76250 
    -37.30978 -137.12086 
    -36.68990 -137.43311 
    -36.04182 -137.69690 
    -35.36940 -137.90596 
    -34.67817 -138.06224 
    -33.97280 -138.16197 
    -33.25893 -138.19742 
    -32.54303 -138.16855 
    -31.83144 -138.07611 
    -31.13013 -137.92220 
    -30.44544 -137.70682 
    -29.78612 -137.42508 
    -29.15048 -137.09868 
    -28.54174 -136.72978 
    -27.96287 -136.32085 
    -27.41660 -135.87456 
    -26.90539 -135.39375 
    -26.43146 -134.88142 
    -25.99670 -134.34077 
    -25.60271 -133.77505 
    -25.25080 -133.18762 
    -24.94197 -132.58185 
    -24.67689 -131.96118 
    -24.56497 -131.27771 
    -24.54230 -130.58452 
    -24.48835 -129.93240 
    -24.36322 -129.31804 
    -24.26001 -128.70354 
    -24.20297 -128.08493 
    -24.18320 -127.46663 
    -24.16306 -126.85072 
    -24.13881 -126.23201 
    -24.11525 -125.60542 
    -24.15202 -124.97730 
    -24.21523 -124.34540 
    -24.34322 -123.72188 
    -24.50975 -123.10403 
    -24.70148 -122.48797 
    -24.91740 -121.87247 
    -25.15752 -121.25637 
    -25.42324 -120.63910 
    -25.71740 -120.02126 
    -26.04417 -119.40524 
    -26.40871 -118.79578 
    -26.81648 -118.20021 
    -27.27240 -117.62840 
    -27.77993 -117.09232 
    -28.34021 -116.60507 
    -28.95145 -116.17979 
    -29.60867 -115.82818 
    -30.30397 -115.55923 
    -31.02715 -115.37817 
    -31.76670 -115.28593 
    -32.51097 -115.27911 
    -33.24927 -115.35052 
    -33.97280 -115.49023 
    -34.67517 -115.68681 
    -35.35257 -115.92872 
    -36.00351 -116.20540 
    -36.62831 -116.50818 
    -37.23206 -116.81975 
    -37.81035 -117.15816 
    -38.36388 -117.51920 
    -38.90225 -117.88408 
    -39.48677 -118.16210 
    -40.06065 -118.47152 
    -40.62220 -118.81297 
    -41.16914 -119.18740 
    -41.69838 -119.59592 
    -42.20604 -120.03959 
    -42.68740 -120.51919 
    -43.13706 -121.03490 
    -43.54915 -121.58607 
    -43.91769 -122.17101 
    -44.23697 -122.78685 
    -44.50193 -123.42960 
    -44.70864 -124.09422 
    -44.85452 -124.77492 
    -44.93856 -125.46542 
    -44.96137 -126.15937 
Cell 17 100 -14.36065 -127.51637 
    -24.18479 -127.51637 
    -24.20767 -128.13589 
    -24.27089 -128.76833 
    -24.38577 -129.42876 
    -24.50393 -130.12071 
    -24.55024 -130.82716 
    -24.34676 -131.47014 
    -24.07567 -132.08791 
    -23.76497 -132.68643 
    -23.41639 -133.26331 
    -23.03175 -133.81628 
    -22.61296 -134.34326 
    -22.16199 -134.84230 
    -21.68086 -135.31160 
    -21.17161 -135.74940 
    -20.63636 -136.15414 
    -20.07727 -136.52431 
    -19.49656 -136.85854 
    -18.89650 -137.15553 
    -18.27945 -137.41411 
    -17.64781 -137.63318 
    -17.00399 -137.81149 
    -16.34995 -137.94464 
    -15.68540 -138.00279 
    -15.00656 -137.78279 
    -14.36065 -137.43517 
    -13.74950 -137.23032 
    -13.15249 -137.07999 
    -12.56170 -136.94679 
    -11.96907 -136.83096 
    -11.36714 -136.72946 
    -10.74985 -136.63622 
    -10.13660 -136.49294 
    -9.33496 -136.65808 
    -8.76302 -136.33682 
    -8.23389 -135.94914 
    -7.73220 -135.52878 
    -7.25999 -135.07780 
    -6.81916 -134.59830 
    -6.41137 -134.09258 
    -6.03820 -133.56297 
    -5.70096 -133.01198 
    -5.40080 -132.44208 
    -5.13870 -131.85590 
    -4.91541 -131.25600 
    -4.73151 -130.64507 
    -4.58741 -130.02571 
    -4.46883 -129.40334 
    -4.35290 -128.78064 
    -4.27217 -128.15108 
    -4.22666 -127.51637 
    -4.21639 -126.87814 
    -4.24147 -126.23801 
    -4.30218 -125.59761 
    -4.39889 -124.95862 
    -4.53221 -124.32291 
    -4.70284 -123.69257 
    -4.91163 -123.06999 
    -5.15942 -122.45795 
    -5.44699 -121.85958 
    -5.77491 -121.27846 
    -6.14339 -120.71845 
    -6.55219 -120.18373 
    -7.00049 -119.67859 
    -7.48679 -119.20729 
    -8.00890 -118.77393 
    -8.56394 -118.38220 
    -9.14839 -118.03529 
    -9.75820 -117.73566 
    -10.25785 -117.15387 
    -10.55700 -115.80992 
    -11.36728 -115.85796 
    -12.24862 -116.44472 
    -12.95317 -116.37502 
    -13.66327 -116.43175 
    -14.36065 -116.59030 
    -15.03385 -116.81621 
    -15.67958 -117.07595 
    -16.30089 -117.34531 
    -16.91789 -117.55658 
    -17.52345 -117.78228 
    -18.11255 -118.04015 
    -18.68395 -118.32889 
    -19.23641 -118.64741 
    -19.76863 -118.99476 
    -20.27928 -119.37008 
    -20.78866 -119.74624 
    -21.30424 -120.12219 
    -21.79779 -120.53243 
    -22.26651 -120.97607 
    -22.70758 -121.45197 
    -23.11823 -121.95863 
    -23.49575 -122.49431 
    -23.83757 -123.05687 
    -24.13984 -123.64451 
    -24.22205 -124.31220 
    -24.15053 -125.00275 
    -24.11712 -125.65522 
    -24.14073 -126.28085 
    -24.16465 -126.89954 
Cell 18 100 12.14788 -128.79269 
    2.01377 -128.79269 
    2.02641 -129.42949 
    2.07960 -130.06462 
    2.17321 -130.69547 
    2.30691 -131.31943 
    2.48022 -131.93391 
    2.69247 -132.53636 
    2.94284 -133.12425 
    3.23033 -133.69516 
    3.55377 -134.24669 
    3.91185 -134.77652 
    4.30309 -135.28247 
    4.72589 -135.76241 
    5.17847 -136.21436 
    5.65897 -136.63644 
    6.16537 -137.02692 
    6.69556 -137.38419 
    7.24732 -137.70679 
    7.81834 -137.99344 
    8.40624 -138.24300 
    9.00857 -138.45451 
    9.62281 -138.62721 
    10.24643 -138.76048 
    10.87685 -138.85394 
    11.51152 -138.90738 
    12.14788 -138.92084 
    12.78344 -138.89455 
    13.41576 -138.82898 
    14.04254 -138.72482 
    14.66161 -138.58302 
    15.27101 -138.40469 
    15.86901 -138.19119 
    16.45418 -137.94403 
    17.02539 -137.66484 
    17.58182 -137.35521 
    18.12289 -137.01659 
    18.64841 -136.65048 
    19.15852 -136.25826 
    19.58261 -135.77437 
    19.85548 -135.16898 
    20.12627 -134.58932 
    20.38528 -134.02031 
    20.63747 -133.45988 
    20.88880 -132.90585 
    21.14426 -132.35460 
    21.40804 -131.80151 
    21.68372 -131.24109 
    21.97599 -130.66751 
    22.32042 -130.07779 
    22.76954 -129.46095 
    23.32682 -128.79269 
    23.92435 -128.05179 
    23.92849 -127.30446 
    23.85940 -126.55860 
    23.71549 -125.82264 
    23.49695 -125.10516 
    23.20150 -124.41626 
    22.79492 -123.78258 
    22.17822 -123.27847 
    21.56120 -122.81882 
    20.92738 -122.41402 
    20.32193 -122.03053 
    19.74803 -121.65569 
    19.22477 -121.25657 
    18.71084 -120.85945 
    18.19306 -120.47222 
    17.66928 -120.09238 
    17.13781 -119.71605 
    16.59711 -119.33762 
    15.99487 -119.07632 
    15.36438 -118.89334 
    14.72643 -118.74992 
    14.08350 -118.64584 
    13.43795 -118.58079 
    12.79223 -118.55112 
    12.14788 -118.49865 
    11.49955 -118.48767 
    10.85006 -118.51933 
    10.20249 -118.59458 
    9.56014 -118.71408 
    8.92644 -118.87812 
    8.30496 -119.08656 
    7.69923 -119.33883 
    7.11275 -119.63382 
    6.54882 -119.96999 
    6.01050 -120.34531 
    5.50052 -120.75742 
    5.02125 -121.20360 
    4.57464 -121.68095 
    4.16227 -122.18642 
    3.78532 -122.71693 
    3.44464 -123.26945 
    3.14079 -123.84100 
    2.87412 -124.42879 
    2.64002 -125.02827 
    2.44022 -125.63849 
    2.27924 -126.25886 
    2.15718 -126.88686 
    2.07402 -127.52007 
    2.02968 -128.15611 
Cell 19 100 25.49960 -113.54911 
    14.30896 -113.54911 
    14.36554 -114.24960 
    14.47333 -114.94205 
    14.63047 -115.62251 
    14.83468 -116.28740 
    15.08340 -116.93354 
    15.37385 -117.55818 
    15.70314 -118.15897 
    16.06843 -118.73394 
    16.48111 -119.27242 
    17.07350 -119.67104 
    17.62664 -120.06219 
    18.15592 -120.44529 
    18.66613 -120.82602 
    19.16295 -121.20880 
    19.65911 -121.58786 
    20.17714 -121.93597 
    20.70389 -122.27247 
    21.23549 -122.61081 
    21.76836 -122.97314 
    22.30474 -123.38189 
    22.87487 -123.77177 
    23.51970 -123.92812 
    24.17409 -124.04164 
    24.83506 -124.11169 
    25.49960 -124.13789 
    26.16467 -124.12003 
    26.82720 -124.05817 
    27.48417 -123.95260 
    28.13256 -123.80380 
    28.76940 -123.61252 
    29.39180 -123.37968 
    29.99694 -123.10644 
    30.58210 -122.79415 
    31.14470 -122.44437 
    31.68228 -122.05884 
    32.19253 -121.63947 
    32.67332 -121.18835 
    33.12271 -120.70769 
    33.53899 -120.19987 
    33.92067 -119.66737 
    34.26654 -119.11278 
    34.57568 -118.53873 
    34.84754 -117.94791 
    35.08186 -117.34299 
    35.27879 -116.72656 
    35.43884 -116.10107 
    35.56286 -115.46878 
    35.65197 -114.83165 
    35.70746 -114.19134 
    35.73065 -113.54911 
    35.72271 -112.90593 
    35.68444 -112.26247 
    35.61610 -111.61929 
    35.51725 -110.97702 
    35.38659 -110.33663 
    35.22208 -109.69971 
    35.02098 -109.06869 
    34.78018 -108.44707 
    34.49658 -107.83945 
    34.25724 -107.18632 
    33.99986 -106.51708 
    33.70688 -105.84196 
    33.37029 -105.16768 
    32.98203 -104.50441 
    32.53513 -103.86554 
    32.02485 -103.26697 
    31.44976 -102.72581 
    30.81238 -102.25889 
    30.11934 -101.88099 
    29.38105 -101.60325 
    28.61076 -101.43193 
    27.82332 -101.36774 
    27.03365 -101.40585 
    26.25536 -101.53660 
    25.49960 -101.74669 
    24.77430 -102.02082 
    24.08398 -102.34331 
    23.42995 -102.69962 
    22.81096 -103.07754 
    22.22400 -103.46784 
    21.65874 -103.84821 
    21.03038 -104.05154 
    20.41104 -104.29305 
    19.80329 -104.57316 
    19.20996 -104.89217 
    18.63415 -105.25021 
    18.07916 -105.64715 
    17.54853 -106.08256 
    17.04593 -106.55563 
    16.57510 -107.06509 
    16.13981 -107.60921 
    15.74368 -108.18575 
    15.39015 -108.79196 
    15.08233 -109.42462 
    14.82294 -110.08006 
    14.61417 -110.75420 
    14.45768 -111.44275 
    14.35449 -112.14116 
    14.30500 -112.84480 
Cell 20 100 56.15712 -113.16959 
    46.07988 -113.16959 
    46.09413 -113.80270 
    46.14827 -114.43401 
    46.24219 -115.06097 
    46.37560 -115.68106 
    46.54805 -116.29177 
    46.75891 -116.89060 
    47.00740 -117.47512 
    47.29256 -118.04292 
    47.61327 -118.59168 
    47.96828 -119.11913 
    48.35616 -119.62312 
    48.77534 -120.10154 
    49.22412 -120.55249 
    49.70070 -120.97406 
    50.20314 -121.36454 
    50.72939 -121.72233 
    51.27729 -122.04596 
    51.84461 -122.33414 
    52.42902 -122.58571 
    53.02812 -122.79967 
    53.63947 -122.97520 
    54.26058 -123.11161 
    54.88892 -123.20843 
    55.52195 -123.26534 
    56.15712 -123.28217 
    56.79189 -123.25896 
    57.42374 -123.19592 
    58.05019 -123.09339 
    58.66236 -122.92689 
    59.19489 -122.51890 
    59.71651 -122.15960 
    60.23164 -121.82838 
    60.73492 -121.49658 
    61.22649 -121.15765 
    61.70693 -120.80825 
    62.17726 -120.44669 
    62.63930 -120.07241 
    63.09595 -119.68559 
    63.55616 -119.29061 
    64.02798 -118.88810 
    64.53031 -118.48339 
    65.03196 -118.04858 
    65.33984 -117.49065 
    65.60744 -116.91124 
    65.84013 -116.31580 
    66.09525 -115.72128 
    66.37248 -115.11828 
    66.65340 -114.49558 
    66.92988 -113.84736 
    67.18266 -113.16959 
    67.38268 -112.46334 
    67.49644 -111.73711 
    67.49422 -111.00693 
    67.35873 -110.29351 
    67.09045 -109.61714 
    66.70768 -108.99233 
    66.24124 -108.42436 
    65.79642 -107.87035 
    65.65125 -107.14443 
    65.46149 -106.40958 
    65.21323 -105.67773 
    64.89342 -104.96567 
    64.49219 -104.29365 
    64.00490 -103.68326 
    63.43349 -103.15452 
    62.78667 -102.72309 
    62.07888 -102.39794 
    61.32836 -102.18015 
    60.55452 -102.06304 
    59.77542 -102.03359 
    59.00578 -102.07481 
    58.25569 -102.16850 
    57.53357 -102.27386 
    56.84171 -102.28831 
    56.15712 -102.34903 
    55.48290 -102.45316 
    54.82160 -102.59785 
    54.17526 -102.78033 
    53.54552 -102.99808 
    52.93368 -103.24887 
    52.34083 -103.53075 
    51.76794 -103.84212 
    51.21594 -104.18162 
    50.68577 -104.54813 
    50.17846 -104.94067 
    49.69512 -105.35838 
    49.23698 -105.80039 
    48.80534 -106.26582 
    48.40158 -106.75365 
    48.02712 -107.26280 
    47.68336 -107.79198 
    47.36128 -108.33404 
    47.07190 -108.89442 
    46.81754 -109.47179 
    46.59932 -110.06408 
    46.41823 -110.66908 
    46.27511 -111.28450 
    46.17068 -111.90801 
    46.10547 -112.53720 
Cell 21 100 66.06698 -129.70628 
    56.05762 -129.70628 
    56.07864 -130.33470 
    56.13905 -130.96048 
    56.24234 -131.58043 
    56.32283 -132.20816 
    56.44087 -132.83400 
    56.59436 -133.45676 
    56.79084 -134.07130 
    57.03052 -134.67412 
    57.30950 -135.26395 
    57.62757 -135.83788 
    57.98419 -136.39294 
    58.37848 -136.92625 
    58.80931 -137.43491 
    59.27522 -137.91611 
    59.77451 -138.36713 
    60.30518 -138.78543 
    60.86507 -139.16852 
    61.45173 -139.51419 
    62.06255 -139.82031 
    62.69485 -140.08463 
    63.34942 -140.29047 
    64.02204 -140.42622 
    64.70139 -140.51605 
    65.38404 -140.56120 
    66.06698 -140.56577 
    66.74898 -140.54631 
    67.43163 -140.50856 
    68.11747 -140.45534 
    68.80583 -140.37341 
    69.47528 -140.19597 
    70.12731 -139.96152 
    70.76115 -139.68190 
    71.13756 -138.92963 
    71.39893 -138.10809 
    71.76147 -137.54408 
    72.13390 -137.03992 
    72.46144 -136.51569 
    72.75602 -135.98772 
    73.03874 -135.47382 
    73.31801 -134.97446 
    73.60036 -134.48712 
    73.89054 -134.00732 
    74.19107 -133.52919 
    74.50062 -133.04539 
    74.81745 -132.54948 
    75.13436 -132.03439 
    75.43936 -131.49417 
    75.76611 -130.93156 
    76.12410 -130.33904 
    76.47520 -129.70628 
    76.43184 -129.05418 
    76.37229 -128.40442 
    76.30026 -127.75418 
    76.18559 -127.10826 
    76.02749 -126.46992 
    75.82582 -125.84248 
    75.58082 -125.22941 
    75.29311 -124.63418 
    74.96375 -124.06023 
    74.59424 -123.51087 
    74.18649 -122.98923 
    73.74282 -122.49819 
    73.26586 -122.04025 
    72.75854 -121.61758 
    72.22395 -121.23193 
    71.70088 -120.82867 
    71.22114 -120.33089 
    70.71239 -119.83430 
    70.16684 -119.35121 
    69.57790 -118.90079 
    68.94243 -118.50714 
    68.26273 -118.19578 
    67.54721 -117.98906 
    66.80966 -117.90171 
    66.06698 -117.93765 
    65.33610 -118.08924 
    64.63747 -118.39051 
    64.00675 -118.90620 
    63.42221 -119.40558 
    62.87254 -119.87483 
    62.34655 -120.30956 
    61.83394 -120.71062 
    61.32710 -121.08448 
    60.81980 -121.43806 
    60.30716 -121.77859 
    59.78656 -122.11456 
    59.26939 -122.46759 
    58.76440 -122.84871 
    58.33725 -123.31170 
    57.95634 -123.81356 
    57.60548 -124.33645 
    57.28707 -124.87949 
    57.00277 -125.44099 
    56.75402 -126.01902 
    56.54195 -126.61142 
    56.36749 -127.21588 
    56.23137 -127.83004 
    56.13412 -128.45148 
    56.07613 -129.07771 
Cell 22 100 77.79842 -99.19229 
    65.66510 -99.19229 
    65.68462 -99.95443 
    65.77837 -100.71078 
    65.94368 -101.45370 
    66.17637 -102.17633 
    66.47098 -102.87280 
    66.82117 -103.53849 
    67.22015 -104.17005 
    67.66101 -104.76538 
    68.13715 -105.32352 
    68.64253 -105.84444 
    69.17188 -106.32879 
    69.72079 -106.77769 
    70.28583 -107.19239 
    70.86436 -107.57414 
    71.45452 -107.92393 
    72.05502 -108.24244 
    72.66502 -108.52992 
    73.28386 -108.78623 
    73.91099 -109.01083 
    74.54578 -109.20288 
    75.18747 -109.36129 
    75.83501 -109.48486 
    76.48711 -109.57236 
    77.14220 -109.62262 
    77.79842 -109.64103 
    78.45484 -109.62574 
    79.10912 -109.56753 
    79.75835 -109.46662 
    80.39966 -109.32344 
    81.03019 -109.13863 
    81.64713 -108.91302 
    82.24778 -108.64766 
    82.82948 -108.34376 
    83.38969 -108.00272 
    83.92599 -107.62616 
    84.43606 -107.21581 
    84.91775 -106.77361 
    85.36906 -106.30159 
    85.78819 -105.80199 
    86.17359 -105.27721 
    86.52409 -104.72977 
    86.83910 -104.16245 
    87.11893 -103.57819 
    87.36534 -102.98010 
    87.58214 -102.37122 
    87.77580 -101.75404 
    87.95575 -101.12991 
    88.13375 -100.49795 
    88.32206 -99.85439 
    88.53001 -99.19229 
    88.75951 -98.50268 
    89.00053 -97.77714 
    89.22867 -97.01186 
    89.40631 -96.21189 
    89.48853 -95.39394 
    89.43280 -94.58591 
    89.20975 -93.82253 
    88.81146 -93.13783 
    88.25420 -92.55685 
    87.57446 -92.08959 
    86.81976 -91.72919 
    86.31297 -91.19659 
    85.90113 -90.56378 
    85.44188 -89.95294 
    84.93488 -89.36980 
    84.38058 -88.82047 
    83.78030 -88.31129 
    83.13634 -87.84863 
    82.45203 -87.43864 
    81.73166 -87.08704 
    80.98050 -86.79892 
    80.20464 -86.57848 
    79.41082 -86.42885 
    78.60626 -86.35204 
    77.79842 -86.34872 
    76.99476 -86.41836 
    76.20248 -86.55911 
    75.42837 -86.76801 
    74.67852 -87.04108 
    73.95827 -87.37352 
    73.27203 -87.75992 
    72.62325 -88.19448 
    72.01443 -88.67126 
    71.44718 -89.18434 
    70.92227 -89.72808 
    70.43976 -90.29719 
    69.99915 -90.88691 
    69.59953 -91.49302 
    69.23975 -92.11194 
    68.91848 -92.74064 
    68.43495 -93.25005 
    67.93271 -93.76857 
    67.46263 -94.32864 
    67.03205 -94.92959 
    66.64851 -95.56947 
    66.31937 -96.24497 
    66.05139 -96.95142 
    65.85035 -97.68290 
    65.72066 -98.43243 
Cell 23 100 95.58997 -123.46912 
    84.02102 -123.46912 
    84.19000 -124.18635 
    84.40838 -124.88169 
    84.66888 -125.55244 
    84.96480 -126.19720 
    85.40034 -126.77993 
    86.13389 -127.21305 
    86.75868 -127.62481 
    87.29909 -128.02707 
    87.77077 -128.43134 
    88.22715 -128.81853 
    88.67432 -129.19025 
    89.11265 -129.55173 
    89.54324 -129.90823 
    89.96864 -130.26414 
    90.39230 -130.62311 
    90.81836 -130.98798 
    91.25166 -131.36049 
    91.69817 -131.73962 
    92.16408 -132.12195 
    92.65553 -132.50041 
    93.17387 -132.87921 
    93.70637 -133.34335 
    94.25561 -134.03169 
    94.91959 -134.12462 
    95.58997 -134.17313 
    96.26363 -134.17665 
    96.93738 -134.13493 
    97.60799 -134.04791 
    98.27223 -133.91582 
    98.92690 -133.73911 
    99.56881 -133.51851 
    100.19483 -133.25494 
    100.80193 -132.94965 
    101.38716 -132.60403 
    101.94769 -132.21977 
    102.48084 -131.79875 
    102.98409 -131.34306 
    103.45507 -130.85493 
    103.89160 -130.33682 
    104.29175 -129.79134 
    104.65373 -129.22116 
    104.97604 -128.62917 
    105.25739 -128.01826 
    105.49671 -127.39148 
    105.69321 -126.75186 
    105.84630 -126.10250 
    105.95572 -125.44650 
    106.02139 -124.78692 
    106.04350 -124.12680 
    106.02254 -123.46912 
    105.95915 -122.81675 
    105.85432 -122.17244 
    105.70920 -121.53878 
    105.52518 -120.91820 
    105.30389 -120.31288 
    105.04707 -119.72479 
    104.75670 -119.15559 
    104.43478 -118.60664 
    104.08349 -118.07897 
    103.70490 -117.57328 
    103.30109 -117.08994 
    102.87966 -116.62365 
    102.43545 -116.17944 
    101.96421 -115.76399 
    101.46873 -115.37771 
    100.96269 -115.00307 
    100.43880 -114.64913 
    99.89709 -114.31602 
    99.33734 -114.00434 
    98.75917 -113.71535 
    98.16219 -113.45097 
    97.54625 -113.21397 
    96.91154 -113.00784 
    96.25891 -112.83672 
    95.58997 -112.70528 
    94.90730 -112.61841 
    94.21449 -112.58100 
    93.51611 -112.59758 
    92.81773 -112.67193 
    92.12560 -112.80687 
    91.44650 -113.00392 
    90.78741 -113.26315 
    90.15509 -113.58311 
    89.55582 -113.96083 
    88.99506 -114.39201 
    88.46584 -114.85753 
    87.82800 -115.20345 
    87.20963 -115.59945 
    86.61898 -116.04768 
    86.06508 -116.54888 
    85.55716 -117.10210 
    85.10413 -117.70448 
    84.71397 -118.35126 
    84.39316 -119.03600 
    84.14625 -119.75083 
    83.97552 -120.48704 
    83.88092 -121.23550 
    83.86010 -121.98730 
    83.90875 -122.73421 
Cell 24 100 -100.67866 -107.63107 
    -110.85664 -107.63107 
    -110.84740 -108.27083 
    -110.79731 -108.90935 
    -110.70640 -109.54396 
    -110.57498 -110.17201 
    -110.40351 -110.79086 
    -110.19266 -111.39792 
    -109.94324 -111.99065 
    -109.65628 -112.56655 
    -109.33296 -113.12325 
    -108.97463 -113.65844 
    -108.58280 -114.16994 
    -108.15912 -114.65569 
    -107.70538 -115.11376 
    -107.22348 -115.54240 
    -106.71545 -115.94000 
    -106.18339 -116.30513 
    -105.62947 -116.63655 
    -105.05591 -116.93320 
    -104.46496 -117.19418 
    -103.85889 -117.41879 
    -103.23992 -117.60651 
    -102.61028 -117.75698 
    -101.97213 -117.86997 
    -101.32758 -117.94538 
    -100.67866 -117.98322 
    -100.02734 -117.98357 
    -99.37550 -117.94656 
    -98.72502 -117.87238 
    -98.07769 -117.76118 
    -97.43530 -117.61311 
    -96.79966 -117.42830 
    -96.17265 -117.20683 
    -95.55621 -116.94877 
    -94.95242 -116.65418 
    -94.44319 -116.21344 
    -94.18111 -115.48526 
    -93.93269 -114.81480 
    -93.65881 -114.22314 
    -93.35096 -113.69306 
    -93.03422 -113.18507 
    -92.70317 -112.69247 
    -92.35921 -112.20472 
    -91.99221 -111.71860 
    -91.64642 -111.20718 
    -91.27509 -110.68647 
    -90.87379 -110.14853 
    -90.43500 -109.58514 
    -89.93716 -108.98804 
    -89.30443 -108.34667 
    -88.62829 -107.63107 
    -88.38088 -106.85735 
    -88.34727 -106.07325 
    -88.54976 -105.31735 
    -88.96535 -104.62360 
    -89.53407 -104.00996 
    -90.17975 -103.47425 
    -90.62421 -102.89980 
    -90.48266 -102.02576 
    -90.25840 -101.01817 
    -91.87062 -101.23165 
    -92.35149 -100.74223 
    -92.85917 -100.28808 
    -93.39031 -99.86977 
    -93.94179 -99.48759 
    -94.51067 -99.14156 
    -95.09433 -98.83157 
    -95.69035 -98.55735 
    -96.29655 -98.31862 
    -96.91100 -98.11505 
    -97.53191 -97.94639 
    -98.15765 -97.81240 
    -98.78667 -97.71294 
    -99.40882 -97.57927 
    -100.03789 -97.44633 
    -100.67866 -97.32176 
    -101.33466 -97.20419 
    -102.00923 -97.09852 
    -102.70329 -97.01756 
    -103.41302 -96.98145 
    -104.12825 -97.01431 
    -104.83284 -97.13880 
    -105.50716 -97.36998 
    -106.13242 -97.71071 
    -106.69524 -98.15046 
    -107.19073 -98.66798 
    -107.62302 -99.23677 
    -108.00302 -99.83141 
    -108.34449 -100.43237 
    -108.66001 -101.02832 
    -108.95815 -101.61566 
    -109.24245 -102.19631 
    -109.51208 -102.77485 
    -109.80643 -103.33587 
    -110.07110 -103.91234 
    -110.29915 -104.50518 
    -110.48944 -105.11208 
    -110.64104 -105.73064 
    -110.75317 -106.35836 
    -110.82519 -106.99270 
