10 25 
Cell 0 100 -115.20012 -153.11880 
    -125.20023 -153.11880 
    -125.18048 -153.74672 
    -125.12135 -154.37215 
    -125.02306 -154.99263 
    -124.88600 -155.60571 
    -124.71070 -156.20898 
    -124.50935 -156.80458 
    -124.27779 -157.39043 
    -124.01072 -157.96248 
    -123.70738 -158.51768 
    -123.36879 -159.05368 
    -122.99609 -159.56819 
    -122.59061 -160.05894 
    -122.15385 -160.52379 
    -121.68744 -160.96063 
    -121.19314 -161.36749 
    -120.67290 -161.74252 
    -120.12878 -162.08400 
    -119.56295 -162.39029 
    -118.97772 -162.65994 
    -118.37552 -162.89168 
    -117.75883 -163.08434 
    -117.13026 -163.23698 
    -116.49247 -163.34879 
    -115.84817 -163.41919 
    -115.20012 -163.44777 
    -114.55112 -163.43431 
    -113.90398 -163.37880 
    -113.26151 -163.28139 
    -112.62647 -163.14249 
    -112.00166 -162.96265 
    -111.38978 -162.74263 
    -110.79348 -162.48338 
    -110.21535 -162.18608 
    -109.65787 -161.85199 
    -109.12344 -161.48264 
    -108.61433 -161.07965 
    -108.13270 -160.64484 
    -107.68055 -160.18015 
    -107.25975 -159.68765 
    -106.87200 -159.16954 
    -106.51886 -158.62810 
    -106.20151 -158.06583 
    -105.92061 -157.48541 
    -106.20533 -156.68010 
    -106.34198 -155.99699 
    -106.43163 -155.37016 
    -106.49633 -154.77914 
    -106.58781 -154.20680 
    -106.69693 -153.65378 
    -106.81873 -153.11880 
    -106.91418 -152.59750 
    -107.01966 -152.08537 
    -107.10011 -151.57364 
    -107.19027 -151.06223 
    -107.24256 -150.53323 
    -107.18515 -149.94545 
    -106.95144 -149.23727 
    -106.69617 -148.44371 
    -106.41838 -147.54575 
    -105.43425 -146.02348 
    -105.81012 -145.35072 
    -106.25963 -144.72313 
    -106.78004 -144.15233 
    -107.36540 -143.64825 
    -108.00697 -143.21829 
    -108.69389 -142.86662 
    -109.48764 -142.72786 
    -110.25404 -142.60785 
    -111.05751 -142.65578 
    -111.88564 -142.91788 
    -112.62112 -143.07428 
    -113.30466 -143.18242 
    -113.95487 -143.26166 
    -114.58385 -143.32343 
    -115.20012 -143.36281 
    -115.81521 -143.34225 
    -116.43691 -143.32860 
    -117.06887 -143.32246 
    -117.71732 -143.31496 
    -118.39487 -143.28638 
    -119.11536 -143.23006 
    -119.76572 -143.41640 
    -120.30695 -143.82951 
    -120.90243 -144.13341 
    -121.40086 -144.58423 
    -121.99377 -144.90669 
    -122.78738 -145.03920 
    -122.78632 -145.99489 
    -123.09380 -146.58858 
    -123.44182 -147.13086 
    -123.75950 -147.68686 
    -124.04652 -148.25546 
    -124.30239 -148.83560 
    -124.52655 -149.42621 
    -124.71831 -150.02615 
    -124.88610 -150.63187 
    -125.02313 -151.24496 
    -125.12139 -151.86546 
    -125.18050 -152.49089 
Cell 1 100 -96.44239 -153.12999 
    -106.81618 -153.12999 
    -106.67328 -153.77365 
    -106.55572 -154.40759 
    -106.46751 -155.04239 
    -106.38685 -155.68329 
    -106.27632 -156.32523 
    -106.10754 -156.95670 
    -105.83773 -157.55110 
    -105.46052 -158.08774 
    -105.06740 -158.60359 
    -104.65763 -159.09871 
    -104.23012 -159.57256 
    -103.78376 -160.02400 
    -103.31771 -160.45146 
    -102.83153 -160.85313 
    -102.33592 -161.24174 
    -101.81734 -161.59956 
    -101.27702 -161.92413 
    -100.71707 -162.21414 
    -100.13972 -162.46838 
    -99.54726 -162.68578 
    -98.94203 -162.86545 
    -98.32645 -163.00659 
    -97.70299 -163.10864 
    -97.07413 -163.17113 
    -96.44239 -163.19379 
    -95.81032 -163.17647 
    -95.18046 -163.11923 
    -94.55534 -163.02226 
    -93.93748 -162.88596 
    -93.32939 -162.71082 
    -92.73351 -162.49754 
    -92.15226 -162.24698 
    -91.58797 -161.96014 
    -91.04294 -161.63817 
    -90.51936 -161.28235 
    -90.01933 -160.89413 
    -89.54489 -160.47508 
    -89.09794 -160.02689 
    -88.68027 -159.55138 
    -88.29356 -159.05046 
    -87.93733 -158.52747 
    -87.60239 -157.98982 
    -87.29649 -157.43373 
    -87.01932 -156.86086 
    -86.77040 -156.27261 
    -86.72284 -155.62555 
    -86.75376 -154.97820 
    -86.77883 -154.35077 
    -86.80123 -153.73656 
    -86.82484 -153.12999 
    -86.84972 -152.52647 
    -86.88159 -151.92218 
    -86.92361 -151.31418 
    -86.97835 -150.70004 
    -87.04259 -150.07581 
    -87.11977 -149.43890 
    -87.20905 -148.78511 
    -87.30489 -148.10660 
    -87.39289 -147.38701 
    -87.43063 -146.58257 
    -87.88581 -146.05138 
    -88.38798 -145.56639 
    -88.92977 -145.12987 
    -89.50352 -144.74232 
    -90.10168 -144.40276 
    -90.71741 -144.10887 
    -91.34489 -143.85767 
    -91.97949 -143.64586 
    -92.61786 -143.47032 
    -93.25768 -143.32846 
    -93.85389 -143.04843 
    -94.46606 -142.76967 
    -95.10479 -142.54182 
    -95.76673 -142.39066 
    -96.44239 -142.33214 
    -97.11886 -142.37787 
    -97.78211 -142.52498 
    -98.42191 -142.75299 
    -99.03400 -143.03636 
    -99.61975 -143.35109 
    -100.22155 -143.58493 
    -100.84585 -143.77216 
    -101.46947 -143.98575 
    -102.09277 -144.22643 
    -102.71537 -144.49599 
    -103.33571 -144.79739 
    -103.95063 -145.13452 
    -104.55500 -145.51175 
    -105.14162 -145.93336 
    -105.68654 -146.41373 
    -106.07608 -147.01627 
    -106.44479 -147.63113 
    -106.65870 -148.32257 
    -106.87494 -148.99945 
    -107.09395 -149.66910 
    -107.22577 -150.36128 
    -107.18708 -151.08032 
    -107.06643 -151.78786 
    -106.94054 -152.46951 
Cell 2 100 -76.51105 -153.13477 
    -86.82466 -153.13477 
    -86.79957 -153.78207 
    -86.77560 -154.43149 
    -86.74854 -155.08766 
    -86.73267 -155.75923 
    -86.53229 -156.39085 
    -86.20766 -156.97392 
    -85.86543 -157.53661 
    -85.50522 -158.07935 
    -85.12627 -158.60214 
    -84.72766 -159.10449 
    -84.30855 -159.58542 
    -83.86825 -160.04364 
    -83.41492 -160.48665 
    -82.96429 -160.93539 
    -82.48438 -161.35635 
    -81.97676 -161.74734 
    -81.44324 -162.10638 
    -80.88579 -162.43156 
    -80.30654 -162.72108 
    -79.70779 -162.97334 
    -79.09199 -163.18684 
    -78.46167 -163.36028 
    -77.81954 -163.49255 
    -77.16837 -163.58270 
    -76.51105 -163.63004 
    -75.85049 -163.63405 
    -75.18969 -163.59442 
    -74.53165 -163.51111 
    -73.87943 -163.38425 
    -73.23604 -163.21422 
    -72.60446 -163.00168 
    -71.98767 -162.74744 
    -71.38854 -162.45258 
    -70.80987 -162.11838 
    -70.25436 -161.74635 
    -69.72456 -161.33821 
    -69.22292 -160.89583 
    -68.75172 -160.42126 
    -68.31303 -159.91675 
    -67.90881 -159.38466 
    -67.54078 -158.82747 
    -67.21050 -158.24779 
    -66.91932 -157.64828 
    -66.66696 -157.03232 
    -66.40752 -156.41760 
    -66.18183 -155.78687 
    -66.13913 -155.11333 
    -66.13805 -154.44519 
    -66.11502 -153.78882 
    -66.07217 -153.13477 
    -66.00834 -152.47398 
    -65.91880 -151.79665 
    -65.80853 -151.09315 
    -65.93706 -150.41983 
    -66.13588 -149.76367 
    -66.38802 -149.12677 
    -66.69144 -148.51401 
    -67.04311 -147.92973 
    -67.43908 -147.37752 
    -67.87478 -146.86015 
    -68.34528 -146.37946 
    -68.84560 -145.93643 
    -69.37093 -145.53131 
    -69.91685 -145.16374 
    -70.47948 -144.83302 
    -71.05550 -144.53819 
    -71.68604 -144.35812 
    -72.30989 -144.20685 
    -72.91099 -144.04207 
    -73.50811 -143.89267 
    -74.10789 -143.77510 
    -74.70122 -143.64728 
    -75.29453 -143.50500 
    -75.89522 -143.34642 
    -76.51105 -143.16676 
    -77.15137 -142.95706 
    -77.82742 -142.71465 
    -78.53645 -142.51724 
    -79.28650 -142.32510 
    -80.04177 -142.26831 
    -80.80514 -142.28914 
    -81.55949 -142.40628 
    -82.28909 -142.62454 
    -83.04081 -142.84550 
    -83.77761 -143.13321 
    -84.48914 -143.49091 
    -85.16446 -143.91982 
    -85.79256 -144.41885 
    -86.36310 -144.98444 
    -86.86706 -145.61069 
    -87.29732 -146.28960 
    -87.40418 -147.14621 
    -87.31152 -148.05246 
    -87.19260 -148.90565 
    -87.08837 -149.69798 
    -87.00507 -150.44037 
    -86.93864 -151.14560 
    -86.88839 -151.82381 
    -86.85195 -152.48416 
Cell 3 100 -56.07910 -154.55238 
    -66.13822 -154.55238 
    -66.14371 -155.18559 
    -66.10784 -155.81931 
    -65.98906 -156.44281 
    -65.83437 -157.05711 
    -65.64430 -157.66031 
    -65.41939 -158.25046 
    -65.16019 -158.82562 
    -64.86736 -159.38377 
    -64.54461 -159.92476 
    -64.18928 -160.44476 
    -63.80198 -160.94130 
    -63.38427 -161.41240 
    -62.93783 -161.85619 
    -62.46445 -162.27094 
    -61.96601 -162.65501 
    -61.44452 -163.00691 
    -60.90204 -163.32527 
    -60.34074 -163.60883 
    -59.76287 -163.85651 
    -59.17070 -164.06734 
    -58.56659 -164.24052 
    -57.95293 -164.37532 
    -57.33244 -164.47353 
    -56.70701 -164.53265 
    -56.07910 -164.55238 
    -55.45119 -164.53265 
    -54.82577 -164.47353 
    -54.20529 -164.37526 
    -53.59221 -164.23822 
    -52.98893 -164.06294 
    -52.39786 -163.85014 
    -51.82131 -163.60065 
    -51.25940 -163.31938 
    -50.71410 -163.00627 
    -50.18709 -162.66205 
    -49.67938 -162.28831 
    -49.19174 -161.88667 
    -48.72469 -161.45863 
    -48.27861 -161.00551 
    -47.85381 -160.52841 
    -47.45070 -160.02814 
    -47.06997 -159.50520 
    -46.71273 -158.95987 
    -46.47523 -158.35483 
    -46.73884 -157.58722 
    -46.87592 -156.91536 
    -46.94700 -156.29442 
    -46.98832 -155.70082 
    -47.02425 -155.12207 
    -47.05754 -154.55238 
    -47.10887 -153.98802 
    -47.17652 -153.42773 
    -47.26904 -152.87178 
    -47.38505 -152.32013 
    -47.52779 -151.77390 
    -47.69212 -151.23175 
    -47.87851 -150.69348 
    -48.08144 -150.15562 
    -48.28628 -149.60690 
    -48.48611 -149.03575 
    -48.64193 -148.39983 
    -48.67172 -147.59639 
    -48.83743 -146.84079 
    -49.39233 -146.46947 
    -49.96146 -146.13217 
    -50.54217 -145.82758 
    -51.13257 -145.55467 
    -51.73132 -145.31288 
    -52.33745 -145.10205 
    -52.95016 -144.92250 
    -53.56866 -144.77489 
    -54.19204 -144.66005 
    -54.81918 -144.57906 
    -55.44864 -144.53152 
    -56.07910 -144.49861 
    -56.71137 -144.50273 
    -57.34348 -144.54384 
    -57.97344 -144.62193 
    -58.59925 -144.73706 
    -59.22162 -144.88072 
    -59.83964 -145.05434 
    -60.43912 -145.28688 
    -61.01636 -145.57155 
    -61.58617 -145.87463 
    -62.13619 -146.21552 
    -62.66307 -146.59373 
    -63.16339 -147.00838 
    -63.63377 -147.45808 
    -64.07101 -147.94090 
    -64.47224 -148.45442 
    -64.83504 -148.99570 
    -65.15752 -149.56148 
    -65.43841 -150.14822 
    -65.67697 -150.75232 
    -65.85297 -151.37666 
    -65.94812 -152.01845 
    -66.02582 -152.65495 
    -66.08225 -153.28868 
    -66.11964 -153.92068 
Cell 4 100 -37.23591 -152.75029 
    -47.29459 -152.75029 
    -47.18509 -153.37624 
    -47.10801 -153.99742 
    -47.05341 -154.62308 
    -47.01560 -155.26128 
    -46.97346 -155.91420 
    -46.91406 -156.58214 
    -46.80682 -157.25401 
    -46.62694 -157.91306 
    -46.36628 -158.54459 
    -45.89739 -159.04323 
    -45.40895 -159.51161 
    -44.90260 -159.94978 
    -44.37975 -160.35771 
    -43.84161 -160.73520 
    -43.28926 -161.08200 
    -42.72372 -161.39769 
    -42.17248 -161.72987 
    -41.61602 -162.05850 
    -41.03738 -162.35170 
    -40.43882 -162.60783 
    -39.82275 -162.82533 
    -39.19170 -163.00285 
    -38.54834 -163.13921 
    -37.89545 -163.23337 
    -37.23591 -163.28458 
    -36.57267 -163.29221 
    -35.90874 -163.25594 
    -35.24717 -163.17563 
    -34.59105 -163.05135 
    -33.94345 -162.88345 
    -33.30742 -162.67253 
    -32.68599 -162.41936 
    -32.08211 -162.12503 
    -31.49866 -161.79076 
    -30.93840 -161.41806 
    -30.40399 -161.00867 
    -29.89792 -160.56445 
    -29.42256 -160.08752 
    -28.98007 -159.58012 
    -28.57246 -159.04466 
    -28.20150 -158.48370 
    -27.86875 -157.89993 
    -27.57547 -157.29616 
    -27.32281 -156.67517 
    -27.11164 -156.03987 
    -26.94261 -155.39316 
    -26.81618 -154.73796 
    -26.73260 -154.07716 
    -26.69191 -153.41367 
    -26.69400 -152.75029 
    -26.73859 -152.08986 
    -26.82522 -151.43512 
    -26.95326 -150.78877 
    -27.12189 -150.15344 
    -27.33013 -149.53171 
    -27.57683 -148.92599 
    -27.86070 -148.33865 
    -28.17938 -147.77142 
    -28.53190 -147.22655 
    -28.91712 -146.70633 
    -29.33343 -146.21278 
    -29.77907 -145.74785 
    -30.23226 -145.29216 
    -30.68165 -144.82755 
    -31.15787 -144.38458 
    -31.66021 -143.96439 
    -32.18805 -143.56827 
    -32.75368 -143.22507 
    -33.34348 -142.91913 
    -33.97084 -142.70145 
    -34.61723 -142.55121 
    -35.26350 -142.41054 
    -35.91228 -142.27271 
    -36.56838 -142.14021 
    -37.23591 -142.01393 
    -37.91900 -141.89287 
    -38.62259 -141.77361 
    -39.35119 -141.66162 
    -40.08716 -141.64543 
    -40.82710 -141.69772 
    -41.58393 -141.76845 
    -42.35377 -141.87430 
    -43.08942 -142.10280 
    -43.81192 -142.38815 
    -44.51524 -142.73116 
    -45.19305 -143.13176 
    -45.83892 -143.58902 
    -46.44646 -144.10101 
    -47.00958 -144.66481 
    -47.52263 -145.27655 
    -47.98060 -145.93150 
    -48.37931 -146.62416 
    -48.72732 -147.34285 
    -48.64816 -148.23187 
    -48.46277 -149.10246 
    -48.15988 -149.94550 
    -47.86864 -150.72198 
    -47.62984 -151.43724 
    -47.44041 -152.10828 
Cell 5 100 -13.92764 -153.63567 
    -24.31205 -153.63567 
    -24.32162 -154.28960 
    -24.28834 -154.94452 
    -24.21202 -155.59752 
    -24.09272 -156.24562 
    -23.93067 -156.88585 
    -23.72638 -157.51526 
    -23.48055 -158.13092 
    -23.19410 -158.72993 
    -22.86819 -159.30951 
    -22.50416 -159.86687 
    -22.10357 -160.39938 
    -21.66821 -160.90454 
    -21.20000 -161.37994 
    -20.70109 -161.82336 
    -20.17376 -162.23271 
    -19.62046 -162.60611 
    -19.04375 -162.94183 
    -18.44633 -163.23837 
    -17.83100 -163.49443 
    -17.20065 -163.70897 
    -16.55821 -163.88104 
    -15.90667 -164.01010 
    -15.24905 -164.09567 
    -14.58837 -164.13763 
    -13.92764 -164.13602 
    -13.26984 -164.09106 
    -12.61790 -164.00330 
    -11.97469 -163.87341 
    -11.34296 -163.70233 
    -10.72541 -163.49112 
    -10.12459 -163.24107 
    -9.54293 -162.95364 
    -8.98274 -162.63040 
    -8.44616 -162.27309 
    -7.93519 -161.88358 
    -7.45165 -161.46379 
    -6.99724 -161.01579 
    -6.54842 -160.56522 
    -6.10789 -160.10472 
    -5.69417 -159.61763 
    -5.30892 -159.10527 
    -4.95383 -158.56906 
    -4.63067 -158.01048 
    -4.35230 -157.42682 
    -4.11769 -156.82312 
    -3.92461 -156.20401 
    -3.82317 -155.56319 
    -3.76842 -154.91908 
    -3.72642 -154.27747 
    -3.69786 -153.63567 
    -3.68414 -152.99120 
    -3.60064 -152.33105 
    -3.47189 -151.64113 
    -3.33618 -150.91623 
    -3.19612 -150.14879 
    -3.04452 -149.32674 
    -2.86733 -148.43108 
    -2.80342 -147.52007 
    -3.30731 -146.89580 
    -3.92338 -146.36714 
    -4.62013 -145.93582 
    -5.36357 -145.59348 
    -6.12266 -145.32420 
    -6.87334 -145.10847 
    -7.60047 -144.92706 
    -8.29766 -144.76424 
    -8.95919 -144.59808 
    -9.55030 -144.33334 
    -10.15443 -144.10564 
    -10.76925 -143.91515 
    -11.39254 -143.76210 
    -12.01165 -143.59171 
    -12.64091 -143.45015 
    -13.27975 -143.33772 
    -13.92764 -143.29074 
    -14.58100 -143.25085 
    -15.24452 -143.21152 
    -15.92220 -143.17982 
    -16.61742 -143.15968 
    -17.33484 -143.14937 
    -18.04406 -143.23878 
    -18.70570 -143.48178 
    -19.29266 -143.87674 
    -19.82862 -144.33722 
    -20.31392 -144.84570 
    -20.75309 -145.38512 
    -21.15306 -145.94138 
    -21.52128 -146.50476 
    -21.86395 -147.07019 
    -22.18503 -147.63632 
    -22.48593 -148.20441 
    -22.79008 -148.76350 
    -23.10847 -149.31549 
    -23.39368 -149.88780 
    -23.64375 -150.47871 
    -23.85686 -151.08627 
    -24.03148 -151.70825 
    -24.16624 -152.34222 
    -24.26005 -152.98561 
Cell 6 100 5.89356 -154.10533 
    -3.71876 -154.10533 
    -3.75489 -154.71236 
    -3.80338 -155.33034 
    -3.88776 -155.97122 
    -4.06774 -156.66296 
    -4.35659 -157.43581 
    -4.18425 -158.09541 
    -3.93168 -158.72874 
    -3.63681 -159.34470 
    -3.30050 -159.94006 
    -2.92424 -160.51184 
    -2.50981 -161.05721 
    -2.05923 -161.57350 
    -1.57465 -162.05817 
    -1.05850 -162.50893 
    -0.51331 -162.92365 
    0.05818 -163.30042 
    0.65314 -163.63763 
    1.26861 -163.93387 
    1.90157 -164.18796 
    2.54893 -164.39903 
    3.20760 -164.56647 
    3.87444 -164.68991 
    4.54639 -164.76927 
    5.22042 -164.80461 
    5.89356 -164.79634 
    6.56296 -164.74503 
    7.22585 -164.65143 
    7.87960 -164.51653 
    8.52172 -164.34134 
    9.14984 -164.12714 
    9.76172 -163.87520 
    10.35527 -163.58693 
    10.92848 -163.26381 
    11.47947 -162.90730 
    12.02944 -162.55064 
    12.58150 -162.18967 
    13.11435 -161.79469 
    13.62559 -161.36618 
    14.11268 -160.90477 
    14.57295 -160.41127 
    15.00360 -159.88673 
    15.40171 -159.33249 
    15.76435 -158.75017 
    16.08856 -158.14182 
    16.37134 -157.50977 
    16.50406 -156.82965 
    16.59064 -156.14590 
    16.55640 -155.45236 
    16.47487 -154.77106 
    16.40368 -154.10533 
    16.33520 -153.44839 
    16.26542 -152.79506 
    16.19244 -152.14072 
    16.11609 -151.48064 
    16.03780 -150.80928 
    15.96071 -150.11946 
    15.89031 -149.40123 
    15.56996 -148.78569 
    15.17441 -148.21553 
    14.74192 -147.67662 
    14.27583 -147.17091 
    13.77950 -146.69994 
    13.25628 -146.26483 
    12.70938 -145.86642 
    12.14191 -145.50522 
    11.55681 -145.18149 
    10.95679 -144.89536 
    10.34443 -144.64677 
    9.72207 -144.43564 
    9.09193 -144.26178 
    8.45607 -144.12503 
    7.81644 -144.02524 
    7.20430 -143.72975 
    6.56115 -143.49438 
    5.89356 -143.34940 
    5.20601 -143.17705 
    4.49039 -142.99808 
    3.74413 -142.83762 
    2.96856 -142.71318 
    2.16233 -142.62180 
    1.36483 -142.66705 
    0.79466 -143.26961 
    0.32179 -143.97031 
    -0.12526 -144.62120 
    -0.68443 -145.05150 
    -1.19545 -145.53618 
    -1.65598 -146.06589 
    -2.06616 -146.63066 
    -2.42826 -147.22093 
    -2.74599 -147.82832 
    -2.88744 -148.53275 
    -3.02040 -149.20483 
    -3.14169 -149.85367 
    -3.25700 -150.48238 
    -3.36974 -151.09550 
    -3.48250 -151.69797 
    -3.59400 -152.29549 
    -3.67221 -152.89688 
    -3.69501 -153.50206 
Cell 7 100 25.82860 -152.37686 
    16.21877 -152.37686 
    16.28488 -152.97731 
    16.34835 -153.57449 
    16.41096 -154.17339 
    16.47573 -154.77827 
    16.54917 -155.39194 
    16.58525 -156.03658 
    16.51281 -156.76053 
    16.57061 -157.46649 
    16.88013 -158.05574 
    17.22908 -158.62477 
    17.61614 -159.17081 
    18.03977 -159.69106 
    18.49819 -160.18295 
    18.98945 -160.64397 
    19.51139 -161.07175 
    20.06164 -161.46414 
    20.63769 -161.81911 
    21.23684 -162.13486 
    21.85628 -162.40981 
    22.49307 -162.64258 
    23.14417 -162.83202 
    23.80647 -162.97723 
    24.47679 -163.07758 
    25.15191 -163.13263 
    25.82860 -163.14221 
    26.50365 -163.10643 
    27.17386 -163.02565 
    27.83608 -162.90042 
    28.48725 -162.73161 
    29.12439 -162.52025 
    29.74461 -162.26758 
    30.34520 -161.97511 
    30.92352 -161.64449 
    31.47715 -161.27756 
    32.00381 -160.87631 
    32.50141 -160.44290 
    32.96807 -159.97961 
    33.40207 -159.48882 
    33.80195 -158.97299 
    34.18581 -158.44873 
    34.58823 -157.93588 
    34.96291 -157.39848 
    35.30837 -156.83771 
    35.49324 -156.20337 
    35.53056 -155.52922 
    35.59221 -154.88373 
    35.66832 -154.25388 
    35.75318 -153.63063 
    35.84415 -153.00699 
    35.94132 -152.37686 
    36.04775 -151.73393 
    36.17020 -151.07042 
    36.32051 -150.37541 
    36.53119 -149.62891 
    36.53769 -148.89726 
    36.34524 -148.21303 
    36.10258 -147.54230 
    35.81011 -146.88948 
    35.46880 -146.25900 
    35.08017 -145.65520 
    34.64632 -145.08221 
    34.16987 -144.54388 
    33.65392 -144.04375 
    33.11289 -143.57167 
    32.60644 -143.04797 
    32.04166 -142.58664 
    31.42433 -142.19827 
    30.76311 -141.89049 
    30.06084 -141.68745 
    29.33295 -141.59158 
    28.59919 -141.58614 
    27.88228 -141.61110 
    27.18594 -141.63243 
    26.50432 -141.63670 
    25.82860 -141.52226 
    25.13937 -141.42184 
    24.43480 -141.34373 
    23.71396 -141.29149 
    22.97686 -141.27003 
    22.22534 -141.28717 
    21.47493 -141.38072 
    20.76837 -141.62332 
    20.09319 -141.94420 
    19.45910 -142.34013 
    18.87417 -142.80490 
    18.34425 -143.32982 
    17.87252 -143.90450 
    17.45953 -144.51778 
    17.10338 -145.15872 
    16.80029 -145.81741 
    16.54527 -146.48549 
    16.33284 -147.15652 
    16.15770 -147.82608 
    16.01530 -148.49150 
    15.90262 -149.15172 
    15.93293 -149.83609 
    16.00353 -150.50262 
    16.07694 -151.14494 
    16.14931 -151.76790 
Cell 8 100 45.24526 -154.37697 
    35.65345 -154.37697 
    35.58255 -154.98489 
    35.52638 -155.60475 
    35.48277 -156.23927 
    35.48284 -156.88353 
    35.64906 -157.49496 
    35.85804 -158.09363 
    36.10470 -158.67819 
    36.38810 -159.24623 
    36.70713 -159.79543 
    37.06055 -160.32350 
    37.44696 -160.82828 
    37.86481 -161.30766 
    38.31245 -161.75966 
    38.78803 -162.18242 
    39.28966 -162.57414 
    39.81527 -162.93326 
    40.36274 -163.25824 
    40.92982 -163.54774 
    41.51418 -163.80060 
    42.11343 -164.01576 
    42.72510 -164.19234 
    43.34668 -164.32964 
    43.97563 -164.42711 
    44.60936 -164.48436 
    45.24526 -164.50121 
    45.88074 -164.47762 
    46.51320 -164.41374 
    47.14005 -164.30984 
    47.75876 -164.16643 
    48.36682 -163.98413 
    48.96175 -163.76376 
    49.54119 -163.50629 
    50.10279 -163.21280 
    50.64433 -162.88455 
    51.16366 -162.52295 
    51.65873 -162.12952 
    52.12760 -161.70592 
    52.56845 -161.25391 
    52.97957 -160.77534 
    53.35941 -160.27225 
    53.70651 -159.74664 
    54.01959 -159.20070 
    54.29748 -158.63661 
    54.54355 -158.05843 
    54.75741 -157.46765 
    54.93375 -156.86455 
    55.06895 -156.25093 
    55.10337 -155.62233 
    55.07162 -154.99519 
    55.01188 -154.37697 
    54.93708 -153.76720 
    54.84900 -153.16374 
    54.75203 -152.56345 
    54.65067 -151.96208 
    54.54790 -151.35435 
    54.45145 -150.73198 
    54.30541 -150.11359 
    54.02044 -149.55276 
    53.70116 -149.01070 
    53.35463 -148.48517 
    52.97956 -147.97859 
    52.57833 -147.49075 
    52.15304 -147.02092 
    51.70519 -146.56825 
    51.23532 -146.13235 
    50.74283 -145.71417 
    50.22614 -145.31679 
    49.68319 -144.94589 
    49.21325 -144.35498 
    48.71920 -143.68529 
    48.01671 -143.58289 
    47.24168 -143.91135 
    46.58026 -143.80933 
    45.91210 -143.77777 
    45.24526 -143.63351 
    44.56753 -143.60484 
    43.91413 -143.84004 
    43.30514 -144.20653 
    42.69722 -144.45299 
    42.09985 -144.69640 
    41.51818 -144.96346 
    40.95205 -145.25343 
    40.40197 -145.56706 
    39.86921 -145.90567 
    39.35563 -146.27060 
    38.86344 -146.66267 
    38.39497 -147.08215 
    37.95134 -147.52753 
    37.53646 -147.99969 
    37.15210 -148.49695 
    36.79977 -149.01730 
    36.53157 -149.58658 
    36.36987 -150.20053 
    36.22728 -150.80650 
    36.10789 -151.40805 
    36.00305 -152.00397 
    35.90757 -152.59570 
    35.81803 -153.18604 
    35.73304 -153.77850 
Cell 9 100 65.20928 -153.95668 
    54.96033 -153.95668 
    55.03313 -154.59691 
    55.08380 -155.23582 
    55.08886 -155.88727 
    55.06092 -156.56233 
    55.24581 -157.19400 
    55.45579 -157.81836 
    55.69548 -158.43353 
    55.96862 -159.03677 
    56.27761 -159.62489 
    56.62358 -160.19455 
    57.00661 -160.74252 
    57.42594 -161.26573 
    57.88021 -161.76134 
    58.36766 -162.22679 
    58.88630 -162.65952 
    59.43386 -163.05730 
    60.00786 -163.41801 
    60.60564 -163.73993 
    61.22438 -164.02139 
    61.86118 -164.26106 
    62.51302 -164.45792 
    63.17685 -164.61108 
    63.84954 -164.72018 
    64.52802 -164.78503 
    65.20928 -164.80585 
    65.89042 -164.78311 
    66.56870 -164.71762 
    67.24161 -164.61050 
    67.90687 -164.46307 
    68.56253 -164.27693 
    69.20695 -164.05363 
    69.83878 -163.79488 
    70.45698 -163.50220 
    71.06074 -163.17711 
    71.64934 -162.82066 
    72.22211 -162.43373 
    72.77818 -162.01674 
    73.31641 -161.56978 
    73.83513 -161.09261 
    74.33206 -160.58476 
    74.80414 -160.04576 
    75.24749 -159.47523 
    75.54855 -158.82198 
    75.24722 -157.93098 
    75.06721 -157.15971 
    75.12115 -156.50162 
    75.10835 -155.84503 
    75.06310 -155.20151 
    75.01878 -154.57384 
    74.97190 -153.95668 
    74.91942 -153.34576 
    74.86049 -152.73746 
    74.79627 -152.12787 
    74.71965 -151.51485 
    74.63088 -150.89542 
    74.53707 -150.26355 
    74.43408 -149.61581 
    74.32594 -148.94475 
    74.22530 -148.23495 
    74.15601 -147.45651 
    73.99430 -146.68909 
    73.57764 -146.09827 
    73.11370 -145.53932 
    72.60423 -145.01773 
    72.05186 -144.53867 
    71.46012 -144.10693 
    70.83328 -143.72665 
    70.17634 -143.40115 
    69.49477 -143.13278 
    68.79189 -142.93053 
    68.06467 -142.83565 
    67.32000 -142.89194 
    66.60107 -142.93956 
    65.89938 -142.98787 
    65.20928 -143.04005 
    64.52597 -143.09578 
    63.84426 -143.15146 
    63.16825 -143.25723 
    62.52068 -143.48526 
    61.89420 -143.75392 
    61.29337 -144.06621 
    60.71616 -144.40831 
    60.16314 -144.77779 
    59.63486 -145.17281 
    59.13183 -145.59180 
    58.65464 -146.03348 
    58.20396 -146.49677 
    57.67713 -146.88353 
    57.13136 -147.27405 
    56.58154 -147.68826 
    56.03769 -148.13622 
    55.51810 -148.62891 
    55.04779 -149.17505 
    54.65407 -149.77757 
    54.38220 -150.43875 
    54.52611 -151.21371 
    54.64725 -151.94186 
    54.76394 -152.63712 
    54.86979 -153.30618 
Cell 10 100 85.41785 -152.08032 
    74.79033 -152.08032 
    74.86117 -152.74449 
    74.92458 -153.40593 
    74.98061 -154.07132 
    75.03102 -154.74721 
    75.07983 -155.43935 
    75.11449 -156.15971 
    75.50690 -156.74406 
    75.98247 -157.26747 
    76.45719 -157.76692 
    76.93199 -158.24567 
    77.40955 -158.70537 
    77.89340 -159.14626 
    78.38711 -159.56731 
    78.89378 -159.96657 
    79.41572 -160.34155 
    79.95427 -160.68956 
    80.50990 -161.00786 
    81.08223 -161.29399 
    81.67021 -161.54579 
    82.27228 -161.76140 
    82.88648 -161.93935 
    83.51060 -162.07848 
    84.14223 -162.17793 
    84.77884 -162.23712 
    85.41785 -162.25569 
    86.05664 -162.23352 
    86.69296 -162.17386 
    87.32464 -162.07603 
    87.94923 -161.93939 
    88.56448 -161.76465 
    89.16824 -161.55270 
    89.75846 -161.30458 
    90.33324 -161.02138 
    90.89083 -160.70436 
    91.42960 -160.35478 
    91.94805 -159.97398 
    92.44485 -159.56331 
    92.91875 -159.12413 
    93.36859 -158.65775 
    93.79331 -158.16545 
    94.19186 -157.64847 
    94.56319 -157.10802 
    94.90622 -156.54521 
    95.21979 -155.96118 
    95.50263 -155.35707 
    95.75335 -154.73402 
    95.97035 -154.09332 
    96.15126 -153.43626 
    96.29235 -152.76448 
    96.39561 -152.08032 
    96.46212 -151.38548 
    96.48487 -150.68224 
    96.46091 -149.97374 
    96.38890 -149.26344 
    96.26774 -148.55498 
    96.09623 -147.85246 
    95.87347 -147.16028 
    95.59906 -146.48315 
    95.27318 -145.82594 
    94.89664 -145.19357 
    94.47094 -144.59096 
    93.99826 -144.02278 
    93.48143 -143.49348 
    92.92392 -143.00705 
    92.32971 -142.56697 
    91.70326 -142.17610 
    91.04934 -141.83669 
    90.37295 -141.55022 
    89.67916 -141.31749 
    88.97302 -141.13864 
    88.25942 -141.01314 
    87.54299 -140.93994 
    86.82806 -140.91742 
    86.11852 -140.94360 
    85.41785 -141.01595 
    84.72904 -141.13199 
    84.05464 -141.28941 
    83.39684 -141.48578 
    82.75742 -141.71863 
    82.13787 -141.98557 
    81.53938 -142.28442 
    80.96297 -142.61322 
    80.40952 -142.97020 
    79.87983 -143.35379 
    79.33003 -143.70116 
    78.70863 -143.97026 
    78.07504 -144.26102 
    77.42912 -144.57840 
    76.77372 -144.92928 
    76.11558 -145.32182 
    75.46572 -145.76451 
    74.83935 -146.26474 
    74.27132 -146.83516 
    74.17123 -147.62747 
    74.25632 -148.45372 
    74.37429 -149.24481 
    74.49463 -149.99661 
    74.60398 -150.71422 
    74.70409 -151.40627 
Cell 11 100 106.46713 -153.77737 
    96.31758 -153.77737 
    96.31760 -154.41592 
    96.36374 -155.05373 
    96.45386 -155.68752 
    96.58635 -156.31433 
    96.75938 -156.93161 
    96.97171 -157.53688 
    97.22250 -158.12756 
    97.51077 -158.70117 
    97.83530 -159.25529 
    98.19479 -159.78758 
    98.58775 -160.29578 
    99.01251 -160.77773 
    99.46730 -161.23143 
    99.95021 -161.65498 
    100.45919 -162.04660 
    100.99208 -162.40468 
    101.54663 -162.72774 
    102.12048 -163.01447 
    102.71123 -163.26372 
    103.31635 -163.47450 
    103.93330 -163.64601 
    104.55948 -163.77765 
    105.19228 -163.86893 
    105.82904 -163.91959 
    106.46713 -163.92953 
    107.10392 -163.89886 
    107.73681 -163.82790 
    108.36324 -163.71710 
    108.98073 -163.56718 
    109.58691 -163.37907 
    110.17957 -163.15390 
    110.75666 -162.89308 
    111.31645 -162.59827 
    111.85754 -162.27130 
    112.37895 -161.91429 
    112.88021 -161.52946 
    113.36141 -161.11903 
    113.82317 -160.68515 
    114.26653 -160.22960 
    114.69279 -159.75366 
    115.10321 -159.25800 
    115.49848 -158.74240 
    115.87833 -158.20595 
    116.24098 -157.64711 
    116.58276 -157.06415 
    116.89790 -156.45554 
    117.17863 -155.82071 
    117.41561 -155.16049 
    117.59871 -154.47771 
    117.71803 -153.77737 
    117.76510 -153.06656 
    117.73390 -152.35405 
    117.62174 -151.64952 
    117.75368 -150.87949 
    117.94029 -150.04951 
    117.58192 -149.37671 
    116.78772 -148.92087 
    115.99741 -148.53806 
    115.52384 -148.02982 
    115.02484 -147.55983 
    114.50845 -147.12502 
    113.98058 -146.72179 
    113.44490 -146.34680 
    112.90324 -145.99747 
    112.37800 -145.64177 
    111.86154 -145.27715 
    111.32623 -144.93871 
    110.77395 -144.62494 
    110.20573 -144.33478 
    109.62160 -144.06891 
    109.02094 -143.83096 
    108.40324 -143.62791 
    107.76929 -143.46968 
    107.12213 -143.36647 
    106.46713 -143.32582 
    105.81218 -143.36720 
    105.14795 -143.33499 
    104.44614 -143.18297 
    103.70686 -143.02682 
    102.95361 -142.96388 
    102.19955 -142.99872 
    101.51288 -143.24905 
    100.98798 -143.81084 
    100.56491 -144.47696 
    100.20100 -145.15277 
    99.85177 -145.78078 
    99.49133 -146.34889 
    99.11633 -146.87451 
    98.73446 -147.38036 
    98.33683 -147.87036 
    97.97039 -148.38518 
    97.63677 -148.92285 
    97.33746 -149.48128 
    97.07381 -150.05829 
    96.84841 -150.65207 
    96.66749 -151.26125 
    96.53329 -151.88240 
    96.43324 -152.50980 
    96.35864 -153.14140 
Cell 12 100 -115.73313 -133.97560 
    -127.21822 -133.97560 
    -127.24887 -134.70010 
    -127.22297 -135.42711 
    -127.14056 -136.15169 
    -127.00242 -136.86906 
    -126.80987 -137.57465 
    -126.56477 -138.26414 
    -126.26945 -138.93361 
    -125.92661 -139.57951 
    -125.53921 -140.19873 
    -125.11041 -140.78859 
    -124.64347 -141.34688 
    -124.14162 -141.87170 
    -123.60809 -142.36159 
    -123.04601 -142.81535 
    -122.45831 -143.23203 
    -121.84785 -143.61086 
    -121.21729 -143.95125 
    -120.38996 -143.87187 
    -119.43330 -143.32115 
    -118.74939 -143.25867 
    -118.12663 -143.29768 
    -117.51515 -143.31729 
    -116.91410 -143.32396 
    -116.32173 -143.33113 
    -115.73313 -143.34500 
    -115.14277 -143.35915 
    -114.55262 -143.32036 
    -113.96160 -143.26231 
    -113.36726 -143.19005 
    -112.76918 -143.09770 
    -112.16880 -142.97809 
    -111.57194 -142.81859 
    -110.96423 -142.65021 
    -110.25491 -142.60789 
    -109.35774 -142.75056 
    -108.60051 -142.59746 
    -108.08405 -142.12105 
    -107.60144 -141.61177 
    -107.15502 -141.07204 
    -106.74692 -140.50447 
    -106.37903 -139.91190 
    -106.05308 -139.29726 
    -105.77042 -138.66370 
    -105.53220 -138.01443 
    -105.33929 -137.35277 
    -105.18515 -136.68387 
    -105.06136 -136.01135 
    -104.94733 -135.33817 
    -104.86952 -134.65909 
    -104.80122 -133.97560 
    -104.78053 -133.28653 
    -104.39449 -132.54320 
    -104.05663 -131.74818 
    -103.97264 -130.95602 
    -104.23461 -130.23950 
    -104.73735 -129.62207 
    -105.48862 -129.15489 
    -106.24666 -128.76036 
    -106.88420 -128.35989 
    -107.15255 -127.74144 
    -107.44917 -127.12251 
    -107.78513 -126.51193 
    -108.16663 -125.91809 
    -108.59913 -125.35207 
    -109.08610 -124.82674 
    -109.62798 -124.35541 
    -110.22163 -123.95020 
    -110.89877 -123.70204 
    -111.62125 -123.59019 
    -112.33797 -123.52638 
    -113.03596 -123.47079 
    -113.71986 -123.42167 
    -114.39417 -123.37661 
    -115.06546 -123.36317 
    -115.73313 -123.40144 
    -116.39240 -123.49678 
    -117.03454 -123.67393 
    -117.66056 -123.87165 
    -118.27174 -124.08839 
    -118.86887 -124.32481 
    -119.45207 -124.58263 
    -120.02073 -124.86400 
    -120.57355 -125.17093 
    -121.10872 -125.50504 
    -121.62408 -125.86742 
    -122.12210 -126.25266 
    -122.66982 -126.58878 
    -123.20379 -126.96019 
    -123.72088 -127.36756 
    -124.21761 -127.81127 
    -124.69021 -128.29126 
    -125.13474 -128.80702 
    -125.54713 -129.35748 
    -125.92330 -129.94102 
    -126.25926 -130.55545 
    -126.55130 -131.19797 
    -126.79593 -131.86526 
    -126.99018 -132.55351 
    -127.13158 -133.25847 
Cell 13 100 -93.60907 -132.29782 
    -103.73674 -132.29782 
    -103.73144 -132.93466 
    -103.68561 -133.57079 
    -103.59908 -134.20352 
    -103.47222 -134.83025 
    -103.30537 -135.44833 
    -103.09911 -136.05519 
    -102.85414 -136.64822 
    -102.57138 -137.22488 
    -102.25191 -137.78275 
    -101.89700 -138.31935 
    -101.50806 -138.83244 
    -101.08666 -139.31975 
    -100.63455 -139.77921 
    -100.15359 -140.20879 
    -99.64579 -140.60666 
    -99.11330 -140.97110 
    -98.55835 -141.30052 
    -97.98331 -141.59355 
    -97.39061 -141.84891 
    -96.78279 -142.06554 
    -96.16097 -142.23685 
    -95.52762 -142.35522 
    -94.89161 -142.45016 
    -94.25188 -142.51511 
    -93.60907 -142.53667 
    -92.96645 -142.51198 
    -92.32726 -142.44437 
    -91.69440 -142.33485 
    -91.07054 -142.18474 
    -90.45822 -141.99515 
    -89.85992 -141.76711 
    -89.27803 -141.50174 
    -88.71487 -141.20033 
    -88.17262 -140.86430 
    -87.65201 -140.49701 
    -87.12772 -140.13243 
    -86.62370 -139.73648 
    -86.14198 -139.30989 
    -85.68452 -138.85358 
    -85.25342 -138.36856 
    -84.85082 -137.85597 
    -84.47898 -137.31712 
    -84.14023 -136.75352 
    -83.83690 -136.16690 
    -83.57136 -135.55927 
    -83.34587 -134.93297 
    -83.18710 -134.28592 
    -83.07827 -133.62817 
    -83.02280 -132.96385 
    -82.98480 -132.29782 
    -82.95614 -131.62759 
    -82.95702 -130.95216 
    -83.03667 -130.28104 
    -83.18416 -129.62115 
    -83.37913 -128.97391 
    -83.61997 -128.34285 
    -83.90487 -127.73137 
    -84.16154 -127.10400 
    -84.42554 -126.46978 
    -84.73035 -125.84705 
    -85.07700 -125.23947 
    -85.46623 -124.65118 
    -85.89838 -124.08677 
    -86.37318 -123.55113 
    -86.88971 -123.04942 
    -87.44626 -122.58678 
    -88.04029 -122.16825 
    -88.66846 -121.79850 
    -89.32664 -121.48166 
    -90.01003 -121.22113 
    -90.71328 -121.01946 
    -91.43066 -120.87820 
    -92.15630 -120.79790 
    -92.88431 -120.77809 
    -93.60907 -120.81734 
    -94.32533 -120.91334 
    -95.02834 -121.06313 
    -95.71404 -121.26318 
    -96.37900 -121.50966 
    -97.02049 -121.79854 
    -97.63644 -122.12584 
    -98.22535 -122.48773 
    -98.78620 -122.88066 
    -99.31836 -123.30143 
    -99.82144 -123.74723 
    -100.29522 -124.21566 
    -100.73951 -124.70467 
    -101.15412 -125.21255 
    -101.53876 -125.73782 
    -101.89302 -126.27918 
    -102.28181 -126.79394 
    -102.63709 -127.33463 
    -102.92881 -127.91228 
    -103.15214 -128.51945 
    -103.31335 -129.14471 
    -103.42541 -129.77742 
    -103.51394 -130.40837 
    -103.62226 -131.03287 
    -103.70160 -131.66286 
Cell 14 100 -73.00845 -134.12935 
    -83.16119 -134.12935 
    -83.28020 -134.77559 
    -83.28276 -135.42729 
    -83.20609 -136.07466 
    -83.07484 -136.71396 
    -82.89294 -137.34102 
    -82.67188 -137.95537 
    -82.41216 -138.55440 
    -82.11460 -139.13550 
    -81.78023 -139.69609 
    -81.41037 -140.23370 
    -81.00658 -140.74599 
    -80.57064 -141.23071 
    -80.10446 -141.68584 
    -79.61013 -142.10942 
    -79.01376 -142.39497 
    -78.36233 -142.56572 
    -77.74458 -142.74435 
    -77.16086 -142.95366 
    -76.57794 -143.14485 
    -75.99390 -143.31763 
    -75.40801 -143.47504 
    -74.81872 -143.61909 
    -74.22383 -143.75012 
    -73.62131 -143.87048 
    -73.00845 -144.01768 
    -72.37556 -144.18884 
    -71.71720 -144.35057 
    -71.03971 -144.44983 
    -70.37886 -144.37093 
    -69.71833 -144.25529 
    -69.05930 -144.10374 
    -68.40333 -143.91573 
    -67.75212 -143.69057 
    -67.10764 -143.42752 
    -66.47213 -143.12582 
    -65.84814 -142.78468 
    -65.23859 -142.40341 
    -64.64676 -141.98149 
    -64.07630 -141.51866 
    -63.53120 -141.01497 
    -63.01572 -140.47092 
    -62.53436 -139.88753 
    -62.09896 -139.26297 
    -62.04025 -138.47197 
    -62.12542 -137.66545 
    -62.33596 -136.86958 
    -62.57015 -136.12056 
    -62.73589 -135.42706 
    -62.86541 -134.76750 
    -62.97820 -134.12935 
    -63.08477 -133.50500 
    -63.19371 -132.88947 
    -63.32479 -132.28209 
    -63.47415 -131.68135 
    -63.63607 -131.08408 
    -63.80958 -130.48726 
    -63.99278 -129.88690 
    -64.18509 -129.27867 
    -64.38318 -128.65559 
    -64.58202 -128.00719 
    -64.77348 -127.31680 
    -64.94313 -126.55551 
    -65.07157 -125.67744 
    -65.62788 -125.20777 
    -66.27258 -124.85823 
    -66.84399 -124.41573 
    -67.48933 -124.09011 
    -68.18710 -123.88347 
    -68.91131 -123.78115 
    -69.63824 -123.75694 
    -70.32969 -123.69627 
    -71.00736 -123.63930 
    -71.68060 -123.61839 
    -72.34805 -123.63259 
    -73.00845 -123.68112 
    -73.66062 -123.76331 
    -74.30341 -123.87865 
    -74.93562 -124.02673 
    -75.55602 -124.20719 
    -76.18578 -124.35050 
    -76.82165 -124.49830 
    -77.45489 -124.68019 
    -78.08229 -124.90006 
    -78.69904 -125.16240 
    -79.29870 -125.47156 
    -79.87347 -125.83096 
    -80.41489 -126.24229 
    -80.91466 -126.70492 
    -81.36565 -127.21568 
    -81.76269 -127.76902 
    -82.10319 -128.35765 
    -82.38726 -128.97330 
    -82.61742 -129.60771 
    -82.79593 -130.25421 
    -82.96385 -130.89464 
    -82.95621 -131.57520 
    -82.98177 -132.22682 
    -83.01716 -132.86494 
    -83.06728 -133.49649 
Cell 15 100 -54.78054 -130.97519 
    -63.66773 -130.97519 
    -63.51659 -131.52481 
    -63.37963 -132.06151 
    -63.25784 -132.59232 
    -63.15209 -133.12463 
    -63.05754 -133.66455 
    -62.96308 -134.21487 
    -62.86323 -134.77861 
    -62.74978 -135.35631 
    -62.61206 -135.94522 
    -62.43916 -136.53951 
    -62.25869 -137.16165 
    -62.10553 -137.85381 
    -62.03920 -138.70488 
    -61.54659 -139.15395 
    -61.02623 -139.57164 
    -60.47993 -139.95599 
    -59.90967 -140.30505 
    -59.31764 -140.61703 
    -58.70621 -140.89032 
    -58.07790 -141.12343 
    -57.43538 -141.31509 
    -56.78144 -141.46429 
    -56.11900 -141.57018 
    -55.45102 -141.63213 
    -54.78054 -141.64980 
    -54.11063 -141.62305 
    -53.44437 -141.55200 
    -52.78483 -141.43706 
    -52.13502 -141.27881 
    -51.49791 -141.07808 
    -50.87638 -140.83595 
    -50.27323 -140.55370 
    -49.69113 -140.23279 
    -49.13263 -139.87488 
    -48.60011 -139.48181 
    -48.09582 -139.05562 
    -47.62184 -138.59842 
    -47.18007 -138.11250 
    -46.74769 -137.62054 
    -46.29453 -137.14064 
    -45.86846 -136.63097 
    -45.47255 -136.09230 
    -45.17276 -135.49626 
    -45.14489 -134.79021 
    -45.08709 -134.12479 
    -45.01766 -133.48187 
    -44.94722 -132.85100 
    -44.88250 -132.22560 
    -44.82631 -131.60146 
    -44.77391 -130.97519 
    -44.72945 -130.34283 
    -44.68796 -129.70021 
    -44.63959 -129.04070 
    -44.56665 -128.35271 
    -44.43567 -127.61394 
    -44.69035 -126.98020 
    -45.00895 -126.37703 
    -45.36760 -125.80038 
    -45.76262 -125.25224 
    -45.74236 -124.40857 
    -45.26950 -123.10698 
    -46.70331 -123.39017 
    -47.63687 -123.36795 
    -48.16375 -122.97686 
    -48.66868 -122.56294 
    -49.15570 -122.11185 
    -49.66785 -121.67524 
    -50.20600 -121.25381 
    -50.77130 -120.84901 
    -51.36499 -120.46321 
    -51.98822 -120.09983 
    -52.64177 -119.76337 
    -53.32576 -119.45942 
    -54.03936 -119.19447 
    -54.78054 -118.97571 
    -55.54586 -118.81067 
    -56.33039 -118.70681 
    -57.12768 -118.67104 
    -57.92991 -118.70920 
    -58.72815 -118.82570 
    -59.51273 -119.02305 
    -60.27369 -119.30165 
    -61.00129 -119.65968 
    -61.68652 -120.09311 
    -62.32154 -120.59590 
    -62.90008 -121.16035 
    -63.41773 -121.77752 
    -63.87198 -122.43776 
    -64.26228 -123.13121 
    -64.58983 -123.84832 
    -64.85733 -124.58026 
    -65.06847 -125.31936 
    -65.00007 -126.16624 
    -64.84634 -126.98986 
    -64.64806 -127.76904 
    -64.43176 -128.49718 
    -64.21809 -129.17488 
    -64.01764 -129.80827 
    -63.83451 -130.40556 
Cell 16 100 -34.90757 -132.91168 
    -44.95399 -132.91168 
    -45.02483 -133.54820 
    -45.09349 -134.19846 
    -45.14785 -134.86511 
    -45.20226 -135.55492 
    -45.12011 -136.22993 
    -45.07454 -136.93707 
    -44.83710 -137.58417 
    -44.55961 -138.21793 
    -44.24294 -138.83609 
    -43.88783 -139.43622 
    -43.49493 -140.01576 
    -43.06498 -140.57201 
    -42.59886 -141.10207 
    -42.09768 -141.60303 
    -41.32480 -141.74423 
    -40.46723 -141.67229 
    -39.71351 -141.65366 
    -39.04698 -141.70837 
    -38.42923 -141.80638 
    -37.83081 -141.90849 
    -37.24425 -142.01245 
    -36.66454 -142.12202 
    -36.08572 -142.23769 
    -35.50200 -142.35986 
    -34.90757 -142.48801 
    -34.29641 -142.62578 
    -33.65708 -142.81032 
    -32.96067 -143.11771 
    -32.17225 -143.56503 
    -31.37679 -143.77832 
    -30.71518 -143.50046 
    -30.07677 -143.17766 
    -29.46480 -142.81204 
    -28.88229 -142.40601 
    -28.33203 -141.96214 
    -27.81652 -141.48329 
    -27.33806 -140.97240 
    -26.89860 -140.43260 
    -26.49982 -139.86717 
    -26.14311 -139.27943 
    -25.82953 -138.67278 
    -25.55986 -138.05063 
    -25.33456 -137.41640 
    -25.18072 -136.76282 
    -25.22004 -136.05934 
    -25.24928 -135.39151 
    -25.16076 -134.77098 
    -25.08339 -134.15276 
    -25.03269 -133.53296 
    -25.00846 -132.91168 
    -25.00654 -132.28877 
    -25.02875 -131.66370 
    -25.07546 -131.03612 
    -25.14132 -130.40413 
    -25.28107 -129.78384 
    -25.44776 -129.16628 
    -25.63961 -128.55051 
    -25.85560 -127.93532 
    -26.09577 -127.31954 
    -26.36150 -126.70260 
    -26.65561 -126.08507 
    -26.98231 -125.46937 
    -27.34673 -124.86021 
    -27.75434 -124.26492 
    -28.21007 -123.69337 
    -28.71739 -123.15752 
    -29.27742 -122.67048 
    -29.88838 -122.24537 
    -30.54532 -121.89389 
    -31.24031 -121.62503 
    -31.96318 -121.44403 
    -32.70241 -121.35181 
    -33.44635 -121.34497 
    -34.18434 -121.41631 
    -34.90757 -121.55592 
    -35.60965 -121.75237 
    -36.28678 -121.99410 
    -36.93747 -122.27057 
    -37.56207 -122.57311 
    -38.16205 -122.89542 
    -38.73940 -123.23357 
    -39.29596 -123.58587 
    -39.83823 -123.94284 
    -40.42278 -124.22111 
    -40.99665 -124.53078 
    -41.55817 -124.87249 
    -42.10503 -125.24716 
    -42.63418 -125.65591 
    -43.14171 -126.09981 
    -43.62292 -126.57961 
    -44.07240 -127.09550 
    -44.44530 -127.66827 
    -44.56804 -128.36581 
    -44.64086 -129.05800 
    -44.69009 -129.73315 
    -44.73270 -130.38901 
    -44.77839 -131.02872 
    -44.83140 -131.65802 
    -44.88851 -132.28374 
Cell 17 100 -14.99265 -133.61794 
    -25.03964 -133.61794 
    -25.09601 -134.25359 
    -25.17986 -134.90488 
    -25.24133 -135.57298 
    -25.20987 -136.24127 
    -25.18666 -136.93018 
    -24.95855 -137.56372 
    -24.68931 -138.18083 
    -24.38050 -138.77895 
    -24.03387 -139.35567 
    -23.65117 -139.90872 
    -23.23429 -140.43602 
    -22.78519 -140.93562 
    -22.30582 -141.40567 
    -21.79823 -141.84447 
    -21.26451 -142.25041 
    -20.70678 -142.62196 
    -20.12725 -142.95775 
    -19.52818 -143.25642 
    -18.90003 -143.48685 
    -18.12876 -143.26990 
    -17.44342 -143.16306 
    -16.81230 -143.15688 
    -16.19958 -143.17178 
    -15.59519 -143.19511 
    -14.99265 -143.22646 
    -14.38585 -143.26277 
    -13.76924 -143.30223 
    -13.13359 -143.36345 
    -12.45757 -143.49139 
    -11.73369 -143.64799 
    -11.11619 -143.40875 
    -10.51650 -143.13023 
    -9.93722 -142.81374 
    -9.38080 -142.46080 
    -8.84962 -142.07309 
    -8.34591 -141.65247 
    -7.87164 -141.20103 
    -7.42866 -140.72099 
    -7.01876 -140.21451 
    -6.64349 -139.68396 
    -6.30414 -139.13184 
    -6.00186 -138.56067 
    -5.73754 -137.97305 
    -5.51191 -137.37163 
    -5.32546 -136.75899 
    -5.17853 -136.13777 
    -5.07116 -135.51056 
    -4.98471 -134.88223 
    -4.90424 -134.25264 
    -4.85893 -133.61794 
    -4.84886 -132.97974 
    -4.87415 -132.33968 
    -4.93504 -131.69934 
    -5.03194 -131.06046 
    -5.16542 -130.42488 
    -5.33620 -129.79468 
    -5.54512 -129.17227 
    -5.79302 -128.56039 
    -6.08067 -127.96223 
    -6.40865 -127.38129 
    -6.77716 -126.82150 
    -7.18597 -126.28698 
    -7.63426 -125.78204 
    -8.12051 -125.31095 
    -8.64256 -124.87778 
    -9.19750 -124.48624 
    -9.78183 -124.13950 
    -10.39151 -123.84002 
    -10.88979 -123.25529 
    -11.18894 -121.91134 
    -11.99924 -121.95937 
    -12.88040 -122.54516 
    -13.58502 -122.47545 
    -14.29519 -122.53217 
    -14.99265 -122.69072 
    -15.66592 -122.91665 
    -16.31172 -123.17641 
    -16.93309 -123.44579 
    -17.54912 -123.66114 
    -18.15451 -123.88672 
    -18.74347 -124.14444 
    -19.31475 -124.43301 
    -19.86710 -124.75135 
    -20.39924 -125.09851 
    -20.90983 -125.47363 
    -21.40266 -125.86956 
    -21.91636 -126.24493 
    -22.40812 -126.65435 
    -22.87517 -127.09695 
    -23.31471 -127.57160 
    -23.72401 -128.07684 
    -24.10036 -128.61093 
    -24.44122 -129.17177 
    -24.74421 -129.75702 
    -25.00717 -130.36403 
    -25.07621 -131.02892 
    -25.02733 -131.70372 
    -25.00674 -132.35286 
    -25.01142 -132.98761 
Cell 18 100 5.90496 -133.55458 
    -4.20223 -133.55458 
    -4.16963 -134.18842 
    -4.09912 -134.81839 
    -4.00695 -135.44537 
    -3.87591 -136.06589 
    -3.70567 -136.67726 
    -3.49685 -137.27702 
    -3.25021 -137.86267 
    -2.96671 -138.43182 
    -2.64744 -138.98210 
    -2.29364 -139.51122 
    -1.90674 -140.01698 
    -1.48827 -140.49730 
    -1.03993 -140.95015 
    -0.56353 -141.37364 
    -0.06101 -141.76604 
    0.46557 -142.12569 
    1.01405 -142.45111 
    1.62388 -142.65236 
    2.30844 -142.63835 
    2.93055 -142.70888 
    3.53029 -142.80331 
    4.11876 -142.91817 
    4.70519 -143.05180 
    5.29812 -143.20013 
    5.90496 -143.35187 
    6.52990 -143.48759 
    7.17415 -143.60126 
    7.80458 -143.51273 
    8.42631 -143.37456 
    9.03874 -143.19937 
    9.64015 -142.98857 
    10.22902 -142.74367 
    10.80417 -142.46620 
    11.36472 -142.15778 
    11.91011 -141.81996 
    12.44008 -141.45418 
    12.95458 -141.06166 
    13.45369 -140.64331 
    13.93748 -140.19965 
    14.40570 -139.73073 
    14.85771 -139.23616 
    15.29222 -138.71527 
    15.70708 -138.16710 
    16.09204 -137.58794 
    16.07781 -136.85994 
    15.89062 -136.11845 
    15.77890 -135.43814 
    15.72475 -134.79510 
    15.68785 -134.17007 
    15.64542 -133.55458 
    15.59667 -132.94484 
    15.53581 -132.33792 
    15.46139 -131.73160 
    15.37323 -131.12354 
    15.27501 -130.51007 
    15.19785 -129.87526 
    15.12750 -129.21478 
    15.07749 -128.51195 
    15.07906 -127.73251 
    15.17900 -126.81660 
    14.68570 -126.29052 
    14.10055 -125.85841 
    13.49438 -125.47267 
    12.87367 -125.13086 
    12.24373 -124.83002 
    11.60863 -124.56703 
    10.97898 -124.32499 
    10.37163 -124.06242 
    9.75143 -123.83951 
    9.12112 -123.65626 
    8.48332 -123.51256 
    7.84049 -123.40818 
    7.19501 -123.34282 
    6.54927 -123.31363 
    5.90496 -123.26183 
    5.25675 -123.25150 
    4.60746 -123.28379 
    3.96018 -123.35964 
    3.31817 -123.47970 
    2.68490 -123.64424 
    2.06389 -123.85315 
    1.45870 -124.10580 
    0.87280 -124.40111 
    0.30948 -124.73751 
    -0.22820 -125.11300 
    -0.73753 -125.52518 
    -1.21615 -125.97137 
    -1.66210 -126.44863 
    -2.07384 -126.95394 
    -2.45018 -127.48421 
    -2.79029 -128.03641 
    -3.09361 -128.60757 
    -3.35981 -129.19492 
    -3.58870 -129.79578 
    -3.78693 -130.40550 
    -3.94748 -131.02490 
    -4.06923 -131.65190 
    -4.15221 -132.28406 
    -4.19649 -132.91905 
Cell 19 100 25.27325 -131.51189 
    15.42953 -131.51189 
    15.50982 -132.12616 
    15.57582 -132.73695 
    15.62919 -133.35159 
    15.67450 -133.97643 
    15.71428 -134.61778 
    15.76528 -135.27637 
    15.86144 -135.94075 
    16.01290 -136.60281 
    16.22836 -137.25195 
    16.65777 -137.77139 
    17.11492 -138.26105 
    17.59735 -138.72005 
    18.07878 -139.17322 
    18.56075 -139.62592 
    19.07213 -140.04700 
    19.61103 -140.43413 
    20.17513 -140.78534 
    20.76668 -141.08885 
    21.39818 -141.29919 
    22.09166 -141.30383 
    22.76656 -141.27483 
    23.40939 -141.28262 
    24.03486 -141.31474 
    24.65316 -141.36794 
    25.27325 -141.44135 
    25.90386 -141.53500 
    26.55228 -141.63640 
    27.20374 -141.63188 
    27.86642 -141.61159 
    28.52588 -141.52243 
    29.15362 -141.31258 
    29.75735 -141.04108 
    30.33954 -140.72743 
    30.89593 -140.37181 
    31.42661 -139.98125 
    31.92938 -139.55775 
    32.40222 -139.10347 
    32.84332 -138.62065 
    33.25109 -138.11172 
    33.62417 -137.57918 
    33.96150 -137.02562 
    34.26228 -136.45364 
    34.52606 -135.86592 
    34.75275 -135.26509 
    34.94261 -134.65366 
    35.09625 -134.03400 
    35.21462 -133.40831 
    35.29893 -132.77843 
    35.35056 -132.14590 
    35.37088 -131.51189 
    35.36111 -130.87721 
    35.32210 -130.24242 
    35.25411 -129.60794 
    35.15669 -128.97426 
    35.02855 -128.34219 
    34.86757 -127.71323 
    34.67100 -127.08965 
    34.43563 -126.47482 
    34.20287 -125.84498 
    33.97755 -125.18784 
    33.72407 -124.52077 
    33.43525 -123.84727 
    33.10300 -123.17406 
    32.71919 -122.51130 
    32.27677 -121.87237 
    31.77095 -121.27316 
    31.20020 -120.73081 
    30.56697 -120.26216 
    29.87785 -119.88201 
    29.14316 -119.60155 
    28.37611 -119.42706 
    27.59148 -119.35932 
    26.80416 -119.39355 
    26.02771 -119.52014 
    25.27325 -119.72588 
    24.54870 -119.99550 
    23.85856 -120.31342 
    23.20413 -120.66518 
    22.58418 -121.03861 
    21.99570 -121.42460 
    21.43130 -121.80822 
    20.80236 -122.01076 
    20.18234 -122.25156 
    19.57384 -122.53104 
    18.97968 -122.84953 
    18.40298 -123.20715 
    17.84707 -123.60380 
    17.31548 -124.03903 
    16.81190 -124.51205 
    16.34011 -125.02158 
    15.90387 -125.56590 
    15.50682 -126.14275 
    15.16050 -126.75319 
    15.10592 -127.48635 
    15.07812 -128.19930 
    15.10518 -128.90117 
    15.16683 -129.58397 
    15.24276 -130.24475 
    15.33531 -130.88664 
Cell 20 100 46.73770 -132.20944 
    36.68986 -132.20944 
    36.70494 -132.84065 
    36.75967 -133.46996 
    36.85392 -134.09488 
    36.98742 -134.71289 
    37.15970 -135.32152 
    37.37014 -135.91832 
    37.61796 -136.50087 
    37.90221 -137.06679 
    38.22179 -137.61380 
    38.57546 -138.13965 
    38.96183 -138.64220 
    39.37934 -139.11940 
    39.82630 -139.56934 
    40.30096 -139.99011 
    40.80140 -140.38005 
    41.32560 -140.73753 
    41.87144 -141.06113 
    42.43671 -141.34952 
    43.01910 -141.60153 
    43.61627 -141.81619 
    44.22580 -141.99265 
    44.84521 -142.13022 
    45.47201 -142.22838 
    46.10368 -142.28680 
    46.73770 -142.30531 
    47.37153 -142.28392 
    48.00268 -142.22279 
    48.62867 -142.12224 
    49.24707 -141.98279 
    49.85551 -141.80510 
    50.45170 -141.58994 
    51.03340 -141.33829 
    51.59849 -141.05119 
    52.14492 -140.72987 
    52.67077 -140.37561 
    53.17419 -139.98982 
    53.65345 -139.57397 
    54.10693 -139.12961 
    54.53311 -138.65837 
    54.93053 -138.16188 
    55.29785 -137.64188 
    55.57529 -137.06795 
    55.67327 -136.41420 
    55.67302 -135.74719 
    55.73707 -135.13353 
    55.82913 -134.54373 
    55.94394 -133.96562 
    56.07693 -133.38927 
    56.22105 -132.80609 
    56.37156 -132.20944 
    56.50840 -131.59471 
    56.61558 -130.96158 
    56.68273 -130.31232 
    56.71246 -129.64836 
    56.72722 -128.96365 
    56.77655 -128.23477 
    56.76340 -127.49170 
    56.37735 -126.91000 
    56.23217 -126.18407 
    56.04239 -125.44919 
    55.79411 -124.71732 
    55.47428 -124.00524 
    55.07303 -123.33321 
    54.58572 -122.72282 
    54.01429 -122.19407 
    53.36744 -121.76264 
    52.65963 -121.43749 
    51.90907 -121.21970 
    51.13521 -121.10260 
    50.35609 -121.07317 
    49.58642 -121.11440 
    48.83632 -121.20810 
    48.11376 -121.31677 
    47.42212 -121.33094 
    46.73770 -121.39136 
    46.06361 -121.49516 
    45.40240 -121.63950 
    44.75611 -121.82163 
    44.12638 -122.03903 
    43.51450 -122.28947 
    42.92157 -122.57101 
    42.34856 -122.88205 
    41.79639 -123.22123 
    41.26601 -123.58745 
    40.75846 -123.97974 
    40.27487 -124.39722 
    39.81643 -124.83904 
    39.38448 -125.30431 
    38.98039 -125.79205 
    38.60559 -126.30112 
    38.26149 -126.83028 
    37.94948 -127.37808 
    37.67075 -127.94286 
    37.41839 -128.51967 
    37.20207 -129.11113 
    37.02277 -129.71507 
    36.88129 -130.32924 
    36.77832 -130.95128 
    36.71439 -131.57883 
Cell 21 100 65.05496 -133.37566 
    56.08030 -133.37566 
    55.94786 -133.94862 
    55.82965 -134.54108 
    55.73499 -135.15353 
    55.67303 -135.78453 
    55.67173 -136.42445 
    55.53883 -137.14336 
    55.53827 -137.85387 
    55.79261 -138.46768 
    56.08750 -139.06657 
    56.42250 -139.64751 
    56.79679 -140.20741 
    57.20921 -140.74330 
    57.65832 -141.25227 
    58.14241 -141.73149 
    58.65944 -142.17834 
    59.20720 -142.59026 
    59.78320 -142.96495 
    60.38479 -143.30026 
    61.00910 -143.59433 
    61.66025 -143.82350 
    62.45166 -143.51486 
    63.17000 -143.25696 
    63.81950 -143.15533 
    64.44299 -143.10255 
    65.05496 -143.05264 
    65.66084 -143.00591 
    66.26608 -142.96262 
    66.87590 -142.92136 
    67.49493 -142.87871 
    68.13154 -142.84438 
    68.84393 -142.94550 
    69.61459 -143.06537 
    70.30061 -142.91745 
    70.87103 -142.54031 
    71.41323 -142.12706 
    71.92493 -141.68002 
    72.40413 -141.20172 
    72.84901 -140.69476 
    73.25803 -140.16182 
    73.62986 -139.60568 
    73.96343 -139.02914 
    74.25789 -138.43501 
    74.37342 -137.76059 
    74.47993 -137.10727 
    74.67139 -136.50021 
    74.51696 -135.80508 
    74.47644 -135.17290 
    74.43299 -134.56038 
    74.37943 -133.96231 
    74.31520 -133.37566 
    74.23803 -132.79791 
    74.14574 -132.22722 
    74.03646 -131.66234 
    73.91452 -131.10091 
    73.77696 -130.54172 
    73.62295 -129.98335 
    73.46367 -129.41882 
    73.31918 -128.83237 
    73.17215 -128.22433 
    73.02849 -127.58254 
    72.89965 -126.88596 
    72.72383 -126.17411 
    72.24780 -125.71606 
    71.74137 -125.29317 
    71.20766 -124.90720 
    70.69205 -124.49303 
    70.21152 -123.99590 
    69.70208 -123.50003 
    69.15594 -123.01777 
    68.56651 -122.56824 
    67.93066 -122.17553 
    67.25071 -121.86515 
    66.53506 -121.65944 
    65.79752 -121.57310 
    65.05496 -121.61005 
    64.32433 -121.76262 
    63.61956 -122.01330 
    62.94951 -122.33848 
    62.31728 -122.71310 
    61.72105 -123.11494 
    61.15584 -123.52760 
    60.61562 -123.94158 
    60.09238 -124.34875 
    59.57728 -124.74421 
    59.02256 -125.07277 
    58.49758 -125.44913 
    58.00628 -125.86957 
    57.55148 -126.32941 
    57.13480 -126.82352 
    56.75669 -127.34661 
    56.77454 -128.12074 
    56.73806 -128.80341 
    56.71669 -129.45197 
    56.69379 -130.06523 
    56.64840 -130.64421 
    56.57547 -131.19849 
    56.47624 -131.73918 
    56.35463 -132.27655 
    56.21770 -132.81966 
Cell 22 100 83.88577 -129.82506 
    73.57829 -129.82506 
    73.75509 -130.46242 
    73.91066 -131.08521 
    74.04422 -131.70244 
    74.16106 -132.32195 
    74.25875 -132.95306 
    74.34025 -133.60440 
    74.40831 -134.28481 
    74.46449 -135.00446 
    74.51484 -135.77203 
    74.70294 -136.49677 
    75.23414 -136.98232 
    75.78504 -137.43214 
    76.35215 -137.84755 
    76.93283 -138.22972 
    77.52516 -138.57968 
    78.12785 -138.89810 
    78.73997 -139.18523 
    79.36089 -139.44092 
    79.99000 -139.66467 
    80.62665 -139.85562 
    81.27004 -140.01265 
    81.91913 -140.13455 
    82.57259 -140.21999 
    83.22877 -140.26781 
    83.88577 -140.28375 
    84.54259 -140.26483 
    85.19695 -140.20409 
    85.84615 -140.10175 
    86.48742 -139.95779 
    87.11771 -139.77194 
    87.73409 -139.54482 
    88.33377 -139.27754 
    88.91419 -138.97171 
    89.47289 -138.62894 
    90.00745 -138.25084 
    90.51563 -137.83917 
    90.99525 -137.39589 
    91.44437 -136.92307 
    91.86123 -136.42293 
    92.24431 -135.89789 
    92.59246 -135.35049 
    92.70987 -134.67615 
    92.72333 -133.98370 
    92.82987 -133.36629 
    92.94559 -132.76877 
    93.05653 -132.17970 
    93.16108 -131.59442 
    93.25830 -131.00908 
    93.34879 -130.42041 
    93.43819 -129.82506 
    93.52547 -129.21858 
    93.64123 -128.59267 
    93.88918 -127.91680 
    94.18885 -127.17967 
    94.55492 -126.35844 
    95.13779 -125.37006 
    95.20938 -124.49657 
    94.85979 -123.79205 
    94.30936 -123.21005 
    93.63162 -122.74429 
    92.87887 -122.38532 
    92.40388 -121.82603 
    91.99174 -121.19307 
    91.53218 -120.58214 
    91.02486 -119.99894 
    90.47025 -119.44959 
    89.86964 -118.94044 
    89.22536 -118.47784 
    88.54074 -118.06796 
    87.82008 -117.71651 
    87.06865 -117.42857 
    86.29254 -117.20834 
    85.49850 -117.05896 
    84.69376 -116.98241 
    83.88577 -116.97940 
    83.08199 -117.04935 
    82.28965 -117.19043 
    81.51550 -117.39966 
    80.76567 -117.67306 
    80.04547 -118.00583 
    79.35932 -118.39255 
    78.71068 -118.82742 
    78.10204 -119.30449 
    77.53500 -119.81784 
    77.01032 -120.36181 
    76.52807 -120.93112 
    76.08775 -121.52101 
    75.68845 -122.12725 
    75.32897 -122.74626 
    75.00803 -123.37501 
    74.50346 -123.87086 
    73.99903 -124.38978 
    73.52683 -124.95052 
    73.09668 -125.55335 
    72.79971 -126.22298 
    72.92263 -127.01020 
    73.06856 -127.76157 
    73.23383 -128.47940 
    73.40124 -129.16544 
Cell 23 100 103.58846 -133.19644 
    92.86276 -133.19644 
    92.74142 -133.87888 
    92.71192 -134.57047 
    92.69838 -135.27383 
    92.97371 -135.92184 
    93.30048 -136.53922 
    93.65266 -137.13029 
    94.02609 -137.69615 
    94.41837 -138.23775 
    94.82813 -138.75592 
    95.25482 -139.25117 
    95.69843 -139.72365 
    96.15926 -140.17293 
    96.63763 -140.59833 
    97.11523 -141.02122 
    97.59837 -141.44110 
    98.10855 -141.83139 
    98.64422 -142.18999 
    99.20353 -142.51489 
    99.78680 -142.79832 
    100.40284 -143.00078 
    101.03797 -143.12996 
    101.69479 -143.12340 
    102.35103 -142.99171 
    102.97384 -142.96558 
    103.58846 -143.01694 
    104.21367 -143.13387 
    104.86142 -143.27292 
    105.52599 -143.35332 
    106.19368 -143.34309 
    106.86855 -143.29150 
    107.50072 -143.07770 
    108.11796 -142.82211 
    108.71732 -142.52579 
    109.29599 -142.19006 
    109.85123 -141.81641 
    110.38048 -141.40657 
    110.88122 -140.96243 
    111.35117 -140.48610 
    111.78815 -139.97981 
    112.19020 -139.44597 
    112.55556 -138.88713 
    112.88261 -138.30594 
    113.17001 -137.70517 
    113.41662 -137.08768 
    113.62150 -136.45638 
    113.78397 -135.81421 
    113.90358 -135.16415 
    113.98011 -134.50922 
    114.01361 -133.85234 
    114.00432 -133.19644 
    113.95278 -132.54437 
    113.85974 -131.89888 
    113.72617 -131.26257 
    113.55332 -130.63789 
    113.34258 -130.02715 
    113.09557 -129.43231 
    112.81409 -128.85519 
    112.50005 -128.29726 
    112.15541 -127.75969 
    111.78220 -127.24334 
    111.38241 -126.74873 
    110.95789 -126.27609 
    110.51031 -125.82542 
    110.04112 -125.39651 
    109.55144 -124.98911 
    109.04205 -124.60297 
    108.51338 -124.23804 
    107.96555 -123.89465 
    107.39845 -123.57352 
    106.81178 -123.27608 
    106.20533 -123.00443 
    105.57906 -122.76141 
    104.93334 -122.55060 
    104.26921 -122.37625 
    103.58846 -122.24306 
    102.89385 -122.15598 
    102.18916 -122.11987 
    101.47919 -122.13924 
    100.76964 -122.21783 
    100.06697 -122.35841 
    99.37814 -122.56239 
    98.71026 -122.82973 
    98.07025 -123.15885 
    97.46452 -123.54665 
    96.89861 -123.98865 
    96.37696 -124.47923 
    95.80870 -124.91184 
    95.19041 -125.31014 
    94.80668 -125.93153 
    94.46241 -126.56597 
    94.17218 -127.22068 
    93.90665 -127.87383 
    93.66533 -128.52698 
    93.52657 -129.21266 
    93.42769 -129.89502 
    93.32706 -130.56175 
    93.22340 -131.21921 
    93.11134 -131.87288 
    92.99062 -132.52968 
Cell 24 100 -112.51263 -113.80391 
    -122.81854 -113.80391 
    -122.80650 -114.45155 
    -122.75264 -115.09752 
    -122.65710 -115.73907 
    -122.52023 -116.37342 
    -122.34258 -116.99785 
    -122.12490 -117.60967 
    -121.86815 -118.20628 
    -121.57343 -118.78513 
    -121.24207 -119.34377 
    -120.87552 -119.87990 
    -120.47543 -120.39130 
    -120.04357 -120.87593 
    -119.58187 -121.33188 
    -119.09235 -121.75742 
    -118.57714 -122.15099 
    -118.03847 -122.51123 
    -117.47860 -122.83697 
    -116.89986 -123.12723 
    -116.30457 -123.38123 
    -115.62913 -123.39548 
    -114.96754 -123.36514 
    -114.33942 -123.38027 
    -113.72758 -123.42115 
    -113.12045 -123.46472 
    -112.51263 -123.51247 
    -111.89848 -123.56551 
    -111.26946 -123.64465 
    -110.60384 -123.81013 
    -109.93863 -123.82900 
    -109.29432 -123.70888 
    -108.66293 -123.52714 
    -108.04289 -123.30260 
    -107.43423 -123.04149 
    -106.83855 -122.74483 
    -106.25795 -122.41275 
    -105.69471 -122.04536 
    -105.15131 -121.64292 
    -104.63046 -121.20577 
    -104.13500 -120.73449 
    -103.66803 -120.22989 
    -103.23272 -119.69312 
    -102.83234 -119.12569 
    -102.47018 -118.52953 
    -102.14941 -117.90700 
    -101.87308 -117.26091 
    -101.64394 -116.59451 
    -101.46442 -115.91147 
    -101.33647 -115.21579 
    -100.94836 -114.53147 
    -100.54519 -113.80391 
    -100.29597 -113.03530 
    -100.25994 -112.25603 
    -100.45940 -111.50463 
    -100.87142 -110.81496 
    -101.43607 -110.20492 
    -102.07727 -109.67226 
    -102.54961 -109.11567 
    -102.29634 -108.18745 
    -102.07417 -107.17946 
    -103.73335 -107.42539 
    -104.24377 -106.96330 
    -104.74306 -106.50779 
    -105.26604 -106.08707 
    -105.80972 -105.70147 
    -106.37129 -105.35107 
    -106.94823 -105.03581 
    -107.53825 -104.75553 
    -108.13926 -104.51002 
    -108.74940 -104.29909 
    -109.36698 -104.12257 
    -109.99039 -103.98040 
    -110.61813 -103.87253 
    -111.24310 -103.75449 
    -111.87206 -103.62235 
    -112.51263 -103.49857 
    -113.16834 -103.38175 
    -113.84252 -103.27679 
    -114.53611 -103.19650 
    -115.24528 -103.16096 
    -115.95990 -103.19433 
    -116.66380 -103.31926 
    -117.33739 -103.55078 
    -117.96189 -103.89175 
    -118.52391 -104.33166 
    -119.01860 -104.84922 
    -119.45009 -105.41797 
    -119.82930 -106.01246 
    -120.17000 -106.61317 
    -120.48479 -107.20876 
    -120.78226 -107.79568 
    -121.11518 -108.34457 
    -121.45489 -108.88786 
    -121.75988 -109.45249 
    -122.02866 -110.03625 
    -122.25993 -110.63683 
    -122.45248 -111.25179 
    -122.60533 -111.87862 
    -122.71769 -112.51471 
    -122.78890 -113.15738 
